1 0 0 0 0 1 0 0 0 0 1 0
0.999997 0.00219509 0.00112473 0.00460326 -0.00219075 0.99999 -0.00384349 -0.0182107 -0.00113316 0.00384101 0.999992 0.962337
0.999998 0.000112865 0.00216108 0.0115843 -0.000105042 0.999993 -0.00361977 -0.0264737 -0.00216147 0.00361953 0.999991 1.89819
0.999997 -0.00172702 0.00191782 0.0189738 0.00172524 0.999998 0.00093317 -0.028836 -0.00191942 -0.000929859 0.999998 2.83837
0.999989 -0.00468749 -2.43009e-05 0.0447715 0.00468755 0.999967 0.00662688 -0.0233006 -6.76341e-06 -0.00662692 0.999978 3.76906
0.999965 -0.00810772 -0.00188818 0.0565163 0.00812046 0.999944 0.00684264 -0.018119 0.0018326 -0.00685773 0.999975 4.72097
0.999932 -0.0108816 -0.00415355 0.0701174 0.0108997 0.999931 0.00436743 -0.012898 0.00410574 -0.00441241 0.999982 5.67342
0.999926 -0.0108729 -0.00551397 0.073823 0.0108798 0.99994 0.00120776 -0.0097721 0.00550051 -0.00126766 0.999984 6.59156
0.999928 -0.0101671 -0.0064484 0.0676446 0.0101722 0.999948 0.000756659 -0.0057488 0.00644037 -0.000822198 0.999979 7.51815
0.999923 -0.00950969 -0.00792094 0.0601362 0.00953271 0.99995 0.00287374 0.000329368 0.00789322 -0.00294903 0.999964 8.44468
0.999917 -0.00931778 -0.00890276 0.0521736 0.00936831 0.99994 0.00565062 0.0088905 0.00884958 -0.00573355 0.999944 9.37118
0.9999 -0.0096152 -0.0104032 0.0424898 0.00969126 0.999926 0.00728581 0.0181528 0.0103324 -0.0073859 0.999919 10.3073
0.99988 -0.0108686 -0.0110567 0.0306182 0.0109561 0.999909 0.00788213 0.0297202 0.01097 -0.00800232 0.999908 11.2284
0.999859 -0.0116596 -0.0120511 0.0183039 0.0117536 0.999901 0.00775336 0.0449109 0.0119595 -0.00789391 0.999897 12.1491
0.999851 -0.0115536 -0.0128578 0.0061391 0.0116292 0.999915 0.00582636 0.0580614 0.0127893 -0.00597502 0.9999 13.0683
0.99982 -0.0121396 -0.0145514 -0.00588351 0.0121944 0.999919 0.0036828 0.0684045 0.0145055 -0.00385958 0.999887 13.9959
0.999777 -0.0125563 -0.0169528 -0.0194508 0.012594 0.999918 0.00212266 0.0768681 0.0169247 -0.00233569 0.999854 14.9196
0.999752 -0.0122345 -0.0186307 -0.0346979 0.0122577 0.999924 0.00112957 0.0844 0.0186155 -0.00135766 0.999826 15.8431
0.999727 -0.0104854 -0.0208842 -0.0529622 0.0104818 0.999945 -0.000279238 0.0915861 0.0208859 6.02559e-05 0.999782 16.751
0.999706 -0.00828287 -0.0227712 -0.0763675 0.00826498 0.999965 -0.000879688 0.0981311 0.0227777 0.000691225 0.99974 17.6528
0.999649 -0.00868086 -0.0250227 -0.0974364 0.00867432 0.999962 -0.000369996 0.103481 0.025025 0.00015281 0.999687 18.5468
0.999607 -0.00819544 -0.0267942 -0.12013 0.00821112 0.999966 0.000475202 0.109524 0.0267894 -0.000695026 0.999641 19.4406
0.99957 -0.00737888 -0.0283722 -0.146518 0.00739378 0.999972 0.000420161 0.114345 0.0283683 -0.000629759 0.999597 20.3289
0.999522 -0.00770954 -0.029932 -0.174988 0.00770247 0.99997 -0.000351647 0.118828 0.0299338 0.000120927 0.999552 21.2127
0.999476 -0.00737575 -0.0315008 -0.207128 0.00733774 0.999972 -0.00132192 0.121619 0.0315096 0.00109009 0.999503 22.0934
0.999459 -0.00607965 -0.0323212 -0.247368 0.00603973 0.999981 -0.00133238 0.121599 0.0323287 0.00113645 0.999477 22.954
0.999469 -0.00536925 -0.0321365 -0.287658 0.00537925 0.999985 0.000224589 0.121671 0.0321348 -0.000397342 0.999483 23.8106
0.999461 -0.0061564 -0.0322393 -0.326183 0.00623867 0.999977 0.00245184 0.121174 0.0322235 -0.00265166 0.999477 24.6637
0.999451 -0.00425635 -0.032863 -0.363243 0.00436824 0.999985 0.00333385 0.120328 0.0328483 -0.00347557 0.999454 25.5154
0.99943 -0.00361609 -0.0335728 -0.399038 0.00369202 0.999991 0.00220008 0.119692 0.0335645 -0.00232278 0.999434 26.3615
0.999387 -0.00268334 -0.0348961 -0.432431 0.00268644 0.999996 4.19779e-05 0.117288 0.0348959 -0.0001357 0.999391 27.1979
0.999344 -0.00258487 -0.0361125 -0.467507 0.00253532 0.999996 -0.00141802 0.114292 0.036116 0.00132553 0.999347 28.0295
0.999312 -0.00163523 -0.0370371 -0.502939 0.00157432 0.999997 -0.00167363 0.110214 0.0370398 0.00161417 0.999312 28.8541
0.999293 -0.00142015 -0.0375658 -0.546484 0.00134619 0.999997 -0.00199403 0.104191 0.0375685 0.00194205 0.999292 29.6559
0.999256 -0.000871939 -0.0385613 -0.590144 0.000769211 0.999996 -0.00267882 0.0963833 0.0385635 0.00264716 0.999252 30.4497
0.999215 -0.000854209 -0.0396018 -0.63397 0.000763355 0.999997 -0.00230929 0.0896025 0.0396037 0.00227724 0.999213 31.2372
0.999164 -0.00164036 -0.0408382 -0.675278 0.00161758 0.999999 -0.000591104 0.0850852 0.0408391 0.00052455 0.999165 32.0225
0.999112 -0.00201656 -0.0420934 -0.720988 0.00210463 0.999996 0.00204797 0.0806522 0.0420891 -0.00213475 0.999111 32.783
0.999044 -0.00168196 -0.0436811 -0.767762 0.00185092 0.999991 0.00382776 0.0774988 0.0436743 -0.00390495 0.999038 33.5434
0.998997 -0.000532191 -0.0447791 -0.81012 0.000730255 0.99999 0.00440685 0.0763838 0.0447763 -0.00443513 0.998987 34.2893
0.998932 0.00202494 -0.0461598 -0.857352 -0.00184131 0.99999 0.00402037 0.0758413 0.0461675 -0.00393108 0.998926 35.0233
0.998855 0.00376189 -0.0476974 -0.902182 -0.00359639 0.999987 0.0035551 0.0752794 0.0477102 -0.00337949 0.998855 35.7456
0.998803 0.00368213 -0.048767 -0.945376 -0.00344245 0.999982 0.00499786 0.0779424 0.0487845 -0.004824 0.998797 36.4601
0.998747 0.00470367 -0.0498176 -0.989538 -0.00435796 0.999966 0.00704575 0.0820338 0.049849 -0.00681982 0.998733 37.1743
0.998728 0.00817544 -0.0497535 -1.03399 -0.00780916 0.999941 0.00755192 0.0862745 0.0498123 -0.00715378 0.998733 37.8794
0.998757 0.0110323 -0.0485983 -1.07794 -0.0107702 0.999926 0.00565273 0.0893112 0.048657 -0.00512229 0.998802 38.5755
0.998837 0.0123186 -0.0466047 -1.11986 -0.0122013 0.999922 0.00280055 0.0903791 0.0466356 -0.00222866 0.998909 39.2649
0.998937 0.0130147 -0.0442181 -1.16081 -0.0129743 0.999915 0.0012005 0.0907262 0.0442299 -0.000625527 0.999021 39.9495
0.999067 0.0141264 -0.0407961 -1.19927 -0.0140416 0.999899 0.00236449 0.0920834 0.0408253 -0.00178945 0.999164 40.6341
0.999118 0.018981 -0.0374369 -1.23464 -0.0188065 0.999811 0.00500712 0.0940196 0.0375249 -0.00429865 0.999286 41.3097
0.999175 0.0229851 -0.0334557 -1.26591 -0.0227171 0.999707 0.00837007 0.0957271 0.0336383 -0.00760315 0.999405 41.9427
0.999193 0.0280178 -0.028756 -1.29685 -0.0277566 0.99957 0.00944468 0.099541 0.0290082 -0.00863889 0.999542 42.5816
0.999251 0.0313378 -0.0226925 -1.32668 -0.0311219 0.999468 0.00980625 0.106151 0.0229877 -0.00909267 0.999694 43.2079
0.999238 0.035408 -0.0163974 -1.35028 -0.0352185 0.999311 0.0117059 0.110618 0.0168006 -0.0111195 0.999797 43.7868
0.999153 0.0400586 -0.00934036 -1.36866 -0.039937 0.999119 0.012868 0.115718 0.0098476 -0.012484 0.999873 44.3603
0.999031 0.0439646 -0.0016017 -1.38754 -0.0439413 0.998956 0.0124718 0.120743 0.00214834 -0.0123893 0.999921 44.9208
0.998871 0.0471479 0.00574825 -1.38667 -0.0472172 0.998805 0.0125803 0.123049 -0.00514825 -0.0128376 0.999904 45.4489
0.998585 0.0515641 0.0129545 -1.38241 -0.0517242 0.998585 0.0123479 0.125332 -0.0122994 -0.0130005 0.999839 45.9769
0.998251 0.0555696 0.0201733 -1.37159 -0.055777 0.998395 0.00986785 0.12844 -0.0195926 -0.0109758 0.999747 46.488
0.997948 0.0576509 0.0278509 -1.35765 -0.0578645 0.9983 0.00692239 0.131266 -0.0274045 -0.00851976 0.999588 46.9953
0.99771 0.0579065 0.0349314 -1.33567 -0.0581775 0.998283 0.0067916 0.137072 -0.0344782 -0.00880828 0.999366 47.4885
0.997468 0.0571295 0.042345 -1.30104 -0.057525 0.998311 0.0081803 0.138868 -0.0418062 -0.0105955 0.999069 47.8998
0.997108 0.0578845 0.0492386 -1.26907 -0.0584064 0.99825 0.00922624 0.139101 -0.0486184 -0.0120754 0.998744 48.2886
0.996492 0.0608959 0.0573947 -1.2352 -0.061558 0.998055 0.00983767 0.138871 -0.056684 -0.0133363 0.998303 48.6645
0.995723 0.0655331 0.0651119 -1.20307 -0.0662842 0.997756 0.00944003 0.142571 -0.0643471 -0.0137156 0.997833 49.0205
0.994923 0.0690331 0.0732254 -1.16952 -0.0698962 0.997511 0.00928794 0.146834 -0.072402 -0.014359 0.997272 49.3753
0.994335 0.0679024 0.0817741 -1.1295 -0.0689207 0.997575 0.00969088 0.151456 -0.0809178 -0.0152719 0.996603 49.7128
0.99356 0.0668089 0.0915141 -1.08765 -0.067775 0.997673 0.00748579 0.155193 -0.0908009 -0.0136399 0.995775 50.0441
0.992651 0.0646625 0.102288 -1.0414 -0.0652836 0.997863 0.00273205 0.158003 -0.101893 -0.00938969 0.994751 50.3619
0.991297 0.0648356 0.114565 -0.995822 -0.0650973 0.997878 -0.00145986 0.159584 -0.114416 -0.00601072 0.993414 50.6721
0.98945 0.0650739 0.129437 -0.946099 -0.0651693 0.997868 -0.00350284 0.162436 -0.129389 -0.00496943 0.991581 50.9707
0.987067 0.0671931 0.145544 -0.891127 -0.0671785 0.997728 -0.00502171 0.164315 -0.145551 -0.00482066 0.989339 51.2645
0.984477 0.0674116 0.162051 -0.83262 -0.0672639 0.997715 -0.00640433 0.166165 -0.162113 -0.0045953 0.986761 51.5563
0.981455 0.0661588 0.179912 -0.769055 -0.065823 0.997801 -0.00784257 0.168112 -0.180035 -0.00414519 0.983651 51.8445
0.977819 0.0644817 0.199279 -0.701037 -0.0640964 0.997909 -0.00839124 0.170027 -0.199404 -0.00456799 0.979906 52.1233
0.973549 0.0638438 0.219376 -0.629369 -0.0632441 0.99795 -0.00976282 0.16966 -0.219549 -0.00436964 0.975591 52.3811
0.968428 0.0660283 0.240388 -0.5469 -0.0650149 0.99781 -0.0121531 0.171381 -0.240664 -0.00385937 0.9706 52.6489
0.962387 0.0672555 0.263226 -0.457972 -0.0657155 0.997731 -0.0146613 0.17237 -0.263615 -0.00318822 0.964622 52.9144
0.955375 0.0682184 0.287409 -0.362754 -0.0664472 0.997663 -0.0159249 0.170035 -0.287824 -0.0038833 0.957675 53.1681
0.947062 0.0707769 0.31315 -0.258381 -0.0689584 0.997477 -0.0168941 0.166058 -0.313555 -0.00559457 0.949553 53.419
0.937612 0.0724137 0.34006 -0.144931 -0.0705111 0.997349 -0.0179669 0.161772 -0.340459 -0.00713197 0.940232 53.6671
0.926931 0.0727578 0.36811 -0.0146742 -0.0705115 0.997319 -0.019569 0.157445 -0.368547 -0.0078169 0.929576 53.9179
0.9148 0.0706019 0.397688 0.131569 -0.0675444 0.99748 -0.0217115 0.150691 -0.398218 -0.00699986 0.917263 54.1699
0.900343 0.0676862 0.429885 0.296312 -0.0633119 0.997693 -0.0244895 0.141953 -0.430551 -0.00516794 0.902551 54.4223
0.883601 0.0665856 0.463482 0.475471 -0.0602205 0.997777 -0.0285376 0.130198 -0.464352 -0.00269527 0.885646 54.6676
0.864843 0.0679951 0.497416 0.674082 -0.0592412 0.997685 -0.0333793 0.116308 -0.498535 -0.000599729 0.866869 54.9128
0.844278 0.0692675 0.531409 0.889545 -0.0583005 0.997598 -0.0374087 0.100142 -0.532724 0.000601915 0.846288 55.1448
0.821109 0.0719675 0.566216 1.12062 -0.0595155 0.997407 -0.0404654 0.0804648 -0.56766 -0.000472158 0.823262 55.3587
0.795578 0.0756291 0.601112 1.38034 -0.0624622 0.99713 -0.0427849 0.0603654 -0.602622 -0.00350805 0.798018 55.5783
0.767931 0.0794184 0.635589 1.65909 -0.065847 0.996815 -0.0449967 0.0365345 -0.637138 -0.00729728 0.770714 55.7916
0.736885 0.0802392 0.671238 1.94872 -0.0657622 0.99673 -0.0469544 0.0120311 -0.672811 -0.00954211 0.739752 55.9908
0.702913 0.0774909 0.707042 2.24793 -0.0622618 0.996935 -0.0473646 -0.0123043 -0.708545 -0.0107286 0.705583 56.1749
0.666479 0.0756319 0.741677 2.56519 -0.05931 0.997067 -0.0483784 -0.0375867 -0.74316 -0.0117457 0.669009 56.3504
0.627583 0.0743017 0.774996 2.89096 -0.0568405 0.997152 -0.0495718 -0.0631211 -0.776471 -0.0129407 0.630019 56.5092
0.584675 0.0732302 0.807955 3.23834 -0.0530513 0.997237 -0.0519956 -0.0898862 -0.80953 -0.0124625 0.586945 56.6611
0.539962 0.0713918 0.838656 3.61033 -0.0496256 0.997363 -0.0529509 -0.117148 -0.840224 -0.0130273 0.542081 56.8087
0.494561 0.0687056 0.866423 4.01793 -0.0476054 0.997516 -0.0519275 -0.14563 -0.867838 -0.015565 0.496603 56.9578
0.44744 0.0661322 0.891865 4.44625 -0.0479221 0.997603 -0.0499307 -0.173959 -0.893028 -0.0203991 0.449537 57.0955
0.400694 0.0653684 0.913876 4.88978 -0.0507946 0.997503 -0.0490789 -0.200851 -0.914802 -0.0267543 0.403014 57.2171
0.353848 0.0647901 0.933056 5.37215 -0.0488027 0.997518 -0.0507585 -0.228636 -0.934028 -0.0275748 0.356132 57.3384
0.308833 0.0609178 0.949163 5.85072 -0.0376802 0.997947 -0.0517887 -0.25702 -0.950369 -0.0197706 0.310494 57.4312
0.266092 0.0546709 0.962395 6.33171 -0.0252684 0.998443 -0.0497321 -0.283943 -0.963616 -0.0110849 0.267059 57.5006
0.225249 0.0532694 0.972844 6.83312 -0.0171234 0.998567 -0.0507132 -0.310475 -0.97415 -0.00523525 0.225838 57.559
0.188155 0.054299 0.980637 7.3881 -0.0149405 0.998514 -0.0524222 -0.339415 -0.982025 -0.00478769 0.188687 57.6319
0.156584 0.0547996 0.986143 7.91571 -0.0072897 0.998497 -0.0543287 -0.369898 -0.987637 0.0013183 0.156748 57.6734
0.128725 0.05314 0.990255 8.44846 -0.00047668 0.998567 -0.053524 -0.399567 -0.99168 0.00641787 0.128566 57.6984
0.10443 0.0505577 0.993246 9.01307 0.00653016 0.998651 -0.0515194 -0.430932 -0.99451 0.0118662 0.103959 57.7193
0.0855785 0.0487654 0.995137 9.57827 0.0108156 0.998697 -0.04987 -0.461184 -0.996272 0.0150308 0.0849395 57.7371
0.0705602 0.0500037 0.996253 10.1519 0.0133752 0.998606 -0.0510691 -0.493494 -0.997417 0.0169285 0.0697931 57.749
0.0589491 0.0492281 0.997046 10.7225 0.0141002 0.998643 -0.0501406 -0.525711 -0.998161 0.0170143 0.0581749 57.7578
0.0481558 0.0494534 0.997614 11.3239 0.0146959 0.998631 -0.0502132 -0.557787 -0.998731 0.0170788 0.0473631 57.77
0.039717 0.0517999 0.997867 11.9374 0.0192741 0.99843 -0.0525963 -0.592367 -0.999024 0.021322 0.0386562 57.7755
0.0334594 0.0529326 0.998037 12.5509 0.0236983 0.998274 -0.0537397 -0.627498 -0.999158 0.0254498 0.0321472 57.7771
0.0309097 0.0514863 0.998195 13.1648 0.0242308 0.998341 -0.0522441 -0.661645 -0.999228 0.0258018 0.0296108 57.7775
0.0281415 0.0484332 0.998429 13.7947 0.0215284 0.998565 -0.0490465 -0.692536 -0.999371 0.0228748 0.0270584 57.7878
0.0263175 0.0415217 0.998791 14.4354 0.0194536 0.998927 -0.0420399 -0.720348 -0.999464 0.0205364 0.0254815 57.796
0.0249501 0.0357429 0.999049 15.0744 0.0212616 0.999116 -0.0362763 -0.744752 -0.999462 0.0221465 0.0241681 57.8039
0.0238637 0.0326436 0.999182 15.7222 0.0239784 0.999161 -0.0332156 -0.767743 -0.999427 0.0247514 0.0230609 57.8107
0.0244809 0.0343775 0.999109 16.3776 0.027556 0.999006 -0.0350492 -0.792526 -0.99932 0.0283895 0.0235093 57.8197
0.0252723 0.0408194 0.998846 17.0554 0.0290484 0.998714 -0.0415489 -0.821594 -0.999258 0.0300649 0.0240541 57.8328
0.0276109 0.0478628 0.998472 17.7497 0.0303712 0.998352 -0.0486969 -0.853575 -0.999157 0.0316694 0.0261117 57.8471
0.0299583 0.0478393 0.998405 18.4325 0.0316121 0.998309 -0.0487833 -0.884598 -0.99905 0.0330231 0.0283953 57.8613
0.0322573 0.0432202 0.998544 19.156 0.031257 0.998533 -0.0442294 -0.912783 -0.99899 0.0326382 0.0308591 57.8838
0.0344832 0.0370071 0.998719 19.8797 0.0312226 0.998787 -0.0380877 -0.936532 -0.998917 0.032496 0.0332859 57.9082
0.0371749 0.0355181 0.998677 20.6652 0.029335 0.998899 -0.0366179 -0.960551 -0.998877 0.0306574 0.0360921 57.9572
0.0396496 0.0407918 0.99838 21.3734 0.0370463 0.99842 -0.0422646 -0.986764 -0.998526 0.0386621 0.0380757 57.9905
0.0424266 0.0458249 0.998048 22.0812 0.039494 0.99809 -0.0475058 -1.01667 -0.998318 0.0414324 0.0405358 58.0253
0.044976 0.0462376 0.997917 22.8132 0.0333836 0.998301 -0.04776 -1.04751 -0.998429 0.0354621 0.043356 58.0745
0.0480488 0.0428307 0.997926 23.5626 0.0292793 0.998591 -0.044269 -1.0757 -0.998415 0.0313456 0.0467271 58.1241
0.0519435 0.0392255 0.997879 24.3083 0.0336969 0.998591 -0.0410076 -1.10248 -0.99808 0.0357555 0.0505485 58.1776
0.054856 0.0406412 0.997666 25.0017 0.0383673 0.998348 -0.0427786 -1.12837 -0.997756 0.0406244 0.0532061 58.2221
0.0571965 0.0448308 0.997355 25.7519 0.0381539 0.998164 -0.0470552 -1.16119 -0.997633 0.0407444 0.055381 58.2736
0.0611489 0.0452259 0.997103 26.5003 0.0354746 0.998244 -0.0474532 -1.19151 -0.997497 0.0382736 0.0594371 58.3393
0.064557 0.0442812 0.996931 27.2729 0.0356682 0.998275 -0.0466507 -1.22164 -0.997275 0.0385703 0.0628662 58.3994
0.0674668 0.0413232 0.996865 27.9987 0.0399205 0.99823 -0.0440816 -1.24824 -0.996922 0.0427693 0.0656977 58.4569
0.0706473 0.0416703 0.99663 28.7235 0.0444271 0.998004 -0.044877 -1.27576 -0.996511 0.0474478 0.068655 58.5162
0.0741568 0.0420617 0.996359 29.5083 0.047471 0.997829 -0.045657 -1.30857 -0.996115 0.0506839 0.071999 58.5767
0.0768489 0.0421042 0.996153 30.2628 0.0478304 0.997802 -0.0458639 -1.33788 -0.995894 0.0511709 0.0746662 58.6384
0.0802156 0.0407704 0.995943 31.009 0.0490763 0.99779 -0.0447987 -1.36633 -0.995568 0.0524707 0.0780375 58.7042
0.0838151 0.0398061 0.995686 31.7543 0.0510147 0.99772 -0.0441818 -1.39467 -0.995174 0.0544977 0.0815934 58.7723
0.0871568 0.0401825 0.995384 32.5334 0.0493683 0.997785 -0.0446022 -1.42068 -0.99497 0.0530277 0.0849799 58.8375
0.0905884 0.0420734 0.994999 33.2968 0.0464523 0.997842 -0.0464228 -1.4496 -0.994804 0.0504254 0.0884384 58.9106
0.0934547 0.0419134 0.994741 34.0629 0.048149 0.997755 -0.046564 -1.4797 -0.994458 0.0522474 0.0912268 58.989
0.0964189 0.0417268 0.994466 34.81 0.0462832 0.997852 -0.0463563 -1.50806 -0.994263 0.0504966 0.0942805 59.0642
0.0991603 0.0421263 0.994179 35.5641 0.0450072 0.997891 -0.0467726 -1.53672 -0.994052 0.0493832 0.0970552 59.1425
0.10242 0.0425321 0.993831 36.3179 0.0416938 0.998024 -0.0470083 -1.56573 -0.993866 0.0462511 0.100445 59.2235
0.105899 0.0448188 0.993366 37.0768 0.0404189 0.997964 -0.0493351 -1.5954 -0.993554 0.0453753 0.103872 59.3059
0.10932 0.0483828 0.992828 37.8808 0.0395737 0.997811 -0.0529831 -1.63104 -0.993218 0.045082 0.107166 59.4039
0.113331 0.0505815 0.992269 38.6216 0.0386634 0.997723 -0.0552754 -1.67154 -0.992804 0.0446288 0.111117 59.4828
0.117021 0.0527894 0.991725 39.407 0.032087 0.997864 -0.0569024 -1.71717 -0.99261 0.0384803 0.115077 59.5706
0.120906 0.0517814 0.991312 40.1914 0.0279964 0.998064 -0.0555486 -1.76131 -0.992268 0.0344693 0.119222 59.6611
0.124917 0.052054 0.9908 40.9569 0.0297006 0.997979 -0.0561757 -1.8052 -0.991722 0.0364446 0.123119 59.7555
0.129502 0.0527337 0.990176 41.7514 0.029267 0.997947 -0.0569753 -1.85006 -0.991146 0.0363579 0.127692 59.8532
0.133661 0.0533841 0.989588 42.5447 0.0250992 0.998046 -0.0572304 -1.89488 -0.990709 0.0324873 0.13206 59.9616
0.138665 0.0510698 0.989021 43.3345 0.024004 0.998203 -0.0549094 -1.93674 -0.990048 0.0313545 0.13719 60.0729
0.143546 0.0508935 0.988334 44.1076 0.0246293 0.998184 -0.0549779 -1.97727 -0.989336 0.0322338 0.142032 60.1848
0.149303 0.054272 0.987301 44.8893 0.0212573 0.998086 -0.0580795 -2.02211 -0.988562 0.0296588 0.147864 60.3044
0.155329 0.0624901 0.985884 45.6899 0.0195751 0.997607 -0.0663173 -2.07374 -0.987668 0.0295998 0.153734 60.4376
0.162232 0.0665974 0.984502 46.4363 0.0183007 0.997346 -0.0704819 -2.1196 -0.986582 0.0294514 0.160582 60.5967
0.167935 0.0692904 0.98336 47.2629 0.0137689 0.997265 -0.0726216 -2.17904 -0.985701 0.0257354 0.166521 60.7692
0.173199 0.067485 0.982572 48.0556 0.0103838 0.99747 -0.0703386 -2.233 -0.984831 0.0223853 0.172059 60.9686
0.178525 0.0659027 0.981726 48.8414 0.0105653 0.997569 -0.0688875 -2.28366 -0.983878 0.0226703 0.177394 61.1587
0.183446 0.0629099 0.981014 49.626 0.00994184 0.997781 -0.0658442 -2.3316 -0.982979 0.0218319 0.182413 61.3521
0.189415 0.0576039 0.980206 50.4303 0.00831703 0.998148 -0.0602655 -2.3781 -0.981861 0.0195675 0.188585 61.5459
0.195045 0.0507046 0.979482 51.2274 0.00669162 0.998571 -0.0530253 -2.41709 -0.980771 0.0168966 0.194427 61.7417
0.200601 0.0486276 0.978465 52.0387 0.00635466 0.998682 -0.0509352 -2.46086 -0.979652 0.0164354 0.200027 61.9436
0.206305 0.0506167 0.977177 52.7935 0.00624917 0.998573 -0.0530443 -2.50065 -0.978467 0.0170499 0.205694 62.1258
0.211048 0.0567302 0.975828 53.6024 0.00658487 0.99821 -0.0594555 -2.5524 -0.977453 0.0189737 0.210297 62.3317
0.215618 0.0601559 0.974623 54.4065 0.00498375 0.99802 -0.0627027 -2.60517 -0.976464 0.0183771 0.214892 62.5377
0.220535 0.0630894 0.973336 55.1871 0.0039572 0.99784 -0.0655743 -2.65599 -0.97537 0.0183131 0.219809 62.728
0.22678 0.0627207 0.971924 55.9437 0.00184543 0.997895 -0.0648273 -2.70133 -0.973943 0.0164952 0.226187 62.903
0.232404 0.0596142 0.97079 56.6824 0.00627805 0.998007 -0.0627885 -2.74204 -0.972598 0.0206869 0.231567 63.0717
0.237343 0.0532222 0.969966 57.426 0.0075461 0.998367 -0.056627 -2.7799 -0.971396 0.0207595 0.236554 63.2556
0.240618 0.0475368 0.969455 58.1923 0.00631208 0.998702 -0.0505376 -2.81827 -0.970599 0.0182795 0.240006 63.4608
0.244804 0.0447581 0.968539 58.947 0.00339966 0.998888 -0.0470199 -2.85539 -0.969566 0.0148033 0.244379 63.6618
0.249262 0.0450536 0.967387 59.6578 0.00263291 0.998882 -0.0471988 -2.88909 -0.968432 0.0143119 0.248864 63.8424
0.253249 0.0470639 0.966255 60.3679 0.00184707 0.998791 -0.0491328 -2.92394 -0.967399 0.0142276 0.252856 64.0244
0.256305 0.0511044 0.965244 61.0803 -0.001102 0.998616 -0.0525787 -2.96437 -0.966595 0.0124125 0.256007 64.2118
0.259826 0.0554443 0.964062 61.7667 -0.00223885 0.998382 -0.0568148 -3.00429 -0.965652 0.0126036 0.25953 64.3864
0.263744 0.0598204 0.962736 62.4457 -0.000941546 0.998091 -0.0617594 -3.04807 -0.964591 0.0153822 0.263297 64.5602
0.266823 0.0610192 0.961812 63.1249 0.00131875 0.99797 -0.063679 -3.08951 -0.963744 0.0182594 0.266201 64.7381
0.269562 0.0605237 0.961079 63.8126 -4.4937e-05 0.998024 -0.0628378 -3.13097 -0.962982 0.0168955 0.269032 64.9263
0.27013 0.0589865 0.961015 64.4392 -0.00113078 0.998141 -0.0609474 -3.16567 -0.962823 0.015377 0.269694 65.1022
0.2706 0.0577426 0.960958 65.0752 -0.00231037 0.998236 -0.059332 -3.2014 -0.962689 0.013835 0.270256 65.2842
0.270541 0.0566423 0.96104 65.7009 -0.00108543 0.998285 -0.0585319 -3.23548 -0.962707 0.0147922 0.270139 65.4583
0.269443 0.0560987 0.96138 66.33 -0.00136787 0.998323 -0.057871 -3.26986 -0.963015 0.0142779 0.269068 65.6341
0.268728 0.0575734 0.961493 66.9468 -0.00263957 0.998252 -0.0590367 -3.30449 -0.963212 0.0133269 0.26841 65.7992
0.267283 0.0607263 0.961702 67.5644 -0.00327448 0.998064 -0.0621123 -3.34075 -0.963612 0.0134524 0.266964 65.9671
0.265543 0.0643493 0.961949 68.1588 -0.00027865 0.997775 -0.066669 -3.37247 -0.964098 0.0174354 0.26497 66.1272
0.26384 0.065346 0.96235 68.7522 0.00175182 0.997669 -0.0682245 -3.40515 -0.964564 0.0196862 0.263111 66.2857
0.262059 0.0646724 0.962882 69.3411 0.000961989 0.997734 -0.0672751 -3.4375 -0.965051 0.0185563 0.261403 66.4436
0.259698 0.0624361 0.963669 69.9272 0.00077128 0.997894 -0.0648614 -3.46834 -0.965689 0.0175876 0.259103 66.5986
0.257961 0.0589904 0.964352 70.4979 0.00193088 0.998101 -0.0615714 -3.49852 -0.966153 0.0177451 0.257358 66.7537
0.256265 0.058303 0.964846 71.058 0.00627371 0.998058 -0.0619763 -3.52882 -0.966586 0.0219355 0.255401 66.8989
0.254782 0.059601 0.96516 71.6098 0.00992376 0.997885 -0.0642415 -3.56012 -0.966947 0.0259455 0.253651 67.0366
0.252444 0.0613899 0.965662 72.1508 0.0138998 0.997652 -0.0670574 -3.59337 -0.967511 0.0303506 0.250998 67.1717
0.251432 0.0633735 0.965798 72.6847 0.0133038 0.997534 -0.0689194 -3.6284 -0.967783 0.0301773 0.249969 67.3071
0.250275 0.0659921 0.965923 73.216 0.0129878 0.997356 -0.0715048 -3.66566 -0.968087 0.030441 0.248756 67.4424
0.248783 0.0643442 0.966419 73.7477 0.0144067 0.997435 -0.0701179 -3.70202 -0.968451 0.031367 0.247218 67.577
0.249014 0.0620613 0.966509 74.2881 0.0204141 0.997387 -0.0693036 -3.73975 -0.968284 0.0369879 0.247096 67.7134
0.250649 0.0599222 0.966221 74.827 0.0253084 0.997336 -0.0684172 -3.77673 -0.967746 0.0416022 0.248465 67.8494
0.252521 0.0589566 0.965793 75.3655 0.0276736 0.997294 -0.0681152 -3.81345 -0.967195 0.0439275 0.250206 67.9862
0.256264 0.0585038 0.964834 75.9094 0.0252483 0.997421 -0.0671857 -3.85059 -0.966276 0.0415776 0.254126 68.129
0.26161 0.0593728 0.963345 76.4573 0.0232821 0.997428 -0.067796 -3.88938 -0.964892 0.0401648 0.259555 68.2801
0.267994 0.0573142 0.961714 77.0045 0.0252704 0.997468 -0.0664869 -3.92713 -0.963088 0.042121 0.265867 68.4347
0.27569 0.0572791 0.959538 77.5522 0.0231701 0.997537 -0.0662045 -3.96497 -0.960967 0.0404845 0.273683 68.5949
0.283235 0.0553007 0.957454 78.0982 0.0224776 0.997679 -0.0642734 -4.00139 -0.958786 0.0397257 0.281335 68.7591
0.292018 0.0557183 0.954788 78.6449 0.018317 0.997793 -0.0638301 -4.03841 -0.956236 0.0361284 0.290353 68.9302
0.301404 0.0551531 0.951899 79.19 0.0170145 0.997856 -0.0632031 -4.07493 -0.953344 0.0352457 0.29982 69.1067
0.310843 0.0592476 0.948612 79.7446 0.0111901 0.997758 -0.0659839 -4.1144 -0.950395 0.0311257 0.309483 69.295
0.320175 0.0613259 0.945371 80.2969 0.00755964 0.997706 -0.0672812 -4.15448 -0.947327 0.0286884 0.318977 69.489
0.330441 0.0640548 0.94165 80.9138 0.00336076 0.997608 -0.0690406 -4.19811 -0.94382 0.0259785 0.329436 69.7292
0.339853 0.065569 0.93819 81.5182 0.00228919 0.997506 -0.0705438 -4.2399 -0.940475 0.0261222 0.338855 69.9617
0.349019 0.0664258 0.934758 82.1308 -0.000987825 0.99751 -0.0705163 -4.2803 -0.937114 0.0236881 0.348216 70.2039
0.358902 0.0669618 0.93097 82.7402 -0.00213305 0.99748 -0.0709233 -4.32111 -0.933372 0.0234687 0.35814 70.4517
0.368871 0.0686476 0.926942 83.3518 -0.00682024 0.997442 -0.0711546 -4.36286 -0.929455 0.0199249 0.368395 70.7087
0.378614 0.062725 0.923426 83.964 -0.00492869 0.997824 -0.0657578 -4.4005 -0.92554 0.0203456 0.3781 70.974
0.38779 0.0567312 0.92 84.5742 -0.00242164 0.998164 -0.0605304 -4.43465 -0.921744 0.0212451 0.387215 71.2449
0.397854 0.0520863 0.915968 85.1963 5.37864e-05 0.998386 -0.0567963 -4.4676 -0.917448 0.0226459 0.397209 71.5287
0.407765 0.049246 0.911757 85.8652 -0.000859912 0.998565 -0.0535501 -4.50146 -0.913086 0.0210518 0.407222 71.8361
0.416381 0.0470078 0.907974 86.5312 0.00443235 0.998546 -0.0537295 -4.5357 -0.909179 0.0263963 0.415567 72.1488
0.424488 0.0410101 0.904504 87.1996 0.0109041 0.99867 -0.050397 -4.5657 -0.905367 0.0312557 0.423477 72.4667
0.430625 0.0308044 0.902004 87.8892 0.0211247 0.9988 -0.0441951 -4.59416 -0.902283 0.0380861 0.429458 72.7921
0.437404 0.0257036 0.898897 88.5914 0.0274886 0.998742 -0.0419346 -4.62039 -0.898844 0.0430518 0.436148 73.1255
0.444274 0.0242554 0.895562 89.2848 0.031429 0.998596 -0.0426374 -4.64827 -0.895339 0.0470893 0.442888 73.4663
0.450976 0.0307366 0.892006 89.9862 0.0324711 0.998181 -0.0508117 -4.68351 -0.891944 0.0518792 0.449157 73.813
0.458007 0.0344312 0.888281 90.6818 0.0363792 0.997687 -0.0574294 -4.72371 -0.888203 0.058618 0.455695 74.1639
0.463192 0.0365243 0.885505 91.377 0.0344164 0.997656 -0.0591528 -4.76538 -0.885589 0.057875 0.460849 74.521
0.468228 0.0388753 0.882752 92.0696 0.0270257 0.997935 -0.0582828 -4.8061 -0.883194 0.0511466 0.46621 74.8819
0.472693 0.0420829 0.880221 92.7817 0.021068 0.998034 -0.0590293 -4.85338 -0.880974 0.0464472 0.470878 75.268
0.477088 0.0449865 0.877703 93.4916 0.0200777 0.997871 -0.0620591 -4.90339 -0.878625 0.0472299 0.475169 75.6577
0.481717 0.0481827 0.875001 94.2052 0.0179526 0.997736 -0.0648247 -4.95786 -0.876142 0.0469356 0.479761 76.0579
0.485943 0.0524035 0.872418 94.9149 0.0133502 0.99764 -0.0673614 -5.01365 -0.873887 0.0443807 0.484097 76.4599
0.490459 0.0509796 0.869971 95.6039 0.0122316 0.997787 -0.0653652 -5.06432 -0.871377 0.0427001 0.48875 76.8466
0.494873 0.0476906 0.867655 96.2878 0.0138665 0.997933 -0.0627601 -5.1128 -0.868854 0.0430896 0.493189 77.2347
0.499117 0.0452314 0.865353 96.9491 0.0136944 0.998101 -0.0600687 -5.15597 -0.866426 0.0418317 0.497549 77.6055
0.503824 0.0455268 0.862605 97.6086 0.0118021 0.998155 -0.0595741 -5.19874 -0.863725 0.0401954 0.502357 77.98
0.508061 0.0470036 0.860037 98.2661 0.010448 0.998101 -0.0607213 -5.24242 -0.861257 0.0398358 0.506605 78.3577
0.511821 0.0479773 0.857751 98.8874 0.0105334 0.998014 -0.062108 -5.28486 -0.859027 0.0408232 0.510299 78.7122
0.513692 0.0468303 0.856695 99.4856 0.0118922 0.998025 -0.0616867 -5.32284 -0.857891 0.041876 0.512121 79.0734
0.515318 0.0458155 0.855773 100.088 0.0138914 0.997993 -0.0617944 -5.35984 -0.856885 0.0437317 0.513647 79.4353
0.518038 0.0435667 0.854247 100.682 0.0156987 0.99805 -0.0604208 -5.39223 -0.855212 0.0447108 0.516344 79.7908
0.520494 0.0455511 0.852649 101.249 0.0145888 0.997956 -0.0622194 -5.42545 -0.85374 0.0448239 0.518765 80.1232
0.523957 0.048808 0.850345 101.814 0.0128755 0.997789 -0.0652045 -5.46097 -0.851647 0.0451129 0.52217 80.4567
0.527149 0.0498335 0.84831 102.365 0.0147108 0.997595 -0.0677445 -5.49896 -0.849645 0.0481908 0.525148 80.7832
0.530816 0.0491823 0.846058 102.917 0.016679 0.997516 -0.0684511 -5.53824 -0.847322 0.0504463 0.528677 81.1209
0.534593 0.0464183 0.843833 103.458 0.020923 0.997458 -0.0681243 -5.57686 -0.84485 0.0540742 0.532263 81.4517
0.538737 0.0453347 0.841253 103.985 0.0225842 0.997416 -0.068213 -5.61382 -0.842171 0.0557478 0.53632 81.7681
0.542964 0.0447009 0.838565 104.513 0.0240685 0.997344 -0.0687489 -5.65203 -0.839411 0.0575111 0.540445 82.099
0.547247 0.044218 0.835802 105.022 0.0245681 0.997325 -0.0688495 -5.68641 -0.83661 0.0582117 0.544696 82.4085
0.551961 0.0441292 0.832701 105.53 0.0256634 0.997227 -0.0698595 -5.72151 -0.833474 0.0599297 0.549298 82.721
0.557037 0.0453995 0.829245 106.034 0.0258144 0.997076 -0.0719285 -5.75803 -0.830085 0.0614733 0.554236 83.0369
0.562216 0.0458346 0.825719 106.535 0.0275428 0.996872 -0.0740884 -5.79582 -0.826531 0.0643963 0.559194 83.3604
0.568272 0.0492355 0.821366 107.027 0.0255624 0.996671 -0.0774295 -5.83549 -0.822443 0.0649971 0.565121 83.6783
0.574766 0.0551449 0.816458 107.514 0.0220435 0.996322 -0.0828113 -5.87875 -0.81802 0.0655946 0.571435 84.0018
0.581973 0.0621891 0.810826 107.99 0.0168488 0.995936 -0.0884799 -5.9261 -0.813033 0.0651543 0.57856 84.3266
0.589089 0.0683816 0.805169 108.462 0.0115524 0.995599 -0.0930066 -5.97573 -0.807985 0.0640907 0.585706 84.6569
0.596199 0.0725542 0.799551 108.933 0.00805483 0.995318 -0.0963249 -6.02931 -0.802795 0.063869 0.592823 85.0043
0.602416 0.0733508 0.794804 109.4 0.00352572 0.995515 -0.0945462 -6.08162 -0.798173 0.0597584 0.599455 85.356
0.608269 0.0731194 0.790356 109.866 -0.00297172 0.995951 -0.0898529 -6.1322 -0.793725 0.052306 0.606023 85.7223
0.614103 0.0715552 0.785975 110.333 -0.00903565 0.996454 -0.0836573 -6.18122 -0.789174 0.0442724 0.612571 86.1021
0.619743 0.0705842 0.781623 110.808 -0.0153733 0.996849 -0.0778306 -6.23008 -0.784653 0.0362189 0.618875 86.5039
0.625263 0.0686703 0.777386 111.275 -0.0176594 0.997112 -0.073876 -6.2745 -0.780213 0.0324637 0.624669 86.8917
0.631211 0.0725208 0.772213 111.745 -0.0227759 0.996923 -0.0750069 -6.32089 -0.775275 0.0297574 0.630921 87.2938
0.637061 0.076289 0.767029 112.223 -0.0266922 0.996677 -0.0769606 -6.37064 -0.77035 0.0285549 0.63698 87.7193
0.642465 0.079549 0.762174 112.694 -0.0292336 0.996418 -0.0793552 -6.42506 -0.765756 0.0287018 0.642489 88.1483
0.647844 0.0811975 0.757432 113.169 -0.0315644 0.996311 -0.0798079 -6.48064 -0.761117 0.0277952 0.648017 88.5896
0.653683 0.0820697 0.752305 113.663 -0.0352385 0.996325 -0.0780711 -6.53765 -0.755947 0.0245237 0.654173 89.0413
0.659762 0.0843697 0.746723 114.176 -0.0416521 0.996256 -0.0757621 -6.59583 -0.750318 0.0188824 0.660806 89.5269
0.665869 0.0822665 0.741518 114.659 -0.0427308 0.996476 -0.0721809 -6.65822 -0.744843 0.0163774 0.667038 89.9726
0.672764 0.0802114 0.735495 115.18 -0.0442439 0.996689 -0.0682262 -6.72245 -0.738532 0.013359 0.674085 90.478
0.680079 0.0800407 0.728756 115.719 -0.0455439 0.996716 -0.0669694 -6.78446 -0.731722 0.0123541 0.68149 90.9958
0.687615 0.0824794 0.721375 116.273 -0.0509789 0.99656 -0.0653498 -6.84533 -0.724283 0.00816063 0.689454 91.5337
0.695299 0.0828835 0.713925 116.802 -0.0526458 0.996534 -0.0644208 -6.90072 -0.716789 0.00720662 0.697252 92.045
0.701792 0.0835289 0.707467 117.333 -0.0552478 0.996493 -0.0628487 -6.95435 -0.710235 0.0050208 0.703946 92.593
0.706336 0.0818591 0.703127 117.863 -0.0552632 0.996637 -0.0605145 -7.00793 -0.705715 0.00388668 0.708484 93.1583
0.709696 0.0797326 0.699981 118.415 -0.0540603 0.996809 -0.0587327 -7.05865 -0.702429 0.00384119 0.711742 93.7382
0.713069 0.0768672 0.696866 118.959 -0.0511872 0.997027 -0.0575987 -7.10811 -0.699221 0.00540123 0.714884 94.3167
0.716045 0.0724607 0.694282 119.535 -0.0462035 0.997337 -0.0564379 -7.15598 -0.696522 0.00833386 0.717486 94.9323
0.718703 0.0654244 0.692231 120.086 -0.0384935 0.997781 -0.0543371 -7.20617 -0.694249 0.0124059 0.719626 95.5294
0.72198 0.0587806 0.689412 120.672 -0.0325167 0.998167 -0.0510528 -7.25291 -0.691149 0.0144417 0.722567 96.1486
0.724565 0.0529718 0.687168 121.247 -0.0271746 0.998463 -0.0483151 -7.29416 -0.68867 0.0163339 0.72489 96.7588
0.727605 0.0515537 0.684056 121.818 -0.0269805 0.998552 -0.0465574 -7.33352 -0.685464 0.0154193 0.727942 97.3721
0.73009 0.0525263 0.681328 122.396 -0.0274417 0.998491 -0.0475719 -7.37346 -0.682798 0.016035 0.73043 98.0044
0.733333 0.0571925 0.677459 122.984 -0.0331918 0.998279 -0.0483475 -7.41558 -0.679057 0.0129688 0.733969 98.6604
0.736117 0.0602519 0.674167 123.583 -0.0388261 0.998149 -0.0468131 -7.45582 -0.675739 0.00828469 0.737093 99.342
0.73841 0.0568952 0.671946 124.137 -0.0387953 0.998369 -0.0419014 -7.49524 -0.673233 0.00487214 0.739413 99.9818
0.74158 0.0542369 0.668668 124.724 -0.0414508 0.998527 -0.0350216 -7.52507 -0.669582 -0.00174547 0.742735 100.65
0.744494 0.0496251 0.665782 125.304 -0.0412863 0.998748 -0.0282758 -7.5488 -0.66635 -0.00643648 0.74561 101.318
0.748244 0.0456953 0.661847 125.893 -0.0392416 0.998927 -0.0246038 -7.57339 -0.662261 -0.00756229 0.749234 102.01
0.751924 0.0412274 0.657959 126.47 -0.0327035 0.999147 -0.0252321 -7.6008 -0.658437 -0.00254493 0.75263 102.688
0.755863 0.0371438 0.653674 127.038 -0.0226549 0.999276 -0.0305854 -7.63049 -0.654336 0.00830952 0.756157 103.355
0.760047 0.037568 0.648781 127.634 -0.0170673 0.999138 -0.0378612 -7.66556 -0.649643 0.0177033 0.760032 104.075
0.764615 0.0370785 0.643419 128.232 -0.0141404 0.999069 -0.0407697 -7.7021 -0.644331 0.0220749 0.764427 104.803
0.769655 0.0326189 0.637625 128.818 -0.0115912 0.999244 -0.0371269 -7.73251 -0.638353 0.0211841 0.769451 105.527
0.773912 0.0270873 0.632713 129.417 -0.00689567 0.999387 -0.0343504 -7.75917 -0.633255 0.0222212 0.773623 106.298
0.778239 0.023962 0.62751 129.95 -0.00219026 0.99937 -0.0354453 -7.78118 -0.627963 0.0262105 0.7778 106.974
0.780935 0.0249454 0.624114 130.506 0.00011829 0.999197 -0.0400851 -7.82163 -0.624611 0.0313777 0.780304 107.736
0.783277 0.0262005 0.62112 131.056 -0.000730745 0.99915 -0.0412252 -7.8579 -0.621671 0.0318369 0.78263 108.483
0.785104 0.0237637 0.618907 131.611 0.00125403 0.999201 -0.0399562 -7.89584 -0.619361 0.0321459 0.784446 109.236
0.786281 0.0185625 0.617589 132.184 0.00462824 0.999344 -0.035929 -7.92422 -0.61785 0.0311087 0.785679 109.986
0.78672 0.014508 0.617138 132.76 0.00775295 0.999413 -0.033378 -7.95003 -0.617259 0.0310438 0.786146 110.741
0.786686 0.00991366 0.617272 133.344 0.0116294 0.999456 -0.0308728 -7.97241 -0.617242 0.0314658 0.786143 111.499
0.78706 0.0088351 0.616812 133.926 0.0122075 0.999479 -0.0298933 -7.9944 -0.616754 0.0310575 0.786542 112.257
0.786971 0.00950614 0.616916 134.509 0.0110992 0.999502 -0.0295601 -8.01586 -0.616889 0.0301103 0.786473 113.015
0.786907 0.0105312 0.616981 135.099 0.0109638 0.999458 -0.031043 -8.03883 -0.616972 0.0311924 0.786365 113.777
0.786212 0.0142613 0.617791 135.681 0.00727072 0.999451 -0.0323245 -8.06301 -0.617912 0.0299057 0.785677 114.527
0.78482 0.0165577 0.619501 136.264 0.00530402 0.999427 -0.0334315 -8.09133 -0.619699 0.0295236 0.784283 115.27
0.783672 0.0181191 0.62091 136.858 0.00252111 0.999474 -0.0323481 -8.11774 -0.621169 0.0269157 0.783213 116.021
0.782044 0.0215399 0.62285 137.451 -0.00146882 0.999464 -0.03272 -8.14545 -0.62322 0.0246736 0.781656 116.766
0.780192 0.0219788 0.625153 138.033 -0.00314994 0.999508 -0.031209 -8.17191 -0.625531 0.0223799 0.779877 117.489
0.778132 0.0206697 0.62776 138.624 -0.00402096 0.999602 -0.0279289 -8.19646 -0.628086 0.0192082 0.777905 118.225
0.775789 0.016985 0.630763 139.21 -0.00031529 0.999648 -0.0265304 -8.21831 -0.630991 0.0203831 0.775521 118.94
0.773608 0.0209184 0.633319 139.797 -0.0010775 0.999497 -0.031697 -8.24494 -0.633663 0.0238387 0.773241 119.648
0.771291 0.0306782 0.635742 140.395 -0.00683751 0.99918 -0.0399208 -8.28011 -0.636444 0.0264437 0.770868 120.365
0.768832 0.0351012 0.638486 141.023 -0.00797609 0.998941 -0.0453131 -8.32314 -0.6394 0.0297455 0.768297 121.115
0.766668 0.0345142 0.641114 141.555 -0.0105048 0.999095 -0.041224 -8.35562 -0.641956 0.0248704 0.766337 121.749
0.762912 0.0333306 0.645642 142.192 -0.0137265 0.999281 -0.0353671 -8.39133 -0.646355 0.0181196 0.76282 122.516
0.759989 0.0320297 0.649145 142.81 -0.0158595 0.999402 -0.0307442 -8.42298 -0.649741 0.0130702 0.760042 123.252
0.756974 0.0309994 0.652709 143.434 -0.0147046 0.99943 -0.0304128 -8.45395 -0.653278 0.0134239 0.756997 123.982
0.754444 0.0285572 0.655742 144.036 -0.0122559 0.999492 -0.0294267 -8.47991 -0.656248 0.0141641 0.754411 124.654
0.752435 0.0273143 0.658099 144.646 -0.00857061 0.999462 -0.0316833 -8.50727 -0.658609 0.0181993 0.752263 125.325
0.749773 0.0262009 0.661176 145.263 -0.00513379 0.999417 -0.0337829 -8.53511 -0.661674 0.0219351 0.749469 125.987
0.747265 0.0257469 0.664027 145.895 -0.00201683 0.999333 -0.0364784 -8.5645 -0.664522 0.0259198 0.746818 126.655
0.744899 0.0243405 0.666732 146.529 -0.000753335 0.999365 -0.0356423 -8.59022 -0.667175 0.0260476 0.744444 127.325
0.741912 0.0260788 0.669989 147.173 -0.00312131 0.999367 -0.0354431 -8.61816 -0.670488 0.0242044 0.741524 128.01
0.73806 0.0256459 0.674247 147.787 -0.002488 0.999375 -0.035289 -8.64479 -0.674729 0.0243679 0.737662 128.654
0.733472 0.0291659 0.679093 148.404 -0.00596527 0.999317 -0.036476 -8.67305 -0.679692 0.0227032 0.733145 129.294
0.728326 0.0364991 0.684257 149.031 -0.0108859 0.999071 -0.0417045 -8.7089 -0.685143 0.0229257 0.728046 129.953
0.723718 0.0412172 0.688863 149.662 -0.013389 0.998866 -0.0456992 -8.74816 -0.689964 0.0238502 0.723449 130.609
0.718188 0.0446278 0.694416 150.298 -0.0151179 0.998707 -0.0485482 -8.78994 -0.695683 0.0243687 0.717934 131.259
0.712774 0.0395237 0.700279 150.94 -0.0157266 0.999061 -0.0403796 -8.82376 -0.701216 0.0177685 0.712726 131.905
0.707452 0.0354376 0.705872 151.592 -0.0202546 0.999349 -0.0298713 -8.84784 -0.70647 0.00683533 0.707708 132.555
0.7013 0.0309978 0.712191 152.245 -0.0195481 0.999515 -0.0242542 -8.86801 -0.712596 0.0030875 0.701566 133.199
0.694516 0.0330474 0.718718 152.908 -0.0252169 0.999449 -0.021588 -8.88542 -0.719034 -0.00313058 0.694966 133.847
0.687684 0.0343226 0.725198 153.577 -0.0246932 0.99941 -0.0238848 -8.90512 -0.725588 -0.00148215 0.688126 134.487
0.681802 0.033464 0.730771 154.242 -0.0191819 0.999428 -0.0278701 -8.92866 -0.731284 0.00498438 0.682053 135.112
0.674774 0.0415261 0.736855 154.919 -0.0192444 0.999067 -0.0386803 -8.96351 -0.737772 0.0119202 0.674943 135.735
0.667015 0.0426426 0.743823 155.631 -0.0168731 0.99897 -0.0421391 -8.99935 -0.744852 0.0155568 0.667047 136.376
0.660921 0.0380527 0.749489 156.347 -0.0137295 0.99916 -0.0386218 -9.03179 -0.750328 0.0152359 0.660888 137.003
0.653591 0.0327741 0.756137 157.066 -0.0105071 0.999359 -0.0342342 -9.06006 -0.756773 0.0144304 0.653516 137.621
0.648065 0.0311146 0.760948 157.789 -0.00918137 0.999412 -0.0330458 -9.08699 -0.761528 0.0144293 0.647969 138.234
0.641646 0.0333728 0.766274 158.502 -0.0114532 0.999359 -0.0339336 -9.11579 -0.766914 0.012997 0.641616 138.829
0.635438 0.0308796 0.771533 159.223 -0.00730333 0.999396 -0.0339844 -9.1467 -0.772116 0.0159602 0.63528 139.431
0.630283 0.0249308 0.775965 159.947 -0.00269926 0.999549 -0.0299218 -9.17355 -0.776359 0.0167647 0.630066 140.028
0.625398 0.0246956 0.779915 160.666 -0.00497139 0.999606 -0.0276654 -9.20377 -0.780289 0.0134247 0.625273 140.61
0.62112 0.0246616 0.783327 161.388 -0.00751867 0.999647 -0.0255103 -9.23208 -0.783678 0.00995539 0.621085 141.188
0.616613 0.0270352 0.786801 162.121 -0.00875289 0.999585 -0.027487 -9.26134 -0.787216 0.0100621 0.616594 141.774
0.61352 0.0293964 0.789131 162.821 -0.00749863 0.999479 -0.0314022 -9.28426 -0.789642 0.0133485 0.613421 142.303
0.610888 0.0357561 0.790909 163.523 -0.00931051 0.999236 -0.037983 -9.31365 -0.791661 0.0158396 0.610753 142.831
0.608377 0.0385029 0.792713 164.237 -0.0118488 0.999153 -0.0394363 -9.34525 -0.793558 0.0145995 0.608317 143.374
0.606411 0.0344266 0.794405 164.936 -0.0116434 0.99934 -0.0344196 -9.37225 -0.795065 0.0116229 0.606411 143.897
0.604875 0.0262808 0.795886 165.636 -0.00781455 0.999604 -0.0270686 -9.39283 -0.79628 0.0101536 0.604841 144.419
0.602922 0.0206838 0.797531 166.326 -0.00265416 0.999711 -0.0239207 -9.41004 -0.797794 0.0123056 0.602803 144.921
0.60155 0.0181301 0.798629 167.017 0.00331008 0.999678 -0.0251874 -9.42847 -0.798827 0.017795 0.601296 145.425
0.600274 0.0200205 0.799543 167.689 0.00497226 0.999575 -0.0287623 -9.44881 -0.799777 0.0212408 0.599919 145.905
0.599927 0.0268623 0.799603 168.361 0.00276093 0.999362 -0.0356445 -9.47509 -0.800048 0.0235918 0.59947 146.387
0.599263 0.0342201 0.799819 169.03 0.00199825 0.99902 -0.04424 -9.5081 -0.800548 0.0281097 0.598607 146.866
0.598341 0.0344671 0.800499 169.691 0.00594755 0.998857 -0.0474533 -9.54244 -0.801218 0.0331543 0.597452 147.336
0.597299 0.028665 0.801506 170.348 0.00561866 0.999188 -0.039922 -9.56941 -0.801997 0.0283488 0.596652 147.803
0.595493 0.0229661 0.803032 170.982 -0.0015478 0.999623 -0.0274407 -9.58531 -0.803357 0.0150978 0.595304 148.244
0.594379 0.020688 0.803918 171.638 -0.00831548 0.999775 -0.0195801 -9.59823 -0.80414 0.00495308 0.594417 148.724
0.593328 0.0227823 0.804638 172.29 -0.00939689 0.999728 -0.0213769 -9.613 -0.804904 0.00512243 0.59338 149.2
0.592287 0.0249374 0.80534 172.905 -0.00676807 0.999641 -0.0259763 -9.62539 -0.805697 0.00993487 0.592243 149.62
0.591521 0.0261906 0.805863 173.516 -0.00489364 0.999571 -0.0288941 -9.6406 -0.806273 0.0131479 0.591395 150.048
0.590264 0.0255792 0.806804 174.119 -0.00531138 0.9996 -0.0278057 -9.6545 -0.807191 0.0121275 0.590163 150.467
0.589301 0.0247839 0.807532 174.724 -0.00504296 0.999624 -0.0269992 -9.66917 -0.807896 0.0118383 0.589204 150.887
0.588916 0.0239639 0.807838 175.326 -0.00387482 0.999633 -0.0268286 -9.68428 -0.808183 0.0126696 0.588793 151.304
0.587344 0.0241783 0.808976 175.918 -0.00208936 0.999596 -0.0283585 -9.69974 -0.809333 0.014966 0.587157 151.717
0.585395 0.02556 0.810344 176.509 -0.00116621 0.999529 -0.0306848 -9.71707 -0.810746 0.0170177 0.585149 152.126
0.583005 0.0271688 0.812014 177.096 -0.000752109 0.999459 -0.0329003 -9.73689 -0.812467 0.0185704 0.58271 152.531
0.579548 0.0290662 0.814419 177.664 -0.000699253 0.999382 -0.0351697 -9.75861 -0.814936 0.0198131 0.57921 152.918
0.575947 0.031004 0.816898 178.248 -0.000689184 0.999299 -0.0374407 -9.78324 -0.817485 0.0210009 0.575565 153.305
0.571445 0.0336995 0.819948 178.834 0.000149976 0.999153 -0.0411692 -9.81052 -0.820639 0.0236489 0.570956 153.689
0.566294 0.0359517 0.823418 179.421 0.0014573 0.999004 -0.0446202 -9.83994 -0.824201 0.0264681 0.565677 154.069
0.561231 0.0380706 0.826783 180.01 0.000123885 0.998939 -0.0460818 -9.8702 -0.827658 0.025965 0.56063 154.445
0.556467 0.0402705 0.829893 180.613 -0.00464638 0.998961 -0.0453589 -9.90325 -0.830855 0.0213848 0.556076 154.82
0.551274 0.0419384 0.833269 181.216 -0.0083892 0.998965 -0.0447277 -9.93478 -0.83428 0.0176668 0.551055 155.19
0.546304 0.0426803 0.836499 181.814 -0.00866063 0.998936 -0.045312 -9.96594 -0.837541 0.0175096 0.546091 155.558
0.540719 0.0447874 0.84001 182.4 -0.00917343 0.998837 -0.0473507 -9.9983 -0.841152 0.0178977 0.540501 155.917
0.534844 0.0495137 0.843499 182.993 -0.0124829 0.998636 -0.0507051 -10.0343 -0.844857 0.0165901 0.534732 156.276
0.528289 0.0525287 0.847438 183.602 -0.0144708 0.998497 -0.0528711 -10.0695 -0.84894 0.0156681 0.528255 156.642
0.522555 0.0552398 0.850814 184.222 -0.0162039 0.998363 -0.0548673 -10.1071 -0.85245 0.0148847 0.522594 157.007
0.516435 0.0575195 0.854392 184.859 -0.0168184 0.998231 -0.0570371 -10.147 -0.85616 0.0150865 0.516488 157.376
0.510053 0.0598739 0.858056 185.512 -0.0188324 0.998113 -0.0584522 -10.1882 -0.859935 0.0136545 0.510218 157.745
0.50336 0.0591022 0.862053 186.13 -0.0146788 0.9981 -0.0598584 -10.2264 -0.863951 0.0174765 0.503271 158.106
0.496837 0.0581998 0.86589 186.808 -0.0135619 0.998148 -0.0593077 -10.2657 -0.867736 0.0177233 0.496706 158.481
0.490104 0.0559274 0.869868 187.491 -0.0129405 0.998297 -0.0568937 -10.3041 -0.871567 0.0166274 0.489993 158.857
0.483624 0.0542999 0.873589 188.193 -0.0147278 0.998438 -0.0539067 -10.3386 -0.875151 0.0132046 0.483668 159.233
0.47842 0.0506889 0.876667 188.919 -0.0147196 0.998656 -0.0497094 -10.3722 -0.878007 0.0108778 0.478522 159.611
0.472259 0.0474808 0.880179 189.611 -0.011661 0.998798 -0.0476228 -10.4013 -0.881381 0.0122266 0.472245 159.988
0.465552 0.0424614 0.884001 190.306 -0.0121926 0.999062 -0.041567 -10.4252 -0.884935 0.00857336 0.465632 160.359
0.46034 0.0374516 0.886952 191.033 -0.0109093 0.999274 -0.0365322 -10.4475 -0.887675 0.00714125 0.460413 160.733
0.454423 0.0369148 0.89002 191.762 -0.00665356 0.999254 -0.0380482 -10.4713 -0.89076 0.0113682 0.454329 161.103
0.448392 0.0422404 0.892838 192.494 -0.00109446 0.998909 -0.0467089 -10.5024 -0.893835 0.0199668 0.447948 161.466
0.444042 0.0508142 0.894563 193.228 0.00388914 0.998273 -0.0586356 -10.5434 -0.895996 0.0295158 0.443077 161.827
0.438933 0.0572987 0.89669 193.963 0.0086137 0.997651 -0.0679665 -10.5919 -0.898477 0.0375566 0.437409 162.183
0.432682 0.0539712 0.899929 194.702 0.013078 0.997726 -0.0661241 -10.6383 -0.90145 0.04038 0.430992 162.534
0.425803 0.0478695 0.903548 195.443 0.0173524 0.997985 -0.0610501 -10.6805 -0.904648 0.041674 0.424114 162.879
0.42076 0.0420015 0.906199 196.186 0.0214792 0.998187 -0.0562381 -10.7188 -0.906916 0.0431271 0.419094 163.22
0.418298 0.0450553 0.907191 196.931 0.024351 0.997854 -0.060786 -10.7615 -0.907982 0.0475176 0.416303 163.56
0.415236 0.0505408 0.908308 197.678 0.0265439 0.997358 -0.0676303 -10.8101 -0.909325 0.0521925 0.412797 163.897
0.411452 0.0518696 0.909954 198.427 0.027492 0.997219 -0.0692749 -10.8596 -0.911015 0.0535197 0.408881 164.231
0.407725 0.0475042 0.911868 199.178 0.0275811 0.99755 -0.0643001 -10.9046 -0.912687 0.0513671 0.405415 164.562
0.401808 0.0443507 0.914649 199.932 0.0275705 0.997788 -0.0604938 -10.9465 -0.915307 0.0495242 0.399696 164.889
0.392622 0.0457219 0.918562 200.69 0.028389 0.997686 -0.0617946 -10.9898 -0.919261 0.050339 0.390415 165.209
0.386667 0.0491983 0.920906 201.45 0.0294996 0.997406 -0.0656714 -11.0364 -0.921746 0.0525593 0.384212 165.524
0.382325 0.0503147 0.922657 202.212 0.0305744 0.997282 -0.0670533 -11.0839 -0.923521 0.0538458 0.379747 165.836
0.377652 0.0506543 0.92456 202.975 0.0316302 0.997215 -0.0675547 -11.1318 -0.925406 0.0547562 0.374998 166.144
0.372231 0.0491476 0.926838 203.742 0.0326134 0.997288 -0.0659813 -11.1782 -0.927566 0.0547876 0.369618 166.448
0.369566 0.0479224 0.927968 204.509 0.0334742 0.997335 -0.0648358 -11.2237 -0.9286 0.055024 0.366976 166.75
0.3675 0.0444041 0.928962 205.29 0.0395471 0.997211 -0.0633112 -11.2692 -0.929181 0.0600045 0.364718 167.053
0.367414 0.0420603 0.929106 206.088 0.038907 0.997408 -0.0605379 -11.3128 -0.929242 0.0583911 0.364825 167.362
0.367829 0.0384465 0.929098 206.968 0.0411657 0.997493 -0.0575741 -11.3564 -0.92898 0.0594244 0.365323 167.689
0.368306 0.040162 0.928836 207.85 0.0365268 0.997671 -0.057622 -11.4008 -0.928985 0.0551499 0.365981 168.017
0.369325 0.0428326 0.928312 208.76 0.0338544 0.997655 -0.0595008 -11.4465 -0.928682 0.0534026 0.367009 168.352
0.36959 0.0464631 0.928032 209.669 0.0279302 0.997743 -0.0610764 -11.494 -0.928774 0.0484933 0.367457 168.688
0.369031 0.0470084 0.928227 210.569 0.0272633 0.997744 -0.0613678 -11.542 -0.929016 0.0479531 0.366916 169.025
0.369646 0.0477837 0.927943 211.475 0.0239615 0.997855 -0.0609288 -11.5906 -0.928862 0.044757 0.367708 169.366
0.368614 0.0431566 0.92858 212.367 0.0257754 0.998064 -0.0566178 -11.6359 -0.929224 0.0448046 0.366788 169.706
0.36961 0.0421462 0.92823 213.261 0.0266677 0.998079 -0.0559364 -11.6803 -0.928803 0.0454284 0.367776 170.05
0.36872 0.0429596 0.928547 214.156 0.0270142 0.998015 -0.0569006 -11.7258 -0.929147 0.0460643 0.366827 170.392
0.369093 0.0496471 0.928065 215.056 0.0259148 0.997635 -0.063675 -11.7774 -0.92903 0.0475526 0.366933 170.738
0.367355 0.051501 0.928654 215.957 0.0263066 0.997492 -0.0657248 -11.8308 -0.929707 0.0485739 0.365078 171.081
0.365314 0.0535224 0.929344 216.856 0.0244289 0.997451 -0.0670475 -11.8854 -0.930562 0.0471962 0.363075 171.423
0.363915 0.0502004 0.930078 217.755 0.0232926 0.997745 -0.0629663 -11.9357 -0.931139 0.0445783 0.361925 171.763
0.362208 0.0449829 0.931011 218.657 0.0242383 0.998043 -0.0576515 -11.981 -0.931781 0.043448 0.360409 172.102
0.360031 0.0419196 0.931998 219.583 0.0238848 0.998249 -0.0541261 -12.0228 -0.932633 0.0417476 0.358399 172.443
0.357268 0.0433425 0.932995 220.492 0.02125 0.998288 -0.0545128 -12.0652 -0.933759 0.0393018 0.355735 172.781
0.353813 0.0451533 0.934225 221.397 0.0202178 0.998232 -0.0559038 -12.1093 -0.935096 0.0386674 0.352274 173.116
0.350343 0.0459941 0.935491 222.299 0.0198076 0.998207 -0.0564955 -12.1546 -0.93641 0.0383226 0.348804 173.447
0.346176 0.0463438 0.937024 223.193 0.017038 0.998305 -0.0556692 -12.1995 -0.938013 0.0352364 0.3448 173.774
0.34245 0.0456724 0.938425 224.096 0.0168088 0.998361 -0.0547232 -12.2427 -0.939384 0.0345137 0.34112 174.097
0.339021 0.0454281 0.939681 225.002 0.0165336 0.998392 -0.0542314 -12.2854 -0.940632 0.0339219 0.337725 174.418
0.335672 0.0469092 0.94081 225.905 0.0153308 0.998356 -0.0552483 -12.3294 -0.941853 0.0329686 0.3344 174.735
0.332476 0.048193 0.941879 226.81 0.0130892 0.998362 -0.0557033 -12.3738 -0.943019 0.0308485 0.331301 175.049
0.329644 0.0480353 0.942882 227.738 0.0117041 0.998421 -0.0549565 -12.4187 -0.944031 0.0291517 0.328561 175.364
0.326885 0.0500183 0.943739 228.642 0.0068238 0.998448 -0.0552813 -12.4646 -0.945038 0.0245105 0.326036 175.676
0.32584 0.0546826 0.943842 229.525 0.00261888 0.998271 -0.05874 -12.5138 -0.94542 0.0216116 0.325133 175.983
0.322968 0.0600298 0.944504 230.421 -0.000732393 0.998003 -0.0631795 -12.5643 -0.946408 0.0197132 0.322366 176.288
0.32089 0.0621788 0.945073 231.314 -0.00301976 0.997905 -0.0646293 -12.6151 -0.94711 0.0178851 0.320405 176.592
0.318389 0.0605359 0.946025 232.202 -0.00502826 0.998053 -0.0621728 -12.6641 -0.947945 0.0150383 0.318074 176.892
0.315461 0.0578079 0.947176 233.09 -0.00485558 0.998229 -0.0593065 -12.7103 -0.948925 0.0141098 0.315182 177.19
0.311985 0.0554681 0.948466 233.979 -0.00530317 0.998381 -0.0566427 -12.754 -0.950071 0.0126418 0.311774 177.484
0.308828 0.0552179 0.949513 234.89 -0.00471834 0.998391 -0.0565256 -12.7983 -0.951105 0.0129766 0.308591 177.782
0.305474 0.0552762 0.950594 235.76 -0.00414105 0.998382 -0.0567242 -12.8429 -0.95219 0.0133913 0.305208 178.075
0.301307 0.0574737 0.951793 236.644 -0.00484282 0.998262 -0.0587465 -12.8885 -0.953514 0.0130914 0.301061 178.364
0.296001 0.0608488 0.953247 237.551 -0.00562354 0.998063 -0.0619632 -12.9363 -0.95517 0.0129806 0.29577 178.656
0.28977 0.0551235 0.955507 238.44 0.00359229 0.998271 -0.0586798 -12.979 -0.957088 0.0204361 0.289071 178.935
0.285005 0.0511061 0.957162 239.33 0.00311421 0.998524 -0.0542417 -13.0174 -0.95852 0.01844 0.284425 179.209
0.279311 0.0532436 0.958723 240.209 0.00283072 0.998412 -0.0562724 -13.0628 -0.960195 0.0184314 0.278717 179.474
0.273967 0.0650561 0.959536 241.08 0.00464898 0.997609 -0.0689647 -13.1114 -0.961726 0.023355 0.27301 179.727
0.267509 0.077316 0.960448 241.958 0.00594194 0.996625 -0.0818831 -13.1665 -0.963536 0.0276114 0.266146 179.966
0.262124 0.0824734 0.961503 242.831 0.00414801 0.996237 -0.0865834 -13.2244 -0.965024 0.0266839 0.260795 180.199
0.258581 0.0785275 0.962792 243.696 0.000797166 0.996673 -0.081505 -13.2763 -0.965988 0.0218432 0.257658 180.422
0.254563 0.0737487 0.964239 244.568 -0.00200053 0.997127 -0.0757357 -13.326 -0.967053 0.0173506 0.253979 180.643
0.250918 0.0707356 0.96542 245.442 -0.00322487 0.997383 -0.0722393 -13.3732 -0.968002 0.0150128 0.250489 180.86
0.245468 0.0729868 0.966653 246.323 -0.00680967 0.997268 -0.0735691 -13.4225 -0.96938 0.0114763 0.245294 181.072
0.240837 0.0721338 0.967881 247.195 -0.0108151 0.997373 -0.0716405 -13.4695 -0.970504 0.00678602 0.240984 181.281
0.234418 0.0700354 0.969609 248.068 -0.0156261 0.997545 -0.0682752 -13.5135 -0.972009 0.000853796 0.234937 181.485
0.228137 0.0684247 0.971221 248.936 -0.0162578 0.997657 -0.0664682 -13.5598 -0.973492 -0.000625972 0.228715 181.682
0.220214 0.0703987 0.972907 249.816 -0.0137108 0.997518 -0.069076 -13.6102 -0.975354 0.00187224 0.220632 181.872
0.215733 0.0736607 0.973669 250.673 -0.0107194 0.99727 -0.073071 -13.6646 -0.976392 0.00532669 0.215934 182.063
0.209335 0.0757084 0.974908 251.528 -0.0084577 0.997102 -0.0756158 -13.7219 -0.977806 0.0075836 0.209369 182.246
0.203052 0.0746555 0.976317 252.393 -0.00891007 0.997189 -0.0743983 -13.7786 -0.979126 0.00640772 0.203147 182.425
0.197536 0.0725917 0.977604 253.267 -0.00938514 0.99735 -0.0721615 -13.8361 -0.980249 0.00507963 0.197694 182.598
0.190643 0.0716568 0.97904 254.139 -0.00753149 0.99741 -0.0715347 -13.8915 -0.981629 0.00626398 0.190689 182.761
0.186641 0.0737537 0.979655 254.983 -0.00563762 0.997243 -0.0740036 -13.9459 -0.982411 0.00828921 0.186542 182.928
0.18129 0.0775001 0.980371 255.844 -0.00580946 0.996958 -0.077737 -14.0063 -0.983411 0.00839758 0.181189 183.089
0.180174 0.0791797 0.980442 256.791 -0.00308849 0.996796 -0.0799328 -14.0661 -0.983629 0.0113738 0.179841 183.228
0.17856 0.0777858 0.980849 257.713 0.00204119 0.996839 -0.0794254 -14.1257 -0.983926 0.0161843 0.177836 183.37
0.177201 0.0757023 0.981258 258.606 0.0030578 0.996991 -0.0774681 -14.1808 -0.984168 0.016728 0.176437 183.522
0.175053 0.0750519 0.981694 259.498 0.00319896 0.997042 -0.0767957 -14.2353 -0.984552 0.0165838 0.174296 183.672
0.173292 0.0743848 0.982057 260.378 0.00521042 0.997061 -0.0764406 -14.2917 -0.984855 0.0183635 0.172396 183.833
0.171952 0.0760857 0.982162 261.265 0.00639098 0.996906 -0.0783467 -14.3511 -0.985083 0.0197488 0.170933 183.987
0.171243 0.0775423 0.982172 262.121 0.00774673 0.996762 -0.0800447 -14.411 -0.985197 0.0213158 0.170088 184.148
0.170013 0.0793235 0.982243 262.966 0.010177 0.996561 -0.0822412 -14.4707 -0.985388 0.0239783 0.168621 184.309
0.170036 0.0806483 0.982132 263.832 0.0109476 0.99643 -0.0837176 -14.535 -0.985376 0.0249871 0.168546 184.465
0.168969 0.0816078 0.982236 264.668 0.0111047 0.996346 -0.0846903 -14.5959 -0.985557 0.0252175 0.167445 184.62
0.169429 0.0817262 0.982147 265.457 0.0145864 0.996239 -0.085415 -14.6496 -0.985433 0.0287978 0.1676 184.773
0.170504 0.0813137 0.981996 266.246 0.0149045 0.996263 -0.0850828 -14.7031 -0.985243 0.0291432 0.168655 184.926
0.172204 0.0800499 0.981803 267.045 0.0149071 0.996367 -0.083852 -14.7585 -0.984947 0.0290755 0.170385 185.078
0.174535 0.0778972 0.981564 267.846 0.0140705 0.996567 -0.0815896 -14.814 -0.984549 0.0280514 0.17284 185.23
0.177038 0.0759255 0.98127 268.64 0.0120251 0.996779 -0.0792949 -14.8698 -0.984129 0.0258381 0.175555 185.387
0.179824 0.0744905 0.980874 269.415 0.0100363 0.996938 -0.0775504 -14.9259 -0.983646 0.0237898 0.178526 185.548
0.183374 0.0758756 0.98011 270.203 0.00572063 0.996918 -0.078247 -14.9819 -0.983025 0.0199554 0.182375 185.703
0.18686 0.0779477 0.979289 270.976 0.00168385 0.996821 -0.0796644 -15.0363 -0.982384 0.0165351 0.186135 185.852
0.189993 0.0782496 0.978662 271.717 0.000536192 0.996811 -0.0798048 -15.0918 -0.981784 0.0156871 0.189345 186.012
0.192117 0.0767173 0.978368 272.458 -0.00176427 0.996966 -0.0778291 -15.1453 -0.981369 0.0132262 0.19167 186.173
0.194705 0.0743649 0.978038 273.186 -0.00448535 0.997179 -0.0749273 -15.1975 -0.98085 0.0102019 0.194489 186.33
0.197715 0.0733092 0.977514 273.903 -0.00710842 0.997281 -0.0733538 -15.2483 -0.980232 0.00755462 0.197699 186.485
0.200656 0.074311 0.976839 274.621 -0.00651318 0.997199 -0.0745218 -15.3003 -0.979639 0.00859102 0.200578 186.642
0.204757 0.0754846 0.975897 275.31 -0.00606788 0.997101 -0.0758515 -15.3521 -0.978792 0.00960959 0.204622 186.794
0.207786 0.0775162 0.975098 275.995 -0.00663763 0.996944 -0.0778384 -15.4057 -0.97815 0.00970145 0.207666 186.947
0.211084 0.0806454 0.974135 276.665 -0.00798335 0.9967 -0.0807835 -15.4608 -0.977434 0.00927532 0.211032 187.105
0.213306 0.0812585 0.9736 277.313 -0.0109423 0.996672 -0.0807867 -15.5159 -0.976923 0.00657887 0.213485 187.263
0.215593 0.0817459 0.973055 277.96 -0.0135926 0.996645 -0.0807159 -15.5708 -0.976387 0.00417551 0.215981 187.422
0.218482 0.0817438 0.972411 278.56 -0.015418 0.996651 -0.0803172 -15.6268 -0.975718 0.00255535 0.219011 187.578
0.220695 0.0813595 0.971943 279.161 -0.0175121 0.996685 -0.0794541 -15.6822 -0.975184 0.000514458 0.221388 187.736
0.222944 0.0822458 0.971355 279.758 -0.0188679 0.996613 -0.0800537 -15.7378 -0.974647 -0.00047985 0.223741 187.89
0.225457 0.0850854 0.97053 280.334 -0.0218743 0.996371 -0.0822693 -15.7939 -0.974006 -0.00268137 0.2265 188.048
0.226841 0.0840613 0.970297 280.882 -0.0233719 0.996452 -0.0808631 -15.8523 -0.97365 -0.00433452 0.228001 188.203
0.228536 0.0831988 0.969973 281.43 -0.0237654 0.996522 -0.0798765 -15.9062 -0.973244 -0.00479712 0.229718 188.351
0.230304 0.0826142 0.969605 281.952 -0.0263988 0.996554 -0.0786399 -15.96 -0.972759 -0.0074852 0.231692 188.495
0.232294 0.0821729 0.969168 282.479 -0.0255984 0.996597 -0.0783628 -16.0088 -0.972307 -0.00660587 0.233607 188.632
0.235188 0.0824296 0.968448 283 -0.0254668 0.996578 -0.0786392 -16.0556 -0.971615 -0.00616817 0.236482 188.766
0.237625 0.0832446 0.967783 283.52 -0.0263121 0.996508 -0.0792548 -16.1025 -0.970999 -0.00663136 0.238985 188.901
0.240142 0.0838872 0.967106 284.039 -0.0249872 0.996464 -0.0802291 -16.1493 -0.970415 -0.00489877 0.241389 189.035
0.242525 0.0852937 0.966388 284.546 -0.0260011 0.996342 -0.0814121 -16.1959 -0.969795 -0.00538264 0.243855 189.165
0.244142 0.0857485 0.96594 285.049 -0.0264153 0.996302 -0.0817671 -16.2417 -0.969378 -0.00555275 0.245504 189.296
0.246038 0.087266 0.965323 285.552 -0.027807 0.996165 -0.0829667 -16.2881 -0.96886 -0.00642962 0.247521 189.428
0.246965 0.0882282 0.964999 286.053 -0.0289499 0.996074 -0.0836604 -16.3346 -0.968591 -0.00727535 0.248549 189.56
0.247678 0.0885701 0.964785 286.553 -0.0282511 0.99605 -0.0841877 -16.3813 -0.968429 -0.00640477 0.249202 189.691
0.247311 0.0883523 0.964899 287.054 -0.0282601 0.996069 -0.083963 -16.4279 -0.968523 -0.00650309 0.248835 189.822
0.246646 0.0877851 0.965121 287.546 -0.0301937 0.996102 -0.0828867 -16.4733 -0.968634 -0.00869677 0.248336 189.951
0.245483 0.0862983 0.965551 288.046 -0.0307126 0.996223 -0.0812311 -16.5174 -0.968913 -0.00971362 0.247206 190.078
0.243567 0.0863204 0.966035 288.547 -0.029123 0.996234 -0.0816759 -16.5616 -0.969446 -0.00824019 0.245163 190.204
0.242258 0.088504 0.966166 289.048 -0.0260815 0.996066 -0.084703 -16.6075 -0.96986 -0.00467905 0.243613 190.329
0.240697 0.0912616 0.9663 289.559 -0.0206736 0.995827 -0.0889005 -16.6561 -0.970379 0.00142131 0.241579 190.452
0.238558 0.0949649 0.966473 290.09 -0.0180103 0.995469 -0.0933684 -16.7041 -0.97096 0.00486733 0.239187 190.577
0.237146 0.0974386 0.966575 290.61 -0.0195233 0.995235 -0.0955377 -16.754 -0.971277 0.00378575 0.237918 190.697
0.235328 0.0972078 0.967042 291.147 -0.0191691 0.995257 -0.0953791 -16.8017 -0.971726 0.00390816 0.236076 190.828
0.233913 0.0939623 0.967706 291.679 -0.0147408 0.995548 -0.0931025 -16.8493 -0.972145 0.0075132 0.234256 190.956
0.232573 0.0882046 0.96857 292.217 -0.00517492 0.995978 -0.0894578 -16.8939 -0.972564 0.0157932 0.232094 191.087
0.230876 0.0875615 0.969035 292.811 -0.00413769 0.996022 -0.0890141 -16.9388 -0.972973 0.0165417 0.23032 191.212
0.229052 0.0913133 0.969121 293.406 -0.00856151 0.995741 -0.0917979 -16.9857 -0.973375 0.0127294 0.228858 191.336
0.228631 0.0932657 0.969035 294.002 -0.0103928 0.995578 -0.0933682 -17.0334 -0.973457 0.0112759 0.228589 191.46
0.227885 0.0908186 0.969443 294.607 -0.00579568 0.99575 -0.0919206 -17.079 -0.97367 0.0153288 0.227443 191.584
0.228598 0.0886147 0.969479 295.209 -0.000698104 0.995864 -0.0908617 -17.1243 -0.97352 0.020094 0.227714 191.71
0.228177 0.0888602 0.969556 295.832 0.000660408 0.995813 -0.091422 -17.1709 -0.973618 0.0215008 0.227163 191.836
0.227921 0.0912011 0.969398 296.451 -0.00456937 0.995694 -0.0926005 -17.2176 -0.973668 0.0166761 0.227356 191.973
0.226965 0.0939346 0.969362 297.092 -0.00648928 0.995462 -0.0949443 -17.2669 -0.97388 0.0152587 0.226545 192.111
0.225741 0.0975161 0.969294 297.736 -0.00871679 0.99514 -0.0980862 -17.3172 -0.974147 0.013693 0.225494 192.255
0.223822 0.0999869 0.969487 298.384 -0.00791657 0.994878 -0.100778 -17.3693 -0.974597 0.0148814 0.223467 192.4
0.222768 0.0999671 0.969732 299.033 -0.0109193 0.994923 -0.100055 -17.4212 -0.974809 0.0117004 0.222728 192.544
0.221339 0.100768 0.969976 299.704 -0.0147154 0.99488 -0.0999976 -17.473 -0.975085 0.00785987 0.221689 192.694
0.219967 0.102483 0.970108 300.375 -0.0153673 0.994708 -0.101597 -17.5263 -0.975385 0.00744023 0.220378 192.843
0.218668 0.10809 0.969794 301.062 -0.0122016 0.994072 -0.108044 -17.585 -0.975722 0.0117929 0.21869 192.994
0.217213 0.114086 0.969434 301.77 -0.0108369 0.993368 -0.114474 -17.6484 -0.976063 0.0143598 0.217009 193.152
0.216456 0.118202 0.96911 302.493 -0.011698 0.992887 -0.11849 -17.7157 -0.976221 0.0143113 0.216299 193.31
0.215542 0.116545 0.969514 303.216 -0.00846188 0.993039 -0.117491 -17.7821 -0.976456 0.0171205 0.215028 193.467
0.213995 0.111717 0.970425 303.948 -0.00423029 0.993536 -0.113444 -17.8473 -0.976824 0.0201715 0.213085 193.623
0.212519 0.110298 0.970911 304.68 -0.0017516 0.993651 -0.112497 -17.9123 -0.977154 0.0222072 0.211363 193.778
0.211171 0.111924 0.971019 305.42 -0.000383796 0.993433 -0.114424 -17.9809 -0.977448 0.0237905 0.209828 193.934
0.209663 0.114783 0.971013 306.162 -0.00114369 0.993115 -0.117149 -18.0526 -0.977772 0.0234512 0.20835 194.089
0.207987 0.116459 0.971173 306.905 -0.000775706 0.992907 -0.118899 -18.1258 -0.97813 0.0239762 0.206602 194.242
0.207313 0.116431 0.971321 307.648 -0.00116993 0.992922 -0.11877 -18.1988 -0.978273 0.0234863 0.205982 194.396
0.207309 0.115143 0.971475 308.399 -0.000265678 0.993057 -0.117644 -18.2715 -0.978274 0.0241306 0.205901 194.554
0.207872 0.11455 0.971425 309.151 0.00116914 0.99309 -0.117355 -18.3442 -0.978154 0.0255306 0.206301 194.712
0.209536 0.11421 0.971107 309.902 0.00243448 0.993092 -0.117321 -18.4169 -0.977796 0.0269472 0.207811 194.872
0.211085 0.112881 0.970927 310.653 0.00264461 0.993241 -0.11605 -18.4885 -0.977463 0.0270643 0.20936 195.032
0.213677 0.111773 0.970488 311.412 0.00370686 0.993334 -0.11522 -18.56 -0.976896 0.0282174 0.211838 195.196
0.215617 0.111237 0.970121 312.171 0.00467683 0.993362 -0.114941 -18.6313 -0.976466 0.0293203 0.213665 195.361
0.217654 0.111388 0.969648 312.931 0.00503423 0.993326 -0.115238 -18.7031 -0.976012 0.0299634 0.215641 195.529
0.22125 0.112101 0.968752 313.696 0.00612867 0.993193 -0.116329 -18.7763 -0.975197 0.031675 0.219057 195.701
0.223811 0.110842 0.968309 314.464 0.0102081 0.993192 -0.11605 -18.849 -0.974578 0.0358579 0.221155 195.874
0.226454 0.110341 0.967751 315.238 0.0121448 0.993166 -0.116081 -18.9233 -0.973945 0.0380401 0.223566 196.053
0.228535 0.110179 0.96728 316.151 0.0132456 0.993132 -0.116253 -19.0016 -0.973444 0.0393802 0.225506 196.287
0.23072 0.111716 0.966585 317.049 0.0153023 0.992848 -0.118404 -19.0811 -0.972899 0.0421092 0.22736 196.515
0.233322 0.112997 0.965811 317.937 0.0163857 0.992628 -0.120093 -19.1625 -0.97226 0.0438458 0.22975 196.742
0.235598 0.115274 0.964989 318.826 0.0156956 0.992361 -0.122375 -19.2463 -0.971722 0.0439774 0.231989 196.971
0.237834 0.118005 0.96411 319.714 0.0131383 0.992112 -0.124673 -19.3322 -0.971215 0.0423184 0.234408 197.203
0.239655 0.120549 0.963344 320.6 0.0117432 0.99183 -0.127035 -19.4205 -0.970786 0.0417573 0.236281 197.435
0.241028 0.122566 0.962747 321.508 0.00896087 0.991671 -0.128491 -19.5127 -0.970475 0.0395971 0.237922 197.676
0.241952 0.122521 0.962521 322.411 0.00942083 0.991653 -0.128597 -19.6059 -0.970241 0.0401821 0.238778 197.917
0.243475 0.121278 0.962294 323.324 0.00929119 0.991815 -0.127349 -19.7 -0.969861 0.0399472 0.240355 198.161
0.243672 0.119943 0.962412 324.237 0.00838157 0.992027 -0.125755 -19.7928 -0.96982 0.0387097 0.240724 198.406
0.243671 0.120755 0.962311 325.15 0.00927335 0.991884 -0.126814 -19.8869 -0.969812 0.0398246 0.240573 198.65
0.243417 0.124033 0.961958 326.062 0.0107168 0.991386 -0.130539 -19.9849 -0.969861 0.0420847 0.239991 198.894
0.242625 0.124576 0.962088 326.974 0.0100258 0.991347 -0.130893 -20.0831 -0.970067 0.0414036 0.239277 199.137
0.242468 0.124739 0.962106 327.887 0.00664456 0.991464 -0.130219 -20.1807 -0.970135 0.0379669 0.23957 199.38
0.241706 0.125138 0.962246 328.79 0.0043683 0.9915 -0.130039 -20.278 -0.970338 0.0356347 0.239105 199.624
0.241295 0.128091 0.96196 329.707 0.00180843 0.991191 -0.132436 -20.3785 -0.970448 0.033696 0.238938 199.87
0.240727 0.130148 0.961827 330.624 0.00114052 0.990931 -0.134372 -20.4809 -0.970591 0.033444 0.238395 200.116
0.239925 0.131886 0.96179 331.533 0.000618724 0.990709 -0.136005 -20.5853 -0.97079 0.0332262 0.237614 200.355
0.240263 0.133567 0.961474 332.443 -0.000590627 0.990509 -0.137453 -20.6912 -0.970706 0.032457 0.238061 200.595
0.240442 0.135318 0.961185 333.353 6.71061e-05 0.990234 -0.139424 -20.7992 -0.970662 0.0335878 0.238084 200.834
0.240519 0.13638 0.961015 334.258 -0.00023614 0.990089 -0.140447 -20.9081 -0.970643 0.0335534 0.238168 201.07
0.240667 0.136371 0.960979 335.163 -0.000680641 0.990105 -0.140333 -21.017 -0.970606 0.0331196 0.238378 201.307
0.241205 0.138408 0.960553 336.068 -0.00156607 0.989833 -0.142234 -21.1277 -0.970471 0.0328032 0.238969 201.543
0.241028 0.141516 0.960145 336.955 -0.00110437 0.989352 -0.145543 -21.2399 -0.970516 0.0340197 0.238618 201.775
0.241979 0.143273 0.959644 337.862 0.00149415 0.988983 -0.14803 -21.357 -0.970279 0.0372541 0.239099 202.011
0.243257 0.140198 0.959776 338.76 0.00489086 0.98931 -0.145752 -21.4711 -0.969948 0.0401493 0.239971 202.241
0.244816 0.137949 0.959705 339.657 0.0066888 0.989564 -0.143947 -21.584 -0.969545 0.0416597 0.241338 202.473
0.247435 0.139744 0.958773 340.518 0.0104788 0.989102 -0.146868 -21.7014 -0.968846 0.0463872 0.243274 202.686
0.251116 0.144334 0.957135 341.417 0.016416 0.988044 -0.153302 -21.8261 -0.967816 0.054209 0.245744 202.906
0.255679 0.146666 0.955571 342.317 0.0192801 0.987456 -0.156719 -21.954 -0.966568 0.0584932 0.249644 203.129
0.259737 0.146636 0.954481 343.199 0.0222538 0.987234 -0.157724 -22.0821 -0.965421 0.0622076 0.253158 203.354
0.263365 0.146796 0.953461 344.064 0.0225597 0.987148 -0.158214 -22.2099 -0.964431 0.0631779 0.256669 203.58
0.267285 0.149796 0.951903 344.942 0.0222989 0.986619 -0.16152 -22.3419 -0.963358 0.0643981 0.260368 203.817
0.270588 0.149792 0.95097 345.803 0.0226308 0.986559 -0.161837 -22.4723 -0.962428 0.0653123 0.26356 204.056
0.274729 0.147951 0.95007 346.665 0.0202457 0.986983 -0.159553 -22.6009 -0.961307 0.0630688 0.268158 204.299
0.278807 0.145309 0.94929 347.527 0.0177706 0.987538 -0.156383 -22.7266 -0.960181 0.06047 0.27275 204.547
0.282963 0.145054 0.948098 348.387 0.0153287 0.987689 -0.155685 -22.852 -0.959007 0.0585862 0.277255 204.799
0.288615 0.145039 0.946395 349.247 0.0130099 0.987775 -0.155348 -22.977 -0.957355 0.0571484 0.2832 205.057
0.293905 0.145177 0.944745 350.104 0.0111965 0.987808 -0.155278 -23.102 -0.955767 0.0562147 0.288696 205.319
0.299685 0.147064 0.942635 350.96 0.00933233 0.987549 -0.157038 -23.2288 -0.953991 0.0558589 0.294581 205.587
0.307001 0.148809 0.940003 351.813 0.00777492 0.987276 -0.158832 -23.3573 -0.951676 0.0560701 0.301938 205.861
0.314074 0.150942 0.937322 352.668 0.00386203 0.98707 -0.160247 -23.4871 -0.949389 0.0539493 0.30943 206.144
0.322444 0.153193 0.93411 353.519 -0.00015727 0.986827 -0.161784 -23.6184 -0.946587 0.0520194 0.31822 206.434
0.332078 0.154475 0.930516 354.367 -0.00346282 0.986693 -0.162565 -23.7504 -0.943244 0.0507622 0.328194 206.733
0.340731 0.155762 0.927167 355.212 -0.00675305 0.986561 -0.163258 -23.8831 -0.940135 0.0493657 0.337203 207.041
0.349913 0.155711 0.92375 356.054 -0.00816373 0.986559 -0.163206 -24.0159 -0.936745 0.0495666 0.346481 207.356
0.35882 0.155978 0.920281 356.893 -0.00964499 0.986507 -0.163442 -24.149 -0.933355 0.0497702 0.355482 207.679
0.367378 0.155846 0.916921 357.729 -0.0115899 0.986553 -0.163037 -24.2817 -0.929998 0.0492691 0.364243 208.011
0.37407 0.156672 0.91407 358.563 -0.0144906 0.986495 -0.163155 -24.4147 -0.927285 0.0477861 0.371288 208.349
0.379511 0.157083 0.911754 359.394 -0.0157056 0.986434 -0.163412 -24.5481 -0.925052 0.0476969 0.376829 208.69
0.385677 0.158164 0.908976 360.222 -0.0170601 0.986252 -0.164371 -24.6825 -0.922475 0.0478868 0.383072 209.036
0.390722 0.157942 0.906857 361.047 -0.0179495 0.986291 -0.164042 -24.8164 -0.920332 0.0478173 0.3882 209.388
0.395232 0.158603 0.904785 361.871 -0.0190068 0.986183 -0.164569 -24.9509 -0.918383 0.047846 0.392785 209.743
0.399841 0.158856 0.902713 362.693 -0.0199404 0.986142 -0.164705 -25.0855 -0.916366 0.0478554 0.397468 210.103
0.404752 0.159537 0.900401 363.514 -0.0204486 0.985997 -0.165511 -25.221 -0.914196 0.0485792 0.402346 210.467
0.409894 0.158877 0.898189 364.335 -0.0198683 0.986036 -0.165349 -25.3563 -0.911915 0.0499302 0.407327 210.837
0.415045 0.157974 0.89598 365.157 -0.0203961 0.986179 -0.164429 -25.4916 -0.909571 0.0499711 0.41253 211.212
0.420478 0.157253 0.893571 365.976 -0.0215408 0.986319 -0.163439 -25.6259 -0.907045 0.0494743 0.418112 211.591
0.425329 0.155561 0.891569 366.793 -0.0212479 0.986563 -0.161999 -25.759 -0.904788 0.0499588 0.422919 211.976
0.429906 0.154323 0.889587 367.609 -0.0222109 0.986795 -0.160452 -25.8909 -0.902599 0.0492209 0.427656 212.366
0.434505 0.153496 0.887493 368.434 -0.0235809 0.986973 -0.159156 -26.023 -0.900359 0.0482262 0.432463 212.768
0.438083 0.154856 0.885495 369.257 -0.0251835 0.986779 -0.160109 -26.1561 -0.89858 0.047841 0.43619 213.174
0.442353 0.15809 0.882797 370.08 -0.0265105 0.986217 -0.163326 -26.2933 -0.896447 0.0488446 0.440447 213.583
0.447105 0.161852 0.879716 370.902 -0.0290755 0.985604 -0.166556 -26.4335 -0.894007 0.0488898 0.445374 213.998
0.451401 0.162497 0.8774 371.724 -0.0306229 0.985522 -0.166767 -26.5738 -0.891794 0.0484102 0.449841 214.418
0.454997 0.160251 0.875954 372.543 -0.0334839 0.986059 -0.163001 -26.7102 -0.889861 0.0448346 0.454019 214.841
0.456853 0.159186 0.875182 373.36 -0.0374751 0.986429 -0.159858 -26.8437 -0.88875 0.0402344 0.456618 215.267
0.458491 0.161836 0.873839 374.176 -0.0420102 0.986128 -0.160589 -26.978 -0.887704 0.0369186 0.458929 215.695
0.459291 0.167352 0.872379 374.993 -0.0452432 0.985226 -0.16518 -27.1174 -0.887131 0.0363963 0.460076 216.123
0.459944 0.17197 0.871135 375.801 -0.0469626 0.984406 -0.169535 -27.2595 -0.886703 0.0370659 0.460847 216.553
0.460824 0.172943 0.870477 376.607 -0.0485232 0.984273 -0.169863 -27.4018 -0.886162 0.0360389 0.461968 216.983
0.460816 0.170449 0.870973 377.414 -0.0510402 0.984851 -0.16573 -27.5403 -0.886025 0.0319164 0.462534 217.413
0.460645 0.168534 0.871436 378.205 -0.0544677 0.985326 -0.161768 -27.6734 -0.88591 0.0270524 0.463064 217.842
0.460557 0.167918 0.871602 378.985 -0.0561333 0.985489 -0.160198 -27.8041 -0.885851 0.0248545 0.463299 218.273
0.459974 0.167902 0.871913 379.751 -0.056015 0.985491 -0.160222 -27.9345 -0.886162 0.024858 0.462705 218.699
0.458796 0.169134 0.872295 380.515 -0.0559413 0.985268 -0.161615 -28.066 -0.886777 0.0253513 0.461498 219.122
0.457806 0.170165 0.872614 381.28 -0.0560172 0.985084 -0.162709 -28.1993 -0.887283 0.0256078 0.460509 219.546
0.457107 0.165837 0.873814 382.025 -0.0500311 0.985703 -0.1609 -28.3276 -0.888002 0.0298306 0.458868 219.964
0.455872 0.164285 0.874751 382.787 -0.0489155 0.985958 -0.159678 -28.4575 -0.888698 0.0300038 0.457506 220.38
0.454148 0.167415 0.875054 383.535 -0.049523 0.985412 -0.162826 -28.5899 -0.889547 0.030612 0.455813 220.788
0.452654 0.171618 0.875014 384.283 -0.0491927 0.984617 -0.167666 -28.7263 -0.890326 0.0328505 0.454133 221.196
0.451802 0.175148 0.874756 385.03 -0.0482625 0.983902 -0.172074 -28.8666 -0.89081 0.0355256 0.452981 221.602
0.450498 0.174398 0.875577 385.785 -0.0493245 0.9841 -0.170636 -29.0067 -0.891412 0.0336837 0.451937 222.006
0.449612 0.171446 0.876615 386.54 -0.0496092 0.984686 -0.167137 -29.1437 -0.891843 0.0316589 0.451231 222.408
0.449307 0.171854 0.876692 387.287 -0.051301 0.984668 -0.166728 -29.2796 -0.891901 0.0299372 0.451234 222.81
0.449217 0.173017 0.876509 388.044 -0.0513185 0.984448 -0.168022 -29.4181 -0.891946 0.0304973 0.451109 223.214
0.449295 0.17511 0.876053 388.801 -0.0495023 0.983977 -0.171294 -29.5597 -0.892009 0.0335949 0.450764 223.618
0.449649 0.175674 0.875758 389.558 -0.0487419 0.983834 -0.172328 -29.7019 -0.891872 0.0348009 0.450942 224.021
0.449659 0.174312 0.876025 390.321 -0.0490282 0.984112 -0.170652 -29.8434 -0.891852 0.0337855 0.451061 224.427
0.45007 0.171547 0.87636 391.094 -0.0485603 0.984625 -0.1678 -29.9829 -0.89167 0.0329656 0.45148 224.834
0.450774 0.171242 0.876058 391.872 -0.047197 0.984627 -0.168179 -30.124 -0.891388 0.0344633 0.451926 225.242
0.451885 0.170931 0.875546 392.647 -0.0435941 0.984531 -0.169708 -30.2659 -0.891008 0.0385201 0.452346 225.65
0.453082 0.169967 0.875115 393.441 -0.0406684 0.984576 -0.17017 -30.4107 -0.890539 0.0415116 0.453005 226.064
0.454179 0.168455 0.874839 394.234 -0.0397427 0.984816 -0.168999 -30.5543 -0.890021 0.0419874 0.453977 226.479
0.456614 0.166601 0.873926 395.04 -0.0348945 0.984909 -0.169526 -30.7031 -0.888978 0.0469128 0.455536 226.894
0.458032 0.16473 0.873538 395.836 -0.0314402 0.985068 -0.169276 -30.8491 -0.888377 0.0500699 0.456372 227.314
0.458416 0.162778 0.873703 396.651 -0.033761 0.985565 -0.165905 -30.9945 -0.888094 0.0465565 0.457294 227.74
0.458234 0.159629 0.874379 397.457 -0.0382041 0.98637 -0.160053 -31.1351 -0.888008 0.0399369 0.458086 228.165
0.45944 0.156224 0.874361 398.271 -0.0381318 0.986973 -0.156307 -31.2746 -0.887388 0.038473 0.459411 228.595
0.45957 0.157692 0.874029 399.085 -0.0393396 0.986761 -0.157346 -31.4153 -0.887268 0.0379277 0.459689 229.025
0.460117 0.160227 0.87328 399.897 -0.0404745 0.986345 -0.159646 -31.558 -0.886933 0.0381104 0.460319 229.456
0.461023 0.16156 0.872557 400.708 -0.0405067 0.986094 -0.16118 -31.702 -0.886461 0.0389633 0.461156 229.887
0.462033 0.159462 0.872409 401.52 -0.038473 0.986381 -0.159918 -31.8449 -0.886026 0.0403234 0.461875 230.319
0.462622 0.156972 0.872547 402.315 -0.0375804 0.986789 -0.157599 -31.984 -0.885757 0.0401181 0.462409 230.747
0.462554 0.156452 0.872677 403.106 -0.0394372 0.986964 -0.156038 -32.121 -0.885712 0.03776 0.462694 231.175
0.461681 0.157787 0.872899 403.895 -0.0414343 0.986815 -0.156464 -32.2587 -0.886076 0.0360684 0.462131 231.6
0.461011 0.158033 0.873209 404.667 -0.0425266 0.98682 -0.156142 -32.3942 -0.886373 0.0348486 0.461655 232.022
0.459665 0.156305 0.874229 405.442 -0.0420472 0.987117 -0.15438 -32.5282 -0.887094 0.0342042 0.460315 232.443
0.458325 0.153864 0.875364 406.202 -0.0413946 0.987529 -0.151905 -32.6592 -0.887818 0.0333867 0.458977 232.86
0.456511 0.152449 0.876559 406.962 -0.0419431 0.987804 -0.149952 -32.7883 -0.888727 0.0316894 0.457337 233.269
0.45442 0.151972 0.877727 407.697 -0.0417704 0.987892 -0.149421 -32.915 -0.889805 0.031237 0.455266 233.668
0.452323 0.153384 0.878565 408.421 -0.0410531 0.987637 -0.151291 -33.0413 -0.890907 0.0323646 0.453028 234.065
0.449763 0.157088 0.879224 409.162 -0.0419754 0.987042 -0.154879 -33.1722 -0.892159 0.0327531 0.450528 234.462
0.446947 0.162469 0.879682 409.897 -0.044715 0.986198 -0.159422 -33.3046 -0.89344 0.0319183 0.448043 234.855
0.443611 0.166269 0.88066 410.633 -0.0460367 0.985571 -0.162886 -33.4388 -0.895034 0.0317154 0.444864 235.242
0.441031 0.167092 0.8818 411.369 -0.0480627 0.985504 -0.162704 -33.5724 -0.896202 0.0293759 0.442669 235.627
0.438096 0.163935 0.883853 412.106 -0.0492582 0.986132 -0.15849 -33.7023 -0.897576 0.025897 0.440095 236.009
0.435283 0.160063 0.88595 412.843 -0.0503042 0.986856 -0.153578 -33.8271 -0.898885 0.0222832 0.437613 236.388
0.433655 0.158315 0.887062 413.556 -0.0485758 0.987121 -0.152426 -33.9486 -0.899767 0.0230105 0.43576 236.766
0.432112 0.158218 0.887832 414.27 -0.0468854 0.9871 -0.153089 -34.0706 -0.900598 0.0245254 0.433956 237.142
0.430365 0.15977 0.888402 414.983 -0.0470143 0.986843 -0.154698 -34.1938 -0.901427 0.0248091 0.432214 237.517
0.428714 0.160552 0.889059 415.684 -0.0466134 0.986704 -0.155708 -34.3162 -0.902235 0.0253121 0.430497 237.887
0.426698 0.160321 0.89007 416.385 -0.0454025 0.98672 -0.155963 -34.435 -0.903251 0.0261379 0.42831 238.247
0.425743 0.160864 0.890429 417.077 -0.0450465 0.986619 -0.156703 -34.5533 -0.90372 0.0266045 0.427292 238.6
0.424649 0.161072 0.890914 417.771 -0.0436912 0.986547 -0.157537 -34.6728 -0.904301 0.0279728 0.425973 238.951
0.423543 0.162902 0.891107 418.451 -0.0457832 0.986291 -0.158542 -34.7903 -0.904716 0.0263517 0.425195 239.301
0.42167 0.162899 0.891996 419.132 -0.0457715 0.986301 -0.158484 -34.9076 -0.905591 0.026 0.423349 239.649
0.421294 0.161767 0.892379 419.819 -0.0459931 0.986509 -0.157117 -35.0238 -0.905755 0.0251493 0.423051 239.995
0.420551 0.160416 0.892974 420.508 -0.045624 0.98674 -0.155773 -35.1391 -0.906119 0.0247696 0.422293 240.34
0.421062 0.15896 0.892993 421.193 -0.0453241 0.986982 -0.154319 -35.2525 -0.905896 0.024504 0.422785 240.684
0.421392 0.156923 0.893198 421.878 -0.0446345 0.987312 -0.152399 -35.3646 -0.905777 0.0243525 0.423049 241.027
0.421914 0.156209 0.893077 422.557 -0.0447796 0.987435 -0.151558 -35.4759 -0.905527 0.0239528 0.423607 241.368
0.422517 0.157279 0.892604 423.22 -0.0457284 0.987275 -0.152314 -35.5876 -0.905198 0.0235379 0.424332 241.699
0.423166 0.158539 0.892073 423.885 -0.0484709 0.987125 -0.152438 -35.6995 -0.904753 0.0212673 0.425401 242.029
0.424401 0.158585 0.891478 424.536 -0.0487436 0.987118 -0.152392 -35.8084 -0.904159 0.0212218 0.426664 242.335
0.427522 0.159213 0.889874 425.188 -0.0501635 0.987031 -0.152496 -35.918 -0.90261 0.0205563 0.429964 242.645
0.428285 0.158279 0.889673 425.84 -0.0513841 0.987214 -0.150896 -36.0266 -0.902179 0.0189117 0.430942 242.952
0.428337 0.15835 0.889636 426.491 -0.0540896 0.987255 -0.149682 -36.1341 -0.901997 0.0159944 0.431442 243.258
0.430729 0.157629 0.888608 427.135 -0.0539107 0.987365 -0.149015 -36.2411 -0.900867 0.0162797 0.433785 243.565
0.431699 0.158071 0.888059 427.779 -0.0544014 0.987297 -0.14929 -36.3482 -0.900373 0.0161367 0.434814 243.873
0.4338 0.156772 0.887265 428.417 -0.0521526 0.987465 -0.148978 -36.4535 -0.899496 0.0183536 0.436538 244.182
0.434026 0.157537 0.887019 429.055 -0.0533077 0.987359 -0.149274 -36.5593 -0.899319 0.0175039 0.436937 244.49
0.434705 0.157133 0.886758 429.679 -0.0526881 0.987412 -0.14914 -36.6619 -0.899028 0.0181106 0.437512 244.798
0.435386 0.156856 0.886473 430.291 -0.0518652 0.98744 -0.149248 -36.7619 -0.898746 0.0190034 0.438052 245.1
0.435958 0.157136 0.886142 430.899 -0.05232 0.9874 -0.149352 -36.8605 -0.898443 0.0187483 0.438686 245.399
0.43672 0.157872 0.885636 431.487 -0.0533027 0.987293 -0.149709 -36.956 -0.898014 0.0181742 0.439586 245.695
0.435975 0.158245 0.885937 432.051 -0.0540967 0.987249 -0.149719 -37.0456 -0.898329 0.0173477 0.438975 245.98
0.436435 0.158489 0.885666 432.606 -0.0541562 0.987207 -0.149972 -37.1336 -0.898102 0.017489 0.439434 246.264
0.43625 0.158748 0.885711 433.134 -0.0557679 0.987194 -0.149468 -37.2173 -0.898093 0.0158114 0.439516 246.537
0.436176 0.159099 0.885684 433.638 -0.0576529 0.987166 -0.148936 -37.2929 -0.89801 0.0139004 0.43975 246.798
0.436305 0.158932 0.885651 434.124 -0.058405 0.987205 -0.148383 -37.3695 -0.897899 0.013014 0.440004 247.064
0.435833 0.158965 0.885877 434.611 -0.058203 0.987197 -0.148512 -37.446 -0.898141 0.0131659 0.439505 247.331
0.435159 0.160657 0.885903 435.08 -0.0580283 0.986911 -0.150471 -37.5219 -0.898479 0.0140715 0.438786 247.586
0.434119 0.163979 0.885805 435.55 -0.0598211 0.986372 -0.153278 -37.5993 -0.898865 0.0135512 0.438012 247.84
0.434061 0.166842 0.885299 436.01 -0.0605426 0.985883 -0.156114 -37.6766 -0.898845 0.0141649 0.438034 248.09
0.434427 0.169188 0.884673 436.47 -0.0616984 0.985484 -0.158169 -37.755 -0.898589 0.0141304 0.438559 248.342
0.433997 0.170182 0.884694 436.918 -0.0607884 0.985291 -0.159712 -37.8324 -0.898859 0.0155356 0.437959 248.584
0.433238 0.169699 0.885159 437.362 -0.0593195 0.985355 -0.159874 -37.9094 -0.899323 0.0167564 0.436959 248.823
0.431949 0.168516 0.886014 437.805 -0.0594048 0.985573 -0.15849 -37.9853 -0.899937 0.0158262 0.435727 249.06
0.430137 0.16785 0.887022 438.245 -0.06091 0.985721 -0.15699 -38.0596 -0.900704 0.013499 0.434218 249.293
0.428404 0.168202 0.887793 438.679 -0.0621312 0.985681 -0.156766 -38.1334 -0.901446 0.0119995 0.43272 249.525
0.426104 0.167933 0.88895 439.091 -0.0622575 0.985735 -0.156374 -38.2038 -0.902527 0.0112881 0.43048 249.747
0.424457 0.167513 0.889817 439.505 -0.0620186 0.985809 -0.155999 -38.2721 -0.903319 0.0110301 0.428823 249.972
0.422388 0.168189 0.890674 439.909 -0.0634902 0.985711 -0.156026 -38.3388 -0.904186 0.00935467 0.427031 250.19
0.420527 0.167275 0.891726 440.27 -0.0628403 0.985868 -0.155299 -38.4051 -0.905099 0.00927154 0.425095 250.378
0.418901 0.166508 0.892634 440.626 -0.0622836 0.985998 -0.154695 -38.4706 -0.905891 0.00920539 0.423406 250.563
0.417711 0.16588 0.893308 440.981 -0.0614831 0.986101 -0.154361 -38.5354 -0.906495 0.00955499 0.422104 250.746
0.41655 0.165695 0.893885 441.336 -0.0618386 0.986138 -0.153979 -38.5999 -0.907005 0.00886337 0.421022 250.928
0.415163 0.166052 0.894464 441.678 -0.0634185 0.986093 -0.153626 -38.6626 -0.907531 0.00705459 0.41992 251.106
0.413799 0.166071 0.895092 441.999 -0.0645023 0.986099 -0.153136 -38.7215 -0.908078 0.00563219 0.418758 251.268
0.412405 0.165919 0.895763 442.321 -0.06383 0.986122 -0.153269 -38.7796 -0.908759 0.00603241 0.417272 251.425
0.411141 0.166363 0.896262 442.64 -0.0632507 0.986043 -0.154013 -38.8364 -0.909372 0.00663206 0.415925 251.58
0.411092 0.166895 0.896185 442.953 -0.0621448 0.985943 -0.155103 -38.8915 -0.909471 0.00806853 0.415685 251.732
0.410564 0.167069 0.896395 443.261 -0.0615985 0.985908 -0.155538 -38.9452 -0.909747 0.00864209 0.41507 251.881
0.410442 0.166701 0.896519 443.569 -0.0621206 0.985977 -0.154895 -38.9983 -0.909766 0.00788332 0.415042 252.03
0.411306 0.166469 0.896166 443.872 -0.0632688 0.986025 -0.154123 -39.0498 -0.909297 0.00669258 0.41609 252.176
0.41245 0.166403 0.895653 444.159 -0.0643079 0.986042 -0.153582 -39.0985 -0.908705 0.00574762 0.417394 252.316
0.413831 0.166261 0.895042 444.447 -0.065398 0.986071 -0.152933 -39.1469 -0.908 0.0047545 0.41894 252.456
0.415388 0.166749 0.89423 444.726 -0.0667884 0.985993 -0.152836 -39.1935 -0.907187 0.0037622 0.420706 252.593
0.41813 0.167013 0.892902 445.004 -0.0673917 0.985949 -0.152858 -39.24 -0.905882 0.0037406 0.423509 252.731
0.422169 0.167029 0.890996 445.282 -0.0674946 0.985943 -0.152848 -39.2865 -0.903999 0.00439031 0.427507 252.87
0.427566 0.166746 0.888471 445.551 -0.0675965 0.985987 -0.152518 -39.3319 -0.901451 0.00515403 0.432846 253.008
0.43473 0.167466 0.884853 445.818 -0.0692785 0.985866 -0.152547 -39.3774 -0.89789 0.00501567 0.440187 253.148
0.443514 0.168168 0.880349 446.081 -0.0713119 0.985748 -0.152375 -39.4223 -0.893424 0.00480117 0.449184 253.289
0.453078 0.169415 0.875224 446.342 -0.0741429 0.985537 -0.152386 -39.4672 -0.88838 0.00415135 0.459086 253.433
0.464494 0.169305 0.869241 446.601 -0.075087 0.985551 -0.151835 -39.5119 -0.882385 0.00525787 0.470495 253.58
0.477952 0.169519 0.861873 446.858 -0.0782613 0.985518 -0.150438 -39.5561 -0.874891 0.00445094 0.484296 253.731
0.492748 0.170857 0.853233 447.113 -0.0822753 0.98529 -0.149786 -39.6005 -0.866272 0.00360692 0.499557 253.89
0.50897 0.172663 0.843289 447.368 -0.0874554 0.98498 -0.14889 -39.6446 -0.856328 0.00203067 0.516424 254.056
0.526525 0.174465 0.832065 447.618 -0.0903428 0.984658 -0.149291 -39.689 -0.845344 0.00343475 0.534208 254.227
0.543946 0.17679 0.820284 447.865 -0.0934481 0.984237 -0.150158 -39.7335 -0.833898 0.0050238 0.551892 254.405
0.562058 0.178054 0.807704 448.107 -0.0964839 0.984002 -0.149777 -39.7779 -0.821449 0.00625286 0.570245 254.587
0.579591 0.181203 0.794505 448.346 -0.103899 0.983441 -0.148499 -39.8217 -0.808255 0.00352088 0.588819 254.776
0.592123 0.185411 0.784227 448.589 -0.110124 0.98266 -0.149177 -39.8671 -0.798285 0.00196891 0.602273 254.98
0.597052 0.190671 0.779213 448.828 -0.117187 0.981654 -0.150415 -39.9119 -0.793595 -0.0015072 0.608442 255.184
0.595911 0.192344 0.779675 449.068 -0.119347 0.981324 -0.150872 -39.9569 -0.794131 -0.00314512 0.607736 255.386
0.591294 0.193348 0.782934 449.3 -0.12016 0.981121 -0.151542 -40.0009 -0.797452 -0.00447103 0.603363 255.58
0.582305 0.193848 0.789521 449.534 -0.119268 0.981019 -0.1529 -40.0453 -0.804172 -0.00512961 0.594371 255.77
0.569948 0.193123 0.798662 449.758 -0.115221 0.981169 -0.15503 -40.0887 -0.81356 -0.00366387 0.581466 255.942
0.555854 0.191913 0.808823 449.98 -0.109911 0.981412 -0.157329 -40.1319 -0.82398 -0.00144632 0.566614 256.101
0.538964 0.190409 0.820525 450.205 -0.103991 0.981706 -0.159505 -40.1757 -0.835883 0.000641176 0.548905 256.256
0.519712 0.189968 0.832953 450.434 -0.0998798 0.981791 -0.161593 -40.2202 -0.848481 0.000787064 0.529222 256.404
0.499857 0.189913 0.84503 450.667 -0.0965847 0.981802 -0.163519 -40.2664 -0.860704 0.000119362 0.509102 256.543
0.479895 0.189831 0.856542 450.903 -0.0944091 0.981816 -0.1647 -40.3127 -0.87223 -0.00182639 0.48909 256.676
0.460533 0.189101 0.867265 451.143 -0.0913715 0.981954 -0.165587 -40.3594 -0.882925 -0.00298463 0.4695 256.803
0.442927 0.187788 0.87667 451.385 -0.0857179 0.98221 -0.167087 -40.4072 -0.892448 -0.00113878 0.451144 256.919
0.427403 0.186016 0.884717 451.628 -0.0790324 0.982545 -0.168404 -40.4553 -0.900598 0.00205553 0.434644 257.03
0.413136 0.184789 0.891723 451.873 -0.0741628 0.982772 -0.169297 -40.5035 -0.907642 0.00381016 0.419723 257.137
0.400376 0.184671 0.897549 452.12 -0.0727137 0.982798 -0.169774 -40.5518 -0.913459 0.00270983 0.406917 257.241
0.390611 0.183002 0.902182 452.372 -0.0710685 0.983112 -0.168648 -40.6003 -0.917806 0.00175907 0.39702 257.343
0.382426 0.180083 0.906267 452.62 -0.0688631 0.983652 -0.166401 -40.6476 -0.921414 0.001228 0.388575 257.442
0.376268 0.178536 0.909146 452.868 -0.0670256 0.983933 -0.165482 -40.6946 -0.924081 0.00132992 0.38219 257.538
0.374877 0.178257 0.909775 453.109 -0.06564 0.983982 -0.165749 -40.7405 -0.924746 0.0024182 0.380573 257.633
0.378043 0.178665 0.908384 453.339 -0.0662585 0.983908 -0.165944 -40.7839 -0.923412 0.00254629 0.383797 257.723
0.38474 0.177404 0.905815 453.556 -0.0653356 0.98413 -0.16499 -40.8252 -0.920708 0.00429668 0.390225 257.81
0.394366 0.175414 0.902055 453.768 -0.0644227 0.984476 -0.163277 -40.8648 -0.916691 0.00627813 0.399544 257.899
0.40647 0.174746 0.896797 453.97 -0.0669513 0.984599 -0.161509 -40.9022 -0.911206 0.0056071 0.411909 257.992
0.419541 0.176995 0.890313 454.166 -0.0735971 0.984211 -0.16098 -40.9381 -0.904746 0.00201363 0.425943 258.091
0.433056 0.179478 0.883317 454.35 -0.0796651 0.983763 -0.16083 -40.9723 -0.897838 -0.000720743 0.440322 258.192
0.446754 0.180047 0.876352 454.521 -0.0847661 0.983654 -0.158879 -41.0041 -0.89063 -0.0033049 0.454713 258.292
0.460496 0.178374 0.869554 454.677 -0.0883792 0.983949 -0.155036 -41.0315 -0.883249 -0.00545697 0.468869 258.39
0.474291 0.17628 0.862538 454.812 -0.0886243 0.984332 -0.152439 -41.0567 -0.875894 -0.00414131 0.482482 258.48
0.489489 0.173943 0.854484 454.937 -0.0806381 0.984735 -0.154264 -41.0815 -0.86827 0.00660674 0.496043 258.566
0.504884 0.175769 0.845101 455.058 -0.0775484 0.984327 -0.158396 -41.1052 -0.859695 0.0144357 0.510601 258.65
0.519121 0.177923 0.835976 455.167 -0.081174 0.983936 -0.159007 -41.1258 -0.850835 0.0146843 0.525224 258.734
0.531897 0.180626 0.82732 455.275 -0.091175 0.983524 -0.156111 -41.1452 -0.841884 0.00760426 0.539602 258.82
0.544268 0.181351 0.819074 455.365 -0.0986254 0.983417 -0.152202 -41.161 -0.833091 0.00205767 0.553128 258.9
0.556189 0.180956 0.811115 455.453 -0.102486 0.983492 -0.149137 -41.1768 -0.82471 -0.000179708 0.565553 258.981
0.567 0.179764 0.803862 455.532 -0.104061 0.983711 -0.146583 -41.1912 -0.817116 -0.000537991 0.57647 259.057
0.577641 0.179124 0.796394 455.609 -0.105378 0.983828 -0.144848 -41.2056 -0.809458 -0.000251961 0.587175 259.133
0.587993 0.178439 0.788937 455.686 -0.10663 0.983952 -0.143076 -41.2198 -0.801804 3.0514e-06 0.597584 259.209
0.597952 0.176825 0.781783 455.76 -0.106636 0.984243 -0.141056 -41.2327 -0.794404 0.000978806 0.607385 259.283
0.606215 0.175014 0.775804 455.821 -0.107701 0.984567 -0.137951 -41.244 -0.787972 7.31257e-05 0.615709 259.35
0.613132 0.175057 0.770339 455.88 -0.109344 0.984559 -0.136708 -41.2543 -0.782374 -0.000411907 0.622806 259.415
0.619381 0.179521 0.764289 455.936 -0.11573 0.983749 -0.137281 -41.2641 -0.776512 -0.00342176 0.630091 259.479
0.627118 0.186896 0.756169 455.991 -0.125623 0.982348 -0.138614 -41.2743 -0.768725 -0.00806452 0.639526 259.542
0.632211 0.192434 0.750518 456.033 -0.132881 0.981244 -0.139657 -41.2818 -0.763314 -0.0114362 0.645924 259.598
0.636227 0.191492 0.747359 456.069 -0.132627 0.981434 -0.138562 -41.2889 -0.760015 -0.0109624 0.649811 259.647
0.641512 0.186699 0.744046 456.103 -0.129119 0.982373 -0.135176 -41.2953 -0.756166 -0.00935288 0.654311 259.694
0.646025 0.181367 0.741455 456.136 -0.124584 0.983391 -0.131998 -41.3017 -0.753078 -0.00709904 0.65789 259.74
0.649163 0.179503 0.739165 456.166 -0.123776 0.983734 -0.13019 -41.307 -0.750508 -0.00697611 0.660821 259.783
0.653475 0.181306 0.734913 456.195 -0.127825 0.98338 -0.128944 -41.3121 -0.746075 -0.00967809 0.665789 259.824
0.656882 0.184344 0.731111 456.222 -0.133175 0.982774 -0.128145 -41.3166 -0.742137 -0.0131895 0.670116 259.864
0.659552 0.187144 0.727988 456.248 -0.136792 0.982222 -0.128566 -41.3212 -0.739104 -0.0147863 0.673426 259.904
