0 0.000221 0.022713 100.000000 9.009009
0 0.000308 0.031622 200.000000 7.604563
0 0.000391 0.043303 300.000000 7.142857
0 0.000240 0.033855 400.000000 6.884682
0 0.000215 0.012891 500.000000 7.267442
0 0.000210 0.012789 600.000000 7.263923
0 0.000244 0.019473 700.000000 7.179487
0 0.000258 0.028352 800.000000 7.299270
10 0.000341 0.026861 100.000000 8.849558
10 0.000346 0.034736 200.000000 7.722008
10 0.000429 0.048520 300.000000 7.075472
10 0.000250 0.036266 400.000000 6.932409
10 0.000232 0.014600 500.000000 7.309941
10 0.000223 0.016127 600.000000 7.281553
10 0.000251 0.021849 700.000000 7.194244
10 0.000270 0.031173 800.000000 7.326007
20 0.000456 0.026002 100.000000 8.196721
20 0.000401 0.039645 200.000000 7.782101
20 0.000471 0.054649 300.000000 7.025761
20 0.000267 0.039219 400.000000 6.956522
20 0.000248 0.016732 500.000000 7.342144
20 0.000232 0.020566 600.000000 7.290401
20 0.000265 0.025073 700.000000 7.201646
20 0.000278 0.034677 800.000000 7.346189
30 0.000542 0.028328 100.000000 7.751938
30 0.000429 0.042978 200.000000 7.751938
30 0.000460 0.056299 300.000000 7.009346
30 0.000273 0.038128 400.000000 6.968641
30 0.000258 0.016591 500.000000 7.363770
30 0.000229 0.023048 600.000000 7.290401
30 0.000273 0.026341 700.000000 7.179487
30 0.000282 0.036482 800.000000 7.352941
40 0.000463 0.032553 100.000000 7.518797
40 0.000444 0.042960 200.000000 7.692307
40 0.000428 0.053735 300.000000 6.993007
40 0.000265 0.033317 400.000000 6.956522
40 0.000255 0.014078 500.000000 7.363770
40 0.000217 0.023725 600.000000 7.263923
40 0.000270 0.025788 700.000000 7.142857
40 0.000282 0.036584 800.000000 7.346189
50 0.000521 0.035420 100.000000 7.407407
50 0.000470 0.047403 200.000000 7.575758
50 0.000432 0.056535 300.000000 6.960557
50 0.000274 0.031988 400.000000 6.932409
50 0.000253 0.014136 500.000000 7.363770
50 0.000234 0.025892 600.000000 7.177033
50 0.000277 0.027268 700.000000 7.106599
50 0.000293 0.039021 800.000000 7.326007
60 0.000622 0.039764 100.000000 7.246377
60 0.000548 0.054582 200.000000 7.407407
60 0.000445 0.061972 300.000000 6.928406
60 0.000286 0.031611 400.000000 6.908463
60 0.000259 0.015128 500.000000 7.342144
60 0.000251 0.028221 600.000000 7.042253
60 0.000290 0.029694 700.000000 7.092198
60 0.000313 0.042562 800.000000 7.299270
70 0.000630 0.042027 100.000000 6.944445
70 0.000556 0.055451 200.000000 7.220217
70 0.000425 0.060492 300.000000 6.849315
70 0.000282 0.027571 400.000000 6.896552
70 0.000251 0.014714 500.000000 7.320644
70 0.000271 0.027002 600.000000 6.984866
70 0.000295 0.030016 700.000000 7.092198
70 0.000304 0.043417 800.000000 7.239819
80 0.000685 0.046365 100.000000 6.711410
80 0.000581 0.060406 200.000000 6.968641
80 0.000349 0.061945 300.000000 6.607930
80 0.000286 0.025624 400.000000 6.884682
80 0.000260 0.015887 500.000000 7.267442
80 0.000285 0.027111 600.000000 6.952491
80 0.000300 0.032003 700.000000 7.085020
80 0.000314 0.045416 800.000000 7.098492
90 0.000725 0.051675 100.000000 6.535948
90 0.000605 0.065696 200.000000 6.711410
90 0.000373 0.059414 300.000000 6.382979
90 0.000290 0.023842 400.000000 6.872852
90 0.000271 0.017371 500.000000 7.153076
90 0.000301 0.027269 600.000000 6.928406
90 0.000308 0.033891 700.000000 7.077857
90 0.000336 0.045579 800.000000 7.042253
100 0.000826 0.061817 100.000000 6.451613
100 0.000684 0.076081 200.000000 6.557377
100 0.000393 0.060640 300.000000 6.342494
100 0.000322 0.024106 400.000000 6.884682
100 0.000273 0.021221 500.000000 6.993007
100 0.000317 0.029049 600.000000 6.920415
100 0.000323 0.037274 700.000000 7.077857
100 0.000353 0.046035 800.000000 7.017544
110 0.000800 0.059909 100.000000 6.535948
110 0.000672 0.074906 200.000000 6.430868
110 0.000379 0.054953 300.000000 6.369427
110 0.000309 0.021474 400.000000 6.920415
110 0.000283 0.022475 500.000000 6.973501
110 0.000309 0.028378 600.000000 6.928406
110 0.000319 0.037336 700.000000 7.092198
110 0.000350 0.043381 800.000000 7.023705
120 0.000520 0.031775 100.000000 6.756757
120 0.000558 0.047145 200.000000 6.389776
120 0.000275 0.034529 300.000000 6.423983
120 0.000243 0.014732 400.000000 6.980803
120 0.000230 0.020288 500.000000 7.012623
120 0.000263 0.022668 600.000000 6.960557
120 0.000283 0.029977 700.000000 7.135576
120 0.000315 0.033781 800.000000 7.054674
130 0.000294 0.012340 100.000000 6.993007
130 0.000438 0.024359 200.000000 6.451613
130 0.000180 0.018199 300.000000 6.507592
130 0.000181 0.010523 400.000000 7.054674
130 0.000182 0.018102 500.000000 7.062147
130 0.000220 0.017305 600.000000 7.001167
130 0.000247 0.023082 700.000000 7.179487
130 0.000278 0.026031 800.000000 7.092198
140 0.000371 0.016663 100.000000 7.299270
140 0.000490 0.031738 200.000000 6.535948
140 0.000210 0.022474 300.000000 6.593407
140 0.000201 0.012186 400.000000 7.142857
140 0.000195 0.020415 500.000000 7.122507
140 0.000237 0.019524 600.000000 7.042253
140 0.000257 0.025972 700.000000 7.223942
140 0.000284 0.028054 800.000000 7.123775
150 0.000330 0.013700 100.000000 7.575758
150 0.000447 0.026999 200.000000 6.622517
150 0.000190 0.018774 300.000000 6.681514
150 0.000185 0.011777 400.000000 7.207207
150 0.000179 0.020264 500.000000 7.163324
150 0.000228 0.018231 600.000000 7.075472
150 0.000246 0.024699 700.000000 7.268951
150 0.000267 0.026242 800.000000 7.155635
160 0.000334 0.014168 100.000000 7.751938
160 0.000422 0.025782 200.000000 6.666667
160 0.000186 0.017177 300.000000 6.726458
160 0.000195 0.011905 400.000000 7.272727
160 0.000175 0.020998 500.000000 7.194244
160 0.000233 0.018307 600.000000 7.083825
160 0.000247 0.025237 700.000000 7.291667
160 0.000256 0.025532 800.000000 7.168459
170 0.000406 0.015918 100.000000 7.751938
170 0.000404 0.027531 200.000000 6.711410
170 0.000194 0.017053 300.000000 6.756757
170 0.000206 0.012705 400.000000 7.299270
170 0.000173 0.022414 500.000000 7.204611
170 0.000236 0.019028 600.000000 7.067138
170 0.000256 0.026507 700.000000 7.306890
170 0.000266 0.025279 800.000000 7.149240
180 0.000424 0.017896 100.000000 7.692307
180 0.000403 0.027979 200.000000 6.734007
180 0.000201 0.016586 300.000000 6.756757
180 0.000202 0.013636 400.000000 7.326007
180 0.000174 0.023492 500.000000 7.153076
180 0.000240 0.019394 600.000000 7.050529
180 0.000257 0.027715 700.000000 7.306890
180 0.000268 0.023683 800.000000 7.104796
190 0.000441 0.017043 100.000000 7.575758
190 0.000369 0.026105 200.000000 6.756757
190 0.000185 0.014564 300.000000 6.772009
190 0.000186 0.013875 400.000000 7.339449
190 0.000171 0.022489 500.000000 7.052186
190 0.000234 0.018737 600.000000 7.050529
190 0.000263 0.027625 700.000000 7.306890
190 0.000268 0.021128 800.000000 7.073386
200 0.000486 0.017739 100.000000 7.518797
200 0.000358 0.026627 200.000000 6.779661
200 0.000179 0.014074 300.000000 6.802721
200 0.000182 0.014674 400.000000 7.366483
200 0.000194 0.022030 500.000000 6.983240
200 0.000240 0.019039 600.000000 7.067138
200 0.000270 0.028653 700.000000 7.299270
200 0.000269 0.019338 800.000000 7.073386
210 0.000492 0.017279 100.000000 7.407407
210 0.000333 0.025542 200.000000 6.756757
210 0.000182 0.013058 300.000000 6.849315
210 0.000174 0.015000 400.000000 7.393715
210 0.000211 0.021157 500.000000 6.973501
210 0.000244 0.019314 600.000000 7.092198
210 0.000262 0.029146 700.000000 7.276507
210 0.000266 0.017110 800.000000 7.079646
220 0.000485 0.017662 100.000000 7.299270
220 0.000256 0.026519 200.000000 6.666667
220 0.000182 0.012838 300.000000 6.896552
220 0.000173 0.015524 400.000000 7.407407
220 0.000215 0.020593 500.000000 6.983240
220 0.000245 0.019904 600.000000 7.117438
220 0.000266 0.029750 700.000000 7.209063
220 0.000260 0.015381 800.000000 7.098492
230 0.000454 0.016298 100.000000 7.142857
230 0.000199 0.023013 200.000000 6.493506
230 0.000172 0.012162 300.000000 6.944445
230 0.000173 0.015748 400.000000 7.393715
230 0.000209 0.019228 500.000000 6.993007
230 0.000238 0.019595 600.000000 7.142857
230 0.000262 0.029066 700.000000 7.142857
230 0.000255 0.013597 800.000000 7.117438
240 0.000487 0.016903 100.000000 6.849315
240 0.000192 0.021855 200.000000 6.309148
240 0.000174 0.012468 300.000000 6.976744
240 0.000185 0.016601 400.000000 7.339449
240 0.000229 0.019286 500.000000 7.002801
240 0.000244 0.020654 600.000000 7.159904
240 0.000284 0.028840 700.000000 7.113821
240 0.000259 0.011846 800.000000 7.130125
250 0.000540 0.018786 100.000000 6.711410
250 0.000190 0.020269 200.000000 6.269592
250 0.000189 0.012710 300.000000 7.009346
250 0.000174 0.018448 400.000000 7.168459
250 0.000230 0.018931 500.000000 7.012623
250 0.000247 0.021206 600.000000 7.177033
250 0.000291 0.027636 700.000000 7.099391
250 0.000256 0.010395 800.000000 7.136485
260 0.000576 0.021480 100.000000 6.369427
260 0.000188 0.018563 200.000000 6.250000
260 0.000186 0.012821 300.000000 7.025761
260 0.000183 0.018990 400.000000 7.079646
260 0.000228 0.018392 500.000000 7.002801
260 0.000248 0.021895 600.000000 7.185629
260 0.000289 0.026368 700.000000 7.092198
260 0.000255 0.008960 800.000000 7.142857
270 0.000580 0.018614 100.000000 5.952381
270 0.000140 0.015926 200.000000 6.269592
270 0.000175 0.012650 300.000000 7.042253
270 0.000178 0.019273 400.000000 7.054674
270 0.000216 0.017528 500.000000 6.983240
270 0.000245 0.022091 600.000000 7.194244
270 0.000280 0.024856 700.000000 7.092198
270 0.000252 0.007711 800.000000 7.149240
280 0.000577 0.016748 100.000000 5.813953
280 0.000151 0.015772 200.000000 6.269592
280 0.000182 0.013638 300.000000 7.075472
280 0.000175 0.021012 400.000000 7.054674
280 0.000222 0.018092 500.000000 6.973501
280 0.000240 0.023016 600.000000 7.202881
280 0.000266 0.024251 700.000000 7.092198
280 0.000250 0.006759 800.000000 7.162041
290 0.000497 0.015300 100.000000 5.813953
290 0.000143 0.015189 200.000000 6.289308
290 0.000195 0.013842 300.000000 7.109005
290 0.000164 0.021722 400.000000 7.054674
290 0.000221 0.017890 500.000000 6.954103
290 0.000237 0.023598 600.000000 7.211538
290 0.000244 0.023867 700.000000 7.085020
290 0.000248 0.006349 800.000000 7.174888
300 0.000409 0.013061 100.000000 5.882353
300 0.000133 0.014046 200.000000 6.309148
300 0.000189 0.013456 300.000000 7.142857
300 0.000152 0.021353 400.000000 7.054674
300 0.000214 0.017608 500.000000 6.925208
300 0.000236 0.023732 600.000000 7.228916
300 0.000257 0.022796 700.000000 7.056452
300 0.000240 0.006439 800.000000 7.194244
310 0.000380 0.012426 100.000000 5.952381
310 0.000158 0.013907 200.000000 6.349206
310 0.000180 0.013711 300.000000 7.194244
310 0.000152 0.021784 400.000000 7.005254
310 0.000214 0.017784 500.000000 6.925208
310 0.000236 0.024422 600.000000 7.237636
310 0.000244 0.021391 700.000000 7.014028
310 0.000239 0.006510 800.000000 7.213706
320 0.000308 0.011030 100.000000 6.024096
320 0.000145 0.013321 200.000000 6.389776
320 0.000173 0.013539 300.000000 7.228916
320 0.000149 0.021142 400.000000 6.908463
320 0.000206 0.017851 500.000000 6.934813
320 0.000241 0.024622 600.000000 7.246377
320 0.000251 0.020003 700.000000 7.000000
320 0.000237 0.006982 800.000000 7.239819
330 0.000255 0.010414 100.000000 6.097561
330 0.000149 0.012917 200.000000 6.451613
330 0.000165 0.013639 300.000000 7.281553
330 0.000158 0.020156 400.000000 6.849315
330 0.000205 0.017929 500.000000 6.963789
330 0.000247 0.025044 600.000000 7.255139
330 0.000242 0.018701 700.000000 7.000000
330 0.000236 0.007581 800.000000 7.259528
340 0.000215 0.010232 100.000000 6.134969
340 0.000161 0.013172 200.000000 6.535948
340 0.000159 0.014330 300.000000 7.334963
340 0.000170 0.019885 400.000000 6.837607
340 0.000208 0.018463 500.000000 7.002801
340 0.000235 0.025784 600.000000 7.246377
340 0.000237 0.017786 700.000000 7.021063
340 0.000234 0.007910 800.000000 7.292616
350 0.000149 0.010027 100.000000 6.097561
350 0.000150 0.013430 200.000000 6.622517
350 0.000155 0.015299 300.000000 7.389163
350 0.000177 0.019932 400.000000 6.872852
350 0.000207 0.018997 500.000000 7.042253
350 0.000236 0.026049 600.000000 7.211538
350 0.000230 0.016680 700.000000 7.042253
350 0.000228 0.008325 800.000000 7.319304
360 0.000130 0.012012 100.000000 6.024096
360 0.000164 0.013893 200.000000 6.711410
360 0.000149 0.015662 300.000000 7.425743
360 0.000167 0.018680 400.000000 6.908463
360 0.000199 0.018832 500.000000 7.092198
360 0.000229 0.026423 600.000000 7.142857
360 0.000227 0.015918 700.000000 7.070707
360 0.000224 0.008981 800.000000 7.352941
370 0.000122 0.011579 100.000000 5.882353
370 0.000171 0.014776 200.000000 6.825939
370 0.000160 0.016855 300.000000 7.462687
370 0.000167 0.019292 400.000000 6.944445
370 0.000200 0.019628 500.000000 7.142857
370 0.000238 0.026709 600.000000 7.125891
370 0.000227 0.015059 700.000000 7.106599
370 0.000224 0.009247 800.000000 7.393715
380 0.000096 0.012872 100.000000 5.780347
380 0.000163 0.015565 200.000000 6.944445
380 0.000166 0.017862 300.000000 7.481297
380 0.000178 0.019262 400.000000 7.005254
380 0.000197 0.020199 500.000000 7.183908
380 0.000246 0.026780 600.000000 7.134364
380 0.000228 0.014400 700.000000 7.142857
380 0.000225 0.009673 800.000000 7.434944
390 0.000118 0.012682 100.000000 5.780347
390 0.000176 0.017081 200.000000 7.042253
390 0.000171 0.020827 300.000000 7.425743
390 0.000190 0.020609 400.000000 7.042253
390 0.000202 0.021149 500.000000 7.235890
390 0.000252 0.026440 600.000000 7.151371
390 0.000228 0.013722 700.000000 7.172131
390 0.000230 0.009925 800.000000 7.469655
400 0.000179 0.013282 100.000000 5.847953
400 0.000206 0.018990 200.000000 7.168459
400 0.000177 0.025177 300.000000 7.299270
400 0.000183 0.021976 400.000000 7.079646
400 0.000198 0.021825 500.000000 7.278020
400 0.000251 0.025755 600.000000 7.168459
400 0.000221 0.013403 700.000000 7.201646
400 0.000225 0.010100 800.000000 7.504691
410 0.000205 0.016563 100.000000 5.988024
410 0.000220 0.021415 200.000000 7.272727
410 0.000184 0.028368 300.000000 7.299270
410 0.000190 0.023276 400.000000 7.130125
410 0.000205 0.022645 500.000000 7.320644
410 0.000254 0.025711 600.000000 7.194244
410 0.000224 0.012173 700.000000 7.238883
410 0.000226 0.010372 800.000000 7.547170
420 0.000232 0.017072 100.000000 6.172840
420 0.000214 0.022334 200.000000 7.434944
420 0.000174 0.028506 300.000000 7.371007
420 0.000182 0.023303 400.000000 7.194244
420 0.000198 0.023168 500.000000 7.385524
420 0.000250 0.025560 600.000000 7.237636
420 0.000223 0.012119 700.000000 7.276507
420 0.000220 0.010607 800.000000 7.590133
430 0.000303 0.017763 100.000000 6.410256
430 0.000231 0.025781 200.000000 7.633588
430 0.000181 0.032267 300.000000 7.444169
430 0.000173 0.025255 400.000000 7.259528
430 0.000196 0.024131 500.000000 7.451565
430 0.000242 0.025494 600.000000 7.281553
430 0.000217 0.012177 700.000000 7.322176
430 0.000218 0.010301 800.000000 7.640879
440 0.000352 0.020312 100.000000 6.622517
440 0.000242 0.027841 200.000000 7.782101
440 0.000183 0.032970 300.000000 7.518797
440 0.000164 0.025741 400.000000 7.299270
440 0.000189 0.024832 500.000000 7.507507
440 0.000230 0.025756 600.000000 7.326007
440 0.000210 0.012346 700.000000 7.368421
440 0.000212 0.010479 800.000000 7.684918
450 0.000363 0.021704 100.000000 6.711410
450 0.000243 0.027839 200.000000 7.874016
450 0.000175 0.031933 300.000000 7.556675
450 0.000163 0.024792 400.000000 7.312614
450 0.000184 0.025142 500.000000 7.541478
450 0.000219 0.025800 600.000000 7.343941
450 0.000210 0.011605 700.000000 7.391764
450 0.000212 0.011634 800.000000 7.707129
460 0.000368 0.021881 100.000000 6.756757
460 0.000251 0.026677 200.000000 7.936508
460 0.000176 0.030791 300.000000 7.556675
460 0.000174 0.023694 400.000000 7.285975
460 0.000192 0.025380 500.000000 7.564297
460 0.000206 0.025843 600.000000 7.334963
460 0.000218 0.010395 700.000000 7.415254
460 0.000217 0.013301 800.000000 7.722008
470 0.000319 0.022633 100.000000 6.756757
470 0.000253 0.025384 200.000000 7.968128
470 0.000174 0.029721 300.000000 7.518797
470 0.000183 0.022773 400.000000 7.233273
470 0.000207 0.025874 500.000000 7.552870
470 0.000234 0.025100 600.000000 7.272727
470 0.000220 0.009244 700.000000 7.423118
470 0.000222 0.015352 800.000000 7.707129
480 0.000341 0.023455 100.000000 6.756757
480 0.000251 0.025434 200.000000 8.000000
480 0.000165 0.030033 300.000000 7.352941
480 0.000184 0.022408 400.000000 7.194244
480 0.000223 0.026541 500.000000 7.541478
480 0.000232 0.023572 600.000000 7.202881
480 0.000224 0.008714 700.000000 7.438895
480 0.000230 0.017246 800.000000 7.670182
490 0.000339 0.024687 100.000000 6.756757
490 0.000248 0.025804 200.000000 8.000000
490 0.000159 0.029652 300.000000 7.142857
490 0.000196 0.022464 400.000000 7.194244
490 0.000241 0.027394 500.000000 7.530120
490 0.000241 0.021928 600.000000 7.168459
490 0.000236 0.008671 700.000000 7.446808
490 0.000217 0.019391 800.000000 7.490637
500 0.000341 0.025568 100.000000 6.896552
500 0.000241 0.026674 200.000000 8.064516
500 0.000182 0.028262 300.000000 7.075472
500 0.000207 0.022558 400.000000 7.233273
500 0.000243 0.028294 500.000000 7.507507
500 0.000241 0.020461 600.000000 7.168459
500 0.000238 0.008827 700.000000 7.470651
500 0.000215 0.020881 800.000000 7.462687
510 0.000307 0.023317 100.000000 7.092198
510 0.000232 0.024924 200.000000 8.163265
510 0.000193 0.026218 300.000000 7.125891
510 0.000220 0.022103 400.000000 7.285975
510 0.000250 0.028795 500.000000 7.473842
510 0.000247 0.019118 600.000000 7.202881
510 0.000242 0.009483 700.000000 7.510730
510 0.000221 0.022855 800.000000 7.483630
520 0.000302 0.015874 100.000000 7.352941
520 0.000232 0.022349 200.000000 8.298756
520 0.000227 0.022918 300.000000 7.194244
520 0.000248 0.019678 400.000000 7.366483
520 0.000275 0.029223 500.000000 7.429420
520 0.000266 0.017691 600.000000 7.255139
520 0.000261 0.011849 700.000000 7.559395
520 0.000238 0.028203 800.000000 7.511737
530 0.000318 0.021556 100.000000 7.692307
530 0.000263 0.029320 200.000000 8.438819
530 0.000263 0.023502 300.000000 7.281553
530 0.000285 0.017883 400.000000 7.448790
530 0.000308 0.030178 500.000000 7.407407
530 0.000292 0.016228 600.000000 7.299270
530 0.000282 0.015301 700.000000 7.616975
530 0.000258 0.034150 800.000000 7.554296
540 0.000291 0.016800 100.000000 8.064516
540 0.000235 0.021273 200.000000 8.583691
540 0.000223 0.020911 300.000000 7.389163
540 0.000255 0.020411 400.000000 7.532957
540 0.000292 0.029909 500.000000 7.429420
540 0.000270 0.016089 600.000000 7.352941
540 0.000261 0.013311 700.000000 7.667032
540 0.000241 0.029550 800.000000 7.597341
550 0.000311 0.016670 100.000000 8.474576
550 0.000254 0.021650 200.000000 8.695652
550 0.000256 0.021249 300.000000 7.481297
550 0.000261 0.021175 400.000000 7.619048
550 0.000307 0.030103 500.000000 7.462687
550 0.000278 0.015456 600.000000 7.407407
550 0.000268 0.013977 700.000000 7.726269
550 0.000245 0.030338 800.000000 7.640879
560 0.000306 0.016682 100.000000 8.849558
560 0.000257 0.022483 200.000000 8.620689
560 0.000265 0.020486 300.000000 7.556675
560 0.000272 0.021578 400.000000 7.692307
560 0.000322 0.029880 500.000000 7.485030
560 0.000279 0.014806 600.000000 7.453416
560 0.000272 0.014840 700.000000 7.777778
560 0.000245 0.031350 800.000000 7.677543
570 0.000320 0.016333 100.000000 9.090909
570 0.000227 0.023818 200.000000 8.264462
570 0.000266 0.019686 300.000000 7.594937
570 0.000279 0.022540 400.000000 7.722008
570 0.000330 0.029224 500.000000 7.485030
570 0.000279 0.014062 600.000000 7.481297
570 0.000273 0.016105 700.000000 7.812500
570 0.000243 0.032195 800.000000 7.707129
580 0.000302 0.015144 100.000000 9.259259
580 0.000233 0.023058 200.000000 8.097166
580 0.000270 0.018846 300.000000 7.575758
580 0.000285 0.023688 400.000000 7.736944
580 0.000336 0.028910 500.000000 7.473842
580 0.000282 0.013081 600.000000 7.490637
580 0.000271 0.018111 700.000000 7.829978
580 0.000242 0.033956 800.000000 7.722008
590 0.000339 0.015023 100.000000 9.345795
590 0.000241 0.024956 200.000000 8.032128
590 0.000275 0.018223 300.000000 7.537688
590 0.000299 0.024991 400.000000 7.751938
590 0.000334 0.029328 500.000000 7.473842
590 0.000290 0.012363 600.000000 7.500000
590 0.000279 0.020515 700.000000 7.856341
590 0.000251 0.036937 800.000000 7.729469
600 0.000308 0.014808 100.000000 9.433962
600 0.000203 0.023298 200.000000 8.000000
600 0.000274 0.016394 300.000000 7.481297
600 0.000289 0.026375 400.000000 7.751938
600 0.000308 0.029980 500.000000 7.462687
600 0.000286 0.012140 600.000000 7.509387
600 0.000276 0.023181 700.000000 7.865169
600 0.000244 0.039394 800.000000 7.744434
610 0.000364 0.016603 100.000000 9.523809
610 0.000183 0.024409 200.000000 7.968128
610 0.000280 0.016628 300.000000 7.425743
610 0.000303 0.028242 400.000000 7.766990
610 0.000298 0.030933 500.000000 7.418397
610 0.000289 0.012330 600.000000 7.528231
610 0.000280 0.025792 700.000000 7.856341
610 0.000250 0.041994 800.000000 7.759457
620 0.000320 0.014011 100.000000 9.615385
620 0.000165 0.022089 200.000000 7.874016
620 0.000278 0.017596 300.000000 7.352941
620 0.000300 0.029498 400.000000 7.766990
620 0.000309 0.029055 500.000000 7.331378
620 0.000283 0.012765 600.000000 7.537688
620 0.000281 0.026680 700.000000 7.838746
620 0.000251 0.042066 800.000000 7.774539
630 0.000264 0.014780 100.000000 9.615385
630 0.000179 0.019028 200.000000 7.518797
630 0.000284 0.018105 300.000000 7.334963
630 0.000326 0.031611 400.000000 7.736944
630 0.000318 0.027312 500.000000 7.256894
630 0.000290 0.013599 600.000000 7.556675
630 0.000279 0.029023 700.000000 7.751938
630 0.000251 0.044523 800.000000 7.782101
640 0.000256 0.016954 100.000000 9.615385
640 0.000220 0.017650 200.000000 7.220217
640 0.000308 0.019549 300.000000 7.317073
640 0.000342 0.034274 400.000000 7.692307
640 0.000327 0.025622 500.000000 7.225433
640 0.000302 0.014782 600.000000 7.566204
640 0.000259 0.031910 700.000000 7.559395
640 0.000253 0.046874 800.000000 7.797271
650 0.000217 0.015097 100.000000 9.433962
650 0.000270 0.016233 200.000000 7.092198
650 0.000318 0.021602 300.000000 7.334963
650 0.000337 0.036033 400.000000 7.547170
650 0.000318 0.023026 500.000000 7.215007
650 0.000296 0.016048 600.000000 7.575758
650 0.000260 0.033258 700.000000 7.526882
650 0.000249 0.047698 800.000000 7.804878
660 0.000209 0.016329 100.000000 9.174312
660 0.000275 0.014540 200.000000 7.042253
660 0.000324 0.023584 300.000000 7.334963
660 0.000348 0.038561 400.000000 7.285975
660 0.000317 0.021208 500.000000 7.215007
660 0.000295 0.017972 600.000000 7.585335
660 0.000259 0.035738 700.000000 7.518797
660 0.000249 0.050104 800.000000 7.812500
670 0.000224 0.015785 100.000000 8.403361
670 0.000323 0.014943 200.000000 6.993007
670 0.000334 0.025550 300.000000 7.334963
670 0.000386 0.038047 400.000000 7.194244
670 0.000316 0.019021 500.000000 7.204611
670 0.000299 0.019644 600.000000 7.604563
670 0.000260 0.037158 700.000000 7.518797
670 0.000248 0.050947 800.000000 7.820137
680 0.000151 0.018516 100.000000 7.407407
680 0.000316 0.015764 200.000000 6.968641
680 0.000335 0.026877 300.000000 7.334963
680 0.000392 0.035848 400.000000 7.142857
680 0.000309 0.017444 500.000000 7.204611
680 0.000292 0.021686 600.000000 7.614213
680 0.000249 0.038250 700.000000 7.526882
680 0.000245 0.051254 800.000000 7.835455
690 0.000205 0.019059 100.000000 7.042253
690 0.000318 0.017547 200.000000 6.896552
690 0.000344 0.029610 300.000000 7.317073
690 0.000394 0.035690 400.000000 7.117438
690 0.000314 0.016434 500.000000 7.194244
690 0.000293 0.023617 600.000000 7.633588
690 0.000253 0.040073 700.000000 7.534984
690 0.000250 0.053343 800.000000 7.843137
700 0.000192 0.018993 100.000000 6.944445
700 0.000341 0.019249 200.000000 6.802721
700 0.000352 0.032772 300.000000 7.317073
700 0.000378 0.036308 400.000000 7.092198
700 0.000317 0.015744 500.000000 7.204611
700 0.000295 0.025927 600.000000 7.643312
700 0.000254 0.042082 700.000000 7.543103
700 0.000256 0.055355 800.000000 7.858546
710 0.000169 0.018590 100.000000 6.849315
710 0.000345 0.020301 200.000000 6.711410
710 0.000345 0.034191 300.000000 7.299270
710 0.000332 0.035551 400.000000 7.054674
710 0.000309 0.015665 500.000000 7.204611
710 0.000286 0.028090 600.000000 7.633588
710 0.000249 0.043442 700.000000 7.543103
710 0.000248 0.056230 800.000000 7.858546
720 0.000185 0.019201 100.000000 6.666667
720 0.000368 0.023025 200.000000 6.578948
720 0.000366 0.037839 300.000000 7.281553
720 0.000370 0.035374 400.000000 6.944445
720 0.000306 0.015987 500.000000 7.215007
720 0.000292 0.030241 600.000000 7.604563
720 0.000256 0.045662 700.000000 7.551240
720 0.000250 0.058778 800.000000 7.858546
730 0.000241 0.020554 100.000000 6.211180
730 0.000389 0.026093 200.000000 6.514658
730 0.000399 0.041342 300.000000 7.246377
730 0.000366 0.033671 400.000000 6.837607
730 0.000319 0.016847 500.000000 7.225433
730 0.000302 0.032427 600.000000 7.537688
730 0.000261 0.048041 700.000000 7.559395
730 0.000252 0.061238 800.000000 7.858546
740 0.000287 0.021761 100.000000 5.780347
740 0.000418 0.029386 200.000000 6.514658
740 0.000436 0.045486 300.000000 7.194244
740 0.000380 0.032315 400.000000 6.791172
740 0.000333 0.018007 500.000000 7.235890
740 0.000291 0.035261 600.000000 7.299270
740 0.000266 0.050385 700.000000 7.575758
740 0.000260 0.063884 800.000000 7.850834
750 0.000436 0.022114 100.000000 5.649717
750 0.000448 0.032154 200.000000 6.535948
750 0.000423 0.048355 300.000000 7.109005
750 0.000387 0.029880 400.000000 6.779661
750 0.000337 0.019454 500.000000 7.256894
750 0.000282 0.037310 600.000000 7.263923
750 0.000264 0.052103 700.000000 7.592191
750 0.000264 0.065383 800.000000 7.850834
760 0.000489 0.023368 100.000000 5.649717
760 0.000454 0.034336 200.000000 6.578948
760 0.000436 0.049485 300.000000 6.896552
760 0.000376 0.027445 400.000000 6.802721
760 0.000336 0.021010 500.000000 7.288630
760 0.000283 0.039005 600.000000 7.272727
760 0.000266 0.053338 700.000000 7.616975
760 0.000267 0.066428 800.000000 7.843137
770 0.000450 0.023410 100.000000 5.714286
770 0.000441 0.034642 200.000000 6.666667
770 0.000448 0.049265 300.000000 6.787330
770 0.000367 0.025646 400.000000 6.837607
770 0.000324 0.022714 500.000000 7.331378
770 0.000278 0.040426 600.000000 7.299270
770 0.000260 0.054320 700.000000 7.650273
770 0.000264 0.067084 800.000000 7.835455
780 0.000500 0.024930 100.000000 5.813953
780 0.000439 0.037247 200.000000 6.756757
780 0.000474 0.050517 300.000000 6.802721
780 0.000369 0.024964 400.000000 6.884682
780 0.000326 0.023958 500.000000 7.385524
780 0.000277 0.041860 600.000000 7.334963
780 0.000259 0.055670 700.000000 7.692307
780 0.000262 0.068182 800.000000 7.835455
790 0.000469 0.022999 100.000000 5.988024
790 0.000424 0.032505 200.000000 6.896552
790 0.000469 0.043582 300.000000 6.849315
790 0.000351 0.023206 400.000000 6.956522
790 0.000316 0.026099 500.000000 7.462687
790 0.000265 0.042604 600.000000 7.389163
790 0.000251 0.054840 700.000000 7.751938
790 0.000256 0.066502 800.000000 7.820137
800 0.000458 0.024114 100.000000 6.211180
800 0.000427 0.033738 200.000000 7.042253
800 0.000488 0.043973 300.000000 6.928406
800 0.000347 0.023917 400.000000 7.042253
800 0.000322 0.027187 500.000000 7.541478
800 0.000266 0.043638 600.000000 7.453416
800 0.000253 0.056052 700.000000 7.812500
800 0.000257 0.067847 800.000000 7.812500
810 0.000550 0.027139 100.000000 6.451613
810 0.000478 0.040738 200.000000 7.194244
810 0.000512 0.050845 300.000000 7.009346
810 0.000374 0.026002 400.000000 7.117438
810 0.000341 0.027432 500.000000 7.621951
810 0.000279 0.045272 600.000000 7.518797
810 0.000270 0.059377 700.000000 7.865169
810 0.000262 0.072107 800.000000 7.797271
820 0.000487 0.025881 100.000000 6.578948
820 0.000455 0.036668 200.000000 7.326007
820 0.000489 0.045124 300.000000 7.075472
820 0.000358 0.023552 400.000000 7.168459
820 0.000324 0.029198 500.000000 7.692307
820 0.000264 0.046056 600.000000 7.566204
820 0.000261 0.058878 700.000000 7.918552
820 0.000258 0.070402 800.000000 7.766990
830 0.000463 0.026594 100.000000 6.666667
830 0.000435 0.035644 200.000000 7.407407
830 0.000475 0.042243 300.000000 7.109005
830 0.000349 0.022952 400.000000 7.207207
830 0.000316 0.031300 500.000000 7.739938
830 0.000263 0.047103 600.000000 7.604563
830 0.000259 0.059565 700.000000 7.954545
830 0.000253 0.069774 800.000000 7.759457
840 0.000507 0.029583 100.000000 6.622517
840 0.000455 0.040479 200.000000 7.462687
840 0.000460 0.045401 300.000000 7.109005
840 0.000356 0.023330 400.000000 7.246377
840 0.000324 0.033227 500.000000 7.776050
840 0.000271 0.049205 600.000000 7.633588
840 0.000269 0.062362 700.000000 7.981756
840 0.000257 0.071804 800.000000 7.759457
850 0.000572 0.032434 100.000000 6.535948
850 0.000473 0.045508 200.000000 7.490637
850 0.000433 0.048050 300.000000 7.109005
850 0.000364 0.023611 400.000000 7.272727
850 0.000330 0.035503 500.000000 7.788162
850 0.000272 0.051535 600.000000 7.653061
850 0.000278 0.064794 700.000000 8.009153
850 0.000261 0.073310 800.000000 7.774539
860 0.000604 0.037694 100.000000 6.451613
860 0.000501 0.051089 200.000000 7.518797
860 0.000425 0.051201 300.000000 7.058824
860 0.000372 0.024588 400.000000 7.299270
860 0.000338 0.037505 500.000000 7.800312
860 0.000289 0.054001 600.000000 7.672634
860 0.000283 0.067689 700.000000 8.027523
860 0.000265 0.075207 800.000000 7.797271
870 0.000668 0.043085 100.000000 6.410256
870 0.000522 0.057019 200.000000 7.575758
870 0.000485 0.052426 300.000000 7.009346
870 0.000378 0.025118 400.000000 7.352941
870 0.000350 0.039205 500.000000 7.812500
870 0.000297 0.056148 600.000000 7.712082
870 0.000287 0.070482 700.000000 8.055236
870 0.000269 0.077030 800.000000 7.835455
880 0.000682 0.041962 100.000000 6.578948
880 0.000533 0.057125 200.000000 7.722008
880 0.000461 0.050124 300.000000 7.009346
880 0.000382 0.025584 400.000000 7.421150
880 0.000358 0.041042 500.000000 7.836991
880 0.000299 0.057840 600.000000 7.772021
880 0.000288 0.072208 700.000000 8.101851
880 0.000267 0.077945 800.000000 7.881773
890 0.000557 0.026112 100.000000 6.802721
890 0.000493 0.042394 200.000000 7.843137
890 0.000416 0.037291 300.000000 7.042253
890 0.000352 0.025740 400.000000 7.504691
890 0.000328 0.042228 500.000000 7.849294
890 0.000273 0.056758 600.000000 7.832898
890 0.000268 0.069134 700.000000 8.149011
890 0.000246 0.073221 800.000000 7.928642
900 0.000629 0.030597 100.000000 7.042253
900 0.000530 0.047667 200.000000 8.000000
900 0.000463 0.039511 300.000000 7.109005
900 0.000373 0.026545 400.000000 7.604563
900 0.000338 0.044027 500.000000 7.776050
900 0.000287 0.059089 600.000000 7.894737
900 0.000276 0.071941 700.000000 8.206330
900 0.000253 0.075679 800.000000 7.984032
910 0.000590 0.026331 100.000000 7.352941
910 0.000518 0.043318 200.000000 8.163265
910 0.000435 0.034646 300.000000 7.177033
910 0.000365 0.027406 400.000000 7.692307
910 0.000297 0.045119 500.000000 7.704160
910 0.000279 0.059100 600.000000 7.957560
910 0.000273 0.071144 700.000000 8.254717
910 0.000246 0.073936 800.000000 8.032128
920 0.000498 0.019682 100.000000 7.575758
920 0.000457 0.036272 200.000000 8.196721
920 0.000401 0.028636 300.000000 7.228916
920 0.000334 0.028549 400.000000 7.751938
920 0.000268 0.045649 500.000000 7.692307
920 0.000256 0.057898 600.000000 8.010681
920 0.000256 0.068803 700.000000 8.293839
920 0.000231 0.070240 800.000000 8.072654
930 0.000482 0.018397 100.000000 7.751938
930 0.000436 0.034749 200.000000 8.000000
930 0.000375 0.026205 300.000000 7.263923
930 0.000324 0.030101 400.000000 7.812500
930 0.000265 0.046917 500.000000 7.692307
930 0.000248 0.058326 600.000000 8.053691
930 0.000251 0.068997 700.000000 8.303678
930 0.000226 0.069236 800.000000 8.105370
940 0.000446 0.016415 100.000000 7.874016
940 0.000433 0.032138 200.000000 7.547170
940 0.000348 0.024412 300.000000 7.281553
940 0.000311 0.032029 400.000000 7.858546
940 0.000260 0.048021 500.000000 7.704160
940 0.000242 0.058408 600.000000 8.086253
940 0.000252 0.068562 700.000000 8.284023
940 0.000225 0.067691 800.000000 8.121827
950 0.000393 0.015210 100.000000 7.936508
950 0.000469 0.028951 200.000000 7.380074
950 0.000335 0.023081 300.000000 7.317073
950 0.000301 0.033689 400.000000 7.905138
950 0.000248 0.048767 500.000000 7.727975
950 0.000235 0.058505 600.000000 8.108109
950 0.000245 0.067974 700.000000 8.225616
950 0.000222 0.065658 800.000000 8.146640
960 0.000409 0.014347 100.000000 8.064516
960 0.000513 0.025583 200.000000 7.326007
960 0.000319 0.023472 300.000000 7.334963
960 0.000300 0.035735 400.000000 7.936508
960 0.000239 0.049683 500.000000 7.751938
960 0.000234 0.058581 600.000000 8.141112
960 0.000244 0.067576 700.000000 8.083141
960 0.000218 0.064527 800.000000 8.163265
970 0.000429 0.014122 100.000000 8.130081
970 0.000497 0.025148 200.000000 7.299270
970 0.000320 0.024240 300.000000 7.352941
970 0.000295 0.037338 400.000000 8.000000
970 0.000229 0.051011 500.000000 7.776050
970 0.000236 0.059549 600.000000 8.174387
970 0.000238 0.067875 700.000000 7.954545
970 0.000218 0.064254 800.000000 8.188332
980 0.000430 0.015253 100.000000 8.264462
980 0.000502 0.026866 200.000000 7.299270
980 0.000331 0.025272 300.000000 7.389163
980 0.000303 0.039261 400.000000 8.048289
980 0.000238 0.052550 500.000000 7.812500
980 0.000245 0.061625 600.000000 8.207934
980 0.000244 0.068936 700.000000 7.927520
980 0.000223 0.065151 800.000000 8.213552
990 0.000405 0.016331 100.000000 8.403361
990 0.000447 0.028404 200.000000 7.352941
990 0.000323 0.026622 300.000000 7.444169
990 0.000303 0.040937 400.000000 8.097166
990 0.000241 0.053419 500.000000 7.849294
990 0.000253 0.062400 600.000000 8.253095
990 0.000243 0.068550 700.000000 7.945517
990 0.000222 0.064833 800.000000 8.238929
1000 0.000365 0.016119 100.000000 8.620689
1000 0.000377 0.029108 200.000000 7.380074
1000 0.000310 0.027900 300.000000 7.500000
1000 0.000291 0.041974 400.000000 8.146640
1000 0.000234 0.053358 500.000000 7.898894
1000 0.000253 0.061991 600.000000 8.298756
1000 0.000238 0.066787 700.000000 7.972665
1000 0.000218 0.063498 800.000000 8.264462
1010 0.000366 0.015665 100.000000 8.849558
1010 0.000324 0.029969 200.000000 7.380074
1010 0.000307 0.029243 300.000000 7.575758
1010 0.000291 0.042977 400.000000 8.196721
1010 0.000239 0.053719 500.000000 7.949126
1010 0.000253 0.062310 600.000000 8.333333
1010 0.000237 0.065679 700.000000 8.018328
1010 0.000211 0.062861 800.000000 8.290155
1020 0.000385 0.016592 100.000000 9.090909
1020 0.000404 0.028519 200.000000 7.352941
1020 0.000299 0.030372 300.000000 7.653061
1020 0.000289 0.044141 400.000000 8.230453
1020 0.000240 0.054656 500.000000 8.000000
1020 0.000249 0.063289 600.000000 8.379889
1020 0.000234 0.065602 700.000000 8.055236
1020 0.000212 0.062922 800.000000 8.324662
1030 0.000391 0.016137 100.000000 9.174312
1030 0.000366 0.028178 200.000000 7.220217
1030 0.000301 0.031218 300.000000 7.731959
1030 0.000298 0.045109 400.000000 8.213552
1030 0.000246 0.055046 500.000000 8.038586
1030 0.000248 0.063454 600.000000 8.415147
1030 0.000232 0.064485 700.000000 8.092485
1030 0.000208 0.062001 800.000000 8.342023
1040 0.000454 0.015159 100.000000 9.174312
1040 0.000396 0.027165 200.000000 7.092198
1040 0.000312 0.032755 300.000000 7.772021
1040 0.000294 0.046575 400.000000 7.968128
1040 0.000246 0.055239 500.000000 8.064516
1040 0.000247 0.063372 600.000000 8.415147
1040 0.000225 0.062715 700.000000 8.120649
1040 0.000204 0.060535 800.000000 8.350731
1050 0.000443 0.015927 100.000000 8.849558
1050 0.000368 0.026248 200.000000 7.042253
1050 0.000308 0.034159 300.000000 7.792208
1050 0.000246 0.047803 400.000000 7.707129
1050 0.000237 0.055379 500.000000 8.090615
1050 0.000247 0.063438 600.000000 8.403361
1050 0.000220 0.060884 700.000000 8.139535
1050 0.000194 0.058177 800.000000 8.359457
1060 0.000395 0.015946 100.000000 7.812500
1060 0.000321 0.026973 200.000000 6.993007
1060 0.000296 0.035432 300.000000 7.812500
1060 0.000237 0.048107 400.000000 7.648183
1060 0.000232 0.054681 500.000000 8.103727
1060 0.000244 0.062530 600.000000 8.368201
1060 0.000216 0.058463 700.000000 8.139535
1060 0.000191 0.055292 800.000000 8.359457
1070 0.000483 0.018063 100.000000 6.944445
1070 0.000311 0.028201 200.000000 6.993007
1070 0.000289 0.036949 300.000000 7.832898
1070 0.000240 0.048518 400.000000 7.648183
1070 0.000231 0.054595 500.000000 8.116883
1070 0.000247 0.062185 600.000000 8.310249
1070 0.000220 0.056535 700.000000 8.158508
1070 0.000196 0.053178 800.000000 8.368201
1080 0.000571 0.017398 100.000000 6.666667
1080 0.000303 0.029214 200.000000 6.993007
1080 0.000303 0.037760 300.000000 7.874016
1080 0.000233 0.048715 400.000000 7.648183
1080 0.000233 0.054290 500.000000 8.130081
1080 0.000245 0.061664 600.000000 8.141112
1080 0.000218 0.054486 700.000000 8.168028
1080 0.000201 0.050609 800.000000 8.385744
1090 0.000583 0.022116 100.000000 6.535948
1090 0.000295 0.029651 200.000000 6.993007
1090 0.000291 0.038901 300.000000 7.915567
1090 0.000225 0.049433 400.000000 7.662835
1090 0.000236 0.054933 500.000000 8.156607
1090 0.000242 0.061759 600.000000 7.926024
1090 0.000219 0.053509 700.000000 8.177570
1090 0.000188 0.048473 800.000000 8.394544
1100 0.000585 0.025883 100.000000 6.493506
1100 0.000303 0.030498 200.000000 6.993007
1100 0.000296 0.040923 300.000000 7.936508
1100 0.000225 0.050574 400.000000 7.677543
1100 0.000240 0.056235 500.000000 8.183306
1100 0.000242 0.061379 600.000000 7.863696
1100 0.000218 0.053304 700.000000 8.187135
1100 0.000190 0.047892 800.000000 8.403361
1110 0.000468 0.031073 100.000000 6.451613
1110 0.000308 0.032675 200.000000 6.993007
1110 0.000299 0.043022 300.000000 7.978724
1110 0.000235 0.051982 400.000000 7.707129
1110 0.000256 0.058214 500.000000 8.196721
1110 0.000243 0.061305 600.000000 7.853403
1110 0.000223 0.053505 700.000000 8.196721
1110 0.000185 0.047746 800.000000 8.394544
1120 0.000301 0.035250 100.000000 6.329114
1120 0.000315 0.034016 200.000000 7.042253
1120 0.000300 0.044598 300.000000 7.957560
1120 0.000239 0.052466 400.000000 7.722008
1120 0.000257 0.058549 500.000000 8.223684
1120 0.000241 0.059774 600.000000 7.874016
1120 0.000214 0.052694 700.000000 8.206330
1120 0.000184 0.046589 800.000000 8.324662
1130 0.000435 0.031465 100.000000 6.060606
1130 0.000291 0.034681 200.000000 7.067138
1130 0.000291 0.044715 300.000000 7.936508
1130 0.000235 0.051846 400.000000 7.751938
1130 0.000251 0.058171 500.000000 8.237232
1130 0.000233 0.057302 600.000000 7.894737
1130 0.000209 0.050852 700.000000 8.206330
1130 0.000169 0.043801 800.000000 8.179959
1140 0.000333 0.031805 100.000000 5.847953
1140 0.000270 0.033360 200.000000 7.142857
1140 0.000280 0.042453 300.000000 7.874016
1140 0.000228 0.048223 400.000000 7.782101
1140 0.000242 0.054266 500.000000 8.250825
1140 0.000217 0.051718 600.000000 7.926024
1140 0.000197 0.046149 700.000000 8.225616
1140 0.000159 0.039083 800.000000 8.154943
1150 0.000363 0.029054 100.000000 5.747127
1150 0.000282 0.032417 200.000000 7.194244
1150 0.000255 0.043122 300.000000 7.500000
1150 0.000224 0.047714 400.000000 7.827789
1150 0.000231 0.053934 500.000000 8.278146
1150 0.000209 0.049845 600.000000 7.957560
1150 0.000190 0.043727 700.000000 8.244994
1150 0.000153 0.034719 800.000000 8.163265
1160 0.000365 0.028709 100.000000 5.780347
1160 0.000292 0.033455 200.000000 7.299270
1160 0.000228 0.044548 300.000000 7.352941
1160 0.000223 0.048996 400.000000 7.874016
1160 0.000240 0.055457 500.000000 8.291874
1160 0.000209 0.049529 600.000000 8.000000
1160 0.000189 0.042920 700.000000 8.274232
1160 0.000158 0.032932 800.000000 8.179959
1170 0.000394 0.030501 100.000000 5.917160
1170 0.000304 0.036515 200.000000 7.434944
1170 0.000241 0.047528 300.000000 7.389163
1170 0.000228 0.051574 400.000000 7.968128
1170 0.000245 0.058181 500.000000 8.347245
1170 0.000214 0.051250 600.000000 8.064516
1170 0.000191 0.044457 700.000000 8.323424
1170 0.000163 0.033967 800.000000 8.230453
1180 0.000299 0.029743 100.000000 6.097561
1180 0.000283 0.033868 200.000000 7.604563
1180 0.000230 0.044105 300.000000 7.500000
1180 0.000229 0.048245 400.000000 8.064516
1180 0.000239 0.054933 500.000000 8.417508
1180 0.000209 0.047159 600.000000 8.130081
1180 0.000186 0.040276 700.000000 8.383233
1180 0.000163 0.030262 800.000000 8.281573
1190 0.000286 0.030414 100.000000 6.369427
1190 0.000288 0.034065 200.000000 7.843137
1190 0.000232 0.044462 300.000000 7.614213
1190 0.000231 0.048300 400.000000 8.196721
1190 0.000242 0.055150 500.000000 8.503402
1190 0.000212 0.046755 600.000000 8.207934
1190 0.000186 0.039734 700.000000 8.454106
1190 0.000165 0.029614 800.000000 8.342023
1200 0.000262 0.028879 100.000000 6.666667
1200 0.000279 0.032721 200.000000 8.064516
1200 0.000232 0.043018 300.000000 7.731959
1200 0.000228 0.046884 400.000000 8.316009
1200 0.000244 0.053811 500.000000 8.576329
1200 0.000211 0.044478 600.000000 8.287292
1200 0.000187 0.037139 700.000000 8.526188
1200 0.000165 0.027397 800.000000 8.412198
1210 0.000257 0.028512 100.000000 6.896552
1210 0.000293 0.032503 200.000000 8.264462
1210 0.000237 0.043118 300.000000 7.853403
1210 0.000228 0.047465 400.000000 8.421053
1210 0.000246 0.055007 500.000000 8.605852
1210 0.000217 0.043706 600.000000 8.368201
1210 0.000191 0.035234 700.000000 8.588957
1210 0.000170 0.024746 800.000000 8.465609
1220 0.000249 0.025600 100.000000 7.092198
1220 0.000287 0.028970 200.000000 8.438819
1220 0.000236 0.039925 300.000000 7.936508
1220 0.000228 0.044810 400.000000 8.510638
1220 0.000245 0.052800 500.000000 8.591065
1220 0.000214 0.038891 600.000000 8.426967
1220 0.000191 0.028581 700.000000 8.641975
1220 0.000169 0.018124 800.000000 8.519702
1230 0.000251 0.021474 100.000000 7.246377
1230 0.000289 0.025928 200.000000 8.620689
1230 0.000236 0.036997 300.000000 8.021390
1230 0.000230 0.042661 400.000000 8.583691
1230 0.000243 0.050503 500.000000 8.460237
1230 0.000210 0.034114 600.000000 8.474576
1230 0.000187 0.021865 700.000000 8.695652
1230 0.000169 0.011131 800.000000 8.556149
1240 0.000249 0.021210 100.000000 7.407407
1240 0.000283 0.026193 200.000000 8.733624
1240 0.000239 0.036538 300.000000 8.086253
1240 0.000236 0.042198 400.000000 8.658009
1240 0.000244 0.048634 500.000000 8.278146
1240 0.000211 0.031589 600.000000 8.510638
1240 0.000177 0.018654 700.000000 8.728180
1240 0.000168 0.008427 800.000000 8.592911
1250 0.000250 0.022591 100.000000 7.462687
1250 0.000275 0.025887 200.000000 8.849558
1250 0.000236 0.035454 300.000000 8.152174
1250 0.000233 0.041026 400.000000 8.714597
1250 0.000239 0.045425 500.000000 8.196721
1250 0.000208 0.028734 600.000000 8.534851
1250 0.000171 0.016231 700.000000 8.750000
1250 0.000165 0.006922 800.000000 8.629990
1260 0.000257 0.023964 100.000000 7.575758
1260 0.000284 0.028186 200.000000 8.968610
1260 0.000239 0.037336 300.000000 8.196721
1260 0.000255 0.042695 400.000000 8.752735
1260 0.000236 0.044746 500.000000 8.183306
1260 0.000210 0.029547 600.000000 8.559201
1260 0.000170 0.019037 700.000000 8.760951
1260 0.000176 0.010000 800.000000 8.648648
1270 0.000314 0.028487 100.000000 7.692307
1270 0.000304 0.034546 200.000000 9.049774
1270 0.000229 0.042672 300.000000 8.241758
1270 0.000270 0.047670 400.000000 8.810573
1270 0.000240 0.047797 500.000000 8.223684
1270 0.000215 0.034425 600.000000 8.583691
1270 0.000175 0.025141 700.000000 8.739077
1270 0.000188 0.014060 800.000000 8.686211
1280 0.000392 0.035635 100.000000 7.936508
1280 0.000341 0.042645 200.000000 9.132421
1280 0.000255 0.049460 300.000000 8.333333
1280 0.000279 0.054348 400.000000 8.888889
1280 0.000250 0.052729 500.000000 8.278146
1280 0.000219 0.040736 600.000000 8.633094
1280 0.000176 0.031352 700.000000 8.674102
1280 0.000200 0.017523 800.000000 8.724100
1290 0.000322 0.021649 100.000000 8.264462
1290 0.000285 0.030269 200.000000 9.259259
1290 0.000239 0.037951 300.000000 8.450705
1290 0.000258 0.044063 400.000000 8.968610
1290 0.000230 0.040568 500.000000 8.347245
1290 0.000206 0.027882 600.000000 8.683068
1290 0.000155 0.018696 700.000000 8.599508
1290 0.000187 0.009880 800.000000 8.771930
1300 0.000320 0.020641 100.000000 8.620689
1300 0.000299 0.029323 200.000000 9.389671
1300 0.000239 0.036302 300.000000 8.595988
1300 0.000255 0.042603 400.000000 9.070294
1300 0.000228 0.037787 500.000000 8.431704
1300 0.000202 0.026213 600.000000 8.746356
1300 0.000152 0.018716 700.000000 8.599508
1300 0.000186 0.011173 800.000000 8.830022
1310 0.000299 0.019083 100.000000 9.090909
1310 0.000294 0.028280 200.000000 9.478673
1310 0.000239 0.034721 300.000000 8.720930
1310 0.000257 0.040972 400.000000 9.174312
1310 0.000221 0.035087 500.000000 8.517887
1310 0.000197 0.025004 600.000000 8.810573
1310 0.000150 0.019085 700.000000 8.631319
1310 0.000186 0.012425 800.000000 8.879024
1320 0.000292 0.016811 100.000000 9.433962
1320 0.000276 0.026525 200.000000 9.009009
1320 0.000239 0.031370 300.000000 8.849558
1320 0.000247 0.038022 400.000000 9.237875
1320 0.000210 0.030584 500.000000 8.591065
1320 0.000188 0.020514 600.000000 8.862629
1320 0.000142 0.015030 700.000000 8.663366
1320 0.000180 0.011323 800.000000 8.928572
1330 0.000307 0.016470 100.000000 9.708738
1330 0.000240 0.025958 200.000000 8.510638
1330 0.000248 0.030404 300.000000 8.928572
1330 0.000251 0.037068 400.000000 9.280743
1330 0.000206 0.027701 500.000000 8.650519
1330 0.000178 0.017573 600.000000 8.888889
1330 0.000143 0.013132 700.000000 8.684863
1330 0.000176 0.011875 800.000000 8.958567
1340 0.000276 0.016530 100.000000 9.900990
1340 0.000240 0.026893 200.000000 8.403361
1340 0.000248 0.030796 300.000000 8.982036
1340 0.000254 0.037649 400.000000 9.259259
1340 0.000206 0.026527 500.000000 8.680555
1340 0.000181 0.017657 600.000000 8.915304
1340 0.000147 0.013721 700.000000 8.706468
1340 0.000178 0.012768 800.000000 8.988764
1350 0.000319 0.018490 100.000000 10.101010
1350 0.000248 0.029836 200.000000 8.368201
1350 0.000235 0.033050 300.000000 9.036144
1350 0.000255 0.040252 400.000000 9.195402
1350 0.000210 0.028317 500.000000 8.695652
1350 0.000181 0.021103 600.000000 8.928572
1350 0.000155 0.016173 700.000000 8.728180
1350 0.000190 0.013556 800.000000 8.998875
1360 0.000339 0.016792 100.000000 10.204082
1360 0.000234 0.028117 200.000000 8.403361
1360 0.000220 0.031403 300.000000 9.063444
1360 0.000246 0.039013 400.000000 9.009009
1360 0.000211 0.025410 500.000000 8.726004
1360 0.000181 0.019225 600.000000 8.955224
1360 0.000161 0.015082 700.000000 8.750000
1360 0.000189 0.014329 800.000000 9.019166
1370 0.000377 0.017761 100.000000 10.526316
1370 0.000235 0.029436 200.000000 8.438819
1370 0.000232 0.032714 300.000000 9.118541
1370 0.000251 0.039559 400.000000 8.639309
1370 0.000214 0.025143 500.000000 8.741259
1370 0.000179 0.019057 600.000000 8.968610
1370 0.000171 0.014668 700.000000 8.771930
1370 0.000202 0.015103 800.000000 9.029346
1380 0.000336 0.016441 100.000000 10.638298
1380 0.000230 0.027272 200.000000 8.474576
1380 0.000234 0.030665 300.000000 9.174312
1380 0.000242 0.035391 400.000000 8.385744
1380 0.000207 0.021598 500.000000 8.756567
1380 0.000165 0.016697 600.000000 8.982036
1380 0.000163 0.013499 700.000000 8.793970
1380 0.000212 0.016643 800.000000 9.039548
1390 0.000321 0.017131 100.000000 10.869565
1390 0.000234 0.026672 200.000000 8.474576
1390 0.000253 0.030211 300.000000 9.202454
1390 0.000231 0.032484 400.000000 8.333333
1390 0.000201 0.020132 500.000000 8.771930
1390 0.000158 0.016420 600.000000 8.982036
1390 0.000166 0.013312 700.000000 8.816121
1390 0.000215 0.017942 800.000000 9.039548
1400 0.000293 0.018733 100.000000 10.752688
1400 0.000192 0.025457 200.000000 8.510638
1400 0.000252 0.029353 300.000000 9.230769
1400 0.000219 0.029164 400.000000 8.333333
1400 0.000193 0.019301 500.000000 8.771930
1400 0.000150 0.017037 600.000000 8.902077
1400 0.000168 0.013599 700.000000 8.827238
1400 0.000212 0.019527 800.000000 9.029346
1410 0.000302 0.021786 100.000000 10.416667
1410 0.000205 0.025264 200.000000 8.510638
1410 0.000241 0.028957 300.000000 9.202454
1410 0.000213 0.026416 400.000000 8.350731
1410 0.000187 0.020459 500.000000 8.756567
1410 0.000133 0.020592 600.000000 8.633094
1410 0.000178 0.015983 700.000000 8.838384
1410 0.000216 0.022078 800.000000 8.958567
1420 0.000296 0.020135 100.000000 9.615385
1420 0.000212 0.021390 200.000000 8.510638
1420 0.000238 0.025730 300.000000 9.174312
1420 0.000201 0.020046 400.000000 8.368201
1420 0.000174 0.015553 500.000000 8.741259
1420 0.000127 0.018285 600.000000 8.534851
1420 0.000172 0.016728 700.000000 8.838384
1420 0.000240 0.024531 800.000000 8.048289
1430 0.000213 0.020795 100.000000 7.575758
1430 0.000237 0.019024 200.000000 8.510638
1430 0.000238 0.023321 300.000000 9.118541
1430 0.000181 0.015037 400.000000 8.385744
1430 0.000157 0.011346 500.000000 8.726004
1430 0.000115 0.015497 600.000000 8.510638
1430 0.000163 0.016865 700.000000 8.849558
1430 0.000225 0.023995 800.000000 7.976072
1440 0.000242 0.021449 100.000000 7.194244
1440 0.000245 0.020126 200.000000 8.510638
1440 0.000251 0.024934 300.000000 9.036144
1440 0.000190 0.014035 400.000000 8.385744
1440 0.000159 0.011431 500.000000 8.710801
1440 0.000128 0.015571 600.000000 8.510638
1440 0.000169 0.017852 700.000000 8.849558
1440 0.000227 0.023427 800.000000 7.960199
1450 0.000211 0.019918 100.000000 7.092198
1450 0.000217 0.017963 200.000000 8.510638
1450 0.000241 0.022098 300.000000 8.849558
1450 0.000188 0.010903 400.000000 8.385744
1450 0.000152 0.013414 500.000000 8.710801
1450 0.000130 0.017845 600.000000 8.522727
1450 0.000176 0.020100 700.000000 8.849558
1450 0.000221 0.023406 800.000000 7.960199
1460 0.000247 0.019476 100.000000 6.993007
1460 0.000199 0.018328 200.000000 8.510638
1460 0.000220 0.020795 300.000000 8.379889
1460 0.000174 0.008771 400.000000 8.385744
1460 0.000149 0.012307 500.000000 8.710801
1460 0.000132 0.017067 600.000000 8.522727
1460 0.000176 0.020945 700.000000 8.838384
1460 0.000207 0.023259 800.000000 7.960199
1470 0.000325 0.019940 100.000000 6.944445
1470 0.000207 0.019893 200.000000 8.510638
1470 0.000226 0.019354 300.000000 7.853403
1470 0.000178 0.008817 400.000000 8.368201
1470 0.000131 0.013982 500.000000 8.695652
1470 0.000134 0.018060 600.000000 8.522727
1470 0.000198 0.022387 700.000000 8.827238
1470 0.000212 0.023583 800.000000 7.960199
1480 0.000328 0.020804 100.000000 6.896552
1480 0.000253 0.019454 200.000000 8.510638
1480 0.000215 0.017281 300.000000 7.712082
1480 0.000176 0.008910 400.000000 8.350731
1480 0.000130 0.015500 500.000000 8.665511
1480 0.000141 0.018389 600.000000 8.534851
1480 0.000206 0.023433 700.000000 8.816121
1480 0.000208 0.023586 800.000000 7.952286
1490 0.000252 0.020401 100.000000 6.944445
1490 0.000261 0.019320 200.000000 8.547009
1490 0.000205 0.015585 300.000000 7.731959
1490 0.000172 0.009042 400.000000 8.350731
1490 0.000123 0.016228 500.000000 8.605852
1490 0.000153 0.018504 600.000000 8.547009
1490 0.000208 0.024573 700.000000 8.805032
1490 0.000205 0.023893 800.000000 7.960199
1500 0.000308 0.021527 100.000000 7.042253
1500 0.000255 0.020527 200.000000 8.620689
1500 0.000208 0.014189 300.000000 7.772021
1500 0.000170 0.009362 400.000000 8.385744
1500 0.000110 0.017918 500.000000 8.417508
1500 0.000159 0.019544 600.000000 8.583691
1500 0.000207 0.026204 700.000000 8.793970
1500 0.000198 0.024591 800.000000 7.976072
1510 0.000253 0.021856 100.000000 7.194244
1510 0.000240 0.020539 200.000000 8.695652
1510 0.000191 0.012979 300.000000 7.853403
1510 0.000158 0.009011 400.000000 8.421053
1510 0.000098 0.017430 500.000000 8.305648
1510 0.000154 0.019340 600.000000 8.633094
1510 0.000247 0.026488 700.000000 8.728180
1510 0.000197 0.024909 800.000000 8.000000
1520 0.000235 0.023158 100.000000 7.462687
1520 0.000244 0.021803 200.000000 8.849558
1520 0.000178 0.012783 300.000000 7.957560
1520 0.000152 0.007916 400.000000 8.492569
1520 0.000095 0.016024 500.000000 8.319468
1520 0.000152 0.018962 600.000000 8.683068
1520 0.000240 0.026941 700.000000 7.856341
1520 0.000198 0.025337 800.000000 8.032128
1530 0.000259 0.021269 100.000000 7.874016
1530 0.000246 0.020571 200.000000 9.090909
1530 0.000177 0.011271 300.000000 8.108109
1530 0.000149 0.008466 400.000000 8.602151
1530 0.000094 0.016881 500.000000 8.389262
1530 0.000151 0.019432 600.000000 8.771930
1530 0.000232 0.027035 700.000000 7.865169
1530 0.000190 0.025407 800.000000 8.080808
1540 0.000290 0.023384 100.000000 8.403361
1540 0.000247 0.021540 200.000000 9.433962
1540 0.000171 0.011910 300.000000 8.287292
1540 0.000146 0.009359 400.000000 8.752735
1540 0.000088 0.017385 500.000000 8.503402
1540 0.000151 0.019986 600.000000 8.875740
1540 0.000227 0.027031 700.000000 7.918552
1540 0.000181 0.025662 800.000000 8.146640
1550 0.000281 0.018452 100.000000 9.009009
1550 0.000249 0.017694 200.000000 9.756098
1550 0.000179 0.009049 300.000000 8.474576
1550 0.000150 0.011199 400.000000 8.908686
1550 0.000094 0.018751 500.000000 8.605852
1550 0.000160 0.020087 600.000000 8.982036
1550 0.000240 0.027014 700.000000 7.972665
1550 0.000193 0.025449 800.000000 8.213552
1560 0.000289 0.014833 100.000000 9.615385
1560 0.000265 0.017277 200.000000 10.050251
1560 0.000185 0.011538 300.000000 8.645534
1560 0.000153 0.016437 400.000000 9.029346
1560 0.000108 0.021390 500.000000 8.710801
1560 0.000172 0.020703 600.000000 9.077156
1560 0.000251 0.026922 700.000000 8.027523
1560 0.000206 0.025215 800.000000 8.273009
1570 0.000301 0.015769 100.000000 10.000000
1570 0.000283 0.019180 200.000000 10.204082
1570 0.000192 0.014402 300.000000 8.771930
1570 0.000155 0.019635 400.000000 9.111617
1570 0.000118 0.022895 500.000000 8.771930
1570 0.000180 0.021383 600.000000 9.146341
1570 0.000256 0.026497 700.000000 8.055236
1570 0.000213 0.025718 800.000000 8.307373
1580 0.000270 0.016001 100.000000 10.416667
1580 0.000268 0.018923 200.000000 10.256411
1580 0.000194 0.013837 300.000000 8.849558
1580 0.000153 0.019115 400.000000 9.174312
1580 0.000126 0.021738 500.000000 8.818342
1580 0.000183 0.021220 600.000000 9.188361
1580 0.000254 0.025434 700.000000 8.073818
1580 0.000211 0.026370 800.000000 8.342023
1590 0.000241 0.015504 100.000000 10.526316
1590 0.000278 0.019381 200.000000 10.050251
1590 0.000203 0.013179 300.000000 8.902077
1590 0.000160 0.019329 400.000000 9.216590
1590 0.000137 0.021753 500.000000 8.865249
1590 0.000193 0.021990 600.000000 9.216590
1590 0.000249 0.024891 700.000000 8.092485
1590 0.000211 0.027404 800.000000 8.359457
1600 0.000211 0.015959 100.000000 10.752688
1600 0.000265 0.021692 200.000000 9.389671
1600 0.000209 0.014086 300.000000 8.928572
1600 0.000177 0.018510 400.000000 9.237875
1600 0.000157 0.019425 500.000000 8.880995
1600 0.000200 0.020942 600.000000 9.230769
1600 0.000242 0.023516 700.000000 8.111239
1600 0.000203 0.028474 800.000000 8.368201
1610 0.000304 0.019386 100.000000 10.752688
1610 0.000279 0.024344 200.000000 8.474576
1610 0.000226 0.018274 300.000000 8.928572
1610 0.000163 0.021788 400.000000 9.237875
1610 0.000171 0.020070 500.000000 8.912656
1610 0.000233 0.021903 600.000000 9.230769
1610 0.000249 0.023290 700.000000 8.111239
1610 0.000212 0.030090 800.000000 8.368201
1620 0.000333 0.019449 100.000000 10.869565
1620 0.000283 0.023036 200.000000 8.163265
1620 0.000222 0.019481 300.000000 8.928572
1620 0.000169 0.023342 400.000000 9.237875
1620 0.000170 0.020239 500.000000 8.928572
1620 0.000245 0.023430 600.000000 9.230769
1620 0.000241 0.023292 700.000000 8.111239
1620 0.000209 0.031579 800.000000 8.359457
1630 0.000354 0.018818 100.000000 10.869565
1630 0.000265 0.020087 200.000000 8.130081
1630 0.000226 0.017886 300.000000 8.928572
1630 0.000154 0.021877 400.000000 9.153318
1630 0.000182 0.018773 500.000000 8.944544
1630 0.000243 0.024565 600.000000 9.202454
1630 0.000237 0.023616 700.000000 8.111239
1630 0.000197 0.032853 800.000000 8.359457
1640 0.000373 0.018948 100.000000 10.869565
1640 0.000253 0.016727 200.000000 8.163265
1640 0.000200 0.017353 300.000000 8.902077
1640 0.000128 0.021906 400.000000 8.849558
1640 0.000190 0.018651 500.000000 8.944544
1640 0.000240 0.026119 600.000000 9.146341
1640 0.000228 0.024144 700.000000 8.111239
1640 0.000190 0.033908 800.000000 8.368201
1650 0.000326 0.018405 100.000000 10.752688
1650 0.000221 0.012432 200.000000 8.163265
1650 0.000180 0.014597 300.000000 8.875740
1650 0.000109 0.019488 400.000000 8.547009
1650 0.000177 0.018197 500.000000 8.960573
1650 0.000325 0.026601 600.000000 8.862629
1650 0.000226 0.024938 700.000000 8.101851
1650 0.000177 0.034717 800.000000 8.368201
1660 0.000287 0.018826 100.000000 10.526316
1660 0.000191 0.011934 200.000000 8.196721
1660 0.000160 0.016246 300.000000 8.823529
1660 0.000099 0.018505 400.000000 8.492569
1660 0.000175 0.017026 500.000000 8.960573
1660 0.000274 0.025447 600.000000 7.812500
1660 0.000210 0.025432 700.000000 8.101851
1660 0.000171 0.036178 800.000000 8.359457
1670 0.000317 0.021196 100.000000 10.204082
1670 0.000201 0.014490 200.000000 8.196721
1670 0.000165 0.019782 300.000000 8.797654
1670 0.000120 0.020251 400.000000 8.474576
1670 0.000185 0.018443 500.000000 8.960573
1670 0.000277 0.024970 600.000000 7.782101
1670 0.000223 0.026830 700.000000 8.101851
1670 0.000167 0.038212 800.000000 8.342023
1680 0.000315 0.020522 100.000000 9.708738
1680 0.000198 0.014276 200.000000 8.196721
1680 0.000160 0.019459 300.000000 8.797654
1680 0.000129 0.019677 400.000000 8.492569
1680 0.000197 0.018866 500.000000 8.960573
1680 0.000272 0.023500 600.000000 7.772021
1680 0.000221 0.027940 700.000000 8.101851
1680 0.000150 0.039242 800.000000 8.324662
1690 0.000361 0.022410 100.000000 8.620689
1690 0.000228 0.014756 200.000000 8.196721
1690 0.000181 0.020236 300.000000 8.797654
1690 0.000156 0.020259 400.000000 8.492569
1690 0.000207 0.020418 500.000000 8.960573
1690 0.000267 0.023377 600.000000 7.782101
1690 0.000217 0.029512 700.000000 8.101851
1690 0.000155 0.040424 800.000000 8.324662
1700 0.000292 0.015430 100.000000 6.993007
1700 0.000190 0.013267 200.000000 8.163265
1700 0.000122 0.017664 300.000000 8.771930
1700 0.000147 0.017840 400.000000 8.510638
1700 0.000221 0.019076 500.000000 8.944544
1700 0.000253 0.021136 600.000000 7.772021
1700 0.000207 0.029945 700.000000 8.092485
1700 0.000146 0.040033 800.000000 8.324662
1710 0.000254 0.015493 100.000000 6.493506
1710 0.000178 0.014397 200.000000 8.163265
1710 0.000125 0.018384 300.000000 8.746356
1710 0.000141 0.016616 400.000000 8.510638
1710 0.000240 0.019180 500.000000 8.928572
1710 0.000246 0.020923 600.000000 7.772021
1710 0.000203 0.031656 700.000000 8.083141
1710 0.000144 0.041384 800.000000 8.324662
1720 0.000205 0.013569 100.000000 6.410256
1720 0.000181 0.014288 200.000000 8.130081
1720 0.000104 0.017879 300.000000 8.670520
1720 0.000161 0.015196 400.000000 8.528785
1720 0.000243 0.019611 500.000000 8.912656
1720 0.000244 0.021213 600.000000 7.772021
1720 0.000194 0.033087 700.000000 8.073818
1720 0.000143 0.042111 800.000000 8.324662
1730 0.000146 0.013048 100.000000 6.451613
1730 0.000125 0.013364 200.000000 8.097166
1730 0.000066 0.015789 300.000000 8.310249
1730 0.000158 0.012507 400.000000 8.547009
1730 0.000230 0.018548 500.000000 8.849558
1730 0.000225 0.021053 600.000000 7.761966
1730 0.000181 0.033346 700.000000 8.083141
1730 0.000136 0.041902 800.000000 8.307373
1740 0.000161 0.013049 100.000000 6.535948
1740 0.000129 0.015971 200.000000 8.097166
1740 0.000071 0.018037 300.000000 8.000000
1740 0.000169 0.013946 400.000000 8.565310
1740 0.000377 0.020758 500.000000 8.635578
1740 0.000230 0.022518 600.000000 7.772021
1740 0.000177 0.034874 700.000000 8.092485
1740 0.000134 0.043269 800.000000 8.307373
1750 0.000136 0.010564 100.000000 6.622517
1750 0.000133 0.015952 200.000000 8.130081
1750 0.000088 0.017160 300.000000 7.957560
1750 0.000167 0.012599 400.000000 8.602151
1750 0.000302 0.020899 500.000000 7.429420
1750 0.000218 0.023640 600.000000 7.782101
1750 0.000172 0.036120 700.000000 8.101851
1750 0.000134 0.043951 800.000000 8.316009
1760 0.000159 0.010696 100.000000 6.711410
1760 0.000122 0.016946 200.000000 8.163265
1760 0.000095 0.016881 300.000000 7.957560
1760 0.000170 0.012803 400.000000 8.639309
1760 0.000298 0.020215 500.000000 7.407407
1760 0.000224 0.025013 600.000000 7.792208
1760 0.000164 0.037300 700.000000 8.111239
1760 0.000134 0.044798 800.000000 8.333333
1770 0.000184 0.011798 100.000000 6.849315
1770 0.000159 0.018726 200.000000 8.230453
1770 0.000110 0.017319 300.000000 8.021390
1770 0.000174 0.013407 400.000000 8.695652
1770 0.000302 0.019733 500.000000 7.418397
1770 0.000226 0.026289 600.000000 7.822686
1770 0.000151 0.038610 700.000000 8.120649
1770 0.000137 0.045537 800.000000 8.359457
1780 0.000180 0.012171 100.000000 6.993007
1780 0.000151 0.017915 200.000000 8.333333
1780 0.000112 0.015786 300.000000 8.108109
1780 0.000185 0.012198 400.000000 8.752735
1780 0.000292 0.017792 500.000000 7.462687
1780 0.000220 0.026788 600.000000 7.863696
1780 0.000146 0.038835 700.000000 8.149011
1780 0.000136 0.045380 800.000000 8.394544
1790 0.000188 0.011237 100.000000 7.246377
1790 0.000143 0.016519 200.000000 8.510638
1790 0.000111 0.014496 300.000000 8.219178
1790 0.000184 0.010792 400.000000 8.849558
1790 0.000274 0.016180 500.000000 7.507507
1790 0.000215 0.026868 600.000000 7.915567
1790 0.000142 0.038391 700.000000 8.187135
1790 0.000129 0.044849 800.000000 8.438819
1800 0.000185 0.012110 100.000000 7.575758
1800 0.000153 0.017020 200.000000 8.733624
1800 0.000120 0.014735 300.000000 8.356546
1800 0.000187 0.011217 400.000000 8.948545
1800 0.000282 0.016136 500.000000 7.575758
1800 0.000213 0.027700 600.000000 7.968128
1800 0.000142 0.038969 700.000000 8.235294
1800 0.000125 0.045548 800.000000 8.483563
1810 0.000190 0.013306 100.000000 7.936508
1810 0.000147 0.016428 200.000000 8.968610
1810 0.000126 0.013638 300.000000 8.522727
1810 0.000187 0.009624 400.000000 9.090909
1810 0.000264 0.014826 500.000000 7.656968
1810 0.000204 0.027610 600.000000 8.042895
1810 0.000140 0.038561 700.000000 8.303678
1810 0.000120 0.044930 800.000000 8.547009
1820 0.000189 0.013823 100.000000 8.474576
1820 0.000139 0.017307 200.000000 9.259259
1820 0.000132 0.013954 300.000000 8.695652
1820 0.000198 0.010322 400.000000 9.237875
1820 0.000268 0.015249 500.000000 7.739938
1820 0.000210 0.028301 600.000000 8.119080
1820 0.000140 0.039225 700.000000 8.373206
1820 0.000118 0.045523 800.000000 8.620689
1830 0.000192 0.014945 100.000000 9.009009
1830 0.000126 0.018003 200.000000 9.615385
1830 0.000147 0.014650 300.000000 8.902077
1830 0.000214 0.011528 400.000000 9.411765
1830 0.000272 0.016256 500.000000 7.836991
1830 0.000216 0.029258 600.000000 8.207934
1830 0.000146 0.040264 700.000000 8.454106
1830 0.000123 0.046879 800.000000 8.686211
1840 0.000223 0.016558 100.000000 9.615385
1840 0.000123 0.019685 200.000000 9.950249
1840 0.000160 0.015992 300.000000 9.090909
1840 0.000237 0.014111 400.000000 9.569378
1840 0.000282 0.018157 500.000000 7.923930
1840 0.000220 0.031029 600.000000 8.275862
1840 0.000149 0.041820 700.000000 8.526188
1840 0.000129 0.048617 800.000000 8.752735
1850 0.000189 0.016405 100.000000 10.204082
1850 0.000100 0.018052 200.000000 10.256411
1850 0.000140 0.014197 300.000000 9.287926
1850 0.000247 0.012199 400.000000 9.708738
1850 0.000284 0.017021 500.000000 8.000000
1850 0.000213 0.030922 600.000000 8.344924
1850 0.000144 0.041139 700.000000 8.599508
1850 0.000121 0.047712 800.000000 8.820287
1860 0.000159 0.016402 100.000000 10.638298
1860 0.000111 0.017815 200.000000 10.471204
1860 0.000128 0.013013 300.000000 9.433962
1860 0.000251 0.011818 400.000000 9.803922
1860 0.000266 0.016912 500.000000 8.064516
1860 0.000200 0.031473 600.000000 8.403361
1860 0.000142 0.041347 700.000000 8.652658
1870 0.000163 0.016392 100.000000 10.869565
1870 0.000089 0.017314 200.000000 10.526316
1870 0.000148 0.012529 300.000000 9.523809
1870 0.000256 0.013075 400.000000 9.828010
1870 0.000268 0.017927 500.000000 8.090615
1870 0.000200 0.032694 600.000000 8.426967
1870 0.000144 0.042008 700.000000 8.674102
1880 0.000172 0.018501 100.000000 10.869565
1880 0.000098 0.018009 200.000000 10.101010
1880 0.000164 0.011564 300.000000 9.523809
1880 0.000249 0.014496 400.000000 9.779951
1880 0.000250 0.019556 500.000000 8.077544
1880 0.000195 0.034097 600.000000 8.426967
1880 0.000141 0.042648 700.000000 8.663366
1890 0.000156 0.019468 100.000000 10.526316
1890 0.000092 0.018544 200.000000 9.009009
1890 0.000172 0.010911 300.000000 9.523809
1890 0.000321 0.016703 400.000000 9.501187
1890 0.000250 0.021601 500.000000 8.064516
1890 0.000184 0.035913 600.000000 8.415147
1890 0.000133 0.044028 700.000000 8.631319
1900 0.000145 0.020876 100.000000 10.309278
1900 0.000074 0.018898 200.000000 8.771930
1900 0.000184 0.011784 300.000000 9.523809
1900 0.000353 0.019793 400.000000 7.648183
1900 0.000239 0.025273 500.000000 8.038586
1900 0.000188 0.038958 600.000000 8.403361
1900 0.000144 0.046535 700.000000 8.620689
1910 0.000139 0.020729 100.000000 10.204082
1910 0.000072 0.018333 200.000000 8.733624
1910 0.000192 0.012544 300.000000 9.493670
1910 0.000347 0.019250 400.000000 7.561437
1910 0.000252 0.027413 500.000000 8.038586
1910 0.000177 0.040778 600.000000 8.379889
1910 0.000150 0.047681 700.000000 8.610086
1920 0.000117 0.020551 100.000000 10.101010
1920 0.000095 0.017247 200.000000 8.733624
1920 0.000215 0.011950 300.000000 9.493670
1920 0.000350 0.018440 400.000000 7.561437
1920 0.000255 0.030177 500.000000 8.038586
1920 0.000172 0.043184 600.000000 8.356546
1920 0.000154 0.049571 700.000000 8.620689
1930 0.000125 0.020880 100.000000 10.101010
1930 0.000116 0.016732 200.000000 8.733624
1930 0.000220 0.010032 300.000000 9.493670
1930 0.000329 0.015961 400.000000 7.561437
1930 0.000245 0.030811 500.000000 8.038586
1930 0.000166 0.042882 600.000000 8.344924
1930 0.000143 0.049247 700.000000 8.620689
1940 0.000076 0.019253 100.000000 10.204082
1940 0.000156 0.015702 200.000000 8.771930
1940 0.000256 0.010358 300.000000 9.493670
1940 0.000325 0.017079 400.000000 7.561437
1940 0.000241 0.033079 500.000000 8.038586
1940 0.000168 0.044210 600.000000 8.356546
1940 0.000140 0.050474 700.000000 8.631319
1950 0.000113 0.018886 100.000000 10.101010
1950 0.000154 0.014188 200.000000 8.849558
1950 0.000306 0.012892 300.000000 9.493670
1950 0.000326 0.020069 400.000000 7.575758
1950 0.000235 0.036389 500.000000 8.038586
1950 0.000169 0.046425 600.000000 8.368201
1950 0.000138 0.052721 700.000000 8.631319
1960 0.000112 0.019002 100.000000 10.000000
1960 0.000191 0.013660 200.000000 8.888889
1960 0.000321 0.015158 300.000000 9.493670
1960 0.000325 0.022213 400.000000 7.575758
1960 0.000235 0.038553 500.000000 8.038586
1960 0.000169 0.047930 600.000000 8.368201
1970 0.000120 0.018732 100.000000 9.433962
1970 0.000234 0.012975 200.000000 8.928572
1970 0.000333 0.020732 300.000000 9.433962
1970 0.000324 0.027038 400.000000 7.575758
1970 0.000241 0.042596 500.000000 8.051530
1970 0.000175 0.051525 600.000000 8.368201
1980 0.000169 0.020675 100.000000 8.000000
1980 0.000259 0.013299 200.000000 9.009009
1980 0.000343 0.024038 300.000000 9.287926
1980 0.000321 0.029139 400.000000 7.590133
1980 0.000235 0.044398 500.000000 8.064516
1980 0.000173 0.052872 600.000000 8.356546
1990 0.000148 0.021026 100.000000 7.575758
1990 0.000263 0.014431 200.000000 9.049774
1990 0.000485 0.026422 300.000000 7.109005
1990 0.000327 0.032058 400.000000 7.590133
1990 0.000232 0.046674 500.000000 8.077544
1990 0.000173 0.054339 600.000000 8.368201
2000 0.000159 0.019440 100.000000 7.518797
2000 0.000272 0.016824 200.000000 9.090909
2000 0.000471 0.028330 300.000000 6.976744
2000 0.000313 0.035998 400.000000 7.604563
2000 0.000225 0.050089 500.000000 8.077544
2000 0.000180 0.057205 600.000000 8.368201
2010 0.000141 0.019559 100.000000 7.518797
2010 0.000283 0.018301 200.000000 9.132421
2010 0.000462 0.028183 300.000000 6.944445
2010 0.000319 0.038636 400.000000 7.619048
2010 0.000216 0.052563 500.000000 8.064516
2010 0.000186 0.058907 600.000000 8.379889
2020 0.000139 0.020460 100.000000 7.575758
2020 0.000300 0.017285 200.000000 9.174312
2020 0.000442 0.024642 300.000000 6.944445
2020 0.000310 0.038297 400.000000 7.619048
2020 0.000197 0.051184 500.000000 8.051530
2020 0.000179 0.057044 600.000000 8.391608
2030 0.000154 0.023898 100.000000 7.633588
2030 0.000289 0.016114 200.000000 9.132421
2030 0.000392 0.019300 300.000000 6.944445
2030 0.000280 0.035321 400.000000 7.619048
2030 0.000190 0.047207 500.000000 8.038586
2030 0.000160 0.052771 600.000000 8.403361
2040 0.000275 0.021389 100.000000 7.692307
2040 0.000400 0.020923 200.000000 9.132421
2040 0.000423 0.027228 300.000000 6.944445
2040 0.000298 0.043252 400.000000 7.619048
2040 0.000196 0.053758 500.000000 8.051530
2040 0.000163 0.059186 600.000000 8.403361
2050 0.000218 0.022520 100.000000 7.751938
2050 0.000430 0.021612 200.000000 9.132421
2050 0.000398 0.026032 300.000000 6.960557
2050 0.000277 0.043029 400.000000 7.619048
2050 0.000185 0.052423 500.000000 8.064516
2060 0.000352 0.021201 100.000000 7.936508
2060 0.000476 0.027742 200.000000 9.174312
2060 0.000417 0.032698 300.000000 6.993007
2060 0.000287 0.049660 400.000000 7.633588
2060 0.000198 0.058057 500.000000 8.090615
2070 0.000420 0.020634 100.000000 8.196721
2070 0.000493 0.031715 200.000000 9.302325
2070 0.000422 0.036678 300.000000 7.058824
2070 0.000293 0.052971 400.000000 7.707129
2070 0.000204 0.061334 500.000000 8.130081
2080 0.000433 0.020814 100.000000 8.620689
2080 0.000472 0.033347 200.000000 9.478673
2080 0.000406 0.037805 300.000000 7.142857
2080 0.000292 0.053672 400.000000 7.797271
2080 0.000204 0.061810 500.000000 8.196721
2090 0.000536 0.022278 100.000000 9.259259
2090 0.000535 0.041324 200.000000 9.756098
2090 0.000430 0.046357 300.000000 7.263923
2090 0.000305 0.061737 400.000000 7.905138
2090 0.000216 0.069436 500.000000 8.291874
2100 0.000538 0.022634 100.000000 9.900990
2100 0.000526 0.041192 200.000000 9.950249
2100 0.000427 0.045534 300.000000 7.389163
2100 0.000305 0.060877 400.000000 8.016032
2100 0.000211 0.068409 500.000000 8.389262
2110 0.000533 0.024427 100.000000 10.526316
2110 0.000653 0.041263 200.000000 9.950249
2110 0.000428 0.046711 300.000000 7.500000
2110 0.000291 0.061951 400.000000 8.113590
2110 0.000202 0.069274 500.000000 8.460237
2120 0.000546 0.026799 100.000000 10.989011
2120 0.000726 0.043438 200.000000 6.872852
2120 0.000438 0.049272 300.000000 7.556675
2120 0.000293 0.063644 400.000000 8.179959
2120 0.000208 0.070047 500.000000 8.517887
2130 0.000543 0.029769 100.000000 11.235955
2130 0.000678 0.043886 200.000000 6.688963
2130 0.000400 0.051637 300.000000 7.594937
2130 0.000281 0.065529 400.000000 8.196721
2130 0.000212 0.071013 500.000000 8.532423
2140 0.000512 0.028989 100.000000 11.363636
2140 0.000650 0.039354 200.000000 6.644518
2140 0.000402 0.050981 300.000000 7.614213
2140 0.000254 0.064314 400.000000 8.179959
2140 0.000207 0.068487 500.000000 8.547009
2150 0.000508 0.025230 100.000000 11.363636
2150 0.000606 0.033599 200.000000 6.622517
2150 0.000378 0.048981 300.000000 7.614213
2150 0.000220 0.060872 400.000000 8.146640
2150 0.000194 0.064226 500.000000 8.547009
2160 0.000444 0.020573 100.000000 11.235955
2160 0.000513 0.026290 200.000000 6.622517
2160 0.000324 0.044007 300.000000 7.594937
2160 0.000201 0.053553 400.000000 8.130081
2160 0.000164 0.056505 500.000000 8.547009
2170 0.000578 0.017101 100.000000 11.111111
2170 0.000505 0.025554 200.000000 6.600660
2170 0.000314 0.044156 300.000000 7.575758
2170 0.000189 0.051812 400.000000 8.130081
2170 0.000154 0.054300 500.000000 8.547009
2180 0.000691 0.019605 100.000000 10.869565
2180 0.000495 0.030664 200.000000 6.578948
2180 0.000301 0.048806 300.000000 7.537688
2180 0.000187 0.054388 400.000000 8.113590
2190 0.000570 0.018883 100.000000 10.526316
2190 0.000424 0.026745 200.000000 6.557377
2190 0.000253 0.042587 300.000000 7.518797
2190 0.000163 0.045926 400.000000 8.097166
2200 0.000515 0.020800 100.000000 9.900990
2200 0.000380 0.027543 200.000000 6.535948
2200 0.000235 0.040977 300.000000 7.518797
2200 0.000151 0.043091 400.000000 8.064516
2210 0.000921 0.023639 100.000000 4.926108
2210 0.000392 0.032093 200.000000 6.514658
2210 0.000217 0.043100 300.000000 7.518797
2210 0.000146 0.043722 400.000000 8.032128
2220 0.000862 0.015870 100.000000 4.694836
2220 0.000362 0.035659 200.000000 6.493506
2220 0.000198 0.044685 300.000000 7.481297
2220 0.000148 0.043986 400.000000 8.016032
2230 0.000827 0.013457 100.000000 4.651163
2230 0.000351 0.037732 200.000000 6.493506
2230 0.000175 0.044770 300.000000 7.444169
2230 0.000147 0.042243 400.000000 8.032128
2240 0.000736 0.011587 100.000000 4.651163
2240 0.000314 0.034742 200.000000 6.493506
2240 0.000172 0.038973 300.000000 7.407407
2240 0.000140 0.036450 400.000000 8.032128
2250 0.000631 0.014191 100.000000 4.651163
2250 0.000264 0.032408 200.000000 6.514658
2250 0.000155 0.034076 300.000000 7.425743
2250 0.000132 0.031685 400.000000 8.048289
2260 0.000487 0.008998 100.000000 4.672897
2260 0.000198 0.021815 200.000000 6.493506
2260 0.000164 0.021119 300.000000 7.444169
2260 0.000130 0.020944 400.000000 8.048289
2270 0.000383 0.011172 100.000000 4.672897
2270 0.000151 0.019130 200.000000 6.493506
2270 0.000159 0.016953 300.000000 7.444169
2280 0.000366 0.016573 100.000000 4.716981
2280 0.000148 0.021054 200.000000 6.514658
2280 0.000146 0.016908 300.000000 7.481297
2290 0.000355 0.022613 100.000000 4.761905
2290 0.000162 0.024372 200.000000 6.578948
2290 0.000142 0.019732 300.000000 7.500000
2300 0.000310 0.024383 100.000000 4.854369
2300 0.000145 0.023126 200.000000 6.688963
2300 0.000144 0.018604 300.000000 7.556675
2310 0.000211 0.015749 100.000000 5.000000
2310 0.000188 0.017152 200.000000 6.825939
2310 0.000208 0.025467 300.000000 7.672634
2320 0.000509 0.040224 100.000000 5.181347
2320 0.000363 0.049259 200.000000 7.017544
2320 0.000324 0.062575 300.000000 7.812500
2330 0.000426 0.034672 100.000000 5.434783
2330 0.000328 0.042948 200.000000 7.246377
2330 0.000295 0.056121 300.000000 8.000000
2340 0.000467 0.038308 100.000000 5.747127
2340 0.000348 0.046928 200.000000 7.518797
2340 0.000308 0.060245 300.000000 8.219178
2350 0.000462 0.037808 100.000000 6.097561
2350 0.000346 0.046444 200.000000 7.812500
2350 0.000307 0.059772 300.000000 8.450705
2360 0.000464 0.035949 100.000000 6.493506
2360 0.000348 0.045134 200.000000 8.130081
2360 0.000301 0.058723 300.000000 8.695652
2370 0.000465 0.035138 100.000000 6.944445
2370 0.000351 0.044653 200.000000 8.438819
2370 0.000299 0.057983 300.000000 8.955224
2380 0.000471 0.035479 100.000000 7.462687
2380 0.000354 0.045025 200.000000 8.810573
2380 0.000301 0.058367 300.000000 9.230769
2390 0.000466 0.034772 100.000000 8.064516
2390 0.000351 0.044349 200.000000 9.216590
2390 0.000299 0.057708 300.000000 9.523809
2400 0.000442 0.033057 100.000000 8.771930
2400 0.000339 0.042288 200.000000 9.661836
2400 0.000290 0.055497 300.000000 9.836065
2410 0.000248 0.019474 100.000000 9.345795
2410 0.000233 0.025698 200.000000 10.050251
2410 0.000218 0.037485 300.000000 10.101010
2420 0.000275 0.018425 100.000000 9.900990
2420 0.000213 0.022786 200.000000 10.362695
2420 0.000197 0.033073 300.000000 10.309278
2430 0.000216 0.019704 100.000000 10.309278
2430 0.000206 0.022616 200.000000 10.526316
2430 0.000181 0.032095 300.000000 10.452962
2440 0.000217 0.020131 100.000000 10.526316
2440 0.000222 0.023238 200.000000 10.582010
2440 0.000177 0.033017 300.000000 10.526316
2450 0.000189 0.020538 100.000000 10.638298
2450 0.000285 0.023769 200.000000 10.471204
2450 0.000171 0.033930 300.000000 10.563380
2460 0.000148 0.019761 100.000000 10.638298
2460 0.000257 0.023778 200.000000 10.471204
2460 0.000185 0.033025 300.000000 10.563380
2470 0.000156 0.021468 100.000000 10.526316
2470 0.000269 0.024974 200.000000 10.471204
2470 0.000192 0.033699 300.000000 10.563380
2480 0.000176 0.022415 100.000000 10.416667
2480 0.000268 0.026792 200.000000 10.526316
2490 0.000211 0.021894 100.000000 10.416667
2490 0.000248 0.029565 200.000000 10.526316
2500 0.000177 0.020396 100.000000 10.526316
2500 0.000214 0.027887 200.000000 10.471204
2510 0.000229 0.019105 100.000000 10.638298
2510 0.000230 0.027738 200.000000 10.416667
2520 0.000160 0.018608 100.000000 10.638298
2520 0.000177 0.024258 200.000000 10.416667
2530 0.000262 0.020001 100.000000 10.416667
2530 0.000201 0.029088 200.000000 10.416667
2540 0.000367 0.020347 100.000000 10.204082
2540 0.000181 0.030169 200.000000 10.416667
2550 0.000416 0.022038 100.000000 10.101010
2550 0.000222 0.032401 200.000000 10.416667
2560 0.000434 0.025148 100.000000 10.204082
2560 0.000257 0.034972 200.000000 10.471204
2570 0.000426 0.023430 100.000000 10.309278
2570 0.000245 0.031477 200.000000 10.526316
2580 0.000335 0.025756 100.000000 10.416667
2590 0.000278 0.027612 100.000000 10.309278
2600 0.000273 0.027504 100.000000 10.101010
2610 0.000257 0.029648 100.000000 10.000000
2620 0.000193 0.025251 100.000000 10.101010
2630 0.000120 0.022953 100.000000 10.309278
2640 0.000106 0.019924 100.000000 10.526316
2650 0.000059 0.020909 100.000000 10.638298
2660 0.000039 0.021495 100.000000 10.638298
