0 0.000229 0.024515 100.000000 11.627907
0 0.000095 0.027462 200.000000 12.048193
0 0.000077 0.027482 300.000000 10.309278
0 0.000080 0.021547 400.000000 10.282776
0 0.000139 0.023828 500.000000 10.351967
0 0.000172 0.032896 600.000000 10.791367
0 0.000161 0.043876 700.000000 11.146497
0 0.000122 0.045729 800.000000 10.810811
10 0.000236 0.026814 100.000000 11.627907
10 0.000116 0.028034 200.000000 12.048193
10 0.000018 0.026779 300.000000 9.771987
10 0.000085 0.021633 400.000000 10.335917
10 0.000147 0.025160 500.000000 10.330579
10 0.000177 0.035003 600.000000 10.810811
10 0.000162 0.046012 700.000000 11.164274
10 0.000117 0.044365 800.000000 10.796222
20 0.000113 0.022982 100.000000 11.764706
20 0.000096 0.024271 200.000000 11.904762
20 0.000051 0.022127 300.000000 9.646302
20 0.000110 0.019408 400.000000 10.389610
20 0.000164 0.025594 500.000000 10.351967
20 0.000196 0.037468 600.000000 10.830325
20 0.000174 0.049022 700.000000 11.182109
20 0.000122 0.043917 800.000000 10.810811
30 0.000155 0.018360 100.000000 11.764706
30 0.000098 0.020801 200.000000 11.560694
30 0.000097 0.017899 300.000000 9.615385
30 0.000133 0.017823 400.000000 10.416667
30 0.000188 0.026839 500.000000 10.373444
30 0.000212 0.040603 600.000000 10.869565
30 0.000183 0.053269 700.000000 11.182109
30 0.000128 0.043886 800.000000 10.840109
40 0.000139 0.017641 100.000000 11.904762
40 0.000060 0.019378 200.000000 11.111111
40 0.000141 0.015210 300.000000 9.646302
40 0.000161 0.017434 400.000000 10.443864
40 0.000216 0.028891 500.000000 10.416667
40 0.000220 0.044007 600.000000 10.909091
40 0.000189 0.057208 700.000000 11.182109
40 0.000128 0.043374 800.000000 10.869565
50 0.000150 0.018628 100.000000 11.904762
50 0.000080 0.019469 200.000000 10.752688
50 0.000135 0.015237 300.000000 9.677420
50 0.000160 0.019495 400.000000 10.443864
50 0.000215 0.031215 500.000000 10.460251
50 0.000214 0.046037 600.000000 10.928962
50 0.000180 0.058195 700.000000 11.128776
50 0.000118 0.041019 800.000000 10.899182
60 0.000159 0.025109 100.000000 12.048193
60 0.000112 0.022796 200.000000 10.526316
60 0.000112 0.018725 300.000000 9.708738
60 0.000144 0.022656 400.000000 10.309278
60 0.000198 0.032903 500.000000 10.504202
60 0.000201 0.046060 600.000000 10.968922
60 0.000134 0.056320 700.000000 10.920437
60 0.000102 0.037855 800.000000 10.928962
70 0.000181 0.020211 100.000000 12.048193
70 0.000138 0.018618 200.000000 10.309278
70 0.000154 0.014929 300.000000 9.771987
70 0.000177 0.022786 400.000000 10.152285
70 0.000225 0.035971 500.000000 10.548523
70 0.000217 0.051066 600.000000 10.989011
70 0.000167 0.059348 700.000000 10.736197
70 0.000115 0.038099 800.000000 10.958904
80 0.000143 0.020904 100.000000 12.195122
80 0.000122 0.019229 200.000000 9.900990
80 0.000159 0.016634 300.000000 9.803922
80 0.000202 0.024507 400.000000 10.050251
80 0.000232 0.038401 500.000000 10.570825
80 0.000212 0.052545 600.000000 11.029411
80 0.000163 0.056285 700.000000 10.670732
80 0.000100 0.036167 800.000000 10.989011
90 0.000141 0.017319 100.000000 12.195122
90 0.000155 0.017112 200.000000 9.216590
90 0.000173 0.015404 300.000000 9.868421
90 0.000239 0.027356 400.000000 10.000000
90 0.000255 0.043266 500.000000 10.615711
90 0.000231 0.058739 600.000000 11.049724
90 0.000168 0.057985 700.000000 10.670732
90 0.000121 0.037112 800.000000 11.019283
100 0.000075 0.023337 100.000000 12.048193
100 0.000088 0.020472 200.000000 8.849558
100 0.000155 0.018696 300.000000 9.933775
100 0.000222 0.028349 400.000000 10.000000
100 0.000242 0.042691 500.000000 10.638298
100 0.000214 0.056334 600.000000 11.070110
100 0.000147 0.051417 700.000000 10.670732
100 0.000103 0.033169 800.000000 11.034483
110 0.000103 0.022632 100.000000 11.494253
110 0.000157 0.018284 200.000000 8.733624
110 0.000176 0.019241 300.000000 9.966778
110 0.000238 0.031628 400.000000 10.025063
110 0.000264 0.047656 500.000000 10.660981
110 0.000222 0.061876 600.000000 11.070110
110 0.000155 0.051639 700.000000 10.687023
110 0.000103 0.032900 800.000000 11.049724
120 0.000096 0.023519 100.000000 10.526316
120 0.000241 0.015612 200.000000 8.733624
120 0.000232 0.020785 300.000000 10.000000
120 0.000285 0.036272 400.000000 10.075566
120 0.000288 0.054496 500.000000 10.683761
120 0.000238 0.069220 600.000000 11.049724
120 0.000159 0.052567 700.000000 10.703364
120 0.000106 0.033125 800.000000 11.065007
130 0.000067 0.020999 100.000000 9.803922
130 0.000213 0.014855 200.000000 8.771930
130 0.000231 0.022581 300.000000 10.000000
130 0.000283 0.037838 400.000000 10.101010
130 0.000262 0.054953 500.000000 10.706638
130 0.000218 0.068237 600.000000 11.009174
130 0.000141 0.047961 700.000000 10.736197
130 0.000098 0.030286 800.000000 11.065007
140 0.000136 0.020935 100.000000 9.345795
140 0.000231 0.013780 200.000000 8.771930
140 0.000243 0.025143 300.000000 9.836065
140 0.000273 0.041392 400.000000 10.126582
140 0.000270 0.058334 500.000000 10.729613
140 0.000189 0.071072 600.000000 10.791367
140 0.000139 0.046291 700.000000 10.769231
140 0.000092 0.029065 800.000000 11.080333
150 0.000225 0.018773 100.000000 8.928572
150 0.000217 0.015058 200.000000 8.810573
150 0.000223 0.026857 300.000000 9.584664
150 0.000273 0.041817 400.000000 10.152285
150 0.000256 0.057699 500.000000 10.752688
150 0.000177 0.066491 600.000000 10.526316
150 0.000129 0.041743 700.000000 10.785825
150 0.000079 0.026519 800.000000 11.080333
160 0.000212 0.022492 100.000000 8.264462
160 0.000216 0.017193 200.000000 8.888889
160 0.000250 0.027470 300.000000 9.433962
160 0.000276 0.042760 400.000000 10.178117
160 0.000244 0.057694 500.000000 10.775862
160 0.000180 0.061119 600.000000 10.434783
160 0.000108 0.038008 700.000000 10.802469
160 0.000079 0.024772 800.000000 11.080333
170 0.000229 0.019935 100.000000 7.299270
170 0.000231 0.019078 200.000000 8.928572
170 0.000296 0.033315 300.000000 9.375000
170 0.000303 0.050068 400.000000 10.230179
170 0.000265 0.065926 500.000000 10.799136
170 0.000184 0.063733 600.000000 10.416667
170 0.000129 0.039952 700.000000 10.835914
170 0.000087 0.025492 800.000000 11.095700
180 0.000247 0.018694 100.000000 6.896552
180 0.000276 0.021600 200.000000 9.049774
180 0.000319 0.037251 300.000000 9.404388
180 0.000316 0.054562 400.000000 10.282776
180 0.000271 0.070005 500.000000 10.845987
180 0.000186 0.062840 600.000000 10.434783
180 0.000129 0.039258 700.000000 10.869565
180 0.000093 0.024921 800.000000 11.095700
190 0.000280 0.017514 100.000000 6.896552
190 0.000281 0.024087 200.000000 9.216590
190 0.000309 0.039521 300.000000 9.493670
190 0.000328 0.056556 400.000000 10.362695
190 0.000264 0.071446 500.000000 10.893247
190 0.000181 0.059936 600.000000 10.489511
190 0.000121 0.037390 700.000000 10.920437
190 0.000082 0.023754 800.000000 11.126565
200 0.000241 0.017863 100.000000 7.092198
200 0.000254 0.024079 200.000000 9.389671
200 0.000286 0.037564 300.000000 9.646302
200 0.000307 0.053786 400.000000 10.498688
200 0.000247 0.067866 500.000000 10.989011
200 0.000161 0.054156 600.000000 10.582010
200 0.000108 0.033827 700.000000 11.006289
200 0.000072 0.021625 800.000000 11.173184
210 0.000356 0.016549 100.000000 7.299270
210 0.000296 0.029869 200.000000 9.615385
210 0.000354 0.045594 300.000000 9.803922
210 0.000335 0.062834 400.000000 10.638298
210 0.000269 0.076551 500.000000 11.111111
210 0.000171 0.058293 600.000000 10.676157
210 0.000114 0.036488 700.000000 11.093502
210 0.000084 0.023105 800.000000 11.220197
220 0.000402 0.017282 100.000000 7.575758
220 0.000305 0.032087 200.000000 9.852217
220 0.000348 0.047422 300.000000 10.000000
220 0.000326 0.065004 400.000000 10.781672
220 0.000258 0.078554 500.000000 11.185682
220 0.000164 0.056803 600.000000 10.771993
220 0.000111 0.035668 700.000000 11.182109
220 0.000083 0.022603 800.000000 11.283498
230 0.000434 0.020760 100.000000 7.812500
230 0.000354 0.036868 200.000000 10.000000
230 0.000385 0.053728 300.000000 10.135135
230 0.000331 0.071470 400.000000 10.899182
230 0.000264 0.084378 500.000000 11.235955
230 0.000166 0.058072 600.000000 10.869565
230 0.000115 0.036303 700.000000 11.254020
230 0.000091 0.022727 800.000000 11.331445
240 0.000425 0.022560 100.000000 8.064516
240 0.000361 0.038189 200.000000 10.050251
240 0.000374 0.054884 300.000000 10.273973
240 0.000326 0.071837 400.000000 11.019283
240 0.000243 0.084055 500.000000 11.185682
240 0.000160 0.054999 600.000000 10.968922
240 0.000102 0.034204 700.000000 11.308562
240 0.000073 0.021425 800.000000 11.379801
250 0.000399 0.023495 100.000000 8.333333
250 0.000344 0.037752 200.000000 10.000000
250 0.000359 0.053102 300.000000 10.452962
250 0.000324 0.069677 400.000000 11.142061
250 0.000196 0.080276 500.000000 11.013216
250 0.000146 0.050339 600.000000 11.049724
250 0.000097 0.031364 700.000000 11.382113
250 0.000067 0.019974 800.000000 11.444921
260 0.000446 0.026436 100.000000 8.620689
260 0.000354 0.040937 200.000000 9.900990
260 0.000364 0.055112 300.000000 10.600707
260 0.000318 0.071261 400.000000 11.267606
260 0.000199 0.078673 500.000000 10.893247
260 0.000147 0.048147 600.000000 11.131725
260 0.000094 0.030076 700.000000 11.456629
260 0.000065 0.019115 800.000000 11.510792
270 0.000489 0.031051 100.000000 8.928572
270 0.000392 0.044163 200.000000 9.900990
270 0.000396 0.059380 300.000000 10.752688
270 0.000318 0.074875 400.000000 11.428572
270 0.000233 0.078774 500.000000 10.893247
270 0.000140 0.047783 600.000000 11.235955
270 0.000100 0.030104 700.000000 11.532125
270 0.000074 0.019179 800.000000 11.594203
280 0.000458 0.029462 100.000000 9.433962
280 0.000406 0.041869 200.000000 10.101010
280 0.000384 0.057793 300.000000 10.989011
280 0.000312 0.072967 400.000000 11.627907
280 0.000220 0.074002 500.000000 10.964912
280 0.000129 0.044801 600.000000 11.363636
280 0.000098 0.028319 700.000000 11.627907
280 0.000071 0.018078 800.000000 11.695907
290 0.000511 0.036803 100.000000 10.101010
290 0.000447 0.049187 200.000000 10.362695
290 0.000408 0.065219 300.000000 11.278195
290 0.000329 0.080722 400.000000 11.834319
290 0.000231 0.078605 500.000000 11.111111
290 0.000137 0.047758 600.000000 11.516315
290 0.000106 0.030150 700.000000 11.744967
290 0.000072 0.018935 800.000000 11.799410
300 0.000322 0.023865 100.000000 10.869565
300 0.000372 0.036029 200.000000 10.695188
300 0.000361 0.051552 300.000000 11.583012
300 0.000293 0.066723 400.000000 12.084592
300 0.000194 0.064341 500.000000 11.261261
300 0.000119 0.038784 600.000000 11.673152
300 0.000087 0.024434 700.000000 11.884550
300 0.000054 0.015793 800.000000 11.922503
310 0.000296 0.021054 100.000000 11.764706
310 0.000346 0.032747 200.000000 11.049724
310 0.000338 0.048200 300.000000 11.857708
310 0.000277 0.063087 400.000000 12.307693
310 0.000179 0.058963 500.000000 11.415525
310 0.000115 0.035762 600.000000 11.834319
310 0.000066 0.022528 700.000000 12.006861
310 0.000046 0.014805 800.000000 12.048193
320 0.000329 0.022676 100.000000 12.658228
320 0.000362 0.034970 200.000000 11.299435
320 0.000342 0.050118 300.000000 12.145749
320 0.000278 0.064588 400.000000 12.539185
320 0.000178 0.058034 500.000000 11.547344
320 0.000119 0.035071 600.000000 11.952191
320 0.000076 0.022291 700.000000 12.110726
320 0.000039 0.014610 800.000000 12.139606
330 0.000295 0.023682 100.000000 13.333333
330 0.000339 0.034063 200.000000 11.560694
330 0.000345 0.049292 300.000000 12.295082
330 0.000268 0.062780 400.000000 12.658228
330 0.000166 0.052866 500.000000 11.627907
330 0.000102 0.032035 600.000000 12.048193
330 0.000062 0.020484 700.000000 12.152778
330 0.000047 0.013831 800.000000 12.213740
340 0.000297 0.023348 100.000000 13.698630
340 0.000336 0.034168 200.000000 11.695907
340 0.000342 0.049250 300.000000 12.448133
340 0.000256 0.062524 400.000000 12.698413
340 0.000152 0.048508 500.000000 11.709601
340 0.000092 0.029258 600.000000 12.096774
340 0.000053 0.018725 700.000000 12.131716
340 0.000045 0.012859 800.000000 12.251148
350 0.000233 0.020615 100.000000 13.698630
350 0.000342 0.030837 200.000000 11.764706
350 0.000305 0.045614 300.000000 12.500000
350 0.000228 0.057658 400.000000 12.658228
350 0.000123 0.040646 500.000000 11.737089
350 0.000067 0.024616 600.000000 12.096774
350 0.000045 0.016431 700.000000 12.110726
350 0.000032 0.011688 800.000000 12.269938
360 0.000261 0.020087 100.000000 13.333333
360 0.000342 0.032905 200.000000 11.834319
360 0.000299 0.047609 300.000000 12.500000
360 0.000217 0.058412 400.000000 12.461060
360 0.000107 0.037347 500.000000 11.764706
360 0.000053 0.022782 600.000000 12.096774
360 0.000030 0.015373 700.000000 12.068966
360 0.000029 0.011140 800.000000 12.232416
370 0.000297 0.021513 100.000000 12.195122
370 0.000342 0.033346 200.000000 11.834319
370 0.000298 0.047760 300.000000 12.500000
370 0.000138 0.057393 400.000000 11.834319
370 0.000101 0.033403 500.000000 11.792453
370 0.000042 0.020504 600.000000 12.096774
370 0.000023 0.014422 700.000000 12.068966
370 0.000027 0.010778 800.000000 12.102875
380 0.000329 0.024406 100.000000 10.869565
380 0.000368 0.034317 200.000000 11.834319
380 0.000273 0.048223 300.000000 12.500000
380 0.000181 0.052999 400.000000 11.461318
380 0.000078 0.029684 500.000000 11.792453
380 0.000040 0.019051 600.000000 12.072434
380 0.000022 0.013985 700.000000 12.068966
380 0.000025 0.010379 800.000000 11.958146
390 0.000448 0.026357 100.000000 10.309278
390 0.000392 0.039804 200.000000 11.834319
390 0.000290 0.053885 300.000000 12.448133
390 0.000168 0.051546 400.000000 11.299435
390 0.000082 0.029268 500.000000 11.792453
390 0.000051 0.018849 600.000000 12.024048
390 0.000023 0.013755 700.000000 12.068966
390 0.000038 0.009899 800.000000 11.834319
400 0.000440 0.025914 100.000000 10.101010
400 0.000372 0.038245 200.000000 11.764706
400 0.000269 0.050856 300.000000 12.396694
400 0.000140 0.043548 400.000000 11.235955
400 0.000071 0.025244 500.000000 11.792453
400 0.000036 0.016921 600.000000 11.976048
400 0.000020 0.013282 700.000000 12.048193
400 0.000036 0.009951 800.000000 11.730206
410 0.000454 0.028867 100.000000 10.000000
410 0.000394 0.043673 200.000000 11.764706
410 0.000265 0.055815 300.000000 12.345679
410 0.000139 0.041983 400.000000 11.235955
410 0.000062 0.024137 500.000000 11.764706
410 0.000036 0.016103 600.000000 11.881188
410 0.000029 0.012823 700.000000 12.048193
410 0.000046 0.009467 800.000000 11.611031
420 0.000414 0.027401 100.000000 10.101010
420 0.000347 0.040913 200.000000 11.764706
420 0.000237 0.051247 300.000000 12.244898
420 0.000099 0.034565 400.000000 11.267606
420 0.000033 0.020334 500.000000 11.764706
420 0.000015 0.014872 600.000000 11.834319
420 0.000016 0.012927 700.000000 12.048193
430 0.000413 0.027277 100.000000 10.309278
430 0.000307 0.038651 200.000000 11.904762
430 0.000203 0.047547 300.000000 12.145749
430 0.000072 0.029419 400.000000 11.331445
430 0.000017 0.018071 500.000000 11.820331
430 0.000010 0.014241 600.000000 11.834319
430 0.000019 0.013625 700.000000 12.048193
440 0.000425 0.027096 100.000000 10.752688
440 0.000298 0.039104 200.000000 12.195122
440 0.000162 0.048340 300.000000 11.952191
440 0.000071 0.027500 400.000000 11.461318
440 0.000011 0.017223 500.000000 11.904762
440 0.000020 0.014113 600.000000 11.904762
440 0.000019 0.014075 700.000000 12.068966
450 0.000402 0.027880 100.000000 11.363636
450 0.000324 0.040207 200.000000 12.578616
450 0.000122 0.048713 300.000000 11.673152
450 0.000074 0.026325 400.000000 11.627907
450 0.000011 0.016749 500.000000 12.019231
450 0.000024 0.014326 600.000000 12.000000
450 0.000027 0.014172 700.000000 12.068966
460 0.000409 0.025148 100.000000 12.048193
460 0.000308 0.039377 200.000000 12.987013
460 0.000127 0.046262 300.000000 11.583012
460 0.000067 0.024312 400.000000 11.834319
460 0.000015 0.015974 500.000000 12.165450
460 0.000033 0.014353 600.000000 12.121212
460 0.000027 0.014563 700.000000 12.089810
470 0.000429 0.024317 100.000000 12.820513
470 0.000274 0.037340 200.000000 13.333333
470 0.000155 0.041397 300.000000 11.583012
470 0.000046 0.021473 400.000000 11.976048
470 0.000019 0.015682 500.000000 12.285012
470 0.000031 0.015392 600.000000 12.244898
470 0.000033 0.015861 700.000000 12.089810
480 0.000360 0.022281 100.000000 13.333333
480 0.000239 0.031742 200.000000 13.698630
480 0.000118 0.033263 300.000000 11.583012
480 0.000042 0.017952 400.000000 12.121212
480 0.000033 0.015163 500.000000 12.376238
480 0.000046 0.016656 600.000000 12.320329
480 0.000045 0.018277 700.000000 12.068966
490 0.000343 0.022431 100.000000 13.698630
490 0.000234 0.032423 200.000000 13.793103
490 0.000094 0.030183 300.000000 11.627907
490 0.000044 0.017602 400.000000 12.195122
490 0.000048 0.015521 500.000000 12.406948
490 0.000054 0.017672 600.000000 12.396694
490 0.000053 0.019295 700.000000 12.027492
500 0.000352 0.021872 100.000000 13.888889
500 0.000226 0.030625 200.000000 13.888889
500 0.000076 0.025706 300.000000 11.627907
500 0.000045 0.015750 400.000000 12.232416
500 0.000047 0.016017 500.000000 12.376238
500 0.000053 0.019571 600.000000 12.422360
500 0.000066 0.021320 700.000000 11.965812
510 0.000380 0.024536 100.000000 13.888889
510 0.000212 0.032878 200.000000 13.793103
510 0.000062 0.023922 300.000000 11.627907
510 0.000051 0.015443 400.000000 12.232416
510 0.000060 0.016470 500.000000 12.285012
510 0.000055 0.020506 600.000000 12.422360
520 0.000276 0.022048 100.000000 13.888889
520 0.000161 0.027393 200.000000 13.513514
520 0.000058 0.018340 300.000000 11.627907
520 0.000072 0.014336 400.000000 12.195122
520 0.000076 0.018630 500.000000 12.165450
520 0.000075 0.023857 600.000000 12.396694
530 0.000266 0.022243 100.000000 13.698630
530 0.000121 0.028169 200.000000 12.738853
530 0.000070 0.015806 300.000000 11.673152
530 0.000099 0.014755 400.000000 12.158054
530 0.000103 0.020178 500.000000 12.106538
530 0.000071 0.026148 600.000000 12.295082
540 0.000253 0.021697 100.000000 13.698630
540 0.000108 0.027849 200.000000 11.428572
540 0.000081 0.014161 300.000000 11.673152
540 0.000119 0.016104 400.000000 12.121212
540 0.000113 0.022631 500.000000 12.106538
540 0.000085 0.028600 600.000000 12.096774
550 0.000183 0.019702 100.000000 13.698630
550 0.000074 0.022134 200.000000 10.869565
550 0.000115 0.012248 300.000000 11.673152
550 0.000115 0.018855 400.000000 12.121212
550 0.000119 0.026871 500.000000 12.106538
550 0.000098 0.032730 600.000000 11.904762
560 0.000159 0.019956 100.000000 13.698630
560 0.000081 0.018912 200.000000 10.695188
560 0.000113 0.013267 300.000000 11.718750
560 0.000131 0.021675 400.000000 12.048193
560 0.000133 0.030156 500.000000 12.106538
560 0.000097 0.035907 600.000000 11.764706
570 0.000120 0.020866 100.000000 13.513514
570 0.000096 0.015310 200.000000 10.638298
570 0.000132 0.014279 300.000000 11.718750
570 0.000138 0.024845 400.000000 11.976048
570 0.000131 0.034372 500.000000 12.106538
570 0.000118 0.039729 600.000000 11.650485
580 0.000093 0.021984 100.000000 13.333333
580 0.000134 0.013128 200.000000 10.695188
580 0.000158 0.016073 300.000000 11.718750
580 0.000168 0.027864 400.000000 11.869436
580 0.000141 0.038181 500.000000 12.106538
590 0.000061 0.020854 100.000000 12.987013
590 0.000161 0.011513 200.000000 10.695188
590 0.000176 0.018264 300.000000 11.673152
590 0.000166 0.030309 400.000000 11.764706
590 0.000145 0.039897 500.000000 12.077294
600 0.000107 0.024180 100.000000 11.764706
600 0.000184 0.010655 200.000000 10.752688
600 0.000195 0.021419 300.000000 11.673152
600 0.000188 0.033185 400.000000 11.730206
600 0.000141 0.042777 500.000000 12.019231
610 0.000330 0.027857 100.000000 9.803922
610 0.000205 0.012196 200.000000 10.752688
610 0.000221 0.025235 300.000000 11.627907
610 0.000186 0.036766 400.000000 11.695907
610 0.000148 0.045640 500.000000 11.792453
620 0.000150 0.021721 100.000000 8.928572
620 0.000210 0.013624 200.000000 10.810811
620 0.000196 0.028053 300.000000 11.583012
620 0.000186 0.038818 400.000000 11.695907
620 0.000142 0.045991 500.000000 11.574074
630 0.000216 0.016309 100.000000 8.695652
630 0.000230 0.018169 200.000000 10.810811
630 0.000219 0.033095 300.000000 11.538462
630 0.000192 0.043463 400.000000 11.730206
630 0.000135 0.050151 500.000000 11.441648
640 0.000250 0.012754 100.000000 8.695652
640 0.000227 0.022796 200.000000 10.869565
640 0.000206 0.037178 300.000000 11.494253
640 0.000189 0.047724 400.000000 11.730206
640 0.000151 0.052845 500.000000 11.337869
650 0.000261 0.011303 100.000000 8.695652
650 0.000258 0.025690 200.000000 10.928962
650 0.000205 0.039061 300.000000 11.406844
650 0.000171 0.049245 400.000000 11.764706
650 0.000142 0.054068 500.000000 11.185682
660 0.000326 0.013675 100.000000 8.849558
660 0.000285 0.030110 200.000000 10.989011
660 0.000235 0.042984 300.000000 11.363636
660 0.000192 0.052731 400.000000 11.799410
670 0.000314 0.012671 100.000000 9.090909
670 0.000249 0.028707 200.000000 11.111111
670 0.000216 0.040148 300.000000 11.406844
670 0.000188 0.049197 400.000000 11.869436
680 0.000339 0.015843 100.000000 9.523809
680 0.000279 0.031412 200.000000 11.363636
680 0.000234 0.042131 300.000000 11.538462
680 0.000178 0.050655 400.000000 11.976048
690 0.000223 0.016466 100.000000 10.101010
690 0.000240 0.025763 200.000000 11.764706
690 0.000201 0.033436 300.000000 11.811024
690 0.000132 0.041079 400.000000 12.121212
700 0.000167 0.018811 100.000000 10.869565
700 0.000189 0.022682 200.000000 12.195122
700 0.000179 0.027328 300.000000 12.096774
700 0.000123 0.033659 400.000000 12.232416
710 0.000106 0.022812 100.000000 11.627907
710 0.000176 0.022279 200.000000 12.658228
710 0.000148 0.024914 300.000000 12.396694
710 0.000110 0.030059 400.000000 12.383901
720 0.000241 0.023503 100.000000 12.500000
720 0.000253 0.031499 200.000000 13.071896
720 0.000212 0.038860 300.000000 12.711864
720 0.000141 0.044792 400.000000 12.422360
730 0.000301 0.024904 100.000000 13.333333
730 0.000242 0.034948 200.000000 13.422819
730 0.000210 0.042656 300.000000 12.931034
730 0.000144 0.047441 400.000000 12.422360
740 0.000325 0.026298 100.000000 13.888889
740 0.000212 0.035704 200.000000 13.605442
740 0.000205 0.042788 300.000000 13.100436
740 0.000133 0.046651 400.000000 12.383901
750 0.000185 0.025485 100.000000 14.285714
750 0.000206 0.034440 200.000000 13.605442
750 0.000181 0.040959 300.000000 13.215859
750 0.000119 0.043585 400.000000 12.269938
760 0.000273 0.026128 100.000000 14.285714
760 0.000221 0.034943 200.000000 13.422819
760 0.000170 0.041769 300.000000 13.215859
760 0.000123 0.043517 400.000000 12.084592
770 0.000240 0.025847 100.000000 14.084507
770 0.000190 0.032073 200.000000 13.071896
770 0.000159 0.037845 300.000000 13.215859
780 0.000211 0.025178 100.000000 13.888889
780 0.000152 0.029348 200.000000 12.820513
780 0.000143 0.034047 300.000000 13.100436
790 0.000286 0.025291 100.000000 13.698630
790 0.000220 0.028445 200.000000 12.738853
790 0.000115 0.033209 300.000000 12.711864
800 0.000244 0.025641 100.000000 13.333333
800 0.000150 0.029246 200.000000 12.658228
800 0.000106 0.031972 300.000000 12.244898
810 0.000145 0.023787 100.000000 13.157895
810 0.000157 0.025022 200.000000 12.658228
810 0.000087 0.026567 300.000000 11.904762
820 0.000211 0.029928 100.000000 12.820513
820 0.000178 0.033816 200.000000 12.658228
820 0.000122 0.034338 300.000000 11.627907
830 0.000188 0.027673 100.000000 12.345679
830 0.000144 0.030483 200.000000 12.658228
830 0.000112 0.029847 300.000000 11.363636
840 0.000150 0.023748 100.000000 12.048193
840 0.000118 0.026480 200.000000 12.658228
850 0.000142 0.023518 100.000000 11.764706
850 0.000126 0.026386 200.000000 12.578616
860 0.000189 0.018712 100.000000 11.627907
860 0.000091 0.020796 200.000000 12.269938
870 0.000163 0.016670 100.000000 11.764706
870 0.000103 0.019332 200.000000 11.764706
880 0.000160 0.021804 100.000000 11.904762
880 0.000114 0.023194 200.000000 11.363636
890 0.000163 0.020111 100.000000 12.048193
890 0.000139 0.020545 200.000000 11.111111
900 0.000162 0.023816 100.000000 12.345679
900 0.000173 0.022222 200.000000 10.989011
910 0.000113 0.022099 100.000000 12.658228
910 0.000171 0.020660 200.000000 10.810811
920 0.000129 0.023429 100.000000 12.987013
930 0.000098 0.022159 100.000000 13.333333
940 0.000108 0.019885 100.000000 13.157895
950 0.000113 0.021194 100.000000 12.048193
960 0.000152 0.019607 100.000000 10.989011
970 0.000260 0.018507 100.000000 10.204082
980 0.000276 0.017362 100.000000 9.708738
990 0.000312 0.019630 100.000000 9.090909
