0 0.000448 0.016807 100.000000 5.780347
0 0.000421 0.035261 200.000000 6.329114
0 0.000404 0.032135 300.000000 6.711410
0 0.000255 0.023172 400.000000 6.908463
0 0.000202 0.024772 500.000000 6.289308
0 0.000196 0.021465 600.000000 6.734007
10 0.000454 0.016376 100.000000 6.060606
10 0.000412 0.034471 200.000000 6.430868
10 0.000392 0.031502 300.000000 6.833713
10 0.000251 0.022800 400.000000 7.005254
10 0.000199 0.024378 500.000000 6.361323
10 0.000191 0.021535 600.000000 6.795017
20 0.000551 0.018505 100.000000 6.369427
20 0.000504 0.038865 200.000000 6.451613
20 0.000418 0.036508 300.000000 6.944445
20 0.000266 0.025468 400.000000 7.104796
20 0.000209 0.026109 500.000000 6.426735
20 0.000196 0.022647 600.000000 6.841505
30 0.000526 0.018505 100.000000 6.622517
30 0.000496 0.035250 200.000000 6.514658
30 0.000404 0.033210 300.000000 7.025761
30 0.000248 0.023421 400.000000 7.207207
30 0.000197 0.024417 500.000000 6.493506
30 0.000185 0.021925 600.000000 6.880734
40 0.000548 0.023233 100.000000 6.849315
40 0.000498 0.037651 200.000000 6.557377
40 0.000417 0.035839 300.000000 7.058824
40 0.000254 0.025324 400.000000 7.285975
40 0.000203 0.025348 500.000000 6.553080
40 0.000197 0.022269 600.000000 6.888634
50 0.000565 0.024882 100.000000 6.993007
50 0.000482 0.036194 200.000000 6.600660
50 0.000408 0.034835 300.000000 7.042253
50 0.000251 0.025820 400.000000 7.352941
50 0.000205 0.025217 500.000000 6.596306
50 0.000189 0.021885 600.000000 6.880734
60 0.000545 0.026703 100.000000 7.092198
60 0.000468 0.033590 200.000000 6.622517
60 0.000330 0.031940 300.000000 6.976744
60 0.000247 0.026351 400.000000 7.393715
60 0.000198 0.024715 500.000000 6.631300
60 0.000180 0.021571 600.000000 6.872852
70 0.000562 0.030630 100.000000 7.142857
70 0.000481 0.033858 200.000000 6.644518
70 0.000333 0.031145 300.000000 6.928406
70 0.000248 0.028454 400.000000 7.421150
70 0.000206 0.025271 500.000000 6.657790
70 0.000184 0.021388 600.000000 6.864988
80 0.000598 0.031342 100.000000 7.142857
80 0.000475 0.031422 200.000000 6.688963
80 0.000307 0.028166 300.000000 6.912442
80 0.000245 0.029249 400.000000 7.434944
80 0.000198 0.024863 500.000000 6.675568
80 0.000182 0.021139 600.000000 6.857143
90 0.000531 0.028192 100.000000 7.142857
90 0.000441 0.025076 200.000000 6.711410
90 0.000268 0.023450 300.000000 6.928406
90 0.000229 0.028054 400.000000 7.421150
90 0.000194 0.023251 500.000000 6.702413
90 0.000173 0.020351 600.000000 6.841505
100 0.000465 0.027671 100.000000 7.092198
100 0.000430 0.022413 200.000000 6.756757
100 0.000257 0.021869 300.000000 6.960557
100 0.000223 0.027914 400.000000 7.259528
100 0.000190 0.022982 500.000000 6.720430
100 0.000165 0.020249 600.000000 6.825939
110 0.000485 0.030454 100.000000 7.092198
110 0.000439 0.023645 200.000000 6.802721
110 0.000265 0.021749 300.000000 6.976744
110 0.000198 0.028296 400.000000 6.201550
110 0.000193 0.023188 500.000000 6.747638
110 0.000168 0.020460 600.000000 6.795017
120 0.000454 0.027571 100.000000 7.142857
120 0.000435 0.022761 200.000000 6.872852
120 0.000236 0.021312 300.000000 7.025761
120 0.000189 0.027016 400.000000 6.201550
120 0.000184 0.023090 500.000000 6.784261
120 0.000171 0.020653 600.000000 6.764374
130 0.000447 0.023660 100.000000 7.352941
130 0.000426 0.022473 200.000000 6.993007
130 0.000231 0.022212 300.000000 7.092198
130 0.000191 0.027128 400.000000 6.240250
130 0.000182 0.023272 500.000000 6.830601
130 0.000166 0.020895 600.000000 6.703911
140 0.000466 0.021634 100.000000 7.575758
140 0.000429 0.023225 200.000000 7.142857
140 0.000233 0.023119 300.000000 7.177033
140 0.000196 0.027219 400.000000 6.289308
140 0.000186 0.023443 500.000000 6.887053
140 0.000153 0.021265 600.000000 6.637168
150 0.000441 0.018082 100.000000 7.692307
150 0.000417 0.023072 200.000000 7.220217
150 0.000231 0.023084 300.000000 7.246377
150 0.000198 0.025775 400.000000 6.339144
150 0.000186 0.022836 500.000000 6.925208
150 0.000147 0.021658 600.000000 6.578948
160 0.000395 0.016490 100.000000 7.692307
160 0.000408 0.022448 200.000000 7.272727
160 0.000221 0.022321 300.000000 7.299270
160 0.000198 0.024192 400.000000 6.379585
160 0.000183 0.021946 500.000000 6.954103
160 0.000138 0.021705 600.000000 6.514658
170 0.000379 0.015685 100.000000 7.142857
170 0.000395 0.023254 200.000000 7.272727
170 0.000230 0.021635 300.000000 7.352941
170 0.000205 0.022825 400.000000 6.410256
170 0.000180 0.021229 500.000000 6.954103
180 0.000460 0.010485 100.000000 6.329114
180 0.000348 0.021943 200.000000 7.194244
180 0.000221 0.019726 300.000000 7.389163
180 0.000208 0.020478 400.000000 6.451613
180 0.000171 0.019804 500.000000 6.915629
190 0.000405 0.006345 100.000000 6.172840
190 0.000344 0.022578 200.000000 7.042253
190 0.000215 0.020238 300.000000 7.444169
190 0.000208 0.020662 400.000000 6.482982
190 0.000168 0.019876 500.000000 6.849315
200 0.000412 0.003135 100.000000 6.134969
200 0.000259 0.023153 200.000000 6.849315
200 0.000230 0.022064 300.000000 7.462687
200 0.000217 0.020862 400.000000 6.514658
200 0.000170 0.020222 500.000000 6.811989
210 0.000407 0.005499 100.000000 6.172840
210 0.000240 0.022734 200.000000 6.779661
210 0.000204 0.022600 300.000000 7.481297
210 0.000217 0.021265 400.000000 6.535948
210 0.000163 0.020316 500.000000 6.793478
220 0.000410 0.005521 100.000000 6.211180
220 0.000224 0.019835 200.000000 6.779661
220 0.000226 0.021563 300.000000 7.500000
220 0.000219 0.019764 400.000000 6.557377
220 0.000167 0.020450 500.000000 6.784261
230 0.000391 0.006729 100.000000 6.289308
230 0.000217 0.018172 200.000000 6.802721
230 0.000227 0.021655 300.000000 7.500000
230 0.000224 0.019375 400.000000 6.589786
230 0.000171 0.020251 500.000000 6.775068
240 0.000458 0.012562 100.000000 6.410256
240 0.000268 0.020959 200.000000 6.849315
240 0.000233 0.024706 300.000000 7.263923
240 0.000227 0.020620 400.000000 6.622517
240 0.000180 0.021267 500.000000 6.756757
250 0.000459 0.015791 100.000000 6.493506
250 0.000307 0.020796 200.000000 6.896552
250 0.000288 0.023620 300.000000 5.940594
250 0.000229 0.020772 400.000000 6.655574
250 0.000183 0.021708 500.000000 6.729475
260 0.000473 0.018222 100.000000 6.578948
260 0.000287 0.021033 200.000000 6.920415
260 0.000301 0.022733 300.000000 5.917160
260 0.000227 0.020959 400.000000 6.688963
260 0.000193 0.022005 500.000000 6.666667
270 0.000446 0.018751 100.000000 6.666667
270 0.000284 0.019168 200.000000 6.944445
270 0.000304 0.020759 300.000000 5.928854
270 0.000222 0.020408 400.000000 6.711410
270 0.000178 0.022492 500.000000 6.476684
280 0.000431 0.019933 100.000000 6.756757
280 0.000292 0.018500 200.000000 7.017544
280 0.000297 0.019791 300.000000 5.964215
280 0.000222 0.020450 400.000000 6.745363
280 0.000170 0.023237 500.000000 6.361323
290 0.000465 0.022944 100.000000 6.849315
290 0.000300 0.020040 200.000000 7.092198
290 0.000300 0.020751 300.000000 6.024096
290 0.000224 0.020903 400.000000 6.779661
290 0.000171 0.023635 500.000000 6.297229
300 0.000486 0.027300 100.000000 7.042253
300 0.000306 0.021476 200.000000 7.246377
300 0.000301 0.021805 300.000000 6.097561
300 0.000225 0.021207 400.000000 6.825939
310 0.000436 0.025521 100.000000 7.352941
310 0.000324 0.018980 200.000000 7.434944
310 0.000303 0.020099 300.000000 6.198347
310 0.000221 0.021528 400.000000 6.896552
320 0.000386 0.025100 100.000000 7.751938
320 0.000321 0.018435 200.000000 7.662835
320 0.000303 0.020184 300.000000 6.302521
320 0.000222 0.021539 400.000000 6.980803
330 0.000288 0.021773 100.000000 8.130081
330 0.000317 0.017822 200.000000 7.905138
330 0.000312 0.020939 300.000000 6.410256
330 0.000221 0.023204 400.000000 7.042253
340 0.000287 0.023022 100.000000 8.264462
340 0.000307 0.019367 200.000000 8.097166
340 0.000307 0.022279 300.000000 6.493506
340 0.000205 0.024201 400.000000 7.054674
350 0.000296 0.022606 100.000000 8.064516
350 0.000282 0.019397 200.000000 8.230453
350 0.000293 0.021894 300.000000 6.564551
350 0.000203 0.023104 400.000000 7.029877
360 0.000176 0.020048 100.000000 7.692307
360 0.000267 0.020067 200.000000 8.298756
360 0.000291 0.022023 300.000000 6.622517
360 0.000195 0.023043 400.000000 6.980803
370 0.000184 0.018481 100.000000 7.462687
370 0.000248 0.019807 200.000000 8.333333
370 0.000301 0.022521 300.000000 6.637168
370 0.000189 0.023700 400.000000 6.956522
380 0.000205 0.016300 100.000000 7.352941
380 0.000259 0.021220 200.000000 8.298756
380 0.000293 0.023761 300.000000 6.666667
380 0.000189 0.023367 400.000000 6.920415
390 0.000272 0.015755 100.000000 7.299270
390 0.000260 0.022714 200.000000 8.163265
390 0.000286 0.025739 300.000000 6.666667
390 0.000185 0.024702 400.000000 6.872852
400 0.000413 0.016377 100.000000 7.299270
400 0.000426 0.019817 200.000000 5.714286
400 0.000279 0.027961 300.000000 6.681514
400 0.000186 0.026489 400.000000 6.802721
410 0.000483 0.017767 100.000000 7.246377
410 0.000482 0.022623 200.000000 5.617978
410 0.000277 0.030584 300.000000 6.696429
410 0.000200 0.028100 400.000000 6.677796
420 0.000495 0.019494 100.000000 7.194244
420 0.000481 0.025767 200.000000 5.602241
420 0.000271 0.032483 300.000000 6.711410
420 0.000200 0.029069 400.000000 6.369427
430 0.000571 0.024308 100.000000 7.246377
430 0.000484 0.030391 200.000000 5.633803
430 0.000274 0.036238 300.000000 6.726458
430 0.000198 0.031624 400.000000 6.211180
440 0.000608 0.029328 100.000000 7.352941
440 0.000492 0.034551 200.000000 5.681818
440 0.000285 0.039028 300.000000 6.726458
450 0.000591 0.027015 100.000000 7.575758
450 0.000470 0.032797 200.000000 5.763689
450 0.000289 0.036410 300.000000 6.726458
460 0.000618 0.032577 100.000000 7.874016
460 0.000478 0.037104 200.000000 5.847953
460 0.000267 0.040280 300.000000 6.711410
470 0.000601 0.034942 100.000000 8.196721
470 0.000466 0.038142 200.000000 5.952381
470 0.000264 0.040584 300.000000 6.711410
480 0.000478 0.025777 100.000000 8.547009
480 0.000415 0.029591 200.000000 6.060606
480 0.000243 0.031550 300.000000 6.726458
490 0.000379 0.018782 100.000000 8.928572
490 0.000377 0.023460 200.000000 6.172840
490 0.000218 0.025204 300.000000 6.756757
500 0.000367 0.019607 100.000000 9.259259
500 0.000388 0.023934 200.000000 6.250000
500 0.000217 0.025024 300.000000 6.772009
510 0.000334 0.019243 100.000000 9.433962
510 0.000366 0.023630 200.000000 6.309148
510 0.000203 0.023606 300.000000 6.772009
520 0.000305 0.018134 100.000000 9.345795
520 0.000326 0.023959 200.000000 6.349206
520 0.000180 0.022996 300.000000 6.741573
530 0.000198 0.017059 100.000000 8.196721
530 0.000281 0.024355 200.000000 6.369427
530 0.000162 0.022201 300.000000 6.666667
540 0.000497 0.013804 100.000000 4.587156
540 0.000246 0.023122 200.000000 6.410256
540 0.000132 0.019370 300.000000 6.593407
550 0.000501 0.017054 100.000000 4.545455
550 0.000238 0.022442 200.000000 6.430868
550 0.000152 0.018476 300.000000 6.396588
560 0.000447 0.020218 100.000000 4.566210
560 0.000249 0.021650 200.000000 6.472492
560 0.000125 0.017233 300.000000 6.048387
570 0.000418 0.021714 100.000000 4.587156
570 0.000243 0.021888 200.000000 6.451613
570 0.000110 0.017933 300.000000 5.847953
580 0.000397 0.024419 100.000000 4.608295
580 0.000238 0.022004 200.000000 6.349206
590 0.000382 0.026478 100.000000 4.651163
590 0.000193 0.022430 200.000000 6.134969
600 0.000415 0.028744 100.000000 4.672897
600 0.000182 0.023675 200.000000 5.988024
610 0.000484 0.029840 100.000000 4.694836
610 0.000185 0.023454 200.000000 5.934718
620 0.000458 0.028280 100.000000 4.739336
620 0.000190 0.020831 200.000000 5.899705
630 0.000460 0.029276 100.000000 4.807693
630 0.000180 0.020799 200.000000 5.899705
640 0.000482 0.027789 100.000000 4.950495
640 0.000195 0.018283 200.000000 5.952381
650 0.000573 0.035919 100.000000 5.154639
650 0.000235 0.024180 200.000000 6.060606
660 0.000601 0.042752 100.000000 5.405406
660 0.000240 0.029162 200.000000 6.230530
670 0.000480 0.036695 100.000000 5.714286
670 0.000179 0.023778 200.000000 6.430868
680 0.000424 0.035873 100.000000 6.060606
680 0.000150 0.022893 200.000000 6.644518
690 0.000387 0.034949 100.000000 6.451613
690 0.000131 0.021990 200.000000 6.849315
700 0.000362 0.034208 100.000000 6.896552
700 0.000119 0.021411 200.000000 7.092198
710 0.000347 0.034023 100.000000 7.407407
710 0.000110 0.021321 200.000000 7.352941
720 0.000325 0.032744 100.000000 8.000000
720 0.000100 0.020305 200.000000 7.633588
730 0.000322 0.017937 100.000000 8.695652
730 0.000145 0.012575 200.000000 7.936508
740 0.000417 0.020007 100.000000 9.345795
740 0.000213 0.019224 200.000000 8.163265
750 0.000381 0.017634 100.000000 10.101010
750 0.000187 0.014824 200.000000 8.333333
760 0.000435 0.022591 100.000000 10.526316
760 0.000233 0.019866 200.000000 8.333333
770 0.000439 0.024253 100.000000 10.869565
770 0.000222 0.019938 200.000000 7.843137
780 0.000428 0.025315 100.000000 10.869565
780 0.000142 0.018951 200.000000 7.067138
790 0.000368 0.024207 100.000000 10.526316
800 0.000296 0.025096 100.000000 9.433962
810 0.000199 0.020022 100.000000 8.403361
820 0.000235 0.018530 100.000000 8.000000
830 0.000220 0.016807 100.000000 7.692307
840 0.000180 0.014716 100.000000 7.352941
850 0.000146 0.013302 100.000000 6.944445
860 0.000166 0.012966 100.000000 6.134969
870 0.000193 0.013487 100.000000 5.208333
880 0.000250 0.014856 100.000000 4.807693
