0 0.000302 0.017308 100.000000 8.474576
0 0.000235 0.021735 200.000000 9.478673
0 0.000394 0.030980 300.000000 10.452962
0 0.000336 0.043255 400.000000 10.498688
0 0.000320 0.061954 500.000000 10.438414
0 0.000314 0.072363 600.000000 10.434783
0 0.000323 0.082839 700.000000 10.294118
0 0.000334 0.087857 800.000000 10.282776
10 0.000233 0.015228 100.000000 9.009009
10 0.000213 0.018322 200.000000 9.756098
10 0.000388 0.029286 300.000000 10.714286
10 0.000326 0.044041 400.000000 10.695188
10 0.000306 0.061726 500.000000 10.593221
10 0.000300 0.070595 600.000000 10.563380
10 0.000317 0.080664 700.000000 10.385756
10 0.000329 0.085782 800.000000 10.376135
20 0.000255 0.017361 100.000000 9.523809
20 0.000207 0.022727 200.000000 10.050251
20 0.000419 0.032560 300.000000 10.989011
20 0.000341 0.046942 400.000000 10.840109
20 0.000316 0.065158 500.000000 10.729613
20 0.000311 0.074130 600.000000 10.676157
20 0.000328 0.085098 700.000000 10.463378
20 0.000336 0.088875 800.000000 10.471204
30 0.000241 0.018704 100.000000 10.101010
30 0.000212 0.025589 200.000000 10.256411
30 0.000445 0.034705 300.000000 11.235955
30 0.000348 0.049225 400.000000 10.958904
30 0.000322 0.067431 500.000000 10.845987
30 0.000316 0.076247 600.000000 10.771993
30 0.000338 0.088186 700.000000 10.510510
30 0.000331 0.090532 800.000000 10.554090
40 0.000210 0.015183 100.000000 10.526316
40 0.000217 0.022023 200.000000 10.471204
40 0.000428 0.032545 300.000000 11.450381
40 0.000336 0.049281 400.000000 11.049724
40 0.000308 0.066340 500.000000 10.917030
40 0.000310 0.073980 600.000000 10.830325
40 0.000340 0.086156 700.000000 10.542169
40 0.000318 0.087969 800.000000 10.624170
50 0.000260 0.016832 100.000000 10.989011
50 0.000288 0.026307 200.000000 10.638298
50 0.000452 0.036141 300.000000 11.583012
50 0.000356 0.053616 400.000000 11.080333
50 0.000326 0.070336 500.000000 10.989011
50 0.000315 0.078025 600.000000 10.889292
50 0.000353 0.091084 700.000000 10.558069
50 0.000325 0.091235 800.000000 10.680908
60 0.000234 0.017935 100.000000 11.363636
60 0.000348 0.025700 200.000000 10.810811
60 0.000436 0.036481 300.000000 11.673152
60 0.000358 0.055068 400.000000 11.111111
60 0.000328 0.070659 500.000000 11.013216
60 0.000318 0.077250 600.000000 10.928962
60 0.000355 0.090782 700.000000 10.558069
60 0.000319 0.090075 800.000000 10.738256
70 0.000164 0.011015 100.000000 11.494253
70 0.000302 0.012721 200.000000 10.989011
70 0.000374 0.031882 300.000000 11.673152
70 0.000319 0.050785 400.000000 11.111111
70 0.000292 0.062460 500.000000 10.989011
70 0.000300 0.066234 600.000000 10.928962
70 0.000326 0.079313 700.000000 10.558069
70 0.000287 0.080973 800.000000 10.767160
80 0.000232 0.009645 100.000000 11.494253
80 0.000360 0.016217 200.000000 11.111111
80 0.000388 0.035234 300.000000 11.627907
80 0.000337 0.054668 400.000000 11.080333
80 0.000310 0.065931 500.000000 10.940919
80 0.000310 0.070130 600.000000 10.909091
80 0.000328 0.083003 700.000000 10.558069
80 0.000284 0.084023 800.000000 10.810811
90 0.000283 0.012176 100.000000 11.494253
90 0.000437 0.023226 200.000000 11.299435
90 0.000403 0.040851 300.000000 11.583012
90 0.000355 0.060976 400.000000 11.049724
90 0.000325 0.071361 500.000000 10.917030
90 0.000325 0.076412 600.000000 10.869565
90 0.000342 0.088098 700.000000 10.558069
90 0.000295 0.089094 800.000000 10.840109
100 0.000254 0.010586 100.000000 11.235955
100 0.000428 0.021526 200.000000 11.494253
100 0.000379 0.041991 300.000000 11.494253
100 0.000337 0.060308 400.000000 11.049724
100 0.000322 0.068553 500.000000 10.917030
100 0.000322 0.074195 600.000000 10.791367
100 0.000343 0.084109 700.000000 10.574018
100 0.000289 0.086621 800.000000 10.854816
110 0.000210 0.011537 100.000000 10.869565
110 0.000398 0.023826 200.000000 11.627907
110 0.000365 0.044278 300.000000 11.450381
110 0.000325 0.060831 400.000000 11.049724
110 0.000325 0.067386 500.000000 10.917030
110 0.000321 0.074262 600.000000 10.695188
110 0.000339 0.082371 700.000000 10.574018
110 0.000275 0.085860 800.000000 10.854816
120 0.000254 0.011267 100.000000 10.526316
120 0.000481 0.025935 200.000000 11.764706
120 0.000367 0.048389 300.000000 11.320755
120 0.000331 0.063392 400.000000 11.019283
120 0.000324 0.068448 500.000000 10.893247
120 0.000336 0.076837 600.000000 10.619469
120 0.000346 0.082908 700.000000 10.590015
120 0.000265 0.087702 800.000000 10.825439
130 0.000268 0.014501 100.000000 10.309278
130 0.000558 0.031227 200.000000 11.834319
130 0.000388 0.053803 300.000000 11.194030
130 0.000341 0.068579 400.000000 10.989011
130 0.000336 0.073088 500.000000 10.869565
130 0.000364 0.083640 600.000000 10.544815
130 0.000344 0.087089 700.000000 10.606061
130 0.000274 0.092560 800.000000 10.796222
140 0.000332 0.014924 100.000000 10.204082
140 0.000554 0.034516 200.000000 11.764706
140 0.000388 0.055961 300.000000 11.070110
140 0.000345 0.068884 400.000000 10.928962
140 0.000330 0.072690 500.000000 10.822511
140 0.000373 0.084835 600.000000 10.452962
140 0.000337 0.086472 700.000000 10.606061
140 0.000275 0.093395 800.000000 10.767160
150 0.000484 0.015964 100.000000 10.204082
150 0.000531 0.037747 200.000000 11.695907
150 0.000403 0.058788 300.000000 10.948905
150 0.000355 0.070257 400.000000 10.869565
150 0.000338 0.073255 500.000000 10.799136
150 0.000379 0.086475 600.000000 10.398614
150 0.000322 0.086805 700.000000 10.638298
150 0.000278 0.095229 800.000000 10.752688
160 0.000502 0.013207 100.000000 10.416667
160 0.000501 0.038106 200.000000 11.627907
160 0.000405 0.058271 300.000000 10.869565
160 0.000348 0.067976 400.000000 10.810811
160 0.000342 0.070741 500.000000 10.775862
160 0.000361 0.083983 600.000000 10.380623
160 0.000310 0.084325 700.000000 10.670732
160 0.000277 0.093824 800.000000 10.767160
170 0.000489 0.010551 100.000000 10.752688
170 0.000458 0.038165 200.000000 11.560694
170 0.000365 0.055160 300.000000 10.869565
170 0.000320 0.061942 400.000000 10.752688
170 0.000322 0.064718 500.000000 10.729613
170 0.000339 0.077075 600.000000 10.398614
170 0.000292 0.079441 700.000000 10.703364
170 0.000270 0.090068 800.000000 10.767160
180 0.000628 0.016545 100.000000 11.111111
180 0.000485 0.045107 200.000000 11.494253
180 0.000401 0.061792 300.000000 10.869565
180 0.000350 0.067527 400.000000 10.781672
180 0.000345 0.071243 500.000000 10.706638
180 0.000361 0.082251 600.000000 10.416667
180 0.000302 0.084538 700.000000 10.752688
180 0.000285 0.096412 800.000000 10.767160
190 0.000631 0.015186 100.000000 11.627907
190 0.000455 0.045077 200.000000 11.560694
190 0.000369 0.059925 300.000000 10.948905
190 0.000352 0.064738 400.000000 10.810811
190 0.000337 0.069563 500.000000 10.660981
190 0.000361 0.079087 600.000000 10.452962
190 0.000295 0.082431 700.000000 10.785825
190 0.000287 0.095029 800.000000 10.752688
200 0.000592 0.021058 100.000000 12.345679
200 0.000457 0.049614 200.000000 11.627907
200 0.000375 0.063129 300.000000 11.029411
200 0.000358 0.066668 400.000000 10.899182
200 0.000347 0.072736 500.000000 10.638298
200 0.000366 0.080623 600.000000 10.507881
200 0.000289 0.084436 700.000000 10.835914
200 0.000292 0.097792 800.000000 10.738256
210 0.000713 0.020313 100.000000 12.987013
210 0.000439 0.050736 200.000000 11.695907
210 0.000378 0.062183 300.000000 11.152416
210 0.000353 0.065298 400.000000 10.958904
210 0.000359 0.072713 500.000000 10.638298
210 0.000367 0.079136 600.000000 10.563380
210 0.000274 0.084035 700.000000 10.852714
210 0.000291 0.097278 800.000000 10.709505
220 0.000924 0.031289 100.000000 13.513514
220 0.000497 0.060923 200.000000 11.695907
220 0.000404 0.072072 300.000000 11.194030
220 0.000371 0.073582 400.000000 10.989011
220 0.000388 0.082558 500.000000 10.593221
220 0.000381 0.086712 600.000000 10.600707
220 0.000285 0.091710 700.000000 10.852714
220 0.000312 0.104358 800.000000 10.666667
230 0.000853 0.035961 100.000000 13.698630
230 0.000469 0.059779 200.000000 11.560694
230 0.000372 0.068308 300.000000 11.194030
230 0.000357 0.069258 400.000000 10.989011
230 0.000390 0.079718 500.000000 10.548523
230 0.000355 0.082562 600.000000 10.638298
230 0.000278 0.088666 700.000000 10.852714
230 0.000320 0.098213 800.000000 10.582010
240 0.000670 0.028370 100.000000 13.698630
240 0.000379 0.045306 200.000000 11.428572
240 0.000321 0.051514 300.000000 11.152416
240 0.000307 0.053458 400.000000 10.958904
240 0.000361 0.065576 500.000000 10.460251
240 0.000320 0.068169 600.000000 10.676157
240 0.000254 0.076581 700.000000 10.835914
240 0.000308 0.081673 800.000000 10.498688
250 0.000569 0.031273 100.000000 13.157895
250 0.000372 0.043226 200.000000 11.173184
250 0.000304 0.048294 300.000000 10.948905
250 0.000312 0.049851 400.000000 10.869565
250 0.000346 0.062756 500.000000 10.373444
250 0.000288 0.065262 600.000000 10.676157
250 0.000247 0.074482 700.000000 10.802469
250 0.000307 0.074928 800.000000 10.430247
260 0.000436 0.031069 100.000000 12.345679
260 0.000318 0.037120 200.000000 10.869565
260 0.000277 0.040004 300.000000 10.752688
260 0.000286 0.042735 400.000000 10.723861
260 0.000316 0.054902 500.000000 10.309278
260 0.000261 0.059227 600.000000 10.676157
260 0.000241 0.069324 700.000000 10.752688
260 0.000294 0.065701 800.000000 10.362695
270 0.000340 0.029026 100.000000 11.627907
270 0.000292 0.031070 200.000000 10.638298
270 0.000263 0.032340 300.000000 10.563380
270 0.000274 0.037395 400.000000 10.498688
270 0.000312 0.047891 500.000000 10.224949
270 0.000246 0.054711 600.000000 10.657193
270 0.000234 0.065460 700.000000 10.670732
270 0.000272 0.059026 800.000000 10.296010
280 0.000331 0.031379 100.000000 10.869565
280 0.000269 0.032602 200.000000 10.416667
280 0.000285 0.033444 300.000000 10.416667
280 0.000286 0.040635 400.000000 10.256411
280 0.000321 0.049331 500.000000 10.183299
280 0.000239 0.057252 600.000000 10.582010
280 0.000250 0.068695 700.000000 10.510510
280 0.000247 0.059218 800.000000 10.230179
290 0.000136 0.022547 100.000000 10.309278
290 0.000182 0.018569 200.000000 10.256411
290 0.000222 0.018870 300.000000 10.309278
290 0.000268 0.028432 400.000000 10.075566
290 0.000293 0.036938 500.000000 10.141988
290 0.000191 0.047533 600.000000 10.507881
290 0.000229 0.057795 700.000000 10.370370
290 0.000230 0.050711 800.000000 10.178117
300 0.000112 0.018200 100.000000 9.900990
300 0.000150 0.013716 200.000000 10.152285
300 0.000200 0.014056 300.000000 10.238908
300 0.000277 0.025131 400.000000 9.950249
300 0.000257 0.033582 500.000000 10.162601
300 0.000183 0.044496 600.000000 10.452962
300 0.000238 0.052720 700.000000 10.233918
300 0.000216 0.048653 800.000000 10.126582
310 0.000155 0.017322 100.000000 9.708738
310 0.000151 0.011938 200.000000 10.101010
310 0.000184 0.011695 300.000000 10.238908
310 0.000287 0.024010 400.000000 9.852217
310 0.000250 0.033571 500.000000 10.183299
310 0.000186 0.044422 600.000000 10.434783
310 0.000256 0.050028 700.000000 10.144928
310 0.000197 0.049068 800.000000 10.037642
320 0.000180 0.016108 100.000000 9.615385
320 0.000180 0.012785 200.000000 10.050251
320 0.000214 0.015382 300.000000 10.204082
320 0.000305 0.028376 400.000000 9.828010
320 0.000234 0.037262 500.000000 10.224949
320 0.000195 0.047209 600.000000 10.452962
320 0.000270 0.050620 700.000000 10.115607
320 0.000217 0.049975 800.000000 9.950249
330 0.000230 0.015710 100.000000 9.523809
330 0.000199 0.014317 200.000000 10.000000
330 0.000240 0.017894 300.000000 10.204082
330 0.000292 0.031050 400.000000 9.828010
330 0.000235 0.039685 500.000000 10.288066
330 0.000205 0.049396 600.000000 10.471204
330 0.000274 0.050542 700.000000 10.101010
330 0.000230 0.049733 800.000000 9.913259
340 0.000217 0.015064 100.000000 9.523809
340 0.000193 0.014947 200.000000 10.000000
340 0.000241 0.019899 300.000000 10.204082
340 0.000286 0.032636 400.000000 9.852217
340 0.000228 0.041576 500.000000 10.351967
340 0.000211 0.050876 600.000000 10.507881
340 0.000276 0.049866 700.000000 10.115607
340 0.000234 0.049301 800.000000 9.900990
350 0.000221 0.014992 100.000000 9.615385
350 0.000212 0.014589 200.000000 10.000000
350 0.000255 0.020966 300.000000 10.169492
350 0.000297 0.032798 400.000000 9.876543
350 0.000230 0.042615 500.000000 10.416667
350 0.000219 0.051861 600.000000 10.526316
350 0.000270 0.049214 700.000000 10.115607
350 0.000228 0.048613 800.000000 9.913259
360 0.000225 0.014807 100.000000 9.708738
360 0.000241 0.016107 200.000000 10.101010
360 0.000267 0.024937 300.000000 10.101010
360 0.000314 0.034776 400.000000 9.925558
360 0.000235 0.044636 500.000000 10.482181
360 0.000231 0.054497 600.000000 10.489511
360 0.000252 0.050011 700.000000 10.130246
360 0.000236 0.048629 800.000000 9.925558
370 0.000206 0.014582 100.000000 9.900990
370 0.000262 0.016131 200.000000 10.152285
370 0.000274 0.026475 300.000000 10.033444
370 0.000318 0.035231 400.000000 9.975062
370 0.000222 0.045936 500.000000 10.504202
370 0.000236 0.055924 600.000000 10.434783
370 0.000237 0.050188 700.000000 10.130246
370 0.000233 0.048460 800.000000 9.937888
380 0.000257 0.014441 100.000000 10.000000
380 0.000270 0.018308 200.000000 10.204082
380 0.000315 0.030216 300.000000 9.966778
380 0.000331 0.037721 400.000000 10.025063
380 0.000210 0.048468 500.000000 10.504202
380 0.000245 0.058552 600.000000 10.380623
380 0.000243 0.051315 700.000000 10.130246
380 0.000232 0.049066 800.000000 9.950249
390 0.000241 0.014804 100.000000 10.101010
390 0.000255 0.018013 200.000000 10.256411
390 0.000324 0.030228 300.000000 9.933775
390 0.000324 0.037492 400.000000 10.101010
390 0.000202 0.048418 500.000000 10.526316
390 0.000253 0.057845 600.000000 10.327023
390 0.000242 0.051136 700.000000 10.130246
390 0.000225 0.049177 800.000000 9.962640
400 0.000257 0.014935 100.000000 10.309278
400 0.000289 0.020541 200.000000 10.362695
400 0.000364 0.033688 300.000000 9.900990
400 0.000309 0.039976 400.000000 10.178117
400 0.000210 0.050392 500.000000 10.548523
400 0.000272 0.058434 600.000000 10.256411
400 0.000237 0.052768 700.000000 10.130246
400 0.000221 0.050028 800.000000 9.987515
410 0.000269 0.013555 100.000000 10.416667
410 0.000274 0.018421 200.000000 10.416667
410 0.000372 0.031298 300.000000 9.868421
410 0.000302 0.039125 400.000000 10.256411
410 0.000208 0.049955 500.000000 10.570825
410 0.000284 0.055467 600.000000 10.204082
410 0.000213 0.052862 700.000000 10.086455
410 0.000210 0.050007 800.000000 10.025063
420 0.000243 0.013805 100.000000 10.416667
420 0.000268 0.016469 200.000000 10.471204
420 0.000369 0.029243 300.000000 9.868421
420 0.000269 0.039325 400.000000 10.335917
420 0.000203 0.049390 500.000000 10.593221
420 0.000291 0.052585 600.000000 10.186757
420 0.000218 0.052095 700.000000 10.000000
420 0.000201 0.050104 800.000000 10.050251
430 0.000209 0.014474 100.000000 10.416667
430 0.000277 0.014856 200.000000 10.526316
430 0.000339 0.028268 300.000000 9.868421
430 0.000251 0.039629 400.000000 10.443864
430 0.000202 0.048980 500.000000 10.638298
430 0.000285 0.050354 600.000000 10.169492
430 0.000233 0.050632 700.000000 9.957326
430 0.000196 0.050196 800.000000 10.075566
440 0.000241 0.014813 100.000000 10.309278
440 0.000278 0.015383 200.000000 10.471204
440 0.000322 0.028960 300.000000 9.900990
440 0.000238 0.041213 400.000000 10.498688
440 0.000208 0.049583 500.000000 10.660981
440 0.000284 0.049174 600.000000 10.186757
440 0.000238 0.049843 700.000000 9.929078
440 0.000190 0.050689 800.000000 10.113780
450 0.000247 0.014436 100.000000 10.309278
450 0.000281 0.016769 200.000000 10.416667
450 0.000333 0.030256 300.000000 9.933775
450 0.000236 0.042910 400.000000 10.582010
450 0.000219 0.050687 500.000000 10.683761
450 0.000283 0.048645 600.000000 10.186757
450 0.000232 0.049495 700.000000 9.929078
450 0.000192 0.051403 800.000000 10.139417
460 0.000285 0.013700 100.000000 10.309278
460 0.000301 0.018479 200.000000 10.256411
460 0.000349 0.031540 300.000000 9.933775
460 0.000239 0.044581 400.000000 10.638298
460 0.000229 0.052451 500.000000 10.638298
460 0.000261 0.049060 600.000000 10.169492
460 0.000240 0.049049 700.000000 9.929078
460 0.000191 0.052029 800.000000 10.178117
470 0.000342 0.013792 100.000000 10.309278
470 0.000324 0.023324 200.000000 10.050251
470 0.000361 0.034820 300.000000 9.966778
470 0.000234 0.047548 400.000000 10.638298
470 0.000246 0.055747 500.000000 10.526316
470 0.000248 0.050608 600.000000 10.152285
470 0.000243 0.049745 700.000000 9.929078
470 0.000190 0.053522 800.000000 10.204082
480 0.000286 0.013622 100.000000 10.204082
480 0.000350 0.023077 200.000000 9.852217
480 0.000361 0.035457 300.000000 10.000000
480 0.000205 0.048158 400.000000 10.610080
480 0.000246 0.055719 500.000000 10.416667
480 0.000247 0.050493 600.000000 10.118044
480 0.000233 0.049941 700.000000 9.915014
480 0.000186 0.053945 800.000000 10.230179
490 0.000322 0.013928 100.000000 10.204082
490 0.000393 0.025632 200.000000 9.708738
490 0.000346 0.037729 300.000000 10.067114
490 0.000206 0.049381 400.000000 10.582010
490 0.000263 0.056237 500.000000 10.288066
490 0.000249 0.051379 600.000000 10.101010
490 0.000228 0.050599 700.000000 9.929078
490 0.000187 0.054767 800.000000 10.256411
500 0.000318 0.015163 100.000000 10.309278
500 0.000421 0.028121 200.000000 9.569378
500 0.000329 0.040486 300.000000 10.135135
500 0.000214 0.050627 400.000000 10.554090
500 0.000298 0.055415 500.000000 10.183299
500 0.000228 0.052967 600.000000 10.050251
500 0.000220 0.051595 700.000000 9.929078
500 0.000187 0.055468 800.000000 10.296010
510 0.000306 0.015170 100.000000 10.309278
510 0.000432 0.027642 200.000000 9.523809
510 0.000316 0.041388 300.000000 10.204082
510 0.000210 0.050163 400.000000 10.582010
510 0.000316 0.052464 500.000000 10.101010
510 0.000220 0.052785 600.000000 9.950249
510 0.000204 0.051702 700.000000 9.957326
510 0.000177 0.055604 800.000000 10.322580
520 0.000338 0.014862 100.000000 10.416667
520 0.000419 0.028229 200.000000 9.523809
520 0.000272 0.042182 300.000000 10.344828
520 0.000206 0.049403 400.000000 10.638298
520 0.000304 0.050230 500.000000 10.101010
520 0.000240 0.051439 600.000000 9.868421
520 0.000202 0.051493 700.000000 10.000000
520 0.000173 0.055572 800.000000 10.376135
530 0.000337 0.014531 100.000000 10.526316
530 0.000378 0.029682 200.000000 9.569378
530 0.000256 0.043057 300.000000 10.452962
530 0.000213 0.048768 400.000000 10.695188
530 0.000306 0.048437 500.000000 10.121457
530 0.000247 0.050256 600.000000 9.852217
530 0.000197 0.051912 700.000000 10.043041
530 0.000174 0.056283 800.000000 10.430247
540 0.000355 0.017240 100.000000 10.526316
540 0.000384 0.032876 200.000000 9.661836
540 0.000267 0.045899 300.000000 10.563380
540 0.000230 0.051404 400.000000 10.723861
540 0.000319 0.049250 500.000000 10.121457
540 0.000255 0.051293 600.000000 9.852217
540 0.000200 0.053762 700.000000 10.086455
540 0.000178 0.058554 800.000000 10.471204
550 0.000334 0.017199 100.000000 10.309278
550 0.000384 0.031862 200.000000 9.708738
550 0.000249 0.045075 300.000000 10.676157
550 0.000227 0.049532 400.000000 10.723861
550 0.000294 0.047173 500.000000 10.121457
550 0.000241 0.049594 600.000000 9.852217
550 0.000192 0.053268 700.000000 10.115607
550 0.000167 0.058243 800.000000 10.512484
560 0.000302 0.017631 100.000000 9.900990
560 0.000385 0.032935 200.000000 9.708738
560 0.000234 0.045281 300.000000 10.714286
560 0.000234 0.048869 400.000000 10.610080
560 0.000255 0.046762 500.000000 10.101010
560 0.000243 0.048454 600.000000 9.852217
560 0.000183 0.053322 700.000000 10.144928
560 0.000156 0.058454 800.000000 10.540184
570 0.000329 0.018819 100.000000 9.523809
570 0.000384 0.034428 200.000000 9.756098
570 0.000203 0.046211 300.000000 10.676157
570 0.000240 0.049174 400.000000 10.471204
570 0.000241 0.047190 500.000000 10.080646
570 0.000233 0.049023 600.000000 9.836065
570 0.000179 0.053924 700.000000 10.189228
570 0.000151 0.058898 800.000000 10.582010
580 0.000417 0.019905 100.000000 9.259259
580 0.000405 0.036409 200.000000 9.852217
580 0.000193 0.046682 300.000000 10.676157
580 0.000247 0.049941 400.000000 10.362695
580 0.000248 0.047802 500.000000 10.060362
580 0.000231 0.049766 600.000000 9.836065
580 0.000180 0.054646 700.000000 10.218978
580 0.000149 0.059877 800.000000 10.610080
590 0.000521 0.021606 100.000000 9.009009
590 0.000365 0.039564 200.000000 9.950249
590 0.000199 0.047121 300.000000 10.638298
590 0.000276 0.049696 400.000000 10.204082
590 0.000243 0.049505 500.000000 10.020041
590 0.000219 0.051297 600.000000 9.852217
590 0.000176 0.055972 700.000000 10.248902
590 0.000143 0.061154 800.000000 10.638298
600 0.000599 0.025564 100.000000 8.771930
600 0.000360 0.043055 200.000000 10.050251
600 0.000217 0.048999 300.000000 10.600707
600 0.000322 0.049687 400.000000 10.075566
600 0.000221 0.052303 500.000000 9.920635
600 0.000215 0.053244 600.000000 9.868421
600 0.000178 0.057589 700.000000 10.294118
600 0.000144 0.062813 800.000000 10.680908
610 0.000596 0.026334 100.000000 8.695652
610 0.000304 0.043749 200.000000 10.152285
610 0.000207 0.046565 300.000000 10.638298
610 0.000334 0.046350 400.000000 10.000000
610 0.000226 0.051067 500.000000 9.803922
610 0.000200 0.053043 600.000000 9.884679
610 0.000166 0.057171 700.000000 10.324484
610 0.000140 0.061939 800.000000 10.709505
620 0.000485 0.027204 100.000000 8.695652
620 0.000254 0.041932 200.000000 10.309278
620 0.000198 0.042798 300.000000 10.676157
620 0.000319 0.042771 400.000000 9.975062
620 0.000239 0.048386 500.000000 9.708738
620 0.000188 0.051866 600.000000 9.933775
620 0.000161 0.056025 700.000000 10.370370
620 0.000134 0.060085 800.000000 10.752688
630 0.000423 0.030779 100.000000 8.771930
630 0.000243 0.043104 200.000000 10.471204
630 0.000202 0.042420 300.000000 10.752688
630 0.000314 0.042186 400.000000 10.000000
630 0.000245 0.048164 500.000000 9.708738
630 0.000181 0.052577 600.000000 9.966778
630 0.000158 0.056355 700.000000 10.432191
630 0.000135 0.060130 800.000000 10.796222
640 0.000459 0.032276 100.000000 8.928572
640 0.000232 0.043420 200.000000 10.638298
640 0.000210 0.041422 300.000000 10.791367
640 0.000309 0.041690 400.000000 10.025063
640 0.000233 0.047796 500.000000 9.727627
640 0.000180 0.052422 600.000000 10.033444
640 0.000156 0.056735 700.000000 10.479042
640 0.000137 0.059950 800.000000 10.854816
650 0.000478 0.031358 100.000000 9.174312
650 0.000230 0.042444 200.000000 10.869565
650 0.000207 0.040214 300.000000 10.869565
650 0.000290 0.041861 400.000000 10.075566
650 0.000237 0.047587 500.000000 9.765625
650 0.000176 0.053003 600.000000 10.101010
650 0.000153 0.057373 700.000000 10.558069
650 0.000140 0.060470 800.000000 10.914052
660 0.000505 0.032968 100.000000 9.433962
660 0.000235 0.042759 200.000000 11.111111
660 0.000234 0.040421 300.000000 10.830325
660 0.000259 0.043284 400.000000 10.126582
660 0.000243 0.048117 500.000000 9.803922
660 0.000173 0.054049 600.000000 10.169492
660 0.000145 0.058504 700.000000 10.622155
660 0.000141 0.061133 800.000000 10.989011
670 0.000480 0.032195 100.000000 9.803922
670 0.000208 0.041047 200.000000 11.235955
670 0.000235 0.038318 300.000000 10.830325
670 0.000233 0.042887 400.000000 10.178117
670 0.000231 0.047614 500.000000 9.861933
670 0.000165 0.053447 600.000000 10.256411
670 0.000139 0.057639 700.000000 10.703364
670 0.000140 0.060026 800.000000 11.065007
680 0.000438 0.028044 100.000000 10.101010
680 0.000184 0.034681 200.000000 11.363636
680 0.000222 0.032870 300.000000 10.791367
680 0.000224 0.039714 400.000000 10.230179
680 0.000214 0.045345 500.000000 9.920635
680 0.000155 0.051168 600.000000 10.327023
680 0.000133 0.055271 700.000000 10.769231
680 0.000133 0.057665 800.000000 11.126565
690 0.000417 0.027771 100.000000 10.526316
690 0.000186 0.031741 200.000000 11.494253
690 0.000235 0.030906 300.000000 10.714286
690 0.000227 0.039222 400.000000 10.256411
690 0.000204 0.045057 500.000000 9.960159
690 0.000154 0.050408 600.000000 10.398614
690 0.000128 0.054541 700.000000 10.835914
690 0.000132 0.056757 800.000000 11.188811
700 0.000266 0.024120 100.000000 10.869565
700 0.000205 0.025330 200.000000 11.560694
700 0.000235 0.025839 300.000000 10.638298
700 0.000203 0.037083 400.000000 10.282776
700 0.000184 0.043223 500.000000 10.020041
700 0.000146 0.048120 600.000000 10.471204
700 0.000124 0.052133 700.000000 10.903427
700 0.000131 0.054488 800.000000 11.251758
710 0.000228 0.021702 100.000000 11.363636
710 0.000208 0.023090 200.000000 11.695907
710 0.000269 0.023853 300.000000 10.526316
710 0.000177 0.037071 400.000000 10.230179
710 0.000174 0.043002 500.000000 10.060362
710 0.000145 0.047421 600.000000 10.544815
710 0.000124 0.051395 700.000000 10.971786
710 0.000132 0.054094 800.000000 11.315417
720 0.000209 0.019365 100.000000 11.764706
720 0.000198 0.021739 200.000000 11.834319
720 0.000293 0.023108 300.000000 10.489511
720 0.000177 0.036043 400.000000 10.126582
720 0.000161 0.042247 500.000000 10.121457
720 0.000137 0.046097 600.000000 10.619469
720 0.000124 0.049822 700.000000 11.023623
720 0.000135 0.052678 800.000000 11.379801
730 0.000232 0.020820 100.000000 12.195122
730 0.000184 0.022277 200.000000 11.904762
730 0.000288 0.025519 300.000000 10.452962
730 0.000205 0.036564 400.000000 10.000000
730 0.000163 0.043415 500.000000 10.162601
730 0.000140 0.047132 600.000000 10.676157
730 0.000124 0.050489 700.000000 11.093502
730 0.000133 0.053832 800.000000 11.428572
740 0.000233 0.021406 100.000000 12.658228
740 0.000166 0.022039 200.000000 11.976048
740 0.000293 0.027118 300.000000 10.416667
740 0.000210 0.037143 400.000000 9.925558
740 0.000157 0.043846 500.000000 10.204082
740 0.000141 0.047313 600.000000 10.714286
740 0.000128 0.050141 700.000000 11.128776
740 0.000128 0.053460 800.000000 11.477762
750 0.000228 0.020629 100.000000 12.987013
750 0.000149 0.021772 200.000000 11.976048
750 0.000286 0.028506 300.000000 10.416667
750 0.000203 0.037561 400.000000 9.900990
750 0.000156 0.043765 500.000000 10.245902
750 0.000140 0.047331 600.000000 10.771993
750 0.000131 0.050053 700.000000 11.164274
750 0.000131 0.053623 800.000000 11.527377
760 0.000260 0.018404 100.000000 13.157895
760 0.000131 0.022321 200.000000 11.764706
760 0.000220 0.030368 300.000000 10.344828
760 0.000201 0.036085 400.000000 9.876543
760 0.000148 0.041910 500.000000 10.288066
760 0.000137 0.045493 600.000000 10.810811
760 0.000137 0.048002 700.000000 11.217949
760 0.000134 0.052399 800.000000 11.560694
770 0.000312 0.019916 100.000000 12.987013
770 0.000129 0.023166 200.000000 11.363636
770 0.000177 0.032256 300.000000 10.273973
770 0.000191 0.036491 400.000000 9.852217
770 0.000142 0.041452 500.000000 10.309278
770 0.000133 0.044572 600.000000 10.849910
770 0.000138 0.047055 700.000000 11.235955
770 0.000137 0.051352 800.000000 11.594203
780 0.000440 0.022145 100.000000 12.658228
780 0.000131 0.025263 200.000000 10.928962
780 0.000183 0.033201 300.000000 10.169492
780 0.000182 0.036838 400.000000 9.803922
780 0.000147 0.040508 500.000000 10.330579
780 0.000136 0.043715 600.000000 10.869565
780 0.000139 0.046513 700.000000 11.272141
780 0.000143 0.051392 800.000000 11.611031
790 0.000337 0.023926 100.000000 12.195122
790 0.000213 0.024020 200.000000 10.416667
790 0.000188 0.034687 300.000000 10.033444
790 0.000174 0.039074 400.000000 9.779951
790 0.000144 0.042188 500.000000 10.351967
790 0.000130 0.045044 600.000000 10.869565
790 0.000138 0.047383 700.000000 11.272141
790 0.000144 0.051645 800.000000 11.627907
800 0.000276 0.026630 100.000000 11.764706
800 0.000303 0.024822 200.000000 9.950249
800 0.000163 0.036155 300.000000 9.740260
800 0.000158 0.040682 400.000000 9.732360
800 0.000140 0.042734 500.000000 10.373444
800 0.000126 0.045084 600.000000 10.889292
800 0.000142 0.047654 700.000000 11.290322
800 0.000146 0.052162 800.000000 11.594203
810 0.000148 0.025210 100.000000 11.363636
810 0.000375 0.026818 200.000000 9.661836
810 0.000226 0.038115 300.000000 9.375000
810 0.000168 0.044015 400.000000 9.732360
810 0.000144 0.046133 500.000000 10.373444
810 0.000127 0.047760 600.000000 10.889292
810 0.000142 0.050088 700.000000 11.308562
810 0.000145 0.054302 800.000000 11.477762
820 0.000142 0.023508 100.000000 11.111111
820 0.000395 0.030352 200.000000 9.478673
820 0.000247 0.040425 300.000000 9.202454
820 0.000158 0.046152 400.000000 9.708738
820 0.000140 0.047522 500.000000 10.373444
820 0.000128 0.048067 600.000000 10.889292
820 0.000135 0.050100 700.000000 11.308562
820 0.000152 0.052946 800.000000 11.220197
830 0.000193 0.022162 100.000000 10.752688
830 0.000363 0.034065 200.000000 9.345795
830 0.000234 0.041676 300.000000 9.118541
830 0.000160 0.046405 400.000000 9.708738
830 0.000140 0.047806 500.000000 10.395010
830 0.000134 0.047855 600.000000 10.909091
830 0.000137 0.050265 700.000000 11.326860
830 0.000162 0.051396 800.000000 11.080333
840 0.000301 0.021457 100.000000 10.204082
840 0.000292 0.038385 200.000000 9.259259
840 0.000259 0.043618 300.000000 9.063444
840 0.000156 0.048244 400.000000 9.732360
840 0.000133 0.049465 500.000000 10.416667
840 0.000138 0.048992 600.000000 10.928962
840 0.000138 0.051078 700.000000 11.363636
840 0.000167 0.050162 800.000000 11.004127
850 0.000419 0.022831 100.000000 9.708738
850 0.000302 0.041819 200.000000 9.216590
850 0.000263 0.047554 300.000000 9.063444
850 0.000169 0.051512 400.000000 9.803922
850 0.000141 0.052750 500.000000 10.482181
850 0.000145 0.052344 600.000000 10.989011
850 0.000146 0.054321 700.000000 11.419250
850 0.000186 0.051325 800.000000 10.943913
860 0.000519 0.027615 100.000000 9.433962
860 0.000345 0.045288 200.000000 9.216590
860 0.000274 0.051344 300.000000 9.090909
860 0.000178 0.054531 400.000000 9.876543
860 0.000137 0.055547 500.000000 10.548523
860 0.000145 0.054708 600.000000 11.049724
860 0.000153 0.056211 700.000000 11.475410
870 0.000565 0.028190 100.000000 9.009009
870 0.000331 0.046588 200.000000 9.174312
870 0.000254 0.051316 300.000000 9.146341
870 0.000175 0.053464 400.000000 9.950249
870 0.000139 0.054126 500.000000 10.615711
870 0.000152 0.053560 600.000000 11.111111
870 0.000161 0.055727 700.000000 11.513158
880 0.000666 0.026018 100.000000 8.695652
880 0.000240 0.047853 200.000000 9.009009
880 0.000228 0.050682 300.000000 9.174312
880 0.000175 0.051517 400.000000 10.025063
880 0.000136 0.051964 500.000000 10.683761
880 0.000158 0.052002 600.000000 11.173184
880 0.000165 0.054895 700.000000 11.551155
890 0.000729 0.027336 100.000000 8.403361
890 0.000253 0.045894 200.000000 8.733624
890 0.000211 0.049521 300.000000 9.202454
890 0.000170 0.049870 400.000000 10.075566
890 0.000145 0.050254 500.000000 10.729613
890 0.000170 0.051425 600.000000 11.235955
890 0.000171 0.055349 700.000000 11.532125
900 0.000708 0.031404 100.000000 8.264462
900 0.000324 0.044419 200.000000 8.510638
900 0.000211 0.049587 300.000000 9.230769
900 0.000179 0.049950 400.000000 10.126582
900 0.000156 0.050372 500.000000 10.775862
900 0.000167 0.052780 600.000000 11.278195
900 0.000170 0.057427 700.000000 11.382113
910 0.000672 0.035593 100.000000 8.130081
910 0.000324 0.043128 200.000000 8.403361
910 0.000198 0.047534 300.000000 9.287926
910 0.000178 0.048118 400.000000 10.178117
910 0.000164 0.048632 500.000000 10.822511
910 0.000167 0.052142 600.000000 11.320755
910 0.000183 0.056325 700.000000 11.182109
920 0.000569 0.038876 100.000000 8.130081
920 0.000290 0.041415 200.000000 8.403361
920 0.000192 0.044783 300.000000 9.345795
920 0.000174 0.045738 400.000000 10.256411
920 0.000166 0.046753 500.000000 10.869565
920 0.000169 0.051016 600.000000 11.385200
920 0.000183 0.053948 700.000000 11.093502
930 0.000427 0.041678 100.000000 8.264462
930 0.000301 0.040445 200.000000 8.474576
930 0.000193 0.043862 300.000000 9.463722
930 0.000177 0.045412 400.000000 10.362695
930 0.000174 0.046824 500.000000 10.989011
930 0.000173 0.052052 600.000000 11.472276
930 0.000182 0.053685 700.000000 11.093502
940 0.000342 0.042642 100.000000 8.403361
940 0.000293 0.039276 200.000000 8.583691
940 0.000189 0.041989 300.000000 9.615385
940 0.000178 0.043696 400.000000 10.498688
940 0.000177 0.045701 500.000000 11.086474
940 0.000175 0.051104 600.000000 11.583012
940 0.000184 0.051682 700.000000 11.111111
950 0.000347 0.040200 100.000000 8.620689
950 0.000281 0.038248 200.000000 8.695652
950 0.000206 0.040982 300.000000 9.771987
950 0.000193 0.044244 400.000000 10.638298
950 0.000188 0.047958 500.000000 11.210762
950 0.000186 0.054412 600.000000 11.695907
950 0.000196 0.053915 700.000000 11.111111
960 0.000373 0.039770 100.000000 8.849558
960 0.000284 0.038598 200.000000 8.849558
960 0.000216 0.041404 300.000000 9.900990
960 0.000197 0.044835 400.000000 10.781672
960 0.000191 0.049236 500.000000 11.337869
960 0.000193 0.055929 600.000000 11.811024
960 0.000188 0.054390 700.000000 11.111111
970 0.000337 0.034960 100.000000 9.009009
970 0.000256 0.033219 200.000000 8.968610
970 0.000217 0.036078 300.000000 10.067114
970 0.000201 0.040826 400.000000 10.899182
970 0.000197 0.046666 500.000000 11.467890
970 0.000195 0.054323 600.000000 11.928430
980 0.000321 0.031319 100.000000 9.259259
980 0.000240 0.030184 200.000000 9.132421
980 0.000216 0.033397 300.000000 10.238908
980 0.000202 0.038539 400.000000 11.080333
980 0.000199 0.045412 500.000000 11.627907
980 0.000200 0.053604 600.000000 12.048193
990 0.000313 0.023785 100.000000 9.345795
990 0.000224 0.023120 200.000000 9.302325
990 0.000219 0.028345 300.000000 10.452962
990 0.000208 0.035952 400.000000 11.235955
990 0.000203 0.045058 500.000000 11.764706
990 0.000199 0.053971 600.000000 12.145749
1000 0.000357 0.022099 100.000000 9.174312
1000 0.000234 0.022336 200.000000 9.478673
1000 0.000225 0.029648 300.000000 10.600707
1000 0.000214 0.037806 400.000000 11.363636
1000 0.000214 0.047267 500.000000 11.904762
1000 0.000195 0.056046 600.000000 12.244898
1010 0.000321 0.023673 100.000000 8.849558
1010 0.000238 0.024030 200.000000 9.615385
1010 0.000232 0.032011 300.000000 10.752688
1010 0.000225 0.040538 400.000000 11.494253
1010 0.000220 0.050181 500.000000 12.019231
1010 0.000196 0.058983 600.000000 12.244898
1020 0.000293 0.023789 100.000000 8.620689
1020 0.000246 0.025677 200.000000 9.756098
1020 0.000226 0.034050 300.000000 10.909091
1020 0.000227 0.042869 400.000000 11.594203
1020 0.000216 0.052108 500.000000 12.135922
1020 0.000204 0.060958 600.000000 12.121212
1030 0.000270 0.021446 100.000000 8.547009
1030 0.000250 0.026058 200.000000 9.852217
1030 0.000231 0.034882 300.000000 11.029411
1030 0.000230 0.044145 400.000000 11.695907
1030 0.000220 0.053490 500.000000 12.224939
1030 0.000193 0.060777 600.000000 11.904762
1040 0.000259 0.020140 100.000000 8.547009
1040 0.000246 0.025239 200.000000 10.000000
1040 0.000228 0.033727 300.000000 11.152416
1040 0.000223 0.042937 400.000000 11.799410
1040 0.000217 0.052058 500.000000 12.315271
1040 0.000186 0.056947 600.000000 11.787819
1050 0.000228 0.017619 100.000000 8.620689
1050 0.000211 0.020998 200.000000 10.152285
1050 0.000211 0.027664 300.000000 11.278195
1050 0.000202 0.035793 400.000000 11.904762
1050 0.000202 0.044617 500.000000 12.406948
1050 0.000181 0.048306 600.000000 11.741683
1060 0.000231 0.018856 100.000000 8.620689
1060 0.000163 0.019126 200.000000 10.309278
1060 0.000184 0.023127 300.000000 11.406844
1060 0.000174 0.028738 400.000000 12.048193
1060 0.000178 0.036824 500.000000 12.500000
1060 0.000179 0.039125 600.000000 11.673152
1070 0.000203 0.018295 100.000000 8.695652
1070 0.000181 0.017527 200.000000 10.471204
1070 0.000186 0.022767 300.000000 11.538462
1070 0.000175 0.029060 400.000000 12.158054
1070 0.000182 0.037159 500.000000 12.594459
1070 0.000183 0.038498 600.000000 11.583012
1080 0.000176 0.016314 100.000000 8.849558
1080 0.000189 0.017158 200.000000 10.638298
1080 0.000196 0.023573 300.000000 11.673152
1080 0.000183 0.031311 400.000000 12.269938
1080 0.000183 0.039196 500.000000 12.722647
1090 0.000179 0.018422 100.000000 9.009009
1090 0.000181 0.017783 200.000000 10.869565
1090 0.000185 0.022656 300.000000 11.857708
1090 0.000180 0.029794 400.000000 12.422360
1090 0.000184 0.037332 500.000000 12.820513
1100 0.000227 0.024425 100.000000 9.345795
1100 0.000189 0.022128 200.000000 11.173184
1100 0.000174 0.024651 300.000000 12.096774
1100 0.000185 0.030455 400.000000 12.618297
1100 0.000184 0.037541 500.000000 12.953368
1110 0.000198 0.024659 100.000000 9.803922
1110 0.000191 0.022227 200.000000 11.494253
1110 0.000174 0.024134 300.000000 12.345679
1110 0.000201 0.030296 400.000000 12.861736
1110 0.000189 0.037639 500.000000 13.089005
1120 0.000167 0.020300 100.000000 10.309278
1120 0.000193 0.019387 200.000000 11.904762
1120 0.000185 0.023239 300.000000 12.658228
1120 0.000202 0.030986 400.000000 13.071896
1120 0.000184 0.038741 500.000000 13.192612
1130 0.000193 0.015783 100.000000 10.869565
1130 0.000196 0.020213 200.000000 12.269938
1130 0.000207 0.026763 300.000000 12.931034
1130 0.000201 0.035184 400.000000 13.333333
1130 0.000190 0.043121 500.000000 13.192612
1140 0.000236 0.016992 100.000000 11.235955
1140 0.000210 0.022575 200.000000 12.578616
1140 0.000215 0.029745 300.000000 13.157895
1140 0.000206 0.038258 400.000000 13.513514
1140 0.000188 0.045684 500.000000 12.987013
1150 0.000256 0.018875 100.000000 11.627907
1150 0.000216 0.024994 200.000000 12.820513
1150 0.000221 0.032430 300.000000 13.333333
1150 0.000215 0.040585 400.000000 13.651877
1150 0.000185 0.045822 500.000000 12.787724
1160 0.000286 0.019914 100.000000 11.904762
1160 0.000245 0.026247 200.000000 13.071896
1160 0.000223 0.034545 300.000000 13.513514
1160 0.000216 0.042307 400.000000 13.793103
1160 0.000183 0.045599 500.000000 12.658228
1170 0.000331 0.019882 100.000000 12.345679
1170 0.000291 0.028008 200.000000 13.333333
1170 0.000229 0.037084 300.000000 13.698630
1170 0.000220 0.044772 400.000000 13.937283
1170 0.000182 0.045612 500.000000 12.562814
1180 0.000299 0.017947 100.000000 12.658228
1180 0.000269 0.026364 200.000000 13.513514
1180 0.000214 0.034407 300.000000 13.824884
1180 0.000210 0.041450 400.000000 14.084507
1180 0.000187 0.041570 500.000000 12.406948
1190 0.000294 0.019158 100.000000 12.987013
1190 0.000256 0.025985 200.000000 13.793103
1190 0.000215 0.034427 300.000000 13.953488
1190 0.000206 0.040830 400.000000 14.184397
1200 0.000262 0.018375 100.000000 13.333333
1200 0.000241 0.024195 200.000000 13.888889
1200 0.000201 0.031575 300.000000 14.150944
1200 0.000196 0.037804 400.000000 14.234876
1210 0.000215 0.017757 100.000000 13.698630
1210 0.000204 0.021494 200.000000 14.084507
1210 0.000210 0.028525 300.000000 14.218010
1210 0.000186 0.034641 400.000000 14.234876
1220 0.000223 0.018580 100.000000 13.888889
1220 0.000219 0.021971 200.000000 14.184397
1220 0.000210 0.028766 300.000000 14.354067
1220 0.000196 0.035788 400.000000 13.937283
1230 0.000202 0.018317 100.000000 14.084507
1230 0.000214 0.021822 200.000000 14.184397
1230 0.000207 0.028490 300.000000 14.423077
1230 0.000196 0.035183 400.000000 13.245033
1240 0.000231 0.018066 100.000000 14.084507
1240 0.000202 0.021999 200.000000 14.285714
1240 0.000209 0.028028 300.000000 14.492754
1240 0.000201 0.032674 400.000000 12.861736
1250 0.000254 0.018210 100.000000 14.285714
1250 0.000192 0.022384 200.000000 14.285714
1250 0.000195 0.027792 300.000000 14.492754
1250 0.000198 0.030567 400.000000 12.578616
1260 0.000212 0.020506 100.000000 14.285714
1260 0.000174 0.021413 200.000000 14.285714
1260 0.000186 0.025661 300.000000 14.492754
1260 0.000222 0.028132 400.000000 12.195122
1270 0.000218 0.018998 100.000000 14.285714
1270 0.000177 0.021904 200.000000 14.388489
1270 0.000188 0.025557 300.000000 14.492754
1280 0.000246 0.018369 100.000000 14.285714
1280 0.000203 0.023234 200.000000 14.388489
1280 0.000190 0.026928 300.000000 14.354067
1290 0.000217 0.017710 100.000000 14.084507
1290 0.000202 0.022324 200.000000 14.388489
1290 0.000190 0.028069 300.000000 13.888889
1300 0.000240 0.020113 100.000000 14.084507
1300 0.000218 0.024615 200.000000 14.388489
1300 0.000201 0.029545 300.000000 12.931034
1310 0.000183 0.019406 100.000000 14.084507
1310 0.000195 0.021538 200.000000 14.492754
1310 0.000224 0.025609 300.000000 12.345679
1320 0.000176 0.016561 100.000000 14.084507
1320 0.000184 0.018592 200.000000 14.492754
1320 0.000264 0.023121 300.000000 11.952191
1330 0.000181 0.016462 100.000000 14.084507
1330 0.000212 0.018307 200.000000 14.492754
1330 0.000279 0.024355 300.000000 11.494253
1340 0.000232 0.018696 100.000000 14.285714
1340 0.000235 0.019442 200.000000 14.492754
1350 0.000318 0.020362 100.000000 14.285714
1350 0.000272 0.021077 200.000000 14.285714
1360 0.000259 0.019896 100.000000 14.285714
1360 0.000234 0.024186 200.000000 13.513514
1370 0.000232 0.019092 100.000000 14.492754
1370 0.000275 0.023235 200.000000 12.195122
1380 0.000240 0.016803 100.000000 14.492754
1380 0.000310 0.021750 200.000000 11.494253
1390 0.000241 0.017464 100.000000 14.492754
1390 0.000350 0.021630 200.000000 10.989011
1400 0.000262 0.016440 100.000000 14.492754
1410 0.000239 0.015357 100.000000 14.492754
1420 0.000256 0.014496 100.000000 13.888889
1430 0.000223 0.023788 100.000000 12.048193
1440 0.000458 0.021857 100.000000 10.101010
1450 0.000527 0.024319 100.000000 9.174312
1460 0.000644 0.025315 100.000000 8.547009
