0 0.000338 0.026290 100.000000 7.692307
0 0.000359 0.029841 200.000000 7.782101
0 0.000287 0.030881 300.000000 7.772021
0 0.000312 0.037623 400.000000 8.130081
0 0.000307 0.053651 500.000000 8.000000
0 0.000278 0.069086 600.000000 7.947020
0 0.000212 0.080403 700.000000 8.495146
0 0.000225 0.066881 800.000000 8.501594
10 0.000385 0.026416 100.000000 8.196721
10 0.000369 0.031586 200.000000 8.000000
10 0.000297 0.032110 300.000000 7.936508
10 0.000319 0.038891 400.000000 8.264462
10 0.000321 0.055188 500.000000 7.961783
10 0.000282 0.071232 600.000000 8.032128
10 0.000218 0.082825 700.000000 8.578431
10 0.000227 0.068350 800.000000 8.574491
20 0.000346 0.022444 100.000000 8.620689
20 0.000346 0.026761 200.000000 8.130081
20 0.000278 0.027393 300.000000 8.064516
20 0.000305 0.034474 400.000000 8.385744
20 0.000308 0.051029 500.000000 7.911392
20 0.000270 0.066760 600.000000 8.108109
20 0.000205 0.077744 700.000000 8.663366
20 0.000218 0.062914 800.000000 8.629990
30 0.000281 0.019422 100.000000 8.928572
30 0.000336 0.022735 200.000000 8.230453
30 0.000270 0.023715 300.000000 8.130081
30 0.000292 0.031261 400.000000 8.456659
30 0.000298 0.047756 500.000000 7.861635
30 0.000253 0.063194 600.000000 8.174387
30 0.000198 0.073626 700.000000 8.728180
30 0.000214 0.057767 800.000000 8.648648
40 0.000310 0.017162 100.000000 9.009009
40 0.000328 0.018805 200.000000 8.230453
40 0.000270 0.019989 300.000000 8.174387
40 0.000283 0.028056 400.000000 8.510638
40 0.000287 0.044371 500.000000 7.836991
40 0.000245 0.059023 600.000000 8.230453
40 0.000193 0.068942 700.000000 8.771930
40 0.000200 0.051869 800.000000 8.519702
50 0.000322 0.016146 100.000000 9.090909
50 0.000332 0.017233 200.000000 8.163265
50 0.000260 0.017845 300.000000 8.174387
50 0.000282 0.026324 400.000000 8.528785
50 0.000272 0.042858 500.000000 7.824726
50 0.000225 0.057541 600.000000 8.275862
50 0.000191 0.066598 700.000000 8.793970
50 0.000181 0.047621 800.000000 8.281573
60 0.000333 0.015485 100.000000 9.090909
60 0.000322 0.015771 200.000000 8.130081
60 0.000260 0.016035 300.000000 8.196721
60 0.000284 0.024926 400.000000 8.510638
60 0.000257 0.041251 500.000000 7.836991
60 0.000224 0.055411 600.000000 8.321775
60 0.000190 0.063789 700.000000 8.760951
60 0.000173 0.043856 800.000000 8.255934
70 0.000397 0.017643 100.000000 9.174312
70 0.000324 0.016342 200.000000 8.130081
70 0.000254 0.015517 300.000000 8.241758
70 0.000280 0.025542 400.000000 8.474576
70 0.000257 0.041567 500.000000 7.861635
70 0.000213 0.056157 600.000000 8.368201
70 0.000197 0.062711 700.000000 8.695652
70 0.000170 0.042259 800.000000 8.255934
80 0.000435 0.016894 100.000000 9.174312
80 0.000324 0.015891 200.000000 8.097166
80 0.000247 0.014767 300.000000 8.264462
80 0.000280 0.025720 400.000000 8.456659
80 0.000256 0.041781 500.000000 7.886436
80 0.000197 0.056092 600.000000 8.426967
80 0.000219 0.060127 700.000000 8.663366
80 0.000167 0.040347 800.000000 8.255934
90 0.000397 0.018921 100.000000 8.928572
90 0.000314 0.016742 200.000000 8.000000
90 0.000247 0.014576 300.000000 8.241758
90 0.000271 0.025519 400.000000 8.403361
90 0.000250 0.041181 500.000000 7.898894
90 0.000180 0.054942 600.000000 8.462624
90 0.000203 0.055306 700.000000 8.631319
90 0.000169 0.037263 800.000000 8.255934
100 0.000554 0.020242 100.000000 8.620689
100 0.000327 0.016817 200.000000 7.905138
100 0.000260 0.016516 300.000000 8.219178
100 0.000267 0.029124 400.000000 8.333333
100 0.000254 0.044144 500.000000 7.911392
100 0.000186 0.056911 600.000000 8.498584
100 0.000195 0.053643 700.000000 8.610086
100 0.000170 0.036699 800.000000 8.247422
110 0.000545 0.021614 100.000000 8.333333
110 0.000313 0.017566 200.000000 7.843137
110 0.000260 0.018022 300.000000 8.219178
110 0.000276 0.031820 400.000000 8.281573
110 0.000264 0.046900 500.000000 7.923930
110 0.000192 0.058635 600.000000 8.547009
110 0.000195 0.052227 700.000000 8.610086
110 0.000177 0.036285 800.000000 8.247422
120 0.000476 0.019818 100.000000 8.000000
120 0.000277 0.016257 200.000000 7.812500
120 0.000270 0.018632 300.000000 8.241758
120 0.000280 0.034844 400.000000 8.230453
120 0.000270 0.050614 500.000000 7.949126
120 0.000192 0.062197 600.000000 8.583691
120 0.000204 0.052164 700.000000 8.620689
120 0.000177 0.036554 800.000000 8.238929
130 0.000464 0.019090 100.000000 7.751938
130 0.000261 0.016105 200.000000 7.782101
130 0.000304 0.019851 300.000000 8.264462
130 0.000311 0.037182 400.000000 7.968128
130 0.000268 0.053288 500.000000 7.987220
130 0.000193 0.064004 600.000000 8.633094
130 0.000211 0.050833 700.000000 8.620689
130 0.000177 0.036053 800.000000 8.213552
140 0.000387 0.019208 100.000000 7.575758
140 0.000259 0.016536 200.000000 7.751938
140 0.000308 0.021929 300.000000 8.287292
140 0.000311 0.040277 400.000000 7.619048
140 0.000259 0.055848 500.000000 8.025682
140 0.000187 0.065450 600.000000 8.683068
140 0.000213 0.049265 700.000000 8.599508
140 0.000183 0.035313 800.000000 8.113590
150 0.000350 0.017678 100.000000 7.462687
150 0.000264 0.016231 200.000000 7.751938
150 0.000316 0.024314 300.000000 8.310249
150 0.000312 0.043265 400.000000 7.561437
150 0.000263 0.058711 500.000000 8.064516
150 0.000194 0.067657 600.000000 8.708273
150 0.000201 0.048320 700.000000 8.413462
160 0.000353 0.017637 100.000000 7.352941
160 0.000266 0.015895 200.000000 7.751938
160 0.000325 0.025025 300.000000 8.310249
160 0.000298 0.044080 400.000000 7.547170
160 0.000241 0.059276 500.000000 8.116883
160 0.000196 0.067105 600.000000 8.720930
160 0.000183 0.045322 700.000000 8.158508
170 0.000340 0.017429 100.000000 7.246377
170 0.000277 0.017889 200.000000 7.782101
170 0.000345 0.030382 300.000000 8.287292
170 0.000295 0.049254 400.000000 7.561437
170 0.000250 0.063588 500.000000 8.169934
170 0.000209 0.070154 600.000000 8.670520
170 0.000184 0.045876 700.000000 8.130081
180 0.000279 0.017954 100.000000 7.194244
180 0.000290 0.019569 200.000000 7.812500
180 0.000354 0.035507 300.000000 8.241758
180 0.000304 0.054114 400.000000 7.575758
180 0.000234 0.068169 500.000000 8.223684
180 0.000213 0.071761 600.000000 8.595988
180 0.000185 0.046012 700.000000 8.130081
190 0.000249 0.018631 100.000000 7.194244
190 0.000300 0.020714 200.000000 7.843137
190 0.000361 0.038731 300.000000 8.219178
190 0.000312 0.056522 400.000000 7.619048
190 0.000221 0.069980 500.000000 8.291874
190 0.000243 0.070273 600.000000 8.571428
190 0.000187 0.044959 700.000000 8.139535
200 0.000282 0.018226 100.000000 7.194244
200 0.000321 0.020708 200.000000 7.874016
200 0.000362 0.039468 300.000000 8.219178
200 0.000307 0.057308 400.000000 7.648183
200 0.000203 0.070028 500.000000 8.347245
200 0.000231 0.066806 600.000000 8.571428
200 0.000191 0.042798 700.000000 8.149011
210 0.000253 0.018969 100.000000 7.194244
210 0.000344 0.025160 200.000000 7.968128
210 0.000365 0.046474 300.000000 8.219178
210 0.000325 0.063540 400.000000 7.707129
210 0.000216 0.075107 500.000000 8.417508
210 0.000233 0.068174 600.000000 8.583691
210 0.000198 0.043756 700.000000 8.168028
220 0.000293 0.018368 100.000000 7.299270
220 0.000373 0.026901 200.000000 8.032128
220 0.000379 0.048850 300.000000 8.219178
220 0.000330 0.065564 400.000000 7.751938
220 0.000221 0.075802 500.000000 8.503402
220 0.000232 0.066097 600.000000 8.608321
220 0.000199 0.042753 700.000000 8.196721
230 0.000307 0.017798 100.000000 7.352941
230 0.000374 0.026833 200.000000 8.130081
230 0.000369 0.048775 300.000000 8.241758
230 0.000335 0.064911 400.000000 7.812500
230 0.000224 0.074547 500.000000 8.576329
230 0.000228 0.062147 600.000000 8.645534
230 0.000200 0.040461 700.000000 8.225616
240 0.000235 0.017055 100.000000 7.462687
240 0.000370 0.025585 200.000000 8.264462
240 0.000365 0.046955 300.000000 8.264462
240 0.000324 0.062701 400.000000 7.889546
240 0.000215 0.071784 500.000000 8.665511
240 0.000227 0.057598 600.000000 8.695652
240 0.000194 0.037553 700.000000 8.244994
250 0.000254 0.016472 100.000000 7.633588
250 0.000425 0.026263 200.000000 8.403361
250 0.000389 0.048047 300.000000 8.241758
250 0.000330 0.063726 400.000000 7.968128
250 0.000217 0.072475 500.000000 8.741259
250 0.000234 0.056004 600.000000 8.746356
250 0.000197 0.036736 700.000000 8.274232
260 0.000299 0.017669 100.000000 7.751938
260 0.000453 0.029569 200.000000 8.510638
260 0.000400 0.051206 300.000000 7.853403
260 0.000328 0.067082 400.000000 8.032128
260 0.000218 0.074366 500.000000 8.833922
260 0.000240 0.055246 600.000000 8.771930
260 0.000202 0.036610 700.000000 8.264462
270 0.000257 0.016828 100.000000 7.874016
270 0.000432 0.028066 200.000000 8.620689
270 0.000388 0.049162 300.000000 7.633588
270 0.000307 0.064534 400.000000 8.113590
270 0.000203 0.071224 500.000000 8.912656
270 0.000238 0.050634 600.000000 8.784773
270 0.000199 0.034083 700.000000 8.196721
280 0.000305 0.017368 100.000000 7.936508
280 0.000433 0.029807 200.000000 8.733624
280 0.000385 0.050717 300.000000 7.575758
280 0.000302 0.065088 400.000000 8.196721
280 0.000208 0.071270 500.000000 8.976661
280 0.000228 0.048510 600.000000 8.670520
290 0.000392 0.017182 100.000000 8.064516
290 0.000459 0.033511 200.000000 8.810573
290 0.000380 0.054528 300.000000 7.575758
290 0.000288 0.068816 400.000000 8.264462
290 0.000212 0.073596 500.000000 9.025270
290 0.000205 0.047653 600.000000 8.321775
300 0.000391 0.018312 100.000000 8.196721
300 0.000489 0.036387 200.000000 8.888889
300 0.000375 0.057369 300.000000 7.614213
300 0.000290 0.070610 400.000000 8.350731
300 0.000222 0.074636 500.000000 9.041592
300 0.000204 0.046580 600.000000 8.275862
310 0.000402 0.018055 100.000000 8.333333
310 0.000470 0.037344 200.000000 8.849558
310 0.000363 0.056965 300.000000 7.653061
310 0.000287 0.069201 400.000000 8.438819
310 0.000224 0.071958 500.000000 8.976661
310 0.000198 0.043643 600.000000 8.275862
320 0.000461 0.019079 100.000000 8.403361
320 0.000481 0.041424 200.000000 8.810573
320 0.000370 0.060048 300.000000 7.692307
320 0.000258 0.071816 400.000000 8.528785
320 0.000249 0.071147 500.000000 8.896797
320 0.000196 0.042840 600.000000 8.287292
330 0.000481 0.019923 100.000000 8.547009
330 0.000486 0.044244 200.000000 8.810573
330 0.000375 0.061782 300.000000 7.751938
330 0.000234 0.072891 400.000000 8.602151
330 0.000260 0.068493 500.000000 8.880995
330 0.000198 0.041308 600.000000 8.310249
340 0.000554 0.022501 100.000000 8.620689
340 0.000491 0.047306 200.000000 8.771930
340 0.000369 0.063509 300.000000 7.812500
340 0.000218 0.073179 400.000000 8.695652
340 0.000247 0.065261 500.000000 8.896797
340 0.000212 0.039329 600.000000 8.321775
350 0.000509 0.020790 100.000000 8.771930
350 0.000437 0.045777 200.000000 8.733624
350 0.000358 0.060970 300.000000 7.853403
350 0.000210 0.069198 400.000000 8.791209
350 0.000229 0.058686 500.000000 8.896797
350 0.000200 0.035790 600.000000 8.344924
360 0.000498 0.019875 100.000000 8.928572
360 0.000425 0.043512 200.000000 8.733624
360 0.000358 0.058073 300.000000 7.915567
360 0.000215 0.065615 400.000000 8.869180
360 0.000220 0.052941 500.000000 8.928572
360 0.000195 0.032718 600.000000 8.356546
370 0.000502 0.022342 100.000000 9.090909
370 0.000430 0.045294 200.000000 8.658009
370 0.000354 0.059039 300.000000 7.978724
370 0.000209 0.065709 400.000000 8.968610
370 0.000225 0.050245 500.000000 8.960573
370 0.000193 0.031446 600.000000 8.368201
380 0.000619 0.023754 100.000000 9.174312
380 0.000476 0.046145 200.000000 8.510638
380 0.000360 0.060258 300.000000 8.042895
380 0.000208 0.066035 400.000000 9.049774
380 0.000234 0.047932 500.000000 8.976661
380 0.000195 0.030579 600.000000 8.379889
390 0.000649 0.025158 100.000000 9.345795
390 0.000460 0.046690 200.000000 7.692307
390 0.000340 0.059826 300.000000 8.130081
390 0.000199 0.064321 400.000000 9.153318
390 0.000227 0.044168 500.000000 8.992805
390 0.000194 0.028795 600.000000 8.321775
400 0.000582 0.024951 100.000000 9.523809
400 0.000433 0.044580 200.000000 7.407407
400 0.000307 0.056829 300.000000 8.196721
400 0.000184 0.059855 400.000000 9.216590
400 0.000220 0.038637 500.000000 8.944544
400 0.000172 0.026120 600.000000 8.064516
410 0.000527 0.024262 100.000000 9.615385
410 0.000387 0.042368 200.000000 7.326007
410 0.000273 0.053551 300.000000 8.287292
410 0.000177 0.055470 400.000000 9.280743
410 0.000161 0.033474 500.000000 8.445946
420 0.000593 0.026354 100.000000 9.523809
420 0.000365 0.044417 200.000000 7.299270
420 0.000257 0.054063 300.000000 8.379889
420 0.000181 0.054798 400.000000 9.237875
420 0.000172 0.031380 500.000000 8.278146
430 0.000526 0.027321 100.000000 9.259259
430 0.000338 0.042253 200.000000 7.326007
430 0.000236 0.051648 300.000000 8.450705
430 0.000187 0.050311 400.000000 9.090909
430 0.000157 0.027915 500.000000 8.250825
440 0.000505 0.028387 100.000000 9.090909
440 0.000333 0.041813 200.000000 7.352941
440 0.000193 0.050899 300.000000 8.547009
440 0.000222 0.046404 400.000000 8.968610
440 0.000149 0.025963 500.000000 8.237232
450 0.000477 0.027634 100.000000 8.928572
450 0.000310 0.039590 200.000000 7.380074
450 0.000146 0.047723 300.000000 8.645534
450 0.000197 0.040540 400.000000 8.928572
450 0.000151 0.023128 500.000000 8.237232
460 0.000417 0.030215 100.000000 8.620689
460 0.000306 0.039931 200.000000 7.434944
460 0.000145 0.046541 300.000000 8.720930
460 0.000179 0.036982 400.000000 8.908686
460 0.000151 0.021720 500.000000 8.237232
470 0.000381 0.027514 100.000000 8.474576
470 0.000303 0.036435 200.000000 7.462687
470 0.000149 0.041486 300.000000 8.823529
470 0.000163 0.030887 400.000000 8.908686
470 0.000144 0.019416 500.000000 8.237232
480 0.000385 0.028860 100.000000 8.196721
480 0.000295 0.037156 200.000000 7.490637
480 0.000141 0.040856 300.000000 8.902077
480 0.000166 0.027875 400.000000 8.908686
480 0.000148 0.018717 500.000000 8.223684
490 0.000305 0.020673 100.000000 7.518797
490 0.000243 0.026816 200.000000 7.547170
490 0.000133 0.029615 300.000000 8.982036
490 0.000143 0.019126 400.000000 8.888889
490 0.000122 0.016297 500.000000 8.183306
500 0.000309 0.019229 100.000000 6.134969
500 0.000206 0.024870 200.000000 7.604563
500 0.000128 0.026478 300.000000 9.063444
500 0.000142 0.016384 400.000000 8.830022
500 0.000119 0.016327 500.000000 8.012820
510 0.000315 0.019807 100.000000 5.917160
510 0.000206 0.025079 200.000000 7.692307
510 0.000126 0.025968 300.000000 9.118541
510 0.000112 0.015481 400.000000 8.438819
520 0.000243 0.018203 100.000000 5.847953
520 0.000164 0.023816 200.000000 7.782101
520 0.000129 0.023611 300.000000 9.118541
520 0.000086 0.014376 400.000000 8.000000
530 0.000213 0.016516 100.000000 5.917160
530 0.000169 0.022577 200.000000 7.936508
530 0.000130 0.023325 300.000000 9.063444
530 0.000073 0.014870 400.000000 7.984032
540 0.000232 0.016008 100.000000 6.024096
540 0.000157 0.023117 200.000000 8.097166
540 0.000119 0.022643 300.000000 8.955224
540 0.000078 0.014594 400.000000 8.016032
550 0.000232 0.016927 100.000000 6.134969
550 0.000154 0.022482 200.000000 8.264462
550 0.000153 0.020200 300.000000 8.902077
550 0.000079 0.014746 400.000000 8.032128
560 0.000226 0.016617 100.000000 6.250000
560 0.000175 0.021144 200.000000 8.438819
560 0.000124 0.018718 300.000000 8.902077
560 0.000090 0.014858 400.000000 8.064516
570 0.000263 0.017797 100.000000 6.369427
570 0.000169 0.023068 200.000000 8.620689
570 0.000124 0.018875 300.000000 8.928572
570 0.000102 0.015159 400.000000 8.097166
580 0.000290 0.019090 100.000000 6.535948
580 0.000169 0.023383 200.000000 8.810573
580 0.000103 0.017923 300.000000 8.982036
580 0.000099 0.015404 400.000000 8.146640
590 0.000266 0.017415 100.000000 6.666667
590 0.000167 0.019600 200.000000 9.009009
590 0.000090 0.015737 300.000000 9.036144
590 0.000103 0.016182 400.000000 8.179959
600 0.000274 0.018788 100.000000 6.849315
600 0.000169 0.020239 200.000000 9.216590
600 0.000094 0.015235 300.000000 9.118541
600 0.000104 0.015998 400.000000 8.213552
610 0.000278 0.018521 100.000000 7.092198
610 0.000176 0.020099 200.000000 9.478673
610 0.000096 0.016052 300.000000 9.230769
610 0.000107 0.017176 400.000000 8.264462
620 0.000235 0.017603 100.000000 7.407407
620 0.000174 0.018120 200.000000 9.852217
620 0.000090 0.015550 300.000000 9.404388
620 0.000108 0.017168 400.000000 8.333333
630 0.000201 0.017053 100.000000 7.936508
630 0.000175 0.017290 200.000000 10.256411
630 0.000084 0.015820 300.000000 9.615385
630 0.000109 0.017237 400.000000 8.438819
640 0.000206 0.017329 100.000000 8.547009
640 0.000167 0.017280 200.000000 10.752688
640 0.000086 0.015411 300.000000 9.868421
640 0.000109 0.017172 400.000000 8.565310
650 0.000214 0.018550 100.000000 9.174312
650 0.000186 0.018422 200.000000 11.235955
650 0.000083 0.016244 300.000000 10.101010
650 0.000109 0.017668 400.000000 8.658009
660 0.000187 0.018089 100.000000 9.803922
660 0.000180 0.017227 200.000000 11.764706
660 0.000097 0.015453 300.000000 10.309278
660 0.000117 0.017690 400.000000 8.658009
670 0.000161 0.017152 100.000000 10.416667
670 0.000151 0.015876 200.000000 12.195122
670 0.000091 0.015494 300.000000 10.309278
670 0.000112 0.017909 400.000000 8.179959
680 0.000141 0.017003 100.000000 10.989011
680 0.000125 0.015383 200.000000 12.500000
680 0.000080 0.015493 300.000000 9.554140
690 0.000125 0.018716 100.000000 11.494253
690 0.000112 0.015123 200.000000 12.578616
690 0.000121 0.014791 300.000000 9.063444
700 0.000126 0.018908 100.000000 11.904762
700 0.000093 0.017046 200.000000 12.048193
700 0.000123 0.015578 300.000000 8.982036
710 0.000192 0.017631 100.000000 12.345679
710 0.000121 0.015095 200.000000 11.494253
710 0.000132 0.016286 300.000000 8.928572
720 0.000298 0.015718 100.000000 12.820513
720 0.000100 0.015026 200.000000 11.173184
720 0.000161 0.017034 300.000000 8.875740
730 0.000288 0.012601 100.000000 13.333333
730 0.000090 0.015660 200.000000 10.989011
730 0.000162 0.018112 300.000000 8.849558
740 0.000288 0.012586 100.000000 13.698630
740 0.000104 0.018110 200.000000 10.928962
740 0.000166 0.019696 300.000000 8.797654
750 0.000301 0.015767 100.000000 14.084507
750 0.000135 0.019597 200.000000 10.810811
750 0.000185 0.021250 300.000000 8.695652
760 0.000311 0.015950 100.000000 14.285714
760 0.000179 0.019546 200.000000 10.526316
760 0.000203 0.023846 300.000000 8.356546
770 0.000224 0.018444 100.000000 14.084507
770 0.000186 0.021953 200.000000 8.771930
780 0.000106 0.019784 100.000000 12.500000
780 0.000227 0.022768 200.000000 8.000000
790 0.000387 0.016431 100.000000 10.416667
790 0.000286 0.026806 200.000000 7.782101
800 0.000428 0.021186 100.000000 9.523809
800 0.000352 0.032638 200.000000 7.604563
810 0.000427 0.024038 100.000000 9.009009
810 0.000337 0.032938 200.000000 7.434944
820 0.000524 0.027841 100.000000 8.620689
820 0.000376 0.036601 200.000000 7.246377
830 0.000616 0.034892 100.000000 8.064516
830 0.000396 0.042604 200.000000 6.756757
840 0.000515 0.037954 100.000000 6.097561
850 0.000589 0.039605 100.000000 5.780347
860 0.000520 0.033027 100.000000 5.847953
870 0.000499 0.026478 100.000000 5.988024
880 0.000473 0.019654 100.000000 6.097561
890 0.000468 0.018547 100.000000 6.211180
900 0.000450 0.018969 100.000000 6.250000
910 0.000404 0.017784 100.000000 6.289308
920 0.000302 0.017041 100.000000 6.289308
930 0.000312 0.016778 100.000000 6.250000
940 0.000352 0.019652 100.000000 6.134969
950 0.000315 0.022832 100.000000 5.813953
960 0.000324 0.021598 100.000000 4.807693
