1 0 0 0 0 1 0 0 0 0 1 0
0.999816 0.00214718 0.0191288 -0.00350959 -0.00210171 0.999995 -0.00239253 -0.000596855 -0.0191339 0.00235214 0.999814 0.0534068
0.999153 0.00343706 0.0410181 -0.00984108 -0.00335272 0.999993 -0.00212446 -0.0031313 -0.041025 0.00198547 0.999156 0.160888
0.997729 0.00785875 0.0669225 -0.0167351 -0.00800203 0.999966 0.00187727 -0.00265169 -0.0669055 -0.00240857 0.997757 0.330036
0.996226 0.00935142 0.0863045 -0.0176438 -0.00997438 0.99993 0.00679133 0.000546398 -0.0862345 -0.00762613 0.996247 0.558735
0.994969 0.0146662 0.0991207 -0.0128566 -0.0156881 0.999831 0.00954146 0.00707731 -0.0989642 -0.0110485 0.99503 0.848664
0.994598 0.0152976 0.102674 0.00109818 -0.0161473 0.999844 0.00745031 0.0151908 -0.102544 -0.00906754 0.994689 1.19835
0.993684 0.017729 0.110841 0.0256666 -0.018254 0.999826 0.00372511 0.0241087 -0.110756 -0.00572497 0.993834 1.61125
0.993389 0.0211083 0.112854 0.0609519 -0.0215711 0.999765 0.0028813 0.036327 -0.112767 -0.00529622 0.993609 2.09388
0.993025 0.0230361 0.115671 0.107218 -0.0235712 0.999716 0.00326134 0.0466734 -0.115563 -0.00596517 0.993284 2.6415
0.992498 0.0217012 0.120337 0.162666 -0.0224134 0.999739 0.00456814 0.0544905 -0.120206 -0.00723058 0.992725 3.25836
0.992342 0.0209949 0.121764 0.225801 -0.0217957 0.999748 0.00524935 0.0596407 -0.121624 -0.00786312 0.992549 3.93924
0.992314 0.0204773 0.122054 0.298315 -0.0214499 0.999749 0.00666017 0.0628261 -0.121887 -0.00922663 0.992504 4.67254
0.992514 0.0208292 0.120383 0.38009 -0.0218056 0.999739 0.00680111 0.0686299 -0.12021 -0.00937522 0.992707 5.44522
0.992553 0.0209088 0.120022 0.46617 -0.0216918 0.999752 0.00522037 0.0725162 -0.119883 -0.00778459 0.99276 6.24873
0.99266 0.021469 0.119061 0.556112 -0.0219843 0.999753 0.0030174 0.0742484 -0.118967 -0.00561281 0.992885 7.07214
0.992994 0.0204196 0.116382 0.644891 -0.0207555 0.999783 0.00167529 0.07398 -0.116323 -0.00407873 0.993203 7.90646
0.993221 0.0207174 0.1144 0.734979 -0.0209635 0.999778 0.000949442 0.0778663 -0.114355 -0.00334137 0.993435 8.75482
0.993155 0.0241428 0.114274 0.822475 -0.0242093 0.999704 -0.000807035 0.076237 -0.11426 -0.00196457 0.993446 9.60493
0.99342 0.0260564 0.111537 0.906989 -0.0260886 0.999657 -0.0011701 0.073306 -0.11153 -0.00174757 0.99376 10.4608
0.993644 0.02489 0.109773 0.992515 -0.0250728 0.999683 0.000285103 0.0684559 -0.109732 -0.00303516 0.993955 11.3239
0.993701 0.0263386 0.108946 1.07513 -0.0266415 0.999643 0.00132613 0.0576007 -0.108873 -0.00422031 0.994046 12.1868
0.993903 0.02639 0.107044 1.15501 -0.0267373 0.999638 0.00181059 0.0494464 -0.106958 -0.00466113 0.994251 13.0533
0.994049 0.0268292 0.105587 1.23311 -0.027222 0.999625 0.0022831 0.0337703 -0.105486 -0.00514387 0.994407 13.9217
0.994187 0.0261631 0.104434 1.31316 -0.0265203 0.999644 0.00203285 0.0206882 -0.104344 -0.00479014 0.994528 14.7899
0.994405 0.02671 0.102208 1.39635 -0.0270671 0.999628 0.00210982 0.00799909 -0.102115 -0.00486461 0.994759 15.6619
0.994424 0.0269177 0.101935 1.48062 -0.0274701 0.99961 0.00401903 -0.0048994 -0.101788 -0.00679631 0.994779 16.5294
0.994652 0.0259444 0.0999761 1.5631 -0.0267699 0.999614 0.0069253 -0.0133913 -0.0997585 -0.00956471 0.994964 17.3999
0.994853 0.0247101 0.0982377 1.64589 -0.0256738 0.999629 0.00855948 -0.020762 -0.0979909 -0.0110371 0.995121 18.2666
0.994829 0.0255146 0.0982993 1.72863 -0.0264292 0.999615 0.00801445 -0.0290271 -0.0980575 -0.0105711 0.995123 19.1291
0.994917 0.0268354 0.0970231 1.81099 -0.0275507 0.999599 0.0060419 -0.0377458 -0.0968228 -0.00868378 0.99526 19.9877
0.995022 0.0282693 0.0955604 1.89079 -0.0288174 0.999572 0.00436152 -0.0466825 -0.0953968 -0.00709371 0.995413 20.8399
0.99508 0.0285922 0.0948246 1.96824 -0.029197 0.999558 0.00499768 -0.0536135 -0.0946405 -0.00774123 0.995477 21.6839
0.995326 0.0286427 0.0922256 2.0444 -0.0292228 0.999557 0.00494726 -0.0612831 -0.0920436 -0.00761934 0.995724 22.5243
0.995502 0.0297281 0.0899113 2.11622 -0.0302088 0.999534 0.00399206 -0.0700833 -0.0897512 -0.00668976 0.995937 23.3622
0.995659 0.0301456 0.0880596 2.18821 -0.030609 0.99952 0.0039192 -0.0786284 -0.0878997 -0.00659772 0.996106 24.1928
0.995913 0.0299096 0.0851832 2.2568 -0.0305156 0.999515 0.00582282 -0.0855869 -0.0849683 -0.008398 0.996344 25.015
0.996171 0.0286625 0.082586 2.32047 -0.029393 0.999536 0.00764595 -0.0899846 -0.0823289 -0.0100442 0.996554 25.8283
0.996369 0.0286403 0.0801282 2.38096 -0.0295251 0.999512 0.00988146 -0.0938313 -0.0798069 -0.012211 0.996729 26.6377
0.996592 0.0294378 0.0770612 2.43836 -0.0303249 0.999484 0.0103689 -0.0961786 -0.0767165 -0.0126705 0.996972 27.442
0.996704 0.0311776 0.0748613 2.49042 -0.031995 0.999439 0.00974539 -0.0974772 -0.0745161 -0.0121081 0.997141 28.2384
0.996886 0.032742 0.0717357 2.53688 -0.0335034 0.999392 0.00943968 -0.101804 -0.0713833 -0.0118138 0.997378 29.0272
0.996973 0.033874 0.0699589 2.58167 -0.0346888 0.999341 0.0104668 -0.106424 -0.069559 -0.0128616 0.997491 29.8083
0.997082 0.0338598 0.0684081 2.62753 -0.0347876 0.999316 0.0124199 -0.109331 -0.0679409 -0.0147636 0.997581 30.5841
0.997124 0.0352373 0.0670887 2.67333 -0.0361914 0.999259 0.0130626 -0.109528 -0.0665794 -0.0154528 0.997657 31.3535
0.997012 0.0380286 0.0672253 2.71572 -0.0389208 0.999168 0.0120157 -0.109578 -0.0667126 -0.0145964 0.997665 32.1119
0.996853 0.0405553 0.0680846 2.75897 -0.0413059 0.999099 0.00965685 -0.111559 -0.0676321 -0.0124384 0.99763 32.8583
0.996808 0.0406132 0.0687234 2.7998 -0.0413224 0.999103 0.00893254 -0.115096 -0.0682993 -0.011744 0.997594 33.5907
0.996635 0.0411538 0.0708761 2.84401 -0.0419593 0.999069 0.00991722 -0.114481 -0.0704025 -0.0128574 0.997434 34.3127
0.996285 0.0444912 0.0737323 2.88822 -0.0455247 0.998887 0.0123988 -0.114133 -0.0730984 -0.0157095 0.997203 35.023
0.995893 0.0479815 0.076767 2.93075 -0.0493674 0.998647 0.0162608 -0.112073 -0.0758836 -0.0199835 0.996913 35.7254
0.995366 0.052458 0.0805899 2.97287 -0.0540002 0.998395 0.0170795 -0.106695 -0.0795643 -0.0213522 0.996604 36.4148
0.994797 0.0555332 0.0854121 3.01563 -0.0572205 0.998208 0.0174346 -0.0972985 -0.0842915 -0.0222309 0.996191 37.0923
0.994214 0.0582981 0.0902232 3.06044 -0.0602817 0.997993 0.0194197 -0.0905434 -0.0889096 -0.0247462 0.995737 37.7566
0.993485 0.0614956 0.0959722 3.10897 -0.0636919 0.997769 0.0199893 -0.0792069 -0.0945296 -0.0259713 0.995182 38.4077
0.992634 0.063879 0.102943 3.16244 -0.0663022 0.997592 0.0202907 -0.0678645 -0.101399 -0.0269666 0.994485 39.0428
0.991784 0.0664471 0.109329 3.21609 -0.069132 0.997386 0.0209496 -0.059161 -0.107652 -0.0283352 0.993783 39.6631
0.990771 0.0693805 0.116452 3.27305 -0.0722072 0.997184 0.0202301 -0.0512756 -0.11472 -0.0284521 0.992996 40.2649
0.989532 0.0734225 0.124246 3.33336 -0.0763191 0.996907 0.0187109 -0.0470705 -0.122489 -0.0279971 0.992073 40.8492
0.988446 0.0743844 0.132063 3.39496 -0.0773027 0.996858 0.0171041 -0.0426357 -0.130376 -0.0271153 0.991098 41.4177
0.987277 0.0750061 0.140217 3.46017 -0.0780633 0.996811 0.0164247 -0.0382115 -0.13854 -0.0271613 0.989983 41.9678
0.98625 0.0745816 0.147466 3.52842 -0.0779562 0.996806 0.0172318 -0.0360315 -0.145709 -0.0284907 0.988921 42.5016
0.984934 0.075382 0.15564 3.59858 -0.0791074 0.996705 0.0178747 -0.0312876 -0.153781 -0.0299175 0.987651 43.019
0.983219 0.0774132 0.165188 3.67016 -0.0815129 0.996506 0.0181766 -0.029228 -0.163203 -0.0313365 0.9861 43.5165
0.981386 0.0812808 0.174002 3.74324 -0.0855969 0.996175 0.0174338 -0.0270521 -0.17192 -0.0320031 0.984589 43.9969
0.979452 0.0837398 0.183467 3.8196 -0.0884097 0.995933 0.0174114 -0.0255906 -0.181262 -0.0332739 0.982877 44.4581
0.977731 0.0829642 0.192774 3.89749 -0.0880554 0.995952 0.0179794 -0.0232226 -0.190503 -0.0345534 0.981077 44.901
0.975715 0.0816071 0.203271 3.9767 -0.0867814 0.996089 0.0166597 -0.0215716 -0.201116 -0.0338953 0.978986 45.3278
0.973219 0.0810583 0.215121 4.06122 -0.08589 0.996214 0.0131927 -0.0204168 -0.21324 -0.0313158 0.976496 45.7374
0.970164 0.081845 0.228216 4.15066 -0.0862617 0.99623 0.00943071 -0.021162 -0.226582 -0.0288356 0.973571 46.1313
0.966379 0.0823148 0.243593 4.24373 -0.0867788 0.996195 0.0076327 -0.0222646 -0.242041 -0.0285145 0.969844 46.5095
0.962023 0.0829064 0.26007 4.34117 -0.0875612 0.996141 0.00634536 -0.0228998 -0.258538 -0.0288764 0.965575 46.8747
0.957313 0.0827375 0.276961 4.445 -0.0875726 0.996142 0.00511203 -0.0237494 -0.275472 -0.0291477 0.960864 47.2253
0.951964 0.0824312 0.294903 4.55577 -0.087464 0.996162 0.00389449 -0.0280403 -0.293448 -0.0295008 0.955525 47.5629
0.945892 0.0816279 0.314047 4.67163 -0.0868088 0.996218 0.0025226 -0.0323997 -0.312657 -0.0296479 0.9494 47.8898
0.939126 0.0815986 0.333741 4.79356 -0.0869554 0.996213 0.00111816 -0.0368037 -0.332383 -0.0300706 0.94267 48.2045
0.931413 0.0828027 0.35442 4.91882 -0.0882577 0.996094 -0.000776455 -0.0409948 -0.353104 -0.0305569 0.935081 48.5093
0.922516 0.0836256 0.376789 5.05122 -0.0889524 0.996032 -0.00327262 -0.0465225 -0.375565 -0.0304972 0.9263 48.8041
0.912534 0.0843524 0.400205 5.18534 -0.0900705 0.99592 -0.00453827 -0.0545008 -0.39896 -0.0319051 0.916409 49.0921
0.901418 0.085372 0.424449 5.32653 -0.091172 0.995814 -0.00666768 -0.0623972 -0.423239 -0.0326873 0.905433 49.3734
0.88841 0.0872268 0.450683 5.47537 -0.0935063 0.995578 -0.00836407 -0.0732897 -0.449426 -0.0347108 0.892639 49.6471
0.874492 0.0872606 0.477127 5.63122 -0.0934215 0.995568 -0.0108509 -0.0845294 -0.475956 -0.0350848 0.878774 49.9143
0.858685 0.0857167 0.505281 5.79631 -0.0916257 0.9957 -0.0132025 -0.0952643 -0.504247 -0.0349598 0.862848 50.1737
0.840352 0.0837292 0.535538 5.97054 -0.088229 0.995953 -0.0172659 -0.106707 -0.534812 -0.0327404 0.844341 50.4233
0.819604 0.083331 0.566834 6.15223 -0.0862487 0.996031 -0.0217185 -0.12004 -0.566402 -0.031088 0.823539 50.664
0.796758 0.0842209 0.598403 6.34315 -0.0850505 0.996016 -0.0269387 -0.135216 -0.598282 -0.0294307 0.80075 50.899
0.771251 0.0865074 0.630621 6.54304 -0.0856922 0.995809 -0.0318016 -0.152684 -0.630737 -0.029512 0.775432 51.1247
0.743324 0.0879521 0.663129 6.75434 -0.0852513 0.995694 -0.0364994 -0.170923 -0.663478 -0.0294016 0.747624 51.3431
0.712456 0.0899723 0.695919 6.97508 -0.0864159 0.995441 -0.0402267 -0.189689 -0.696375 -0.0314786 0.716984 51.5551
0.67926 0.0927886 0.728014 7.20772 -0.0884648 0.995097 -0.0442892 -0.210716 -0.728548 -0.0343196 0.684141 51.7587
0.643448 0.0928434 0.759834 7.45167 -0.0873467 0.995033 -0.0476147 -0.233008 -0.760491 -0.0357314 0.648362 51.9524
0.604272 0.0905224 0.791626 7.70797 -0.0837422 0.995242 -0.049883 -0.255819 -0.792367 -0.0361495 0.60898 52.1338
0.562853 0.0884513 0.821806 7.97739 -0.0807211 0.995381 -0.0518477 -0.279627 -0.822608 -0.0371544 0.567394 52.304
0.518489 0.0873519 0.850618 8.26099 -0.0773205 0.995487 -0.0550987 -0.303756 -0.851583 -0.0372018 0.522905 52.4631
0.470546 0.0865621 0.878113 8.55766 -0.0733181 0.995564 -0.0588518 -0.328025 -0.879325 -0.0366891 0.474806 52.6088
0.421176 0.0855883 0.902939 8.86794 -0.0695654 0.995658 -0.0619285 -0.354762 -0.904309 -0.0367302 0.425303 52.7402
0.371693 0.0827306 0.924656 9.1909 -0.0667565 0.995817 -0.0622628 -0.380982 -0.925954 -0.0385841 0.375662 52.8577
0.321809 0.0800504 0.943424 9.52514 -0.0652014 0.995934 -0.0622656 -0.407771 -0.944559 -0.0414747 0.325721 52.9601
0.272243 0.0789102 0.958982 9.87155 -0.0655433 0.995832 -0.0633353 -0.436629 -0.959995 -0.0456123 0.276281 53.0475
0.224405 0.0782212 0.971361 10.2299 -0.0605798 0.99597 -0.0662085 -0.465372 -0.972613 -0.0439869 0.228241 53.1178
0.178039 0.0745438 0.981189 10.6002 -0.0512258 0.99647 -0.0664093 -0.495814 -0.98269 -0.0384388 0.18123 53.1706
0.135081 0.0709211 0.988305 10.9839 -0.0394468 0.997035 -0.066157 -0.523064 -0.990052 -0.0300485 0.13748 53.2052
0.0944953 0.0693632 0.993099 11.3796 -0.0313219 0.997276 -0.0666743 -0.550826 -0.995034 -0.0248053 0.0964118 53.222
0.056965 0.0716138 0.995818 11.7865 -0.0266564 0.997185 -0.0701883 -0.580514 -0.998023 -0.0225463 0.0587145 53.2238
0.0245458 0.0724398 0.997063 12.2027 -0.0190339 0.997216 -0.071982 -0.612231 -0.999519 -0.0172112 0.0258578 53.2117
-0.00363343 0.071494 0.997447 12.63 -0.0117916 0.997378 -0.0715327 -0.645565 -0.999927 -0.0120211 -0.0027799 53.1868
-0.0275396 0.0701393 0.997149 13.0698 -0.00574508 0.997499 -0.0703222 -0.679437 -0.999606 -0.00766527 -0.0270663 53.1515
-0.046798 0.0697994 0.996476 13.519 -0.00124256 0.997561 -0.0699345 -0.715243 -0.998906 -0.0045107 -0.0465961 53.1058
-0.0624765 0.0708609 0.995519 13.979 0.000436238 0.997468 -0.0709721 -0.754286 -0.998048 -0.00399973 -0.0623478 53.0511
-0.0753025 0.0710449 0.994639 14.4509 0.00194582 0.997477 -0.071101 -0.793162 -0.997161 -0.00341839 -0.0752497 52.9912
-0.0868648 0.0723399 0.99358 14.9347 0.00296812 0.997363 -0.0723557 -0.831637 -0.996219 -0.0033361 -0.0868491 52.9264
-0.0952323 0.0745592 0.992672 15.4294 0.00805982 0.997225 -0.0741288 -0.871858 -0.995424 0.000941712 -0.0955681 52.8577
-0.101846 0.0759618 0.991886 15.9335 0.0123136 0.997088 -0.0750959 -0.912806 -0.994727 0.0045656 -0.102483 52.786
-0.106404 0.0758878 0.991437 16.4492 0.0122328 0.997112 -0.0750111 -0.956224 -0.994249 0.00414691 -0.107024 52.7102
-0.110169 0.0736878 0.991169 16.9764 0.0106837 0.997268 -0.0729537 -0.998788 -0.99386 0.00255222 -0.110653 52.6341
-0.112125 0.068292 0.991362 17.5171 0.00901368 0.997672 -0.0677089 -1.04004 -0.993655 0.00134429 -0.112479 52.5576
-0.113106 0.0636992 0.991533 18.0709 0.0100253 0.997957 -0.0629683 -1.07941 -0.993537 0.00281837 -0.113512 52.4784
-0.11301 0.0625746 0.99164 18.6369 0.013719 0.998028 -0.0614157 -1.11845 -0.993501 0.00666406 -0.113645 52.3972
-0.11281 0.0643968 0.99152 19.216 0.0165419 0.997873 -0.0629272 -1.15864 -0.993483 0.00930291 -0.113633 52.3176
-0.111719 0.0710509 0.991214 19.8056 0.0170296 0.997441 -0.0695793 -1.20262 -0.993595 0.00910691 -0.112643 52.2372
-0.109649 0.0781874 0.990881 20.4068 0.0166771 0.996897 -0.0768163 -1.25162 -0.993833 0.00810226 -0.110611 52.1576
-0.10766 0.0795322 0.991016 21.0211 0.0185386 0.996792 -0.0779828 -1.29915 -0.994014 0.00997687 -0.108788 52.0808
-0.105256 0.076826 0.991465 21.6484 0.017752 0.99699 -0.0753692 -1.34967 -0.994289 0.00966759 -0.106302 52.0047
-0.10283 0.0718851 0.992111 22.2885 0.0164374 0.997384 -0.0705639 -1.40131 -0.994563 0.00905218 -0.103741 51.9302
-0.100873 0.0707068 0.992375 22.9376 0.0167211 0.997443 -0.0693678 -1.44891 -0.99476 0.00959651 -0.101796 51.8596
-0.0976491 0.0750134 0.992401 23.593 0.020555 0.997111 -0.0733464 -1.50058 -0.995009 0.0132371 -0.0989071 51.7899
-0.0950833 0.0796406 0.99227 24.2539 0.0225965 0.996701 -0.0778308 -1.55541 -0.995214 0.0150216 -0.096568 51.7244
-0.0945368 0.0806584 0.992261 24.9173 0.0180567 0.996702 -0.079299 -1.61228 -0.995358 0.0104206 -0.0956797 51.6593
-0.0914913 0.0784546 0.992702 25.5888 0.013013 0.996891 -0.077586 -1.66788 -0.995722 0.00581983 -0.0922266 51.5987
-0.0874165 0.076219 0.993264 26.2647 0.0148217 0.997073 -0.0752067 -1.72715 -0.996063 0.00814796 -0.0882886 51.5368
-0.086027 0.0776758 0.993252 26.9433 0.0199585 0.996881 -0.0762308 -1.78634 -0.996094 0.013266 -0.0873077 51.475
-0.0829555 0.0817749 0.993206 27.6269 0.0188651 0.996595 -0.080478 -1.85012 -0.996375 0.0120611 -0.084214 51.4147
-0.0801083 0.0840002 0.993232 28.3143 0.0155532 0.996418 -0.0830149 -1.91558 -0.996666 0.008798 -0.0811264 51.3584
-0.077948 0.0838701 0.993435 29.0071 0.013947 0.996465 -0.0830313 -1.98288 -0.99686 0.00738366 -0.0788406 51.3044
-0.0743222 0.0828154 0.993781 29.7027 0.0152304 0.996517 -0.0819037 -2.05597 -0.99712 0.00904861 -0.0753231 51.249
-0.07103 0.0831983 0.99401 30.4031 0.0183568 0.996471 -0.0820922 -2.12866 -0.997305 0.0124162 -0.072305 51.1967
-0.0693918 0.0845208 0.993996 31.1043 0.0204363 0.99631 -0.0832903 -2.2007 -0.997383 0.0145341 -0.0708615 51.1447
-0.0664803 0.0848812 0.99418 31.8114 0.0208666 0.99629 -0.0836656 -2.27361 -0.997569 0.0151834 -0.0680032 51.0943
-0.0636451 0.0845681 0.994377 32.5209 0.0221423 0.996272 -0.0833115 -2.34345 -0.997729 0.0167156 -0.065279 51.0435
-0.0614096 0.0834012 0.994634 33.2333 0.0236835 0.996358 -0.0820837 -2.41189 -0.997831 0.0185159 -0.0631597 50.9914
-0.0592284 0.0845102 0.994655 33.9475 0.0225102 0.996264 -0.0833061 -2.4811 -0.997992 0.017456 -0.0609083 50.9388
-0.0569605 0.0864185 0.99464 34.6657 0.0199501 0.996161 -0.085408 -2.5512 -0.998177 0.0149785 -0.0584644 50.8878
-0.0556022 0.0862409 0.994716 35.3857 0.0212384 0.996135 -0.0851762 -2.62306 -0.99823 0.0163903 -0.0572176 50.8378
-0.0527548 0.0871197 0.994807 36.1106 0.0200902 0.996091 -0.0861663 -2.69558 -0.998404 0.0154404 -0.0542973 50.7901
-0.0525649 0.0876759 0.994755 36.8396 0.0182594 0.996051 -0.0868247 -2.76929 -0.998454 0.0135998 -0.0539569 50.7424
-0.0470005 0.0874577 0.995067 37.5723 0.0164844 0.996105 -0.0867699 -2.84394 -0.998758 0.0123251 -0.0482576 50.7003
-0.045955 0.0885106 0.995009 38.3073 0.0142313 0.996021 -0.0879424 -2.91815 -0.998846 0.0101191 -0.0470303 50.6593
-0.043435 0.0912749 0.994889 39.043 0.012831 0.9958 -0.0907984 -2.99577 -0.998973 0.00882178 -0.0444223 50.6204
-0.0408055 0.093102 0.994812 39.7812 0.0120324 0.995619 -0.0926829 -3.07422 -0.999098 0.00818828 -0.0417455 50.5829
-0.0387816 0.0951123 0.994723 40.5215 0.00739802 0.995474 -0.0948959 -3.15434 -0.99922 0.0036789 -0.0393083 50.5473
-0.0375924 0.0947811 0.994781 41.2641 0.00275115 0.995493 -0.0947442 -3.23425 -0.999293 -0.000824596 -0.0376824 50.514
-0.0347337 0.0941417 0.994966 42.0106 0.00380174 0.995571 -0.0940669 -3.31427 -0.999391 0.000515566 -0.0349364 50.4834
-0.0339094 0.0957192 0.994824 42.7573 0.00393241 0.995404 -0.0956401 -3.39534 -0.999421 0.000669311 -0.0341286 50.4535
-0.0320501 0.0960237 0.994878 43.5077 3.29064e-05 0.995386 -0.0960729 -3.47768 -0.999489 -0.0030462 -0.031904 50.4264
-0.0284568 0.0946418 0.995098 44.2608 -0.000592106 0.995502 -0.0946963 -3.55959 -0.999599 -0.00328362 -0.0282715 50.4014
-0.0250151 0.093938 0.99528 45.0167 0.000353411 0.995587 -0.0939596 -3.64049 -0.999691 -0.00199846 -0.0249365 50.3787
-0.0221512 0.0979681 0.994939 45.7748 -0.00393152 0.995167 -0.0980777 -3.72429 -0.999752 -0.00608374 -0.0216579 50.3603
-0.0168514 0.104773 0.994369 46.5345 -0.00609247 0.994476 -0.104889 -3.81444 -0.999844 -0.00782546 -0.0161184 50.3472
-0.010516 0.108477 0.994039 47.2947 -0.00858779 0.994047 -0.108568 -3.90563 -0.999913 -0.00967785 -0.0095207 50.3386
-0.00462329 0.110839 0.993841 48.0576 -0.0123102 0.993768 -0.110889 -3.99952 -0.999918 -0.0127469 -0.00322847 50.3362
0.00155662 0.109661 0.993964 48.8208 -0.0167231 0.993829 -0.10962 -4.09246 -0.999865 -0.016451 0.00338195 50.3389
0.00894614 0.108109 0.994113 49.5883 -0.0179783 0.994006 -0.107936 -4.18525 -0.999803 -0.0169065 0.0108377 50.3475
0.0155923 0.105984 0.994243 50.3616 -0.0196561 0.994205 -0.105671 -4.28102 -0.99969 -0.0178947 0.0175861 50.3608
0.0240566 0.101507 0.99456 51.1444 -0.0210009 0.994678 -0.101012 -4.37246 -0.999496 -0.0184563 0.0260617 50.3811
0.031963 0.0962401 0.994842 51.9356 -0.023096 0.995156 -0.0955281 -4.46086 -0.999227 -0.019923 0.0340317 50.4056
0.0398222 0.0934824 0.994842 52.7306 -0.0229348 0.995453 -0.0926225 -4.54645 -0.998949 -0.0191277 0.0417866 50.4343
0.048288 0.0953378 0.99427 53.5266 -0.0228913 0.995275 -0.0943222 -4.63321 -0.998576 -0.018205 0.050243 50.4709
0.0557898 0.100458 0.993394 54.3222 -0.0229768 0.994808 -0.0993116 -4.72282 -0.998183 -0.0172841 0.0578095 50.5122
0.0603138 0.104624 0.992678 55.1186 -0.023264 0.994365 -0.103388 -4.81253 -0.997913 -0.0168575 0.0624086 50.5576
0.0664152 0.1066 0.9921 55.9161 -0.0235509 0.994184 -0.105248 -4.90377 -0.99752 -0.0163743 0.0685405 50.6098
0.0713529 0.107735 0.991612 56.7131 -0.0270637 0.993989 -0.106045 -4.99612 -0.997089 -0.0192695 0.0738403 50.6643
0.0758649 0.104803 0.991614 57.5106 -0.0255052 0.994357 -0.103143 -5.08677 -0.996798 -0.0174659 0.0781106 50.7229
0.0823556 0.0999108 0.991579 58.3084 -0.0234427 0.994878 -0.0982959 -5.17227 -0.996332 -0.0151495 0.0842764 50.7859
0.0858694 0.093951 0.991884 59.1075 -0.0242898 0.995459 -0.0921878 -5.25168 -0.996017 -0.0161761 0.0877624 50.8518
0.0889117 0.0910284 0.991868 59.9067 -0.0275727 0.995656 -0.0889041 -5.32797 -0.995663 -0.0194432 0.0910355 50.9206
0.0930986 0.0900293 0.991596 60.7034 -0.0286912 0.995745 -0.0877134 -5.40411 -0.99525 -0.0202836 0.0952865 50.9937
0.0948421 0.0920503 0.991225 61.4957 -0.0320019 0.995479 -0.0893833 -5.4791 -0.994984 -0.0232429 0.0973593 51.0682
0.0974723 0.0949882 0.990715 62.2824 -0.034303 0.995177 -0.0920427 -5.55536 -0.994653 -0.0250122 0.100262 51.1474
0.0999209 0.0981018 0.990146 63.0646 -0.0348718 0.994858 -0.0950496 -5.63178 -0.99439 -0.02503 0.102828 51.2291
0.102553 0.102248 0.98948 63.8371 -0.0349812 0.994472 -0.0991405 -5.71096 -0.994118 -0.0244453 0.105564 51.315
0.106048 0.103274 0.988982 64.6014 -0.0343398 0.994376 -0.100155 -5.79225 -0.993774 -0.0233395 0.108998 51.4005
0.108782 0.102847 0.988754 65.3592 -0.0363212 0.994394 -0.0994395 -5.87304 -0.993409 -0.0250948 0.111909 51.487
0.110092 0.10085 0.988793 66.1115 -0.0372815 0.994557 -0.097287 -5.95197 -0.993228 -0.0261525 0.113253 51.5735
0.113567 0.0994132 0.988565 66.8578 -0.0379255 0.994704 -0.0956752 -6.02889 -0.992814 -0.0266255 0.116737 51.6625
0.11452 0.0983123 0.988546 67.598 -0.0371361 0.994818 -0.0946344 -6.10402 -0.992734 -0.0258725 0.117578 51.7501
0.114847 0.0975032 0.988606 68.3299 -0.0369387 0.994915 -0.0938357 -6.17749 -0.992704 -0.0257403 0.117866 51.8377
0.115402 0.0982444 0.988451 69.0543 -0.0388696 0.99478 -0.0943359 -6.25173 -0.992565 -0.0275334 0.118618 51.9232
0.114265 0.100838 0.988336 69.7703 -0.0380131 0.99456 -0.0970796 -6.32733 -0.992729 -0.0264761 0.117478 52.0085
0.114667 0.105332 0.987807 70.4769 -0.0387468 0.994078 -0.101503 -6.40648 -0.992653 -0.0266344 0.11807 52.0928
0.114606 0.106675 0.98768 71.1788 -0.0382662 0.993961 -0.102914 -6.48765 -0.992679 -0.0259995 0.117997 52.1755
0.113525 0.106562 0.987807 71.8723 -0.0394188 0.993928 -0.102693 -6.56745 -0.992758 -0.027279 0.117037 52.261
0.113127 0.103496 0.988186 72.5543 -0.0408959 0.994206 -0.0994468 -6.6394 -0.992743 -0.0291619 0.116705 52.3522
0.112937 0.101267 0.988433 73.2302 -0.0392122 0.99447 -0.0974067 -6.71022 -0.992833 -0.0277569 0.116284 52.4446
0.112117 0.0995942 0.9887 73.8978 -0.0356061 0.994735 -0.0961649 -6.7797 -0.993061 -0.0244214 0.115074 52.5344
0.112091 0.101106 0.988547 74.5543 -0.0326577 0.994647 -0.0980281 -6.84824 -0.993165 -0.0212948 0.114794 52.623
0.11161 0.103757 0.988329 75.2008 -0.029108 0.994455 -0.101113 -6.92062 -0.993329 -0.0174825 0.114013 52.7134
0.110268 0.105676 0.988275 75.8407 -0.0308031 0.994215 -0.102876 -6.99192 -0.993427 -0.0190971 0.112886 52.8001
0.111034 0.108098 0.987926 76.4706 -0.0312693 0.993958 -0.105244 -7.06507 -0.993328 -0.0192055 0.113745 52.8905
0.110548 0.107479 0.988048 77.095 -0.030549 0.994031 -0.104713 -7.13558 -0.993404 -0.0186073 0.113173 52.9824
0.111774 0.106635 0.988 77.7157 -0.0258853 0.994203 -0.104377 -7.20512 -0.993399 -0.0139075 0.113888 53.0754
0.116099 0.104987 0.987679 78.3302 -0.0214312 0.99443 -0.103186 -7.27323 -0.99301 -0.0091865 0.117703 53.1721
0.117887 0.105259 0.987438 78.9432 -0.0197312 0.994419 -0.103649 -7.34227 -0.992834 -0.00726404 0.119307 53.2667
0.120632 0.105205 0.987112 79.5533 -0.0220387 0.994404 -0.10329 -7.41042 -0.992455 -0.00929376 0.122277 53.3642
0.126853 0.106055 0.986241 80.1606 -0.0250719 0.994293 -0.103697 -7.47731 -0.991607 -0.011572 0.12879 53.4657
0.133895 0.105562 0.985362 80.7673 -0.0245168 0.994357 -0.103195 -7.54581 -0.990694 -0.0103398 0.135728 53.5683
0.141573 0.105599 0.984284 81.3728 -0.0259267 0.994349 -0.102951 -7.61372 -0.989591 -0.0109437 0.143513 53.6786
0.149739 0.10487 0.983154 81.9787 -0.0273811 0.994416 -0.101902 -7.68199 -0.988349 -0.0116602 0.151775 53.7948
0.158255 0.104462 0.981863 82.5831 -0.030341 0.994433 -0.10091 -7.74797 -0.986935 -0.0138207 0.160545 53.9192
0.166488 0.104339 0.980513 83.1884 -0.0326825 0.99442 -0.100271 -7.81427 -0.985504 -0.0153507 0.168971 54.0485
0.175837 0.106723 0.978623 83.7929 -0.0375224 0.994111 -0.101671 -7.88095 -0.983708 -0.0188423 0.178807 54.1856
0.180713 0.107814 0.977614 84.397 -0.0387033 0.99398 -0.102466 -7.94824 -0.982777 -0.0193191 0.183799 54.3257
0.191197 0.109799 0.975398 85.0015 -0.0420851 0.993729 -0.103614 -8.01708 -0.980653 -0.0212385 0.19462 54.4728
0.201277 0.110698 0.973264 85.6071 -0.0426246 0.993639 -0.104203 -8.08789 -0.97861 -0.0205106 0.204716 54.6257
0.21041 0.11207 0.971176 86.2168 -0.0456127 0.99345 -0.10476 -8.158 -0.976553 -0.0222548 0.214145 54.784
0.219344 0.112329 0.969163 86.8282 -0.0466238 0.993417 -0.10459 -8.22762 -0.974536 -0.022244 0.223138 54.9497
0.228192 0.113439 0.966993 87.4424 -0.0508955 0.99322 -0.104506 -8.29591 -0.97229 -0.0253675 0.23242 55.1232
0.239784 0.110637 0.964507 88.0593 -0.0524728 0.993507 -0.100921 -8.36251 -0.96941 -0.0264103 0.244034 55.303
0.24815 0.103718 0.963163 88.6823 -0.0481893 0.994343 -0.0946619 -8.42619 -0.967528 -0.0229232 0.251746 55.4884
0.258447 0.101065 0.960732 89.3118 -0.0487991 0.994606 -0.0915028 -8.48649 -0.964796 -0.0232333 0.261986 55.6782
0.268504 0.0975225 0.95834 89.9473 -0.047336 0.994996 -0.087992 -8.54491 -0.962121 -0.0217372 0.271778 55.8743
0.276563 0.0957129 0.956226 90.5868 -0.0428594 0.995263 -0.0872269 -8.60537 -0.960044 -0.0168585 0.279357 56.0742
0.284592 0.0944602 0.953994 91.2298 -0.0398442 0.995439 -0.0866794 -8.66286 -0.957827 -0.0133423 0.287059 56.2814
0.291994 0.0862577 0.952533 91.8818 -0.0309079 0.996253 -0.0807449 -8.71696 -0.955926 -0.00586286 0.293567 56.4929
0.296082 0.0821444 0.951634 92.5454 -0.0247918 0.996621 -0.0783156 -8.7704 -0.954849 -0.000404213 0.297119 56.7094
0.302749 0.0826433 0.949491 93.213 -0.0227396 0.996575 -0.0794933 -8.82263 -0.952805 0.00247644 0.303592 56.9356
0.307214 0.0876401 0.947608 93.8865 -0.0201888 0.996128 -0.0855838 -8.8802 -0.951435 0.00716213 0.307794 57.1634
0.313106 0.0923136 0.945231 94.5626 -0.0158507 0.995633 -0.091988 -8.94258 -0.949592 0.0138204 0.313202 57.3967
0.317205 0.092926 0.943806 95.2418 -0.0163629 0.995577 -0.0925256 -9.00494 -0.948225 0.0139067 0.317324 57.6364
0.318928 0.0941805 0.943098 95.9255 -0.0217168 0.995515 -0.0920736 -9.06637 -0.947535 0.00888487 0.319544 57.8803
0.321798 0.0946575 0.942077 96.6116 -0.0260379 0.9955 -0.0911328 -9.12906 -0.946458 0.00479711 0.322815 58.1282
0.324674 0.0969633 0.940854 97.299 -0.0253509 0.995265 -0.0938256 -9.19473 -0.945491 0.00661234 0.325597 58.3768
0.326975 0.100155 0.939724 97.9883 -0.0271825 0.994956 -0.0965854 -9.26245 -0.944655 0.00603736 0.328047 58.6274
0.330018 0.101647 0.938497 98.6772 -0.0290817 0.994809 -0.0975224 -9.33042 -0.94353 0.00489214 0.331262 58.8817
0.33303 0.100119 0.937601 99.3647 -0.0286486 0.994964 -0.0960712 -9.39849 -0.942495 0.00513399 0.33422 59.1381
0.334077 0.0942774 0.937831 100.053 -0.0254816 0.995525 -0.0910028 -9.46358 -0.942205 0.00650551 0.334985 59.3951
0.337966 0.0940354 0.936463 100.74 -0.0271043 0.995558 -0.0901898 -9.52719 -0.940782 0.0050992 0.339012 59.653
0.340558 0.0906733 0.935853 101.426 -0.0242185 0.995856 -0.0876764 -9.58924 -0.939915 0.00719495 0.341343 59.9125
0.344692 0.0916785 0.934242 102.106 -0.0263241 0.995775 -0.0880063 -9.6507 -0.938365 0.00574229 0.345645 60.174
0.34803 0.0912508 0.933043 102.783 -0.0244624 0.995799 -0.0882662 -9.71356 -0.937167 0.00789588 0.348801 60.4376
0.350749 0.0890823 0.932236 103.454 -0.0215316 0.995971 -0.0870736 -9.77638 -0.936237 0.0104686 0.351252 60.7003
0.352642 0.0870131 0.931717 104.123 -0.0181964 0.996118 -0.0861435 -9.8389 -0.935584 0.0134248 0.352858 60.9623
0.355373 0.0872177 0.930661 104.787 -0.0193556 0.996111 -0.0859629 -9.90132 -0.934543 0.0125356 0.355676 61.2268
0.358327 0.086654 0.92958 105.446 -0.0172767 0.996128 -0.0862013 -9.964 -0.933439 0.0148292 0.358439 61.4919
0.361585 0.0883294 0.92816 106.1 -0.018172 0.995981 -0.0877068 -10.0276 -0.932182 0.0148471 0.361734 61.7575
0.366425 0.0888131 0.926213 106.747 -0.0162961 0.995894 -0.0890511 -10.0913 -0.930308 0.017538 0.36637 62.0271
0.370986 0.0868009 0.924588 107.391 -0.013025 0.996011 -0.0882824 -10.1543 -0.928567 0.0207089 0.370634 62.2969
0.375487 0.0863787 0.922807 108.029 -0.0105631 0.995982 -0.0889335 -10.2171 -0.92677 0.0236468 0.374893 62.57
0.381854 0.0842717 0.920386 108.658 -0.00899724 0.996126 -0.0874761 -10.2789 -0.924198 0.0251223 0.38113 62.847
0.387597 0.0832461 0.918075 109.282 -0.00788175 0.996177 -0.0870037 -10.3401 -0.921797 0.0264875 0.386774 63.1268
0.39288 0.0823616 0.915907 109.901 -0.00738416 0.996231 -0.0864194 -10.4004 -0.919579 0.0271894 0.392004 63.4076
0.399224 0.0817744 0.913211 110.511 -0.00546556 0.996208 -0.0868205 -10.4604 -0.916838 0.0296709 0.39816 63.6931
0.404876 0.0824075 0.910664 111.118 -0.00635773 0.99616 -0.0873198 -10.5209 -0.914369 0.0295641 0.403841 63.9795
0.411543 0.081535 0.907747 111.718 -0.00411873 0.996145 -0.087611 -10.581 -0.911383 0.0323182 0.410295 64.2686
0.418858 0.0841915 0.904154 112.312 -0.00653476 0.995947 -0.0897138 -10.6416 -0.908047 0.0316691 0.417706 64.5615
0.426313 0.0895277 0.900146 112.898 -0.0104502 0.995512 -0.0940666 -10.7047 -0.904515 0.0306964 0.425339 64.8586
0.43355 0.0955178 0.896067 113.476 -0.0156938 0.995017 -0.0984743 -10.7698 -0.901012 0.0286312 0.432884 65.1592
0.441439 0.101424 0.891552 114.046 -0.0218285 0.994513 -0.102331 -10.8373 -0.897026 0.0257132 0.441233 65.4646
0.448597 0.106311 0.887402 114.611 -0.0252505 0.994013 -0.10632 -10.9066 -0.893396 0.0252878 0.448591 65.7734
0.455799 0.10662 0.883685 115.171 -0.0285289 0.994044 -0.105222 -10.9753 -0.889626 0.022751 0.456127 66.0871
0.46163 0.105009 0.880848 115.727 -0.0340952 0.994336 -0.100672 -11.041 -0.886436 0.0164411 0.46259 66.4045
0.467413 0.102496 0.878088 116.279 -0.0381875 0.994674 -0.0957797 -11.1043 -0.883215 0.0112381 0.468839 66.7263
0.474342 0.100143 0.874639 116.83 -0.0452189 0.99497 -0.0893988 -11.1631 -0.879198 0.00285612 0.476479 67.0529
0.480595 0.0982406 0.871436 117.378 -0.0464594 0.995168 -0.0865696 -11.2212 -0.875712 0.00111993 0.482839 67.3838
0.48416 0.100819 0.869165 117.925 -0.0495889 0.994905 -0.0877839 -11.2799 -0.873592 -0.000598557 0.486688 67.7168
0.49029 0.105051 0.865219 118.47 -0.0538426 0.994469 -0.0902356 -11.3395 -0.869896 -0.00234267 0.493236 68.0548
0.495679 0.107408 0.861852 119.013 -0.0568418 0.994208 -0.0912135 -11.3995 -0.866663 -0.00377573 0.498908 68.3964
0.50107 0.109041 0.858523 119.555 -0.0582407 0.994035 -0.0922628 -11.4604 -0.863446 -0.00376946 0.504434 68.7418
0.508186 0.10997 0.85421 120.094 -0.0603564 0.993923 -0.092052 -11.5216 -0.859149 -0.00477646 0.51173 69.0927
0.514476 0.111557 0.85023 120.635 -0.0636145 0.993743 -0.0918949 -11.583 -0.855143 -0.00680782 0.518354 69.4482
0.520638 0.109979 0.846677 121.178 -0.063378 0.99391 -0.0901346 -11.6442 -0.851441 -0.00673232 0.524432 69.8087
0.529409 0.107752 0.841509 121.72 -0.0635209 0.994159 -0.0873377 -11.7035 -0.845986 -0.00721463 0.533162 70.176
0.537266 0.107044 0.836605 122.263 -0.0635889 0.99423 -0.0863783 -11.7623 -0.841032 -0.00678978 0.540968 70.5498
0.544543 0.109468 0.831571 122.807 -0.0675377 0.99396 -0.0866194 -11.8202 -0.836011 -0.00899311 0.548646 70.9299
0.552781 0.109598 0.8261 123.351 -0.0682144 0.993936 -0.0862223 -11.8786 -0.830549 -0.00868906 0.5569 71.3177
0.559874 0.110252 0.821222 123.896 -0.0699883 0.99387 -0.0857156 -11.9365 -0.825619 -0.00948465 0.564156 71.7127
0.565436 0.108231 0.817673 124.441 -0.068084 0.994093 -0.0845048 -11.995 -0.821996 -0.00788771 0.569459 72.1127
0.570161 0.106464 0.814618 124.99 -0.0667654 0.994303 -0.0832184 -12.0532 -0.818817 -0.0069391 0.574019 72.5175
0.573904 0.104559 0.812234 125.54 -0.0634005 0.994509 -0.0832302 -12.1114 -0.816486 -0.00372925 0.577376 72.9259
0.578103 0.1017 0.809613 126.093 -0.0591101 0.994826 -0.0827591 -12.1696 -0.813821 -1.16592e-05 0.581122 73.338
0.582238 0.0958156 0.807367 126.649 -0.0522714 0.995385 -0.0804365 -12.2267 -0.811358 0.00463132 0.584554 73.7546
0.586271 0.0902905 0.805079 127.208 -0.04652 0.995893 -0.0778147 -12.2816 -0.808779 0.00816955 0.588062 74.1757
0.589954 0.0844146 0.803027 127.769 -0.0405785 0.99636 -0.0749294 -12.3352 -0.806438 0.0116195 0.591227 74.6012
0.593471 0.0833577 0.800539 128.332 -0.0395874 0.996451 -0.0744109 -12.3868 -0.803883 0.0124709 0.594663 75.0317
0.596113 0.084421 0.798467 128.897 -0.0418725 0.996369 -0.0740876 -12.4386 -0.801833 0.0107311 0.597477 75.4667
0.601404 0.0852536 0.794395 129.464 -0.043657 0.996321 -0.0738742 -12.4893 -0.797753 0.0097487 0.602912 75.9082
0.605644 0.0869393 0.790989 130.031 -0.0475781 0.99619 -0.0730671 -12.5398 -0.794337 0.00661945 0.607465 76.356
0.610472 0.0852209 0.787451 130.599 -0.0494763 0.996365 -0.069475 -12.5881 -0.790493 0.0034536 0.612468 76.8086
0.615865 0.0817674 0.783614 131.17 -0.0506023 0.99665 -0.0642303 -12.6318 -0.78625 -9.47757e-05 0.617932 77.2683
0.620697 0.0760479 0.780366 131.744 -0.0497898 0.997109 -0.0575686 -12.6724 -0.78247 -0.0031204 0.622688 77.7347
0.626828 0.07222 0.775822 132.319 -0.0474215 0.997386 -0.0545334 -12.7098 -0.777739 -0.00260688 0.628605 78.2095
0.632658 0.0697429 0.771296 132.897 -0.0442877 0.997577 -0.0538777 -12.7478 -0.773165 -7.15428e-05 0.634212 78.6916
0.639342 0.0692024 0.765821 133.478 -0.0379826 0.99757 -0.058437 -12.789 -0.76801 0.00827391 0.640409 79.182
0.643922 0.0737898 0.761535 134.06 -0.037154 0.997191 -0.0652088 -12.8349 -0.764189 0.0136966 0.644852 79.6803
0.649613 0.075323 0.756545 134.646 -0.0349644 0.99699 -0.0692419 -12.8842 -0.759488 0.0185285 0.650281 80.1869
0.654958 0.0746909 0.751976 135.234 -0.0357922 0.997064 -0.0678609 -12.9299 -0.754818 0.0175324 0.655706 80.7023
0.659721 0.0690858 0.748349 135.826 -0.029321 0.997377 -0.0662292 -12.9781 -0.750965 0.0217504 0.660006 81.2247
0.662754 0.067542 0.745796 136.425 -0.0274746 0.997456 -0.065919 -13.0236 -0.748335 0.0231987 0.662921 81.756
0.667051 0.0681955 0.741907 137.028 -0.0245448 0.997275 -0.0696028 -13.0738 -0.74464 0.0282182 0.666895 82.2948
0.668876 0.0689296 0.740185 137.638 -0.0233169 0.997159 -0.0717908 -13.1247 -0.74301 0.0307613 0.668583 82.8397
0.672511 0.0636408 0.73737 138.247 -0.0179709 0.997408 -0.0696962 -13.1746 -0.739905 0.0336195 0.671898 83.3912
0.674315 0.056546 0.736292 138.861 -0.0124863 0.997808 -0.0651964 -13.2216 -0.73834 0.0347702 0.673543 83.9479
0.674779 0.0518838 0.736217 139.477 -0.00796871 0.997981 -0.0630296 -13.2685 -0.738009 0.0366637 0.673818 84.5079
0.675702 0.0478732 0.735636 140.1 -0.00377782 0.998116 -0.0614865 -13.3145 -0.737169 0.0387684 0.674608 85.0719
0.67459 0.0446646 0.73686 140.725 -0.000778981 0.998211 -0.0597949 -13.3594 -0.73822 0.0397625 0.673408 85.639
0.672819 0.047088 0.738323 141.358 -0.00457417 0.99823 -0.0594974 -13.4028 -0.739798 0.0366546 0.671842 86.2068
0.671821 0.0439213 0.739427 141.993 -2.98256e-05 0.998242 -0.0592689 -13.4493 -0.740738 0.0397955 0.670632 86.7766
0.668372 0.0473958 0.742332 142.634 -0.00371973 0.99818 -0.0603833 -13.4954 -0.743822 0.0375979 0.667331 87.3468
0.666329 0.0487246 0.744082 143.277 -0.00590627 0.998176 -0.0600758 -13.5421 -0.745662 0.0356349 0.665391 87.9166
0.662192 0.0511897 0.747601 143.926 -0.00976577 0.99818 -0.0596985 -13.5869 -0.749276 0.0322316 0.661486 88.4855
0.658346 0.0521541 0.750924 144.579 -0.0116887 0.998186 -0.0590811 -13.6315 -0.752651 0.030118 0.657751 89.0529
0.654599 0.0516138 0.754228 145.236 -0.0121203 0.998267 -0.0577956 -13.6756 -0.755883 0.0286923 0.654089 89.6213
0.652302 0.0501247 0.756316 145.894 -0.0119634 0.998369 -0.05585 -13.719 -0.75789 0.0273826 0.651827 90.1885
0.648889 0.0462923 0.75949 146.557 -0.00771926 0.99851 -0.0542669 -13.7614 -0.760849 0.0293513 0.648277 90.7544
0.646143 0.0475933 0.761749 147.221 -0.00655265 0.998365 -0.0568201 -13.8078 -0.763213 0.031722 0.645389 91.3195
0.640346 0.0570736 0.76598 147.893 -0.0116545 0.997855 -0.0646086 -13.8586 -0.768003 0.0324455 0.639636 91.8826
0.636208 0.0621575 0.769028 148.57 -0.0149974 0.99756 -0.0682235 -13.9135 -0.771396 0.0318704 0.635578 92.4451
0.632816 0.0588045 0.772085 149.248 -0.0128565 0.997784 -0.0654584 -13.9683 -0.774201 0.0314977 0.632169 93.0083
0.630093 0.0569752 0.774443 149.929 -0.0173033 0.998089 -0.0593525 -14.0192 -0.77635 0.0239968 0.629865 93.5698
0.625641 0.0537919 0.778274 150.614 -0.0180588 0.998362 -0.0544882 -14.0653 -0.779908 0.0200363 0.625587 94.1309
0.621916 0.0531806 0.781291 151.304 -0.0172643 0.998382 -0.0542166 -14.113 -0.782915 0.0202295 0.621819 94.6895
0.619023 0.0491401 0.783853 151.997 -0.0132198 0.998561 -0.0521621 -14.1605 -0.785267 0.021928 0.618782 95.2478
0.615302 0.0479907 0.786845 152.695 -0.0104205 0.998555 -0.0527562 -14.209 -0.788245 0.0242615 0.614903 95.8014
0.61301 0.0486389 0.788594 153.393 -0.00904617 0.998481 -0.0545538 -14.2603 -0.790029 0.0263091 0.612518 96.3535
0.609541 0.0477162 0.791333 154.095 -0.00647134 0.998455 -0.0552223 -14.3117 -0.792751 0.0285388 0.608899 96.9017
0.604559 0.045906 0.795255 154.802 -0.00471493 0.998539 -0.0540576 -14.3618 -0.796552 0.0289321 0.603891 97.447
0.600275 0.0467812 0.798439 155.512 -0.0072 0.998564 -0.0530955 -14.41 -0.799784 0.0261228 0.599741 97.987
0.594655 0.0486244 0.802528 156.227 -0.00855024 0.998508 -0.0541646 -14.4599 -0.803941 0.0253482 0.594182 98.5231
0.587839 0.0492567 0.807492 156.949 -0.00810597 0.998454 -0.0550062 -14.5113 -0.80896 0.0257888 0.587321 99.0535
0.581967 0.0529022 0.81151 157.676 -0.00907267 0.998256 -0.0585712 -14.5674 -0.813168 0.0267248 0.58143 99.5798
0.576169 0.0583058 0.815264 158.405 -0.0126399 0.997971 -0.0624415 -14.6262 -0.817256 0.0256715 0.575728 100.102
0.568318 0.0596387 0.820665 159.143 -0.0118247 0.997873 -0.0643293 -14.6861 -0.82273 0.0268563 0.567812 100.617
0.561332 0.0536635 0.825865 159.887 -0.0113321 0.998303 -0.0571679 -14.739 -0.827536 0.022731 0.560978 101.129
0.553452 0.0499524 0.831402 160.638 -0.0149604 0.998649 -0.0500434 -14.7837 -0.832752 0.0152595 0.55345 101.635
0.543912 0.0450763 0.837946 161.395 -0.0128876 0.998888 -0.0453708 -14.8247 -0.839066 0.0138782 0.543881 102.134
0.537229 0.0448745 0.842261 162.156 -0.0149729 0.998948 -0.0436734 -14.8638 -0.843308 0.0108523 0.537334 102.629
0.528069 0.0471478 0.847907 162.923 -0.0150833 0.998821 -0.046148 -14.9053 -0.84909 0.0115797 0.528151 103.116
0.518991 0.0486118 0.853416 163.694 -0.00884697 0.998648 -0.0515056 -14.9534 -0.854739 0.0191817 0.518717 103.594
0.511539 0.0566324 0.857408 164.471 -0.00965396 0.998142 -0.0601709 -15.0077 -0.859227 0.0225018 0.51113 104.064
0.503138 0.0605916 0.8621 165.252 -0.00744018 0.997822 -0.0657896 -15.0672 -0.86418 0.026688 0.502489 104.525
0.494119 0.0564787 0.867574 166.041 -0.00413858 0.998031 -0.0626166 -15.1241 -0.869406 0.0273488 0.493374 104.974
0.485224 0.0550756 0.872674 166.834 -0.000657907 0.998052 -0.0626239 -15.1819 -0.874395 0.0298134 0.484313 105.415
0.476744 0.0546803 0.877354 167.633 -0.00145296 0.998112 -0.061419 -15.2385 -0.879061 0.0280058 0.475918 105.849
0.469001 0.0568867 0.881385 168.436 -0.00253745 0.998019 -0.063066 -15.2981 -0.883199 0.0273424 0.468215 106.277
0.462221 0.0577532 0.884894 169.244 -0.000413143 0.99789 -0.0649141 -15.3591 -0.886784 0.0296385 0.461265 106.7
0.4567 0.0522291 0.888107 170.055 0.0036138 0.998171 -0.060562 -15.4167 -0.889618 0.030869 0.455675 107.117
0.450544 0.0499197 0.891371 170.869 0.00633862 0.998229 -0.0591104 -15.474 -0.892752 0.0322812 0.449426 107.529
0.444897 0.0482217 0.894304 171.686 0.0056655 0.998392 -0.0566544 -15.5285 -0.895568 0.0302728 0.443907 107.935
0.438431 0.047388 0.897528 172.506 0.00551531 0.998446 -0.0554129 -15.582 -0.898768 0.0292442 0.437485 108.336
0.433835 0.0502289 0.899613 173.324 0.0071056 0.998235 -0.059164 -15.6391 -0.900969 0.0320603 0.432712 108.735
0.431704 0.0552256 0.900336 174.139 0.00646211 0.997907 -0.0643114 -15.7016 -0.902011 0.033581 0.430441 109.134
0.42832 0.0570947 0.901844 174.953 0.00532111 0.997838 -0.0657011 -15.7656 -0.903616 0.0329405 0.427091 109.53
0.424825 0.0529063 0.903741 175.767 0.00653497 0.998084 -0.0615035 -15.827 -0.905271 0.0320335 0.423662 109.923
0.423727 0.0466691 0.90461 176.58 0.00786294 0.998459 -0.0551958 -15.8839 -0.905761 0.0305015 0.422707 110.311
0.420425 0.0430021 0.906322 177.389 0.0127943 0.998496 -0.0533128 -15.9394 -0.907256 0.0340089 0.41924 110.699
0.419869 0.0429272 0.906592 178.197 0.0158935 0.998394 -0.0546366 -15.9957 -0.907452 0.0373496 0.418511 111.083
0.41849 0.0454653 0.907095 179 0.0189355 0.998091 -0.0587643 -16.0564 -0.908041 0.0417677 0.416828 111.465
0.418975 0.0525499 0.906499 179.798 0.016738 0.997722 -0.0655761 -16.1224 -0.90785 0.0426481 0.41714 111.843
0.412684 0.0617068 0.908794 180.594 0.0143894 0.997134 -0.0742418 -16.1929 -0.910778 0.0437145 0.410612 112.215
0.412567 0.0640285 0.908695 181.383 0.0174006 0.996804 -0.0781388 -16.2673 -0.910767 0.0480499 0.410133 112.578
0.411364 0.0601533 0.909496 182.167 0.0172219 0.997125 -0.0737409 -16.3351 -0.911325 0.0459968 0.409144 112.938
0.408642 0.0518347 0.911244 182.948 0.0121322 0.998004 -0.0622122 -16.3935 -0.912623 0.0364783 0.407195 113.297
0.406377 0.0480412 0.912453 183.723 0.00686002 0.998423 -0.0556256 -16.4459 -0.913695 0.0288639 0.405407 113.654
0.404868 0.0492124 0.913072 184.489 0.00649464 0.998385 -0.0566921 -16.4982 -0.914361 0.0288834 0.403893 114.006
0.404494 0.0516501 0.913092 185.247 0.00839082 0.998148 -0.0601811 -16.5535 -0.914518 0.0320039 0.403311 114.355
0.402578 0.0545659 0.91378 186 0.00864526 0.997965 -0.0634034 -16.6102 -0.915353 0.0334252 0.401286 114.696
0.400073 0.0527287 0.914977 186.75 0.00896782 0.998067 -0.0614409 -16.6642 -0.916454 0.0327856 0.398826 115.033
0.39896 0.051658 0.915534 187.493 0.00811552 0.998188 -0.0598599 -16.7181 -0.916941 0.0313122 0.397816 115.364
0.397577 0.0517596 0.91612 188.222 0.00704674 0.998202 -0.0594581 -16.7703 -0.917556 0.0300943 0.396498 115.689
0.395142 0.0518739 0.917178 188.942 0.00871516 0.998156 -0.060211 -16.8228 -0.91859 0.0317855 0.393961 116.008
0.393378 0.0535943 0.917827 189.653 0.0105324 0.997969 -0.0627909 -16.8782 -0.919332 0.0343669 0.392015 116.319
0.390313 0.0552749 0.919049 190.352 0.0109028 0.997857 -0.0646481 -16.9337 -0.920628 0.0352533 0.388876 116.622
0.387003 0.0580264 0.920266 191.042 0.00911799 0.997725 -0.0667478 -16.9878 -0.92205 0.034222 0.385594 116.921
0.385498 0.0600653 0.92078 191.723 0.0102039 0.997546 -0.0693486 -17.0452 -0.922662 0.0361294 0.383944 117.212
0.381208 0.063939 0.92229 192.399 0.0110049 0.997216 -0.073685 -17.1058 -0.924441 0.0382384 0.379444 117.498
0.3751 0.0666951 0.92461 193.071 0.0116596 0.996995 -0.0766501 -17.166 -0.926921 0.039532 0.373199 117.779
0.370956 0.0690393 0.926095 193.739 0.00975926 0.996882 -0.0782289 -17.227 -0.928618 0.0380569 0.369126 118.052
0.364546 0.070038 0.928575 194.406 0.00658854 0.996955 -0.0777853 -17.2868 -0.931172 0.0344745 0.362978 118.323
0.357222 0.0696453 0.931433 195.073 0.00375138 0.997096 -0.075997 -17.3441 -0.934031 0.0306414 0.355924 118.588
0.35237 0.0705085 0.933228 195.736 0.00457193 0.997023 -0.0770577 -17.401 -0.93586 0.0314198 0.351002 118.849
0.345078 0.0728277 0.935757 196.398 0.00293518 0.996889 -0.0786712 -17.4543 -0.938588 0.0298938 0.343792 119.106
0.336035 0.075969 0.938809 197.059 0.000139283 0.996745 -0.08071 -17.5093 -0.941862 0.0272523 0.334933 119.358
0.324472 0.0790033 0.942603 197.723 -0.00255734 0.996568 -0.0826494 -17.5657 -0.94591 0.0244064 0.323562 119.603
0.315591 0.080055 0.94554 198.388 -0.00250411 0.996508 -0.0835374 -17.6252 -0.948903 0.0239962 0.314692 119.843
0.308275 0.0809617 0.947859 199.056 -0.00238148 0.996427 -0.0843391 -17.685 -0.951313 0.0237419 0.307368 120.075
0.297391 0.0832091 0.951151 199.727 -0.00302995 0.996279 -0.0862125 -17.7463 -0.954763 0.0227572 0.296539 120.299
0.287962 0.0829452 0.954055 200.404 -9.42507e-05 0.996237 -0.0865873 -17.8082 -0.95766 0.0248434 0.286888 120.517
0.279502 0.0833941 0.956544 201.085 0.00118544 0.996197 -0.0872002 -17.8713 -0.960156 0.0255069 0.278343 120.728
0.270278 0.0812146 0.959365 201.77 0.0027183 0.996362 -0.0851157 -17.9319 -0.962797 0.0256122 0.269076 120.936
0.260007 0.079293 0.962375 202.463 0.00129985 0.9966 -0.082467 -17.9915 -0.965617 0.0226932 0.259023 121.137
0.252738 0.0744773 0.964678 203.161 0.00317861 0.996957 -0.0778056 -18.0495 -0.967547 0.0227301 0.251734 121.334
0.244946 0.0718574 0.9669 203.867 0.00635033 0.997119 -0.0757145 -18.1079 -0.969527 0.0246865 0.243787 121.525
0.23662 0.0668099 0.969318 204.579 0.00660023 0.997494 -0.0703666 -18.163 -0.971597 0.0230472 0.235589 121.713
0.228976 0.0620327 0.971484 205.297 0.00681329 0.99785 -0.0653249 -18.2147 -0.973419 0.0215771 0.228064 121.896
0.222449 0.0614159 0.973023 206.023 0.0115523 0.997773 -0.0656225 -18.2677 -0.974893 0.0258375 0.221247 122.074
0.214108 0.0678352 0.974483 206.754 0.0156322 0.997231 -0.072856 -18.3249 -0.976696 0.0308328 0.212458 122.247
0.207691 0.0783641 0.975066 207.492 0.0172664 0.996333 -0.0837543 -18.3923 -0.978059 0.0342301 0.205579 122.415
0.200556 0.0863694 0.975898 208.235 0.0220412 0.995467 -0.0926336 -18.4679 -0.979445 0.0400886 0.197746 122.577
0.192603 0.0855676 0.977552 208.984 0.0283734 0.995282 -0.0927132 -18.5442 -0.980882 0.0455924 0.18927 122.733
0.184698 0.0800288 0.979562 209.74 0.0344013 0.995554 -0.0878241 -18.6177 -0.982203 0.0499195 0.181127 122.883
0.175014 0.0734147 0.981839 210.502 0.0376625 0.995982 -0.0811887 -18.6875 -0.983861 0.0511866 0.171549 123.026
0.166412 0.0776528 0.983024 211.267 0.0358713 0.995765 -0.0847348 -18.7604 -0.985414 0.0493632 0.162926 123.162
0.157156 0.086963 0.983752 212.036 0.0297722 0.995241 -0.0927378 -18.838 -0.987142 0.0438619 0.153823 123.292
0.145891 0.0900832 0.985221 212.811 0.0276938 0.995094 -0.0950894 -18.9175 -0.988924 0.0411574 0.142684 123.414
0.137539 0.0843376 0.986915 213.59 0.0249251 0.995754 -0.0885698 -18.9922 -0.990199 0.0367801 0.134857 123.531
0.126841 0.0792282 0.988783 214.373 0.0234355 0.996294 -0.0828393 -19.0629 -0.991658 0.0336802 0.124518 123.639
0.116871 0.0795261 0.989973 215.161 0.0210874 0.996362 -0.0825318 -19.134 -0.99294 0.0305209 0.114773 123.741
0.107971 0.0830859 0.990707 215.952 0.0186809 0.996165 -0.0855825 -19.2077 -0.99399 0.0277477 0.106009 123.835
0.100483 0.0830201 0.991484 216.746 0.0210177 0.996111 -0.0855403 -19.2819 -0.994733 0.0294335 0.0983517 123.923
0.0936532 0.0819107 0.992259 217.544 0.024902 0.996115 -0.0845818 -19.3556 -0.995304 0.0326306 0.0912535 124.005
0.08662 0.0808675 0.992969 218.346 0.0258423 0.996181 -0.0833861 -19.4284 -0.995923 0.0328829 0.0842041 124.08
0.0806026 0.0790643 0.993633 219.151 0.027002 0.996318 -0.0814706 -19.4996 -0.99639 0.033397 0.0781749 124.151
0.0732091 0.0787695 0.994217 219.96 0.028033 0.996318 -0.0810031 -19.5706 -0.99694 0.0338004 0.0707363 124.215
0.0702517 0.0780944 0.994496 220.77 0.0275563 0.996407 -0.0801935 -19.641 -0.997159 0.0330385 0.0678515 124.277
0.0644391 0.0767141 0.994986 221.584 0.027541 0.996523 -0.0786193 -19.7112 -0.99756 0.0324684 0.0621074 124.335
0.0600617 0.0762708 0.995305 222.403 0.0251722 0.996653 -0.0778955 -19.7812 -0.997887 0.0297326 0.057945 124.39
0.0602462 0.0781559 0.995135 223.228 0.021581 0.996593 -0.0795799 -19.8531 -0.997965 0.0262699 0.0583595 124.447
0.0544945 0.0790669 0.995407 224.055 0.0201906 0.996578 -0.0802678 -19.927 -0.99832 0.024472 0.0527158 124.5
0.0539126 0.0789347 0.995436 224.889 0.0203313 0.996575 -0.080129 -20.0009 -0.998353 0.024558 0.0521284 124.553
0.0526766 0.0765681 0.995704 225.731 0.0185658 0.996822 -0.0776388 -20.0744 -0.99845 0.0225759 0.0510918 124.608
0.0520701 0.0742582 0.995895 226.58 0.0205522 0.996937 -0.0754135 -20.1449 -0.998445 0.024394 0.05039 124.662
0.0474484 0.0710934 0.996373 227.429 0.0248471 0.99709 -0.0723296 -20.2135 -0.998575 0.028189 0.0455479 124.713
0.0427626 0.0729226 0.996439 228.275 0.02572 0.99692 -0.0740646 -20.2827 -0.998767 0.028795 0.0407611 124.759
0.0397406 0.0791916 0.996101 229.122 0.0267038 0.996432 -0.0802854 -20.3567 -0.998866 0.0297901 0.0374883 124.805
0.0379012 0.0818403 0.995943 229.974 0.0258751 0.996224 -0.0828513 -20.4331 -0.998961 0.0289099 0.0356463 124.851
0.0368707 0.0809151 0.996072 230.83 0.019901 0.996476 -0.0816869 -20.5101 -0.999134 0.0228347 0.0351349 124.897
0.0323738 0.0771101 0.996515 231.692 0.0195479 0.996777 -0.0777686 -20.5833 -0.9993 0.0219972 0.0307678 124.937
0.0313532 0.0714367 0.996985 232.558 0.0178918 0.997261 -0.0720214 -20.6518 -0.999361 0.020096 0.0299938 124.976
0.0280263 0.067354 0.997354 233.426 0.0185186 0.997518 -0.0678887 -20.7175 -0.999451 0.0203719 0.0267154 125.013
0.0249391 0.0670066 0.997477 234.297 0.0159359 0.997619 -0.0674169 -20.7827 -0.999574 0.0175769 0.0238166 125.048
0.0188091 0.0673988 0.997568 235.172 0.0150291 0.99759 -0.067687 -20.8479 -0.999725 0.0162654 0.0177571 125.076
0.01612 0.0675656 0.997624 236.049 0.0163771 0.997584 -0.0678302 -20.9136 -0.999748 0.0174315 0.0149795 125.101
0.0122994 0.0667043 0.997715 236.929 0.0157723 0.997632 -0.0668963 -20.9789 -0.999813 0.0165589 0.0112246 125.122
0.00807437 0.0664848 0.997793 237.812 0.0157779 0.997676 -0.0666073 -21.0446 -0.999855 0.0162807 0.00701179 125.138
0.00670802 0.0658127 0.997829 238.7 0.0150548 0.99771 -0.0659092 -21.1101 -0.999877 0.0154641 0.00570836 125.152
0.00259915 0.0667842 0.997804 239.589 0.0143222 0.997684 -0.0668163 -21.1759 -0.999907 0.0144643 0.0016419 125.165
-0.000336085 0.0660162 0.99784 240.48 0.0148977 0.997706 -0.0660056 -21.2398 -0.999904 0.0148434 -0.00131225 125.175
-0.00193439 0.0629733 0.998051 241.374 0.00546957 0.998021 -0.0629637 -21.3023 -0.999997 0.00533697 -0.00226945 125.185
-0.00408557 0.0628176 0.99804 242.27 0.006223 0.998003 -0.0627935 -21.363 -0.999989 0.00595427 -0.00446155 125.193
-0.00588518 0.0665297 0.997809 243.169 0.0122232 0.997734 -0.0664558 -21.4248 -0.99992 0.0118051 -0.00667926 125.2
-0.00770234 0.0705564 0.997502 244.07 0.0137125 0.997415 -0.0704487 -21.4907 -0.999893 0.0131355 -0.00864314 125.201
-0.00887524 0.071463 0.997447 244.975 0.0146026 0.997365 -0.0713306 -21.5569 -0.999866 0.0139321 -0.0098895 125.201
-0.0105804 0.0698339 0.99753 245.883 0.0140484 0.997465 -0.069685 -21.6199 -0.999865 0.0132763 -0.0115278 125.201
-0.0112693 0.0682812 0.997644 246.796 0.00720492 0.997665 -0.0682046 -21.6827 -0.999924 0.0064191 -0.011729 125.2
-0.0120664 0.0664511 0.997745 247.712 0.00605615 0.997771 -0.0663842 -21.7432 -0.999926 0.00524145 -0.012435 125.196
-0.0146461 0.0660864 0.997751 248.631 0.00649021 0.997818 -0.0659991 -21.802 -0.999885 0.0055087 -0.0150369 125.19
-0.0173264 0.0653795 0.997739 249.549 0.00627069 0.997843 -0.065282 -21.8609 -0.999847 0.00512531 -0.0176918 125.18
-0.0194469 0.0664381 0.997646 250.466 0.00700826 0.997794 -0.0663148 -21.9209 -0.999799 0.00570185 -0.0198633 125.168
-0.0209742 0.0691736 0.997413 251.384 0.00736694 0.997581 -0.0690351 -21.9849 -0.99977 0.00589971 -0.0214259 125.153
-0.0250292 0.0665401 0.997513 252.304 0.0134062 0.997739 -0.0662215 -22.0478 -0.999611 0.0117151 -0.0258581 125.132
-0.0271388 0.0633885 0.997649 253.224 0.0198474 0.997819 -0.0628641 -22.108 -0.999452 0.018094 -0.0283304 125.11
-0.0301056 0.064607 0.9975 254.142 0.0217057 0.997739 -0.0639702 -22.1707 -0.999325 0.0197251 -0.0314334 125.084
-0.0336574 0.0722317 0.996848 255.058 0.0195491 0.997236 -0.0716046 -22.2435 -0.99926 0.017077 -0.034969 125.058
-0.037842 0.0821022 0.995948 255.971 0.0242443 0.996423 -0.0812226 -22.3254 -0.999005 0.0210722 -0.0396903 125.026
-0.0430123 0.0856269 0.995427 256.884 0.0240943 0.996114 -0.0846498 -22.408 -0.998801 0.0203429 -0.0449005 124.989
-0.0486087 0.0802567 0.995632 257.797 0.0208246 0.996657 -0.0793247 -22.4845 -0.998617 0.0168776 -0.0501101 124.95
-0.0530182 0.0740658 0.995873 258.71 0.020922 0.997104 -0.0730482 -22.5556 -0.998393 0.0169624 -0.0544063 124.909
-0.056523 0.0701716 0.995975 259.623 0.0196824 0.997438 -0.0691596 -22.6234 -0.998224 0.0156938 -0.0577515 124.867
-0.0627637 0.0704587 0.995569 260.536 0.014335 0.99746 -0.0696937 -22.6948 -0.997944 0.00989724 -0.0636064 124.819
-0.0701295 0.0704518 0.995087 261.443 0.00511371 0.997541 -0.0702668 -22.7673 -0.997543 0.000160699 -0.0703092 124.767
-0.0764791 0.0648515 0.994991 262.351 0.00625809 0.997888 -0.064564 -22.832 -0.99707 0.00128893 -0.0767155 124.71
-0.0830278 0.0604616 0.994751 263.256 0.00765431 0.998191 -0.0600337 -22.8893 -0.996535 0.00262946 -0.0833319 124.645
-0.0912428 0.0613636 0.993967 264.151 0.0110653 0.998095 -0.0606071 -22.9489 -0.995786 0.00546834 -0.0917396 124.575
-0.0971194 0.0651532 0.993177 265.044 0.012098 0.997885 -0.0642804 -23.0138 -0.995217 0.00577227 -0.0976929 124.495
-0.0991608 0.0647524 0.992993 265.937 0.0151364 0.997858 -0.0635625 -23.0776 -0.994975 0.00872706 -0.0999201 124.412
-0.106977 0.0639185 0.992243 266.828 0.0152853 0.997945 -0.0626393 -23.1357 -0.994162 0.0084654 -0.107725 124.319
-0.111883 0.0614124 0.991854 267.719 0.0149164 0.998077 -0.0601192 -23.1889 -0.993628 0.0080682 -0.112575 124.222
-0.117348 0.0607727 0.991268 268.603 0.0175044 0.998124 -0.0591222 -23.2445 -0.992955 0.0104134 -0.118181 124.116
-0.123259 0.0618032 0.990481 269.482 0.0183127 0.998026 -0.0599995 -23.301 -0.992225 0.0107426 -0.124139 124.001
-0.127092 0.0629939 0.989927 270.358 0.0170724 0.998 -0.0613168 -23.3582 -0.991764 0.00910728 -0.127902 123.885
-0.130149 0.0642077 0.989445 271.233 0.0198675 0.997866 -0.062145 -23.4146 -0.991315 0.0115693 -0.131138 123.768
-0.132839 0.0635464 0.989138 272.11 0.0232083 0.997897 -0.0609933 -23.4723 -0.990887 0.0148535 -0.134023 123.647
-0.13249 0.0598353 0.989408 272.991 0.0265232 0.998028 -0.056809 -23.5323 -0.990848 0.0187149 -0.133807 123.526
-0.132904 0.0595609 0.989377 273.87 0.027782 0.998053 -0.0563523 -23.59 -0.99076 0.0199968 -0.134289 123.404
-0.135088 0.0573356 0.989204 274.75 0.0289072 0.998122 -0.0539088 -23.6481 -0.99043 0.0213117 -0.136483 123.279
-0.133058 0.0581607 0.989441 275.626 0.0307428 0.998069 -0.0545346 -23.7058 -0.990651 0.0231611 -0.134578 123.156
-0.133399 0.0591518 0.989327 276.501 0.0328572 0.997927 -0.0552396 -23.7649 -0.990535 0.0251364 -0.135057 123.034
-0.134502 0.0599268 0.989141 277.373 0.0344874 0.997878 -0.0557675 -23.8249 -0.990333 0.0266111 -0.136272 122.911
-0.133178 0.0616426 0.989204 278.242 0.0375575 0.997656 -0.0571169 -23.8853 -0.990398 0.0295439 -0.135173 122.79
-0.132851 0.0614554 0.98927 279.109 0.0394723 0.997642 -0.0566756 -23.9433 -0.990369 0.0315182 -0.134952 122.67
-0.129287 0.0612046 0.989748 279.975 0.0424895 0.997513 -0.0561386 -23.999 -0.990715 0.0347943 -0.131557 122.555
-0.127507 0.0611845 0.989991 280.838 0.0427014 0.997539 -0.0561522 -24.0582 -0.990939 0.0351127 -0.129795 122.442
-0.124309 0.059295 0.990504 281.701 0.0444795 0.997539 -0.0541379 -24.115 -0.991265 0.0373254 -0.126632 122.333
-0.121891 0.0570156 0.990944 282.564 0.0445057 0.997685 -0.0519302 -24.1715 -0.991565 0.0377713 -0.124136 122.227
-0.119061 0.05432 0.991435 283.42 0.0430763 0.997842 -0.0495018 -24.2256 -0.991973 0.0368117 -0.121136 122.123
-0.115897 0.0521627 0.99193 284.273 0.0438913 0.99794 -0.0473516 -24.2771 -0.992311 0.0380476 -0.117937 122.021
-0.113699 0.0529516 0.992138 285.123 0.0399283 0.998013 -0.0486932 -24.3281 -0.992734 0.0340764 -0.115579 121.923
-0.109961 0.0544405 0.992481 285.969 0.0383135 0.998015 -0.0505001 -24.3806 -0.993216 0.0324711 -0.111818 121.829
-0.104512 0.0544166 0.993069 286.816 0.0383269 0.997978 -0.0506557 -24.4329 -0.993806 0.0327656 -0.106378 121.739
-0.101233 0.0526101 0.993509 287.661 0.040158 0.998033 -0.0487586 -24.483 -0.994071 0.03496 -0.103137 121.652
-0.0989788 0.0508584 0.993824 288.496 0.0393955 0.998108 -0.0471577 -24.5302 -0.994332 0.034483 -0.100787 121.568
-0.0985325 0.0503413 0.993897 289.316 0.0375597 0.998225 -0.0468376 -24.5755 -0.994445 0.0327142 -0.100238 121.483
-0.0975645 0.0514709 0.993932 290.113 0.0385857 0.998104 -0.0479031 -24.6223 -0.994502 0.0336764 -0.0993575 121.399
-0.0957915 0.0545283 0.993944 290.893 0.0380963 0.997991 -0.0510798 -24.6699 -0.994693 0.0329713 -0.097667 121.315
-0.0957259 0.0558838 0.993871 291.657 0.0370156 0.997928 -0.0525504 -24.719 -0.99474 0.0317569 -0.0975881 121.229
-0.0965858 0.0579534 0.993673 292.404 0.034382 0.997928 -0.0548601 -24.7712 -0.994752 0.0288647 -0.0983684 121.142
-0.094987 0.0573919 0.993857 293.142 0.0318509 0.997998 -0.0545906 -24.8221 -0.994992 0.0264685 -0.0966166 121.058
-0.0912781 0.0571527 0.994221 293.877 0.0278997 0.998134 -0.0548166 -24.8747 -0.995456 0.0227339 -0.0926926 120.979
-0.0877469 0.0554358 0.994631 294.604 0.0254555 0.998243 -0.0533951 -24.9273 -0.99584 0.0206323 -0.0889958 120.904
-0.0824382 0.0555459 0.995084 295.328 0.025004 0.998274 -0.0536529 -24.9787 -0.996304 0.020457 -0.0836753 120.834
-0.0773236 0.0560118 0.995464 296.049 0.0245294 0.99822 -0.0542653 -25.0302 -0.996728 0.0202208 -0.0785519 120.769
-0.0712401 0.0580382 0.995807 296.767 0.0210908 0.9982 -0.0566689 -25.0838 -0.997257 0.0169642 -0.0723269 120.708
-0.0660386 0.0581668 0.996152 297.482 0.0206639 0.998159 -0.0569181 -25.1371 -0.997626 0.0168243 -0.0671112 120.653
-0.0608863 0.0580433 0.996492 298.193 0.0197952 0.998211 -0.0569339 -25.1901 -0.997968 0.0162582 -0.0619177 120.601
-0.0564933 0.0579092 0.996755 298.901 0.0192263 0.998188 -0.0569069 -25.2422 -0.998242 0.0159478 -0.0574966 120.553
-0.0509252 0.0583696 0.997032 299.604 0.0194486 0.998189 -0.0574438 -25.2946 -0.998533 0.0164645 -0.0519599 120.509
-0.0470544 0.0590245 0.997178 300.301 0.0180973 0.998134 -0.0582309 -25.3467 -0.998758 0.0153049 -0.0480268 120.469
-0.0439954 0.0604836 0.997235 300.99 0.0182493 0.998078 -0.0597293 -25.3988 -0.998886 0.0155701 -0.0450065 120.431
-0.0399234 0.0624191 0.997281 301.67 0.0196928 0.997896 -0.0616731 -25.4524 -0.999042 0.0171756 -0.0410604 120.395
-0.037661 0.0633736 0.997316 302.338 0.0202929 0.997859 -0.0626416 -25.5044 -0.999106 0.0178783 -0.0388585 120.361
-0.0376599 0.0643918 0.997244 302.99 0.0184025 0.997789 -0.0637362 -25.5565 -0.999155 0.0159503 -0.0387535 120.328
-0.035911 0.0663435 0.99719 303.633 0.017834 0.997708 -0.0657356 -25.6107 -0.999219 0.0154224 -0.0370039 120.297
-0.0360007 0.0672926 0.997113 304.263 0.0174682 0.997611 -0.0666997 -25.6654 -0.999234 0.0150153 -0.0370819 120.268
-0.0368363 0.0676486 0.997069 304.881 0.0178825 0.997621 -0.0670252 -25.7184 -0.999184 0.0153602 -0.0379504 120.243
-0.0357634 0.0675955 0.997101 305.495 0.0183314 0.997578 -0.0669745 -25.7705 -0.999228 0.0158818 -0.0369077 120.22
-0.0364231 0.0672511 0.997111 306.104 0.0191007 0.997628 -0.0665881 -25.8196 -0.999176 0.0166191 -0.0376133 120.199
-0.0385758 0.0664676 0.997072 306.708 0.0196152 0.997635 -0.0657503 -25.867 -0.9991 0.0170201 -0.0397801 120.179
-0.0392308 0.0664309 0.997058 307.309 0.0207052 0.997658 -0.0656558 -25.9146 -0.999037 0.0180677 -0.0405063 120.158
-0.0413307 0.0697607 0.996737 307.906 0.0245163 0.997321 -0.0687894 -25.9632 -0.998878 0.0215918 -0.042922 120.135
-0.0425988 0.0743277 0.996362 308.502 0.0296265 0.996916 -0.0731015 -26.0144 -0.998675 0.026404 -0.0446612 120.111
-0.0437827 0.0787548 0.995961 309.097 0.0313677 0.996496 -0.0774227 -26.0669 -0.998581 0.0278498 -0.0460913 120.085
-0.0464424 0.0807772 0.995688 309.689 0.0309239 0.996396 -0.079391 -26.1199 -0.998464 0.0271025 -0.0487644 120.057
-0.0487151 0.080944 0.995556 310.281 0.0300313 0.996371 -0.0795451 -26.1727 -0.998394 0.0260215 -0.0509607 120.028
-0.0505943 0.0798211 0.995563 310.874 0.0347168 0.996371 -0.0781205 -26.225 -0.998138 0.0306097 -0.0531731 119.998
-0.0520477 0.0767721 0.995717 311.467 0.0429728 0.996281 -0.0745735 -26.2752 -0.997753 0.0389054 -0.0551447 119.964
-0.0538465 0.0760507 0.995687 312.059 0.0448207 0.996305 -0.0736731 -26.3243 -0.997565 0.0406593 -0.0570475 119.929
-0.0575751 0.0768845 0.995404 312.65 0.0409686 0.996364 -0.0745931 -26.3736 -0.997533 0.036484 -0.0605071 119.891
-0.059859 0.0774024 0.995241 313.244 0.0368311 0.996513 -0.0752852 -26.422 -0.997549 0.0321482 -0.0624922 119.855
-0.061271 0.0772576 0.995154 313.841 0.0418114 0.996315 -0.0747776 -26.4708 -0.997279 0.0370251 -0.0642669 119.818
-0.0628693 0.075911 0.99517 314.44 0.0454402 0.996321 -0.0731269 -26.5183 -0.997009 0.0406223 -0.0660782 119.779
-0.0656733 0.0766315 0.994922 315.043 0.0468861 0.996174 -0.0736373 -26.5655 -0.996773 0.0418099 -0.0690064 119.739
-0.0685346 0.077053 0.994706 315.65 0.0442345 0.9963 -0.0741274 -26.6139 -0.99669 0.0389189 -0.0716801 119.7
-0.0707569 0.0783974 0.994438 316.263 0.0410532 0.996281 -0.0756266 -26.6625 -0.996682 0.0354718 -0.073704 119.661
-0.0733957 0.0813038 0.994021 316.879 0.040559 0.996124 -0.0784793 -26.7127 -0.9965 0.0345554 -0.0763993 119.62
-0.0747284 0.0843092 0.993665 317.502 0.0418172 0.995798 -0.0813507 -26.7638 -0.99636 0.035471 -0.0779318 119.576
-0.0767859 0.0827724 0.993644 318.133 0.0393683 0.996057 -0.0799296 -26.8143 -0.996291 0.0329794 -0.0797321 119.533
-0.0789729 0.0822296 0.993512 318.77 0.036001 0.996168 -0.0795931 -26.8637 -0.996262 0.0294798 -0.0816223 119.485
-0.0808595 0.0829889 0.993303 319.415 0.0350495 0.996182 -0.0803748 -26.9156 -0.99613 0.0283146 -0.0834498 119.437
-0.0828058 0.0870843 0.992789 320.069 0.038598 0.9957 -0.0841261 -26.9731 -0.995858 0.0313512 -0.0858023 119.388
-0.0849966 0.0920974 0.992155 320.734 0.0400895 0.995264 -0.0889496 -27.0382 -0.995596 0.0322135 -0.0882762 119.335
-0.0856766 0.0952046 0.9918 321.408 0.0394895 0.994959 -0.0921027 -27.1011 -0.99558 0.0312724 -0.0889957 119.279
-0.0860682 0.0936918 0.991914 322.091 0.0427378 0.995036 -0.0902763 -27.1671 -0.995395 0.0346215 -0.0896351 119.221
-0.0872231 0.0898332 0.992166 322.782 0.0490209 0.995098 -0.0857952 -27.2336 -0.995022 0.0411506 -0.0911906 119.159
-0.0874533 0.0877938 0.992333 323.483 0.0521711 0.995185 -0.0834461 -27.2999 -0.994826 0.0444725 -0.091602 119.094
-0.0881829 0.0886301 0.99219 324.191 0.0540898 0.994982 -0.0840784 -27.3653 -0.994675 0.0462499 -0.0925258 119.024
-0.0888605 0.0905321 0.991962 324.906 0.0549041 0.99483 -0.0858733 -27.4317 -0.994554 0.0468309 -0.0933612 118.95
-0.0879871 0.0918415 0.991914 325.631 0.0553752 0.994643 -0.0871885 -27.4996 -0.99462 0.0472529 -0.0925931 118.871
-0.0867302 0.0908587 0.992119 326.363 0.0563927 0.994721 -0.086165 -27.5658 -0.994658 0.0484742 -0.0913857 118.792
-0.0853074 0.0898449 0.992331 327.101 0.0568106 0.994736 -0.085185 -27.6342 -0.994771 0.0491049 -0.0899542 118.713
-0.0820713 0.0886789 0.992712 327.851 0.0573957 0.994839 -0.0841215 -27.7024 -0.994994 0.0500726 -0.0867273 118.632
-0.0800793 0.0881858 0.992916 328.61 0.0578938 0.994801 -0.0836901 -27.7711 -0.995141 0.0507787 -0.0847602 118.553
-0.0772443 0.0874552 0.993207 329.38 0.0576711 0.994907 -0.0831174 -27.8388 -0.995364 0.0508581 -0.0818845 118.475
-0.0737644 0.0858618 0.993608 330.162 0.0581041 0.994956 -0.0816705 -27.9083 -0.995613 0.0517053 -0.0783735 118.4
-0.0702734 0.0853523 0.993908 330.954 0.0590436 0.99498 -0.0812675 -27.9788 -0.9958 0.0529721 -0.0749503 118.33
-0.0669322 0.0849511 0.994169 331.757 0.060163 0.994892 -0.0809681 -28.0505 -0.995971 0.0543899 -0.0716935 118.263
-0.0661019 0.0843776 0.994275 332.564 0.0605207 0.994961 -0.0804098 -28.1213 -0.995997 0.0548581 -0.0708656 118.196
-0.0559675 0.0849945 0.994843 333.387 0.0628505 0.994686 -0.081451 -28.1924 -0.996481 0.0579644 -0.0610045 118.137
-0.0556466 0.0844449 0.994908 334.214 0.0643171 0.994689 -0.0808264 -28.2655 -0.996397 0.0594911 -0.0607731 118.078
-0.0511602 0.0837507 0.995206 335.048 0.0658526 0.994582 -0.0803187 -28.3407 -0.996546 0.0614243 -0.0563908 118.025
-0.0458583 0.0843557 0.995415 335.889 0.0663853 0.994521 -0.0812191 -28.4143 -0.996759 0.0623554 -0.0511982 117.976
-0.0417476 0.0850168 0.995538 336.74 0.0670388 0.994356 -0.0821106 -28.4884 -0.996905 0.0633081 -0.0472041 117.93
-0.0363818 0.0859184 0.995671 337.598 0.0662927 0.994347 -0.0833791 -28.5636 -0.997156 0.0629713 -0.0418634 117.887
-0.0318561 0.0870127 0.995731 338.464 0.0634497 0.99436 -0.084869 -28.6358 -0.997505 0.0604718 -0.03719 117.848
-0.0282092 0.0874983 0.995799 339.337 0.0616445 0.994453 -0.0856314 -28.7106 -0.997718 0.0589689 -0.0334385 117.813
-0.0244196 0.0880822 0.995846 340.225 0.0597399 0.994449 -0.0864998 -28.7885 -0.997945 0.0573762 -0.0295387 117.78
-0.0228195 0.0864348 0.996031 341.123 0.0585343 0.994699 -0.0849759 -28.8653 -0.998045 0.0563617 -0.0277502 117.752
-0.0225624 0.0840486 0.99624 342.032 0.0582435 0.994868 -0.0826197 -28.9401 -0.998077 0.0561571 -0.0273345 117.725
-0.019712 0.0828832 0.996399 342.952 0.0598995 0.994899 -0.0815718 -29.0177 -0.99803 0.0580745 -0.0245684 117.7
-0.0184704 0.0824082 0.996461 343.87 0.0614736 0.994796 -0.0811369 -29.0934 -0.997968 0.059754 -0.0234329 117.676
-0.0180696 0.0826833 0.996446 344.787 0.0609896 0.994842 -0.0814427 -29.1634 -0.997994 0.0592998 -0.0230117 117.653
-0.0164338 0.082351 0.996501 345.702 0.0591158 0.99493 -0.0812519 -29.2321 -0.998145 0.0575706 -0.0212114 117.632
-0.0165807 0.0805781 0.996644 346.622 0.0575142 0.995206 -0.0795036 -29.2992 -0.998226 0.0560015 -0.0211282 117.617
-0.017867 0.0790698 0.996741 347.552 0.0558206 0.995382 -0.0779669 -29.3703 -0.998308 0.0542428 -0.0221909 117.603
-0.0167786 0.0777854 0.996864 348.496 0.0535463 0.995639 -0.0767877 -29.438 -0.998443 0.0520885 -0.0208632 117.59
-0.0160065 0.0785393 0.996814 349.44 0.0535602 0.995535 -0.0775842 -29.5071 -0.998464 0.0521449 -0.0201343 117.579
-0.0162271 0.0781619 0.996843 350.385 0.05243 0.995666 -0.0772151 -29.5802 -0.998512 0.0510099 -0.0202474 117.569
-0.0125104 0.0790824 0.996821 351.331 0.0496543 0.995676 -0.0783742 -29.6541 -0.998715 0.0485134 -0.0163758 117.563
-0.0129887 0.0796799 0.996769 352.271 0.0495991 0.995675 -0.0789449 -29.7296 -0.998704 0.048412 -0.0168774 117.556
-0.0137933 0.0801285 0.99672 353.207 0.0487775 0.99564 -0.0793724 -29.8037 -0.99874 0.0475203 -0.0176344 117.55
-0.0127436 0.0786854 0.996849 354.14 0.0490595 0.995775 -0.0779725 -29.8786 -0.998732 0.0479098 -0.0165429 117.543
-0.0133003 0.0790191 0.996815 355.07 0.0477001 0.995776 -0.078306 -29.9541 -0.998798 0.0465045 -0.0170062 117.536
-0.014159 0.0797342 0.996746 355.997 0.0478955 0.995752 -0.0789733 -30.029 -0.998769 0.0466201 -0.0179106 117.527
-0.013143 0.079901 0.996746 356.924 0.0489471 0.995647 -0.0791732 -30.1058 -0.99874 0.047745 -0.0169896 117.517
-0.0117296 0.0784435 0.996881 357.853 0.0508044 0.995707 -0.0777522 -30.178 -0.998659 0.0497327 -0.0156574 117.503
-0.00791611 0.0761296 0.997096 358.781 0.0531335 0.995709 -0.0756074 -30.2506 -0.998582 0.0523781 -0.0119201 117.494
-0.00853228 0.0771878 0.997011 359.703 0.0576212 0.995429 -0.0765706 -30.3265 -0.998321 0.0567947 -0.0129339 117.483
-0.00600867 0.0820595 0.996641 360.621 0.0629637 0.994669 -0.0815237 -30.4115 -0.998022 0.0622593 -0.0111364 117.473
-0.00271147 0.0842763 0.99647 361.537 0.0639385 0.99445 -0.0839296 -30.4956 -0.99797 0.0634841 -0.00807804 117.466
0.00173276 0.0837686 0.996517 362.451 0.0668098 0.994238 -0.0836994 -30.5768 -0.997788 0.0667187 -0.00386678 117.463
0.00470776 0.0843566 0.996457 363.365 0.0677194 0.994154 -0.0844797 -30.6599 -0.997713 0.0678759 -0.00102577 117.464
0.00757541 0.0862341 0.996279 364.276 0.0669564 0.993984 -0.086551 -30.7411 -0.997753 0.0673596 0.00176289 117.469
0.0124742 0.0857033 0.996275 365.184 0.067031 0.99404 -0.0863484 -30.8171 -0.997692 0.0678574 0.00666137 117.48
0.016753 0.0832727 0.996422 366.089 0.0655207 0.994284 -0.0842018 -30.8898 -0.997736 0.0666937 0.0112081 117.494
0.0199101 0.0795594 0.996663 366.992 0.0640291 0.994711 -0.0806815 -30.9587 -0.997769 0.0654206 0.0147167 117.509
0.0249729 0.0778692 0.996688 367.9 0.0624109 0.994889 -0.0792983 -31.0263 -0.997764 0.0641814 0.0199921 117.527
0.0305114 0.0775048 0.996558 368.808 0.0579432 0.995207 -0.0791726 -31.0905 -0.997873 0.060158 0.0258798 117.552
0.0353345 0.0769132 0.996449 369.715 0.0580216 0.995186 -0.0788794 -31.1573 -0.997717 0.0605994 0.0307085 117.582
0.0431502 0.0760899 0.996199 370.619 0.056478 0.995346 -0.07847 -31.2276 -0.99749 0.0596479 0.038657 117.62
0.0506057 0.076216 0.995844 371.526 0.0547011 0.995368 -0.0789654 -31.2999 -0.997247 0.0584667 0.0462089 117.667
0.058869 0.0772009 0.995307 372.433 0.053113 0.995378 -0.0803468 -31.3715 -0.996871 0.0575922 0.0545011 117.72
0.0687706 0.0776144 0.994647 373.338 0.0510522 0.99538 -0.0812078 -31.4421 -0.996354 0.0563604 0.0644972 117.785
0.0791252 0.0770216 0.993915 374.238 0.0500855 0.995471 -0.0811285 -31.5121 -0.995625 0.0561987 0.074913 117.86
0.0876517 0.0763872 0.993256 375.143 0.0495321 0.995478 -0.0809356 -31.5846 -0.994948 0.0562889 0.0834784 117.946
0.0974283 0.0754766 0.992407 376.052 0.0491367 0.995564 -0.08054 -31.66 -0.994048 0.056609 0.0932907 118.04
0.107949 0.0750305 0.991359 376.967 0.0471851 0.995627 -0.080498 -31.7353 -0.993065 0.0554638 0.103943 118.145
0.113395 0.0743995 0.990791 377.88 0.0478524 0.995648 -0.0802408 -31.8169 -0.992416 0.0565091 0.109344 118.252
0.123719 0.0740715 0.989588 378.79 0.0457124 0.995715 -0.0802517 -31.8945 -0.991294 0.0551618 0.119809 118.375
0.129812 0.0737109 0.988826 379.704 0.0441366 0.995836 -0.0800277 -31.9686 -0.990574 0.0540303 0.12602 118.502
0.13421 0.0736148 0.988254 380.617 0.0429528 0.995857 -0.080021 -32.0468 -0.990053 0.0531846 0.130499 118.632
0.140265 0.0735571 0.987408 381.527 0.0445639 0.995775 -0.0805113 -32.1414 -0.989131 0.0552939 0.136397 118.769
0.14519 0.073102 0.986738 382.435 0.0451338 0.995726 -0.0804157 -32.242 -0.988405 0.0562074 0.141277 118.912
0.149561 0.0739445 0.986015 383.342 0.0464404 0.995592 -0.0817075 -32.3415 -0.987683 0.0580095 0.14547 119.061
0.155073 0.0749761 0.98509 384.248 0.0461379 0.995463 -0.0830355 -32.4397 -0.986856 0.0583231 0.150917 119.214
0.159976 0.0753167 0.984275 385.156 0.0461319 0.995442 -0.0836699 -32.5373 -0.986064 0.0587899 0.155774 119.373
0.163867 0.0756201 0.983617 386.063 0.0484851 0.99522 -0.0845966 -32.6354 -0.985322 0.0615497 0.159424 119.534
0.170138 0.0739872 0.982671 386.97 0.0481946 0.995377 -0.0832892 -32.733 -0.984263 0.0615283 0.165788 119.704
0.174207 0.0719933 0.98211 387.876 0.0471267 0.995556 -0.0813451 -32.8284 -0.983612 0.0604509 0.170047 119.879
0.177893 0.0705357 0.98155 388.78 0.0467109 0.995714 -0.0800204 -32.9237 -0.982962 0.0600824 0.173838 120.057
0.183015 0.069507 0.980685 389.683 0.0452618 0.995828 -0.0790337 -33.0166 -0.982099 0.0588485 0.179113 120.24
0.187479 0.0703436 0.979776 390.585 0.0461996 0.995712 -0.0803289 -33.1095 -0.981204 0.0603235 0.183427 120.426
0.192174 0.0728738 0.978688 391.485 0.0437676 0.995595 -0.0827338 -33.2046 -0.980416 0.0587307 0.188145 120.617
0.197054 0.0759777 0.977474 392.383 0.043599 0.99534 -0.0861568 -33.3014 -0.979445 0.0595928 0.192825 120.813
0.200744 0.0757843 0.976744 393.28 0.0423141 0.995385 -0.0859343 -33.3977 -0.97876 0.0585775 0.196618 121.01
0.20267 0.0728039 0.976568 394.175 0.0415408 0.99571 -0.0828533 -33.4908 -0.978388 0.0573575 0.198778 121.209
0.205763 0.0718252 0.975999 395.069 0.0391153 0.995886 -0.0815422 -33.5825 -0.977851 0.0549516 0.202114 121.411
0.207555 0.0724871 0.975564 395.961 0.036392 0.996003 -0.0817493 -33.6741 -0.977569 0.0524685 0.204089 121.616
0.207588 0.0769678 0.97522 396.852 0.0332522 0.995753 -0.0856737 -33.7682 -0.977683 0.05021 0.204154 121.82
0.207896 0.0812647 0.974799 397.739 0.0321862 0.995448 -0.0898513 -33.8652 -0.977642 0.0500532 0.204336 122.024
0.209262 0.0812874 0.97451 398.625 0.0311603 0.995463 -0.0897335 -33.9619 -0.977394 0.049141 0.205786 122.229
0.209331 0.0781443 0.974747 399.51 0.0295548 0.995857 -0.0861842 -34.0547 -0.977419 0.0468479 0.206155 122.433
0.209737 0.0736835 0.975012 400.392 0.0287654 0.996244 -0.0814825 -34.1429 -0.977365 0.0451339 0.206837 122.637
0.211562 0.0722157 0.974723 401.274 0.0276143 0.996443 -0.0798192 -34.2292 -0.976995 0.0438012 0.208817 122.842
0.210018 0.071266 0.975131 402.154 0.0270916 0.996516 -0.0786705 -34.3145 -0.977353 0.0429373 0.207363 123.046
0.209913 0.0717423 0.975114 403.033 0.0269741 0.996515 -0.0791243 -34.4004 -0.977368 0.0429101 0.207247 123.248
0.209176 0.0723334 0.975234 403.91 0.0278304 0.996398 -0.0798797 -34.4857 -0.977512 0.0438474 0.206417 123.45
0.208209 0.0711095 0.975526 404.785 0.0311693 0.996381 -0.079283 -34.5713 -0.977609 0.0469122 0.20524 123.649
0.209456 0.068443 0.975455 405.66 0.0325765 0.996487 -0.076921 -34.6547 -0.977304 0.0478858 0.206499 123.849
0.208582 0.0701646 0.975516 406.535 0.0335331 0.996339 -0.0788332 -34.7397 -0.977451 0.0491536 0.205468 124.048
0.207459 0.0729977 0.975554 407.407 0.0357478 0.995964 -0.0821344 -34.8267 -0.977622 0.0519104 0.20402 124.245
0.208961 0.0760174 0.974996 408.278 0.0363133 0.995698 -0.0854151 -34.9166 -0.977271 0.0532521 0.205303 124.444
0.208669 0.0759433 0.975069 409.149 0.0370996 0.995631 -0.0854915 -35.0055 -0.977313 0.0540112 0.204948 124.642
0.21043 0.0734688 0.974876 410.019 0.035957 0.995932 -0.0828181 -35.0923 -0.976969 0.0524794 0.206934 124.842
0.212841 0.0729099 0.974399 410.889 0.0354811 0.995961 -0.0822807 -35.1784 -0.976474 0.0520823 0.209402 125.045
0.216196 0.0743598 0.973546 411.759 0.0356794 0.995845 -0.0839871 -35.266 -0.97572 0.0528916 0.212646 125.251
0.21859 0.0769007 0.972818 412.628 0.0355328 0.995585 -0.0866919 -35.3562 -0.975201 0.053514 0.2149 125.46
0.22128 0.0793935 0.972005 413.497 0.0346556 0.995428 -0.0891967 -35.4486 -0.974617 0.0534212 0.217518 125.67
0.221094 0.0788213 0.972098 414.365 0.0348252 0.995438 -0.0886416 -35.5403 -0.974661 0.0534484 0.217348 125.88
0.223661 0.0771151 0.971644 415.234 0.0356143 0.995571 -0.0872127 -35.6304 -0.974039 0.0541089 0.219925 126.093
0.225102 0.0768393 0.971335 416.103 0.0376477 0.995438 -0.0874778 -35.721 -0.973638 0.0562568 0.22119 126.306
0.227757 0.0769274 0.970708 416.972 0.0400738 0.995309 -0.08828 -35.8124 -0.972916 0.059005 0.223606 126.521
0.228749 0.0773136 0.970445 417.84 0.0434829 0.995019 -0.089528 -35.9049 -0.972545 0.0626739 0.224255 126.737
0.232969 0.0761848 0.969529 418.708 0.0452964 0.995013 -0.0890726 -35.997 -0.971452 0.0646659 0.228357 126.956
0.235422 0.0744025 0.969076 419.576 0.0496049 0.99483 -0.0884376 -36.0891 -0.970656 0.0688875 0.230522 127.177
0.238082 0.0729906 0.968533 420.444 0.0529703 0.994731 -0.0879871 -36.1808 -0.969823 0.0722502 0.232962 127.401
0.238573 0.0710842 0.968555 421.312 0.0522276 0.994921 -0.0858905 -36.2703 -0.969749 0.071073 0.233657 127.624
0.239859 0.0685601 0.96842 422.18 0.0495535 0.995362 -0.0827419 -36.3564 -0.969566 0.0678337 0.235349 127.85
0.241381 0.0633976 0.968392 423.049 0.0507501 0.99566 -0.0778388 -36.4383 -0.969133 0.0679312 0.237123 128.077
0.241438 0.0644659 0.96831 423.917 0.0512398 0.995576 -0.0790584 -36.521 -0.969086 0.0687026 0.237067 128.304
0.244806 0.0656932 0.967379 424.785 0.0495886 0.995535 -0.0801604 -36.6048 -0.968334 0.0675912 0.240462 128.533
0.245621 0.0674317 0.967054 425.652 0.0498846 0.995401 -0.0820794 -36.6903 -0.968104 0.0684007 0.241128 128.764
0.245479 0.0658766 0.967197 426.52 0.0520007 0.995345 -0.0809979 -36.775 -0.968039 0.0701744 0.240917 128.994
0.24777 0.0639168 0.966745 427.387 0.0539318 0.995389 -0.079634 -36.8583 -0.96734 0.0718684 0.24318 129.226
0.248166 0.0625664 0.966731 428.255 0.053987 0.995455 -0.0782901 -36.9405 -0.967245 0.071616 0.243666 129.458
0.249123 0.0621959 0.96651 429.122 0.0538333 0.995528 -0.0779402 -37.0221 -0.966998 0.0714461 0.24466 129.692
0.249365 0.061622 0.966483 429.989 0.0531484 0.995586 -0.0771964 -37.1031 -0.966982 0.0706134 0.244995 129.925
0.249877 0.0602568 0.966438 430.856 0.054063 0.995661 -0.0760584 -37.1829 -0.966791 0.0712529 0.245535 130.16
0.248384 0.0571839 0.967009 431.723 0.0548269 0.995813 -0.0729756 -37.2601 -0.967142 0.0711402 0.244216 130.393
0.246999 0.0551935 0.967479 432.591 0.0553487 0.995967 -0.0709507 -37.3353 -0.967457 0.0710725 0.242948 130.624
0.246146 0.0538847 0.96777 433.458 0.0564236 0.995951 -0.0698102 -37.4095 -0.967622 0.0717847 0.242115 130.855
0.244124 0.0555504 0.968193 434.326 0.0582853 0.99574 -0.0718288 -37.4854 -0.968015 0.0739656 0.239846 131.083
0.243791 0.057137 0.968178 435.194 0.0586533 0.995554 -0.0735273 -37.563 -0.968085 0.0747083 0.239362 131.311
0.241904 0.0623108 0.968341 436.061 0.0579766 0.995253 -0.0785272 -37.6448 -0.968592 0.0751361 0.237143 131.537
0.240374 0.0659297 0.968473 436.928 0.0566369 0.995026 -0.0818001 -37.7295 -0.969059 0.0745103 0.23545 131.762
0.238911 0.0676767 0.968723 437.795 0.0557616 0.994993 -0.0832655 -37.8154 -0.969464 0.0739096 0.233942 131.985
0.236646 0.06592 0.969392 438.663 0.0553795 0.995147 -0.081196 -37.8994 -0.97005 0.0728955 0.231852 132.205
0.235825 0.063219 0.969781 439.53 0.0554674 0.995408 -0.0783793 -37.9807 -0.970236 0.0722741 0.231236 132.426
0.235199 0.0605168 0.970096 440.397 0.0567947 0.995488 -0.0758757 -38.0598 -0.970321 0.0729384 0.230706 132.645
0.236471 0.0599009 0.969834 441.264 0.058104 0.995468 -0.0756529 -38.1386 -0.969925 0.0742399 0.23192 132.865
0.235869 0.0612099 0.969891 442.13 0.0586512 0.995287 -0.0770815 -38.2186 -0.970047 0.0750626 0.231173 133.085
0.236418 0.0615054 0.969745 442.996 0.058867 0.995282 -0.0774778 -38.2989 -0.969892 0.0754021 0.231682 133.304
0.237265 0.0620214 0.969499 443.861 0.0591977 0.995171 -0.0781566 -38.3798 -0.969674 0.0759321 0.232454 133.525
0.236073 0.0635368 0.9697 444.726 0.0601281 0.995022 -0.0798355 -38.4623 -0.969899 0.0771522 0.231078 133.744
0.235677 0.0642025 0.969743 445.591 0.0601944 0.994923 -0.0805041 -38.5453 -0.969998 0.0773423 0.230622 133.962
0.237719 0.0658253 0.969148 446.455 0.0592368 0.994892 -0.0821055 -38.6297 -0.969552 0.0769261 0.232606 134.182
0.236992 0.066046 0.969298 447.318 0.0594828 0.994815 -0.0823337 -38.7143 -0.969722 0.0771652 0.23184 134.402
0.235807 0.0651966 0.969658 448.181 0.0596552 0.994925 -0.0814045 -38.798 -0.969993 0.0770396 0.230722 134.621
0.236508 0.0643571 0.96953 449.044 0.0598924 0.994928 -0.0806588 -38.881 -0.969814 0.0771402 0.23146 134.839
0.238682 0.0626266 0.969128 449.906 0.0600277 0.99509 -0.0790907 -38.9626 -0.969266 0.0770506 0.233753 135.06
0.239948 0.0609579 0.968903 450.767 0.060774 0.995113 -0.0776628 -39.043 -0.968913 0.0775154 0.235077 135.281
0.241081 0.0587739 0.968777 451.627 0.0596763 0.995412 -0.0752427 -39.1209 -0.968695 0.075951 0.236468 135.503
0.2426 0.0593326 0.968344 452.486 0.0592311 0.995347 -0.0758319 -39.1994 -0.968348 0.0757492 0.237964 135.727
0.244674 0.0602214 0.967788 453.344 0.0584157 0.995375 -0.0767091 -39.2785 -0.967871 0.075301 0.240026 135.953
0.247268 0.0608961 0.967066 454.2 0.0572323 0.995349 -0.0773164 -39.3582 -0.967288 0.0744614 0.242639 136.18
0.251013 0.0604459 0.966152 455.055 0.0555554 0.995539 -0.076721 -39.4373 -0.966415 0.0729311 0.246536 136.411
0.253647 0.0589526 0.965534 455.908 0.0536621 0.995735 -0.0748991 -39.5144 -0.965839 0.0708069 0.249407 136.645
0.256088 0.0573065 0.96501 456.761 0.0523698 0.995987 -0.0730466 -39.5897 -0.96526 0.069242 0.252061 136.881
0.259431 0.0568568 0.964122 457.611 0.0512482 0.996036 -0.0725344 -39.6647 -0.964436 0.0682235 0.255494 137.12
0.260851 0.0561662 0.9638 458.461 0.050967 0.996146 -0.0718483 -39.7391 -0.964059 0.067862 0.256985 137.359
0.263573 0.0553072 0.963088 459.309 0.0507204 0.996167 -0.0710931 -39.8126 -0.963343 0.0675825 0.259762 137.602
0.266897 0.0549196 0.962217 460.156 0.050895 0.996212 -0.0709802 -39.886 -0.962407 0.0679146 0.263092 137.847
0.268661 0.0540098 0.961755 461.001 0.052159 0.996135 -0.0705159 -39.959 -0.961859 0.0691051 0.26481 138.094
0.270797 0.0539513 0.961182 461.845 0.0523686 0.996157 -0.0706719 -40.0319 -0.961238 0.0694715 0.266933 138.342
0.272937 0.0538888 0.960557 462.689 0.0525758 0.996091 -0.0708266 -40.105 -0.960631 0.0698293 0.269041 138.592
0.277559 0.0533899 0.959283 463.53 0.0529256 0.996121 -0.0707573 -40.178 -0.959276 0.070408 0.273659 138.846
0.281128 0.0529548 0.958244 464.369 0.0533086 0.996062 -0.0706894 -40.2509 -0.958225 0.0709514 0.277202 139.102
0.284504 0.0528349 0.957276 465.207 0.0542267 0.996028 -0.0710934 -40.3243 -0.957166 0.0721344 0.28051 139.362
0.28862 0.052156 0.956058 466.042 0.0547465 0.995972 -0.0708657 -40.3973 -0.955913 0.0727901 0.284606 139.624
0.290962 0.0509449 0.955438 466.874 0.0562159 0.99598 -0.0702299 -40.4696 -0.95511 0.0741429 0.286929 139.889
0.294954 0.0500309 0.954237 467.704 0.0558899 0.996004 -0.0695015 -40.5409 -0.95391 0.073828 0.290983 140.156
0.299246 0.0495804 0.952949 468.531 0.0555853 0.996082 -0.0692834 -40.6116 -0.952585 0.0737004 0.295318 140.426
0.302217 0.0503498 0.951947 469.355 0.0562406 0.995912 -0.0705355 -40.6835 -0.951615 0.0748509 0.298154 140.698
0.306906 0.0530994 0.950322 470.175 0.0552853 0.995796 -0.073499 -40.7578 -0.950162 0.0750935 0.302682 140.973
0.312399 0.0557194 0.948353 470.99 0.054086 0.995605 -0.0763177 -40.8342 -0.948446 0.0751302 0.308017 141.252
0.317221 0.0579397 0.946649 471.801 0.0527088 0.995545 -0.0786001 -40.9122 -0.946914 0.0748275 0.312757 141.534
0.323223 0.0595034 0.944489 472.607 0.0519504 0.995388 -0.0804943 -40.9912 -0.944933 0.0750801 0.318645 141.82
0.327789 0.0597709 0.942928 473.409 0.0530555 0.995291 -0.0815388 -41.071 -0.943288 0.0767522 0.323076 142.109
0.3326 0.0590291 0.941258 474.206 0.0539836 0.995199 -0.0814931 -41.1501 -0.94156 0.0779127 0.32782 142.4
0.336682 0.0594777 0.939808 474.999 0.0515184 0.99538 -0.0814557 -41.2285 -0.940236 0.0758393 0.332064 142.695
0.340457 0.0589627 0.938448 475.786 0.0517056 0.995335 -0.0813007 -41.3063 -0.938877 0.0761979 0.335823 142.991
0.345255 0.0587181 0.936742 476.568 0.0509706 0.99543 -0.0811883 -41.3835 -0.937151 0.075774 0.340686 143.289
0.349517 0.0593411 0.935088 477.344 0.0505934 0.995329 -0.0820801 -41.4609 -0.935608 0.0759928 0.344882 143.59
0.354468 0.0593748 0.933254 478.115 0.0500502 0.995382 -0.0823429 -41.5381 -0.933756 0.0758944 0.349861 143.893
0.359072 0.0598101 0.93143 478.88 0.0495527 0.995303 -0.0830196 -41.6153 -0.932042 0.07596 0.35442 144.198
0.363821 0.0593877 0.929649 479.64 0.050676 0.995262 -0.0834172 -41.6926 -0.930117 0.0774567 0.35909 144.505
0.368354 0.0598707 0.927793 480.393 0.0509183 0.995113 -0.0844352 -41.77 -0.928344 0.0783385 0.363502 144.814
0.373806 0.0603004 0.925615 481.14 0.0500947 0.995152 -0.085066 -41.8472 -0.926181 0.0781638 0.368974 145.125
0.378776 0.0613689 0.923487 481.88 0.0490829 0.995047 -0.0862607 -41.925 -0.924241 0.0779959 0.373883 145.438
0.383343 0.0633268 0.921506 482.614 0.0466988 0.99508 -0.0878147 -42.0035 -0.922451 0.0766936 0.378502 145.752
0.38828 0.0642457 0.919334 483.341 0.0472425 0.994852 -0.0894806 -42.083 -0.920382 0.0781702 0.383242 146.069
0.394071 0.0651634 0.916838 484.062 0.0475677 0.994739 -0.0911502 -42.1632 -0.917876 0.0795289 0.388898 146.388
0.400857 0.0673986 0.913693 484.775 0.047473 0.994406 -0.0941847 -42.2448 -0.914961 0.0811255 0.395412 146.71
0.40536 0.0690219 0.911623 485.482 0.0478411 0.994216 -0.0965539 -42.3277 -0.912931 0.0827491 0.399715 147.033
0.412155 0.0692309 0.908516 486.18 0.0480685 0.994051 -0.0975605 -42.4106 -0.909897 0.083876 0.406371 147.358
0.417764 0.0694416 0.905969 486.871 0.0474193 0.994088 -0.0980668 -42.4933 -0.907344 0.0839264 0.412001 147.685
0.423657 0.069747 0.90317 487.555 0.0475719 0.993926 -0.0990756 -42.5759 -0.904622 0.0849346 0.417762 148.014
0.430166 0.0710425 0.900019 488.23 0.0464244 0.993877 -0.100644 -42.6589 -0.901581 0.085074 0.424233 148.344
0.436011 0.0729065 0.897019 488.898 0.0447597 0.993706 -0.102526 -42.7428 -0.898876 0.0848481 0.429999 148.676
0.442494 0.073338 0.893834 489.556 0.0453067 0.993588 -0.103956 -42.8266 -0.895653 0.0864941 0.436331 149.009
0.450363 0.0743388 0.889783 490.206 0.0445735 0.993396 -0.105562 -42.9105 -0.891782 0.0871969 0.444071 149.345
0.458076 0.0750528 0.885805 490.846 0.0447123 0.993262 -0.107283 -42.995 -0.887815 0.088748 0.45163 149.682
0.468149 0.0769266 0.880332 491.476 0.0433571 0.992986 -0.109833 -43.0804 -0.882635 0.0895819 0.461525 150.023
0.480006 0.0792118 0.873748 492.094 0.0422064 0.992714 -0.113187 -43.1675 -0.876278 0.0912062 0.473162 150.369
0.49185 0.0824358 0.866809 492.701 0.0386922 0.992439 -0.116344 -43.256 -0.86987 0.0907581 0.484936 150.719
0.505057 0.083255 0.859128 493.296 0.0388689 0.992173 -0.119001 -43.3457 -0.862239 0.093494 0.497863 151.074
0.52023 0.0851793 0.84981 493.879 0.0357986 0.991948 -0.121348 -43.436 -0.853328 0.0935459 0.512986 151.435
0.536283 0.0880312 0.839504 494.447 0.0321708 0.991734 -0.124548 -43.5275 -0.843455 0.0937991 0.529012 151.803
0.553797 0.0915642 0.827647 495.002 0.0267815 0.99145 -0.127613 -43.6201 -0.832275 0.0928327 0.546601 152.179
0.571941 0.0947098 0.814878 495.541 0.0239742 0.991003 -0.132009 -43.715 -0.819975 0.0950365 0.564516 152.563
0.590134 0.098129 0.801367 496.065 0.0218381 0.99027 -0.137349 -43.8125 -0.807066 0.0985501 0.582238 152.954
0.608708 0.0993012 0.787226 496.573 0.0203285 0.989906 -0.140588 -43.9115 -0.793167 0.101579 0.600534 153.351
0.627252 0.103437 0.771969 497.064 0.0134471 0.989545 -0.143524 -44.011 -0.778759 0.100402 0.61929 153.757
0.64043 0.109207 0.760286 497.541 0.00784919 0.988906 -0.148658 -44.1125 -0.768012 0.101172 0.632454 154.164
0.646775 0.115769 0.753896 498.008 0.00114106 0.988253 -0.152745 -44.2154 -0.76274 0.0996476 0.639033 154.571
0.647183 0.118122 0.753202 498.467 -0.000960431 0.988098 -0.154135 -44.3174 -0.762372 0.0990296 0.639577 154.971
0.643481 0.119983 0.756052 498.921 -0.000575434 0.987702 -0.156264 -44.4193 -0.765523 0.100114 0.635623 155.362
0.636 0.121603 0.76212 499.371 -0.000198721 0.987582 -0.157411 -44.5206 -0.771726 0.0999615 0.62811 155.741
0.625079 0.121937 0.771027 499.819 0.0024277 0.987402 -0.158133 -44.6211 -0.780616 0.100713 0.616897 156.107
0.612445 0.122193 0.781085 500.266 0.00765666 0.987068 -0.160421 -44.722 -0.790513 0.104229 0.603574 156.458
0.597802 0.120942 0.792514 500.711 0.0141948 0.986789 -0.161305 -44.8219 -0.801574 0.107673 0.588177 156.793
0.580775 0.121216 0.805061 501.156 0.0181161 0.986731 -0.16164 -44.9198 -0.813898 0.10846 0.570859 157.111
0.563794 0.121649 0.81695 501.6 0.0221594 0.986496 -0.162196 -45.0171 -0.825672 0.109543 0.553474 157.413
0.545852 0.122439 0.828959 502.043 0.0243597 0.986577 -0.161761 -45.1125 -0.837562 0.10849 0.535529 157.699
0.529151 0.121914 0.839764 502.484 0.0281172 0.986547 -0.160948 -45.206 -0.848113 0.108773 0.518597 157.97
0.513904 0.120963 0.849347 502.922 0.0334799 0.986474 -0.160751 -45.2978 -0.857226 0.111045 0.502891 158.226
0.500039 0.120246 0.857653 503.356 0.0390187 0.986164 -0.16102 -45.3882 -0.865174 0.113975 0.488421 158.467
0.487431 0.119801 0.864974 503.788 0.0430902 0.986083 -0.160859 -45.4775 -0.872129 0.115679 0.475475 158.697
0.476683 0.11982 0.870907 504.215 0.0448312 0.986049 -0.160205 -45.564 -0.877979 0.115406 0.464655 158.916
0.469133 0.119119 0.875127 504.636 0.0455047 0.986332 -0.158652 -45.6487 -0.881985 0.11425 0.457291 159.124
0.462687 0.117292 0.878765 505.052 0.0475903 0.986478 -0.156733 -45.7307 -0.88529 0.114334 0.450844 159.325
0.459259 0.116943 0.880641 505.461 0.0484598 0.986569 -0.156284 -45.8114 -0.88701 0.114449 0.447415 159.518
0.459184 0.116622 0.88069 505.862 0.050435 0.986308 -0.156911 -45.8912 -0.886956 0.116463 0.44701 159.706
0.464076 0.117176 0.878081 506.253 0.0493974 0.986291 -0.157726 -45.9694 -0.884447 0.11657 0.451919 159.889
0.472242 0.116643 0.873755 506.635 0.0492067 0.986155 -0.158249 -46.0465 -0.880143 0.117721 0.459959 160.069
0.483437 0.116017 0.867727 507.005 0.0491297 0.986066 -0.159214 -46.1222 -0.87403 0.119599 0.470993 160.246
0.496869 0.115436 0.860153 507.363 0.0463906 0.986147 -0.159149 -46.1952 -0.866634 0.118974 0.484625 160.422
0.512142 0.118574 0.850748 507.71 0.0396685 0.986152 -0.161328 -46.2676 -0.858016 0.116369 0.500336 160.599
0.527883 0.121414 0.840634 508.045 0.0330578 0.986027 -0.163178 -46.3393 -0.848724 0.113924 0.516485 160.776
0.543363 0.122879 0.830528 508.366 0.0275084 0.986143 -0.163901 -46.4097 -0.839081 0.111903 0.53244 160.953
0.5589 0.122022 0.820251 508.676 0.0240961 0.986291 -0.163148 -46.4779 -0.828938 0.110943 0.548289 161.132
0.574427 0.121043 0.809629 508.974 0.022499 0.986347 -0.163427 -46.5453 -0.818281 0.112091 0.563848 161.307
0.591617 0.11891 0.797447 509.259 0.0273061 0.985528 -0.16722 -46.6122 -0.805812 0.120699 0.579797 161.479
0.608367 0.120697 0.784497 509.531 0.0282384 0.984506 -0.173367 -46.6788 -0.793189 0.127623 0.595515 161.648
0.625328 0.123167 0.77063 509.79 0.0235273 0.984031 -0.176372 -46.7439 -0.780065 0.128415 0.612431 161.812
0.640397 0.127201 0.757511 510.036 0.012685 0.984359 -0.176015 -46.8061 -0.767977 0.122327 0.628747 161.974
0.654232 0.128534 0.745344 510.27 0.00513318 0.984663 -0.174318 -46.8669 -0.756336 0.117865 0.643526 162.133
0.667292 0.128006 0.733788 510.493 0.00245103 0.984792 -0.174019 -46.9254 -0.744831 0.117919 0.656809 162.289
0.679479 0.127629 0.722563 510.705 -0.000468624 0.984817 -0.17352 -46.9814 -0.733756 0.117559 0.669208 162.44
0.691238 0.127442 0.711374 510.907 -0.00322711 0.984915 -0.173308 -47.0356 -0.72266 0.117501 0.681201 162.586
0.70213 0.127609 0.700578 511.099 -0.00633064 0.984878 -0.173058 -47.0882 -0.712084 0.117069 0.692306 162.727
0.71235 0.12669 0.69037 511.281 -0.00814311 0.985053 -0.172362 -47.1387 -0.701819 0.11716 0.702711 162.864
0.72183 0.125288 0.680693 511.455 -0.00954521 0.985174 -0.171217 -47.1871 -0.692068 0.117087 0.712309 162.998
0.729239 0.125953 0.672641 511.62 -0.0123948 0.985238 -0.171046 -47.2341 -0.684188 0.116396 0.720012 163.127
0.736702 0.130502 0.663567 511.775 -0.0194213 0.984867 -0.172141 -47.2796 -0.676005 0.113924 0.728073 163.251
0.745357 0.137611 0.652385 511.921 -0.0290634 0.984296 -0.174413 -47.3239 -0.666076 0.111039 0.737627 163.369
0.751491 0.143911 0.643919 512.058 -0.0374922 0.983646 -0.176093 -47.3669 -0.658745 0.108186 0.74458 163.482
0.756428 0.143672 0.63818 512.188 -0.0387188 0.983756 -0.175573 -47.4081 -0.652974 0.108098 0.74968 163.589
0.763111 0.138424 0.631334 512.311 -0.0354821 0.984279 -0.172934 -47.4468 -0.645363 0.109562 0.756009 163.691
0.76844 0.1323 0.626177 512.428 -0.0309039 0.984984 -0.17018 -47.4838 -0.639221 0.111422 0.760965 163.788
0.772705 0.131629 0.621034 512.538 -0.0318881 0.985064 -0.169123 -47.5179 -0.634036 0.110874 0.765344 163.879
0.777631 0.133431 0.614481 512.642 -0.036214 0.985164 -0.168088 -47.5515 -0.627724 0.108457 0.7709 163.964
0.781704 0.137119 0.608457 512.74 -0.0422528 0.984919 -0.167686 -47.5828 -0.62229 0.105368 0.775691 164.046
0.785101 0.139377 0.603563 512.832 -0.0452738 0.98472 -0.168497 -47.6137 -0.617759 0.104961 0.779386 164.123
