1 0 0 0 0 1 0 0 0 0 1 0
0.999999 -0.000912268 -0.00138699 0.0087929 0.000910357 0.999999 -0.00137842 -0.0399415 0.00138824 0.00137716 0.999998 0.963043
0.999991 -0.0038779 -0.00188175 0.0255659 0.0038736 0.99999 -0.00228414 -0.0379258 0.00189059 0.00227683 0.999996 1.92155
0.999981 -0.00575121 -0.00233191 0.0299574 0.00575503 0.999982 0.00163733 -0.0342376 0.00232245 -0.00165071 0.999996 2.89259
0.999955 -0.00808582 -0.00497847 0.0566349 0.00812383 0.999938 0.00766212 -0.0329803 0.0049162 -0.00770222 0.999958 3.85758
0.999909 -0.0116964 -0.00672769 0.0544333 0.011748 0.999902 0.00767454 -0.0272842 0.00663726 -0.00775288 0.999948 4.82829
0.999866 -0.0143713 -0.00789575 0.0474474 0.0144095 0.999885 0.00479867 -0.0181527 0.00782587 -0.0049118 0.999957 5.80636
0.999841 -0.0150729 -0.0095099 0.04832 0.0150872 0.999885 0.00143156 -0.0159762 0.00948723 -0.00157481 0.999954 6.75371
0.999831 -0.0147489 -0.0109789 0.0413591 0.014759 0.999891 0.000838548 -0.0113439 0.0109653 -0.00100044 0.999939 7.71423
0.99981 -0.0145634 -0.0129614 0.0367603 0.0145967 0.99989 0.00247194 -0.00469206 0.012924 -0.00266067 0.999913 8.66835
0.999789 -0.0142471 -0.0147724 0.0310661 0.014322 0.999885 0.00497989 0.003385 0.0146997 -0.00519042 0.999878 9.62281
0.999763 -0.0144036 -0.0163586 0.0196194 0.0145093 0.999874 0.00635667 0.00939536 0.016265 -0.00659251 0.999846 10.5798
0.999721 -0.015844 -0.0175453 0.0120653 0.0159728 0.999846 0.00722417 0.013929 0.0174281 -0.0075024 0.99982 11.5164
0.999694 -0.0159825 -0.0188965 -0.00100475 0.0161222 0.999844 0.00726213 0.0192739 0.0187774 -0.00756455 0.999795 12.4548
0.999667 -0.0164212 -0.0199258 -0.0159716 0.0165437 0.999845 0.00600024 0.0234032 0.0198242 -0.00632789 0.999784 13.3877
0.999622 -0.0169321 -0.0216658 -0.0349325 0.017022 0.999847 0.00397029 0.0297868 0.0215953 -0.00433758 0.999757 14.3367
0.999556 -0.0182366 -0.0235728 -0.0508774 0.018304 0.999829 0.00264697 0.0338931 0.0235205 -0.00307727 0.999719 15.2706
0.999506 -0.0179977 -0.0257666 -0.0690676 0.018053 0.999835 0.00191517 0.0374073 0.0257279 -0.00237939 0.999666 16.2042
0.999475 -0.0167055 -0.0277822 -0.092863 0.0167407 0.999859 0.00103275 0.0387823 0.027761 -0.0014973 0.999614 17.1193
0.999436 -0.0152872 -0.0299083 -0.11784 0.0153259 0.999882 0.0010661 0.038544 0.0298885 -0.00152387 0.999552 18.0247
0.999365 -0.0157849 -0.0319384 -0.142725 0.015857 0.999872 0.00200468 0.0392319 0.0319027 -0.00250985 0.999488 18.9336
0.999318 -0.0152324 -0.0336479 -0.17588 0.0153579 0.999876 0.00347341 0.0397325 0.0335908 -0.0039878 0.999428 19.8503
0.999266 -0.0150912 -0.035202 -0.21271 0.0152544 0.999874 0.00437072 0.0381062 0.0351316 -0.0049045 0.999371 20.7493
0.999193 -0.0160462 -0.0368178 -0.248722 0.0162207 0.999858 0.0044472 0.0380225 0.0367413 -0.00504082 0.999312 21.6442
0.999132 -0.0162414 -0.0383725 -0.288593 0.016414 0.999856 0.00418502 0.0391202 0.038299 -0.00481123 0.999255 22.5487
0.999132 -0.0158471 -0.038535 -0.347468 0.0160345 0.999861 0.00456009 0.0423161 0.0384574 -0.00517402 0.999247 23.4169
0.999109 -0.0154352 -0.0392771 -0.392859 0.0157026 0.999855 0.00650997 0.0467638 0.0391709 -0.00712092 0.999207 24.2975
0.99906 -0.0164762 -0.0401028 -0.427818 0.0168485 0.999818 0.00896389 0.0548283 0.0399478 -0.00963113 0.999155 25.1721
0.999035 -0.0165447 -0.0406844 -0.466166 0.0169748 0.999803 0.0102498 0.0631631 0.0405068 -0.0109306 0.99912 26.0326
0.998964 -0.0164636 -0.0424288 -0.490438 0.0168646 0.999816 0.00911051 0.0699257 0.042271 -0.00981662 0.999058 26.897
0.998902 -0.0151584 -0.0443328 -0.516129 0.0154719 0.999857 0.006736 0.0731382 0.0442244 -0.00741451 0.998994 27.7344
0.998858 -0.0149196 -0.0453889 -0.552302 0.0151633 0.999872 0.0050309 0.0793656 0.045308 -0.0057134 0.998957 28.5585
0.998807 -0.0140286 -0.0467818 -0.586858 0.0142622 0.999887 0.00466345 0.0853201 0.0467111 -0.0053251 0.998894 29.3869
0.998743 -0.0142007 -0.0480721 -0.627003 0.0144087 0.999888 0.00398285 0.0887006 0.0480102 -0.00467051 0.998836 30.1897
0.998657 -0.0138317 -0.0499404 -0.669654 0.0140028 0.999897 0.00307792 0.0904157 0.0498927 -0.0037731 0.998748 30.9873
0.998586 -0.0133621 -0.0514477 -0.719691 0.0135416 0.999903 0.00314025 0.0922625 0.0514008 -0.00383249 0.998671 31.7683
0.998481 -0.0130037 -0.0535429 -0.760757 0.013251 0.999903 0.00426645 0.0988936 0.0534822 -0.00496947 0.998557 32.5648
0.99839 -0.0129599 -0.0552203 -0.814477 0.0133422 0.999889 0.0065595 0.101502 0.0551292 -0.0072857 0.998453 33.3212
0.998307 -0.0117548 -0.0569641 -0.865426 0.0122308 0.999893 0.00801526 0.106686 0.0568638 -0.00869841 0.998344 34.0872
0.998228 -0.0101633 -0.0586275 -0.916406 0.0106698 0.999908 0.00833254 0.111799 0.0585374 -0.00894332 0.998245 34.845
0.998151 -0.00746193 -0.060327 -0.968253 0.00793972 0.999939 0.0076841 0.117003 0.060266 -0.00814887 0.998149 35.6023
0.998068 -0.00540693 -0.0618969 -1.02375 0.00584606 0.999959 0.00691544 0.12415 0.061857 -0.00726393 0.998059 36.3284
0.998002 -0.0047716 -0.0630104 -1.08113 0.00528197 0.999954 0.00793548 0.132516 0.0629697 -0.00825244 0.997981 37.0485
0.99797 -0.00314648 -0.063604 -1.13885 0.00376669 0.999946 0.00963337 0.142191 0.0635703 -0.0098534 0.997929 37.7685
0.99802 9.90672e-05 -0.0628965 -1.20306 0.000520542 0.999951 0.00983458 0.150923 0.0628944 -0.00984785 0.997972 38.4679
0.998102 0.00339829 -0.0614957 -1.257 -0.00294346 0.999967 0.00748503 0.15828 0.0615191 -0.00728981 0.998079 39.1602
0.99819 0.00486947 -0.059946 -1.29821 -0.00461345 0.999979 0.00440825 0.163268 0.0599663 -0.00412371 0.998192 39.845
0.998332 0.00520644 -0.0575092 -1.3402 -0.00506976 0.999984 0.00252206 0.169675 0.0575214 -0.0022263 0.998342 40.5218
0.998464 0.00627433 -0.0550502 -1.36567 -0.00610898 0.999976 0.00317091 0.179136 0.0550688 -0.00282974 0.998479 41.2055
0.998578 0.0110674 -0.0521477 -1.3997 -0.0107828 0.999925 0.00573533 0.183666 0.0522073 -0.00516488 0.998623 41.8626
0.998724 0.015342 -0.0481071 -1.44302 -0.0149151 0.999846 0.00921837 0.184086 0.0482412 -0.00848909 0.9988 42.4883
0.998832 0.0205954 -0.0437085 -1.47658 -0.0201784 0.999747 0.00996026 0.191844 0.0439026 -0.00906666 0.998995 43.1145
0.99898 0.0241348 -0.0381635 -1.50576 -0.0237572 0.999664 0.0103149 0.197545 0.0383996 -0.00939772 0.999218 43.7206
0.999109 0.0279976 -0.0315681 -1.53995 -0.0276176 0.999541 0.0124073 0.203274 0.031901 -0.0115244 0.999425 44.2946
0.999158 0.0327687 -0.0246726 -1.56594 -0.0324414 0.999382 0.0135528 0.210253 0.0251015 -0.012741 0.999604 44.8584
0.9992 0.0363009 -0.0167988 -1.5929 -0.0360849 0.999264 0.0129868 0.217851 0.0172579 -0.0123703 0.999775 45.4024
0.999182 0.0393414 -0.0094081 -1.60021 -0.0392169 0.999145 0.0130661 0.221355 0.00991412 -0.0126865 0.99987 45.9322
0.999041 0.0437389 -0.00192904 -1.60431 -0.0437112 0.998965 0.0125715 0.228823 0.00247692 -0.0124752 0.999919 46.454
0.998835 0.0479309 0.00565725 -1.60608 -0.0479844 0.9988 0.00973484 0.235871 -0.00518385 -0.00999496 0.999937 46.9421
0.998687 0.0494366 0.0134619 -1.59664 -0.0495295 0.99875 0.00665789 0.242621 -0.013116 -0.00731591 0.999887 47.4181
0.998535 0.0497768 0.021245 -1.58481 -0.0499256 0.998731 0.00652802 0.244612 -0.0208931 -0.00757912 0.999753 47.8534
0.998372 0.0490129 0.0291694 -1.56886 -0.0492613 0.998755 0.00785986 0.246588 -0.0287479 -0.00928399 0.999544 48.2657
0.998032 0.0506493 0.0369843 -1.54998 -0.0510006 0.998661 0.00861922 0.250764 -0.0364983 -0.0104885 0.999279 48.6646
0.997491 0.0540241 0.0457653 -1.53651 -0.0544812 0.998476 0.00879923 0.254671 -0.0452201 -0.0112705 0.998914 49.0305
0.996789 0.0586576 0.0545115 -1.52196 -0.0591862 0.998214 0.00813224 0.257135 -0.0539371 -0.0113325 0.99848 49.3683
0.996037 0.0621428 0.0636266 -1.50656 -0.0627834 0.997994 0.0081169 0.263408 -0.0629946 -0.0120794 0.997941 49.7038
0.995434 0.0614599 0.0730423 -1.47812 -0.0622608 0.998021 0.0087372 0.262551 -0.0723608 -0.013245 0.997291 49.9888
0.994667 0.0602734 0.083705 -1.44656 -0.0610686 0.998109 0.00697078 0.261107 -0.0831266 -0.0120454 0.996466 50.2736
0.993681 0.058856 0.0955794 -1.41155 -0.0593699 0.998233 0.00254037 0.258306 -0.095261 -0.00819886 0.995419 50.5578
0.992275 0.0596524 0.108777 -1.37253 -0.0598685 0.998205 -0.00128057 0.254818 -0.108658 -0.00524162 0.994066 50.8279
0.990372 0.0611705 0.124189 -1.32914 -0.0612274 0.998118 -0.00336156 0.250963 -0.124161 -0.00427456 0.992253 51.0975
0.988111 0.0626504 0.140403 -1.28181 -0.0626472 0.998026 -0.00444692 0.247234 -0.140404 -0.00440179 0.990085 51.3656
0.985543 0.0629613 0.157293 -1.22958 -0.0628894 0.998005 -0.00543937 0.243199 -0.157322 -0.00453134 0.987537 51.629
0.982553 0.0620946 0.175313 -1.17144 -0.0619054 0.99806 -0.00655345 0.23898 -0.17538 -0.00441372 0.984491 51.8784
0.978952 0.0611529 0.194717 -1.10675 -0.0610039 0.998114 -0.00676741 0.235404 -0.194764 -0.00525353 0.980836 52.1291
0.974695 0.0613575 0.214954 -1.0361 -0.061072 0.998101 -0.0079756 0.230411 -0.215036 -0.00535392 0.976592 52.3649
0.969682 0.0633013 0.236029 -0.955914 -0.0626319 0.997983 -0.0103401 0.232801 -0.236208 -0.00475637 0.971691 52.6295
0.963758 0.0646447 0.258829 -0.871226 -0.0636212 0.997898 -0.0123377 0.228352 -0.259082 -0.00457641 0.965845 52.8732
0.956744 0.0658569 0.28338 -0.774873 -0.0646378 0.997815 -0.0136609 0.229269 -0.28366 -0.00524703 0.958911 53.1388
0.948504 0.0688046 0.309203 -0.671266 -0.0675616 0.997606 -0.0147392 0.229811 -0.309477 -0.00691002 0.950882 53.4017
0.939045 0.0708241 0.336422 -0.54903 -0.0695232 0.997453 -0.0159274 0.225374 -0.336693 -0.00843256 0.941577 53.6703
0.928282 0.0713301 0.364973 -0.42311 -0.06988 0.997407 -0.0171981 0.216565 -0.365253 -0.0095396 0.93086 53.9237
0.915997 0.0694037 0.395137 -0.284248 -0.0672807 0.997548 -0.0192457 0.208453 -0.395504 -0.00895615 0.918421 54.1734
0.901672 0.0663713 0.427297 -0.11691 -0.0630681 0.997769 -0.0218968 0.197714 -0.427797 -0.0072051 0.903846 54.4223
0.884942 0.065484 0.461074 0.0598926 -0.0603334 0.997841 -0.02592 0.185847 -0.461776 -0.00488049 0.886983 54.6648
0.866135 0.0670544 0.495293 0.246763 -0.0596023 0.997745 -0.0308497 0.17366 -0.496245 -0.00280068 0.868178 54.9036
0.845016 0.0687241 0.530307 0.444063 -0.0590428 0.997634 -0.0352048 0.162326 -0.531472 -0.00156222 0.847075 55.1401
0.821225 0.0713218 0.56613 0.651384 -0.0599674 0.997451 -0.0386718 0.149865 -0.567445 -0.00219114 0.823409 55.3678
0.794498 0.074947 0.602624 0.876429 -0.0626632 0.997175 -0.0414015 0.133914 -0.604025 -0.00486895 0.796951 55.6112
0.765313 0.0790881 0.638782 1.12804 -0.0662222 0.996831 -0.0440787 0.116155 -0.640243 -0.00856753 0.768125 55.8588
0.732927 0.0801771 0.675566 1.39152 -0.0661613 0.996724 -0.0465136 0.0976803 -0.677083 -0.0106052 0.735831 56.0937
0.696656 0.0776388 0.713193 1.63223 -0.0626395 0.996913 -0.0473377 0.0811763 -0.714666 -0.011696 0.699368 56.3096
0.657614 0.076145 0.749498 1.92947 -0.059831 0.997015 -0.0487954 0.062385 -0.750976 -0.0127547 0.660206 56.5487
0.615459 0.0755296 0.784542 2.25786 -0.0578341 0.997042 -0.0506176 0.0419111 -0.786044 -0.0142202 0.618007 56.7814
0.569408 0.0751325 0.818615 2.61156 -0.0543676 0.997076 -0.0536949 0.0242916 -0.820256 -0.0139318 0.571828 57.0073
0.521115 0.074268 0.850249 3.01719 -0.0513955 0.997129 -0.0555976 0.00860846 -0.851938 -0.0147262 0.523436 57.2359
0.47239 0.072633 0.878392 3.43014 -0.0499267 0.997203 -0.0556073 -0.00937586 -0.879975 -0.0175869 0.474696 57.437
0.422698 0.0703793 0.903534 3.91119 -0.0498115 0.997277 -0.0543781 -0.037311 -0.904901 -0.0220209 0.425053 57.6458
0.372717 0.0699638 0.925304 4.38738 -0.0527927 0.997137 -0.0541301 -0.061703 -0.926442 -0.0286741 0.375344 57.8233
0.323215 0.0705611 0.943691 4.89001 -0.0511934 0.99706 -0.0570177 -0.0793654 -0.94494 -0.0298818 0.325877 57.9877
0.277078 0.0672669 0.95849 5.35749 -0.0402959 0.997482 -0.0583547 -0.105389 -0.960003 -0.0224544 0.27909 58.0623
0.234214 0.0610692 0.970265 5.84252 -0.0269916 0.998049 -0.0563023 -0.135632 -0.971811 -0.0130023 0.235406 58.1066
0.19284 0.0597865 0.979407 6.36187 -0.0178969 0.99819 -0.0574092 -0.163185 -0.981067 -0.00645758 0.193561 58.1563
0.154673 0.061519 0.986049 6.92741 -0.0147912 0.998092 -0.0599501 -0.182139 -0.987855 -0.00531221 0.155287 58.228
0.123008 0.0620498 0.990464 7.4476 -0.0057948 0.998071 -0.0618066 -0.21553 -0.992389 0.00186317 0.12313 58.2361
0.0946571 0.0602793 0.993684 7.99796 0.00180795 0.998153 -0.0607226 -0.248585 -0.995509 0.00754434 0.0943731 58.2452
0.069875 0.0585286 0.995838 8.58611 0.00908997 0.998199 -0.0593051 -0.276228 -0.997515 0.0131961 0.0692169 58.2626
0.0502371 0.0576151 0.997074 9.17511 0.0136723 0.998202 -0.0583691 -0.302105 -0.998644 0.0165645 0.0493588 58.2698
0.0346218 0.0592486 0.997643 9.77183 0.0164919 0.998071 -0.0598463 -0.330924 -0.999265 0.0185251 0.0335777 58.2697
0.0226589 0.0585623 0.998027 10.361 0.0173835 0.998109 -0.0589618 -0.368856 -0.999593 0.0186852 0.0215978 58.2393
0.010792 0.0595409 0.998168 11.0111 0.0183728 0.998045 -0.0597322 -0.397424 -0.999773 0.0189838 0.00967681 58.2529
0.00172114 0.0625477 0.998041 11.6536 0.0231207 0.997773 -0.0625707 -0.42677 -0.999732 0.0231831 0.000270972 58.2471
-0.00454359 0.064359 0.997917 12.2878 0.0274225 0.997559 -0.0642111 -0.460744 -0.999614 0.0270736 -0.00629758 58.23
-0.00884259 0.0636342 0.997934 12.9221 0.0278925 0.9976 -0.0633657 -0.494001 -0.999572 0.0272746 -0.0105965 58.2103
-0.0122702 0.0613232 0.998043 13.6048 0.0253785 0.997815 -0.0609971 -0.520346 -0.999603 0.0245803 -0.0137999 58.2053
-0.0147727 0.0547071 0.998393 14.2909 0.0232953 0.99825 -0.0543545 -0.547247 -0.99962 0.0224549 -0.0160214 58.1962
-0.0162881 0.0492234 0.998655 14.9734 0.0244491 0.998508 -0.0488173 -0.578277 -0.999569 0.0236211 -0.0174674 58.1886
-0.016607 0.046729 0.99877 15.6959 0.02722 0.998558 -0.0462665 -0.608325 -0.999492 0.0264181 -0.0178552 58.1702
-0.0163419 0.049034 0.998664 16.4105 0.03045 0.998358 -0.0485207 -0.640741 -0.999403 0.0296164 -0.0178083 58.1532
-0.015117 0.0559827 0.998317 17.146 0.0315921 0.99796 -0.0554842 -0.676752 -0.999387 0.0307002 -0.016855 58.1312
-0.0126791 0.0634787 0.997903 17.8772 0.0324897 0.997482 -0.0630391 -0.714321 -0.999392 0.0316223 -0.0147098 58.1159
-0.012646 0.0640334 0.997868 18.5898 0.0335157 0.997414 -0.0635795 -0.750484 -0.999358 0.0326402 -0.0147596 58.1523
-0.0119008 0.0599692 0.998129 19.3512 0.0325576 0.997694 -0.0595548 -0.784278 -0.999399 0.031788 -0.013826 58.1677
-0.0118178 0.05385 0.998479 20.101 0.0319307 0.99806 -0.0534494 -0.822418 -0.999421 0.0312505 -0.0135146 58.2098
-0.00895668 0.0525145 0.99858 20.8881 0.0297507 0.998192 -0.0522272 -0.857754 -0.999518 0.0292406 -0.010503 58.2039
-0.00692725 0.0576484 0.998313 21.6122 0.0378321 0.997637 -0.0573468 -0.900047 -0.99926 0.0373711 -0.00909204 58.2088
-0.00413262 0.0630533 0.998002 22.3513 0.0398188 0.997229 -0.0628396 -0.94015 -0.999199 0.0394795 -0.00663207 58.2099
-0.00190826 0.0634556 0.997983 23.1115 0.0339961 0.997412 -0.0633542 -0.982032 -0.99942 0.0338066 -0.00406076 58.2232
0.00102327 0.060169 0.998188 23.8833 0.029681 0.997746 -0.0601728 -1.02014 -0.999559 0.0296888 -0.00076511 58.243
0.0052105 0.0568921 0.998367 24.6456 0.034204 0.997786 -0.0570375 -1.05957 -0.999402 0.0344454 0.00325284 58.2504
0.010097 0.0574495 0.998297 25.357 0.0387853 0.997574 -0.0578002 -1.11072 -0.999197 0.0393029 0.00784414 58.1978
0.0135355 0.0620748 0.99798 26.1309 0.0386431 0.997293 -0.0625562 -1.15047 -0.999162 0.0394117 0.0110999 58.2007
0.0169738 0.0630329 0.997867 26.9183 0.0351819 0.997355 -0.0635989 -1.18804 -0.999237 0.0361864 0.0147111 58.2328
0.0203929 0.0623134 0.997848 27.7059 0.0346818 0.997411 -0.0629949 -1.23568 -0.999191 0.0358918 0.0181788 58.2644
0.0245803 0.0591131 0.997949 28.4505 0.0388307 0.99744 -0.0600394 -1.28034 -0.998944 0.0402268 0.0222218 58.2587
0.0288113 0.0596205 0.997805 29.2038 0.0435579 0.997196 -0.0608418 -1.32497 -0.998636 0.0452152 0.0261334 58.2516
0.0326998 0.0604433 0.997636 30.0055 0.0464037 0.997001 -0.0619258 -1.36854 -0.998388 0.0483189 0.0297967 58.2751
0.0355023 0.0605983 0.997531 30.7889 0.0467226 0.996968 -0.062227 -1.40761 -0.998277 0.0488164 0.0325631 58.3044
0.0388666 0.0594689 0.997473 31.5727 0.0481173 0.996958 -0.061313 -1.44594 -0.998085 0.0503787 0.0358867 58.3363
0.0422423 0.058788 0.997376 32.3572 0.0501534 0.996884 -0.0608831 -1.48578 -0.997848 0.0525936 0.0391621 58.3729
0.0446008 0.0594037 0.997237 33.1695 0.0484171 0.996929 -0.0615507 -1.52729 -0.997831 0.0510285 0.0415875 58.4325
0.0474316 0.0611595 0.997 33.9357 0.0457831 0.996942 -0.0633339 -1.56939 -0.997825 0.0486498 0.0444863 58.4772
0.0498294 0.0612538 0.996877 34.7017 0.047713 0.996832 -0.0636358 -1.6117 -0.997618 0.050735 0.0467487 58.5233
0.0530081 0.0610507 0.996726 35.432 0.0455669 0.996942 -0.0634872 -1.65239 -0.997554 0.0487831 0.0500639 58.5418
0.0570487 0.0616183 0.996468 36.2153 0.0440083 0.996968 -0.0641687 -1.69175 -0.997401 0.0475136 0.0541638 58.5594
0.0614572 0.0620248 0.99618 36.9989 0.0409868 0.997068 -0.0646086 -1.73203 -0.997268 0.0448009 0.0587347 58.5841
0.0659826 0.0642467 0.99575 37.7838 0.0395723 0.996971 -0.0669476 -1.77558 -0.997036 0.0438215 0.0632402 58.6185
0.0689439 0.0677472 0.995317 38.606 0.0385043 0.996767 -0.0705129 -1.82647 -0.996877 0.0431855 0.0661123 58.6976
0.0726567 0.0700264 0.994895 39.3471 0.0385425 0.99659 -0.0729604 -1.87529 -0.996612 0.0436468 0.0697097 58.73
0.0748791 0.0721283 0.99458 40.1521 0.0323896 0.996678 -0.0747188 -1.93066 -0.996667 0.037809 0.072294 58.8151
0.077246 0.0712474 0.994463 40.939 0.0287154 0.99687 -0.0736503 -1.98416 -0.996599 0.0342455 0.0749581 58.8849
0.0802262 0.0718393 0.994184 41.7044 0.03083 0.996743 -0.074512 -2.03856 -0.9963 0.0366286 0.07775 58.9407
0.0841508 0.0729417 0.99378 42.5144 0.0302642 0.99667 -0.0757165 -2.09484 -0.995994 0.0364476 0.0816629 59.0139
0.0874085 0.0735355 0.993455 43.3325 0.0264371 0.996749 -0.0761053 -2.15329 -0.995822 0.0329163 0.0851801 59.1044
0.0907841 0.0715595 0.993296 44.1308 0.0253831 0.996924 -0.0741408 -2.20784 -0.995547 0.0319437 0.0886884 59.1877
0.0957819 0.0714324 0.992836 44.9256 0.025916 0.996904 -0.0742252 -2.26687 -0.995065 0.0328398 0.093634 59.2519
0.101236 0.0747472 0.99205 45.7342 0.022654 0.996741 -0.0774124 -2.32833 -0.994605 0.0303108 0.0992125 59.3335
0.105913 0.0831514 0.990893 46.5544 0.0208727 0.996091 -0.0858187 -2.39215 -0.994156 0.0297719 0.103763 59.4565
0.112951 0.0876048 0.989731 47.349 0.0194861 0.995718 -0.0903585 -2.45794 -0.99341 0.029492 0.11076 59.5449
0.119244 0.0907775 0.988706 48.1936 0.0147746 0.995538 -0.0931867 -2.52449 -0.992755 0.0257196 0.117371 59.6828
0.125576 0.0893792 0.98805 49.0268 0.0107232 0.995752 -0.0914389 -2.59369 -0.992026 0.0220776 0.124084 59.8137
0.132946 0.0874171 0.987261 49.8515 0.0109297 0.995912 -0.0896549 -2.66564 -0.991063 0.0227097 0.131447 59.9313
0.140067 0.0838992 0.986581 50.6756 0.0104855 0.996221 -0.0862076 -2.73458 -0.990087 0.0224197 0.138658 60.0549
0.147156 0.0784662 0.985996 51.4992 0.00853581 0.99671 -0.0805928 -2.79861 -0.989077 0.0202759 0.146002 60.1845
0.154019 0.0713146 0.985491 52.3301 0.00625189 0.997301 -0.0731463 -2.85653 -0.988048 0.0174271 0.153157 60.3261
0.161321 0.0688068 0.9845 53.1627 0.00672383 0.997466 -0.0708147 -2.91585 -0.986879 0.0180435 0.160449 60.4735
0.168719 0.0705725 0.983134 53.9593 0.00634695 0.997334 -0.072681 -2.97659 -0.985644 0.0185026 0.167822 60.5997
0.174636 0.0767634 0.981636 54.7966 0.00687138 0.996837 -0.0791745 -3.04174 -0.984609 0.0205718 0.173556 60.7655
0.179984 0.0800963 0.980403 55.6301 0.00526301 0.996586 -0.0823846 -3.10838 -0.983656 0.0199878 0.178948 60.9353
0.18542 0.0829896 0.979149 56.429 0.00387555 0.996357 -0.0851821 -3.17496 -0.982652 0.0195892 0.184423 61.0876
0.191686 0.0825031 0.977982 57.2141 0.00181221 0.996428 -0.0844143 -3.23751 -0.981455 0.0179534 0.190852 61.2325
0.197734 0.079554 0.977022 57.9831 0.00588821 0.996586 -0.0823387 -3.29737 -0.980238 0.0220341 0.196591 61.3679
0.203306 0.0730463 0.976387 58.7636 0.0068371 0.997082 -0.0760182 -3.35299 -0.979092 0.0221306 0.202214 61.5175
0.206776 0.0668063 0.976105 59.5492 0.00534458 0.997573 -0.0694078 -3.41162 -0.978374 0.0195687 0.205917 61.6944
0.210974 0.0634805 0.975428 60.3248 0.00175922 0.997862 -0.0653209 -3.46708 -0.97749 0.015497 0.210412 61.8672
0.214784 0.0636663 0.974584 61.0542 -4.17815e-06 0.997873 -0.0651867 -3.51764 -0.976662 0.0139969 0.214327 62.02
0.218751 0.0659306 0.973551 61.8062 -0.00183566 0.99774 -0.0671563 -3.56462 -0.975779 0.0129034 0.218378 62.1705
0.219976 0.0702412 0.972973 62.5279 -0.00611583 0.997483 -0.0706279 -3.61687 -0.975486 0.00958588 0.219852 62.3492
0.222364 0.0743747 0.972123 63.2255 -0.00733326 0.997185 -0.0746147 -3.66892 -0.974936 0.00946278 0.222284 62.507
0.225794 0.0796228 0.970916 63.9291 -0.00785019 0.99677 -0.0799175 -3.72244 -0.974144 0.010423 0.22569 62.6552
0.227594 0.0814817 0.970341 64.6186 -0.00698222 0.996603 -0.0820493 -3.77634 -0.973731 0.0118988 0.22739 62.8149
0.228925 0.0815288 0.970024 65.3184 -0.00957618 0.996626 -0.0815047 -3.82899 -0.973397 0.00936927 0.228933 62.993
0.229355 0.0786861 0.970157 65.9687 -0.00952955 0.99686 -0.078599 -3.88364 -0.973297 0.00878184 0.229384 63.143
0.229864 0.076222 0.970233 66.6416 -0.00924265 0.997054 -0.0761392 -3.93586 -0.973179 0.00853413 0.229892 63.3101
0.230039 0.0747133 0.970309 67.2887 -0.00767256 0.997156 -0.0749615 -3.9848 -0.973151 0.00979929 0.229958 63.4526
0.229407 0.0737312 0.970534 67.944 -0.00740269 0.997229 -0.0740095 -4.03305 -0.973303 0.00979372 0.229318 63.6007
0.229059 0.0745773 0.970552 68.5746 -0.00830491 0.997173 -0.0746628 -4.08072 -0.973377 0.00904179 0.229031 63.728
0.227269 0.0776474 0.970732 69.216 -0.00898888 0.99694 -0.0776393 -4.12815 -0.973791 0.00891915 0.227271 63.8853
0.225432 0.0813046 0.97086 69.8202 -0.00705215 0.996621 -0.0818244 -4.17837 -0.974234 0.0115991 0.225243 64.0127
0.224033 0.0815641 0.971162 70.4361 -0.00462075 0.996569 -0.0826319 -4.22715 -0.974571 0.0140247 0.223641 64.1513
0.222353 0.0801974 0.971662 71.0408 -0.00512923 0.996693 -0.0810896 -4.2734 -0.974953 0.0130466 0.222029 64.2853
0.22052 0.0773578 0.97231 71.6332 -0.00529569 0.996929 -0.0781155 -4.31876 -0.975368 0.012077 0.220253 64.4116
0.218837 0.0734504 0.972993 72.2187 -0.00439322 0.997226 -0.0742917 -4.36481 -0.975752 0.0119831 0.218552 64.537
0.217408 0.0719616 0.973424 72.7832 -0.000153099 0.99728 -0.0736909 -4.41247 -0.976081 0.015872 0.216828 64.6474
0.216147 0.0725641 0.97366 73.3438 0.00402076 0.997159 -0.075208 -4.4597 -0.976353 0.0201708 0.215241 64.7556
0.213884 0.0736444 0.974079 73.8937 0.00888068 0.996966 -0.0773246 -4.50346 -0.976819 0.0251889 0.212581 64.8628
0.212587 0.075138 0.974249 74.4418 0.00842128 0.996861 -0.0787194 -4.54682 -0.977106 0.0249391 0.211286 64.9681
0.211256 0.0778947 0.974322 74.9922 0.00778816 0.996653 -0.0813687 -4.58756 -0.9774 0.0247778 0.209942 65.0844
0.209734 0.0764137 0.974768 75.5429 0.00973212 0.996728 -0.0802291 -4.628 -0.97771 0.0263133 0.208304 65.1994
0.209858 0.0743985 0.974897 76.1008 0.0162413 0.996697 -0.0795582 -4.66972 -0.977597 0.0325294 0.207956 65.3176
0.211847 0.0719797 0.974648 76.6451 0.0218114 0.996687 -0.0783481 -4.70726 -0.97706 0.0378563 0.209575 65.4122
0.213665 0.0709023 0.974331 77.201 0.0252241 0.996629 -0.0780564 -4.7459 -0.976582 0.0412545 0.211156 65.5221
0.217245 0.0701435 0.973594 77.7702 0.0236601 0.996743 -0.0770908 -4.78665 -0.975831 0.0397829 0.214878 65.6506
0.222476 0.070803 0.972364 78.351 0.022618 0.996715 -0.0777511 -4.82819 -0.974676 0.0392907 0.220144 65.7959
0.228888 0.0696998 0.970954 78.9161 0.0236964 0.996738 -0.0771367 -4.86935 -0.973165 0.0406638 0.22649 65.9219
0.236125 0.0697009 0.96922 79.5141 0.0220767 0.996781 -0.0770614 -4.91189 -0.971472 0.0395932 0.233826 66.0939
0.244282 0.0670624 0.967382 80.09 0.0232773 0.996912 -0.0749875 -4.95262 -0.969425 0.0408361 0.241966 66.2403
0.25305 0.0668254 0.965142 80.6795 0.0200141 0.997036 -0.0742811 -4.99577 -0.967246 0.0381133 0.250963 66.4053
0.262589 0.0664542 0.962617 81.2532 0.0190639 0.997073 -0.0740333 -5.03655 -0.96472 0.0377915 0.260553 66.5506
0.272113 0.0701352 0.959706 81.8628 0.0139259 0.996948 -0.0768054 -5.08002 -0.962165 0.0342645 0.270306 66.7407
0.281078 0.072441 0.956947 82.4449 0.010637 0.99685 -0.078586 -5.11913 -0.959626 0.0322678 0.279422 66.9107
0.291035 0.0751392 0.953757 83.1477 0.00717121 0.996711 -0.0807115 -5.166 -0.956686 0.0303295 0.289539 67.2256
0.301178 0.0770492 0.95045 83.7362 0.0059599 0.996558 -0.0826756 -5.20867 -0.95355 0.0305647 0.299682 67.3925
0.310827 0.0778055 0.947277 84.3772 0.00290282 0.996561 -0.082806 -5.2576 -0.950463 0.0284881 0.309532 67.6224
0.320816 0.0782535 0.943903 85.0031 0.00209871 0.996519 -0.0833289 -5.30419 -0.94714 0.0287142 0.319535 67.8342
0.330942 0.0790723 0.940332 85.6625 -0.00176235 0.996532 -0.0831779 -5.3508 -0.94365 0.0258698 0.329934 68.0863
0.340859 0.0741853 0.937183 86.341 -0.000801731 0.996903 -0.078621 -5.3961 -0.940115 0.0260472 0.339863 68.3614
0.352365 0.0669721 0.933463 86.9737 0.00297247 0.99735 -0.0726777 -5.43818 -0.935858 0.0283837 0.351232 68.5359
0.363208 0.0622978 0.929623 87.6579 0.00518297 0.997611 -0.0688789 -5.48538 -0.931694 0.0298356 0.362017 68.7992
0.373162 0.0587527 0.925904 88.3811 0.00484673 0.997855 -0.0652717 -5.53339 -0.927754 0.0288445 0.372077 69.1263
0.382518 0.0557842 0.922262 89.0731 0.0115193 0.997809 -0.0651315 -5.57354 -0.923877 0.0355378 0.381038 69.399
0.390995 0.0502875 0.919018 89.7816 0.0183817 0.99788 -0.0624231 -5.60717 -0.92021 0.0413002 0.389242 69.6855
0.397564 0.0402593 0.916691 90.5005 0.0288403 0.997994 -0.0563379 -5.64543 -0.917122 0.0488356 0.395606 69.9817
0.404787 0.0355949 0.913718 91.2421 0.0349241 0.99791 -0.0543465 -5.67992 -0.913744 0.0539096 0.402698 70.2955
0.411171 0.034934 0.910889 91.9511 0.0375349 0.997768 -0.0552091 -5.72976 -0.910786 0.0568905 0.408942 70.615
0.418222 0.0416996 0.907387 92.7184 0.0395126 0.997164 -0.064037 -5.76305 -0.907486 0.062635 0.415388 70.9931
0.424391 0.0457882 0.904321 93.42 0.0433272 0.996549 -0.0707911 -5.8074 -0.904442 0.0692249 0.420942 71.3297
0.428813 0.04834 0.902099 94.1234 0.0411717 0.996483 -0.0729687 -5.85558 -0.902455 0.0684309 0.425315 71.6748
0.432967 0.0502026 0.900011 94.8253 0.0343346 0.996804 -0.072119 -5.90399 -0.900756 0.0621266 0.429859 72.0253
0.436282 0.0540669 0.898184 95.5341 0.0277254 0.99691 -0.073477 -5.96031 -0.899384 0.0569592 0.433435 72.4049
0.439343 0.0572692 0.896492 96.2354 0.026792 0.996686 -0.0767996 -6.02133 -0.897921 0.0577602 0.436352 72.7797
0.442698 0.0615035 0.894559 96.9842 0.0232869 0.996519 -0.0800377 -6.0931 -0.896369 0.0562641 0.439725 73.2156
0.445847 0.064617 0.892774 97.6794 0.020146 0.996413 -0.0821791 -6.15439 -0.894883 0.0546252 0.442947 73.592
0.449743 0.0633261 0.89091 98.3386 0.0187866 0.996591 -0.0803216 -6.21078 -0.892961 0.0528613 0.44702 73.9235
0.453857 0.0602141 0.889038 98.9997 0.0200903 0.996768 -0.0777669 -6.26431 -0.890849 0.0531561 0.451181 74.2584
0.457446 0.0577743 0.887359 99.6592 0.019851 0.996974 -0.0751446 -6.31597 -0.889016 0.0519896 0.454915 74.5959
0.461521 0.0569061 0.885302 100.317 0.0191203 0.99707 -0.0740581 -6.3669 -0.886924 0.0511066 0.459081 74.9367
0.46568 0.0586277 0.883009 100.964 0.0172915 0.997009 -0.0753159 -6.41742 -0.884785 0.0503417 0.463273 75.2729
0.468347 0.0590978 0.881566 101.567 0.0183304 0.996895 -0.0765675 -6.46683 -0.883355 0.0520196 0.46581 75.5847
0.470565 0.0572505 0.880506 102.196 0.0206412 0.996904 -0.0758499 -6.51515 -0.882124 0.0538671 0.467927 75.9237
0.472803 0.0558372 0.879397 102.805 0.0230275 0.996865 -0.0756764 -6.56421 -0.880868 0.0560303 0.470035 76.238
0.475199 0.0558524 0.878104 103.412 0.0218652 0.996924 -0.0752428 -6.61316 -0.879607 0.0549552 0.472517 76.5634
0.477568 0.0551713 0.876861 103.992 0.0236217 0.996858 -0.0755867 -6.65862 -0.878278 0.0568108 0.474765 76.8628
0.480843 0.0568811 0.87496 104.57 0.0231916 0.996718 -0.0775418 -6.70518 -0.876501 0.0575772 0.477946 77.1653
0.484197 0.0566522 0.873123 105.14 0.0265356 0.996491 -0.0793724 -6.75176 -0.874557 0.0616008 0.480995 77.4631
0.487715 0.0556849 0.871225 105.713 0.0286875 0.996401 -0.079745 -6.80101 -0.872532 0.0638861 0.484363 77.7827
0.491366 0.0537652 0.869292 106.267 0.0320407 0.9963 -0.0797316 -6.84604 -0.870364 0.0670301 0.487826 78.0826
0.495414 0.052739 0.867055 106.803 0.0337244 0.996234 -0.0798658 -6.88887 -0.868003 0.0688075 0.491769 78.3627
0.498811 0.0522154 0.865136 107.348 0.0350175 0.996153 -0.080313 -6.9366 -0.866004 0.070356 0.495064 78.6924
0.503172 0.0511699 0.86267 107.854 0.0359731 0.996139 -0.0800688 -6.97723 -0.863438 0.0713214 0.499389 78.9417
0.507032 0.0506686 0.860437 108.381 0.0374764 0.996029 -0.0807371 -7.02432 -0.861113 0.0731824 0.50312 79.2471
0.511331 0.0520283 0.857807 108.898 0.0368738 0.995917 -0.0823851 -7.07261 -0.858593 0.0737567 0.507325 79.5541
0.515836 0.0522129 0.855095 109.411 0.0387791 0.995694 -0.0841916 -7.12127 -0.85581 0.0765889 0.51159 79.8632
0.521 0.0555197 0.851749 109.908 0.0365724 0.995513 -0.0872614 -7.17009 -0.852773 0.0766138 0.516632 80.1574
0.526947 0.0613226 0.847683 110.402 0.0329797 0.995166 -0.0924931 -7.22146 -0.849258 0.0766954 0.522378 80.4631
0.5332 0.0683584 0.843223 110.894 0.0275175 0.9948 -0.0980468 -7.27488 -0.845542 0.075482 0.528547 80.7819
0.539512 0.0745737 0.838669 111.377 0.0222 0.994462 -0.102708 -7.32941 -0.841686 0.0740306 0.534869 81.0998
0.546082 0.0789908 0.834 111.87 0.0183379 0.994178 -0.106169 -7.38796 -0.837532 0.0732707 0.541454 81.4326
0.551687 0.0793877 0.830264 112.367 0.0140085 0.994436 -0.104394 -7.44481 -0.833934 0.0692235 0.547506 81.7762
0.557292 0.0787139 0.826577 112.872 0.00753528 0.994975 -0.0998307 -7.50238 -0.830283 0.0618634 0.553899 82.1427
0.563067 0.0766714 0.822847 113.375 0.00139368 0.995596 -0.0937216 -7.55627 -0.826411 0.0539183 0.560481 82.5063
0.568599 0.075098 0.819179 113.884 -0.00458365 0.996097 -0.0881354 -7.60988 -0.822603 0.0463589 0.566725 82.9002
0.574937 0.0731354 0.814922 114.383 -0.00679478 0.996388 -0.0846274 -7.65916 -0.81817 0.0431182 0.573358 83.2409
0.581438 0.0767227 0.809965 114.899 -0.0118513 0.996236 -0.0858594 -7.7093 -0.813506 0.0403227 0.580159 83.6205
0.587513 0.0806681 0.805184 115.424 -0.0158653 0.995975 -0.0882063 -7.76178 -0.80906 0.0390478 0.586428 84.0279
0.594045 0.0839089 0.800043 115.943 -0.0188711 0.995724 -0.0904199 -7.81618 -0.804211 0.0386158 0.593089 84.4025
0.600552 0.0859799 0.794949 116.481 -0.0211091 0.995559 -0.0917304 -7.86896 -0.799308 0.0383082 0.599701 84.8157
0.607046 0.0867809 0.789914 117.025 -0.0238951 0.995562 -0.0910105 -7.92217 -0.794308 0.0363724 0.606426 85.2419
0.612849 0.0889098 0.785182 117.579 -0.0296739 0.995537 -0.0895683 -7.97743 -0.789644 0.0315923 0.612753 85.722
0.621635 0.086699 0.778494 118.137 -0.0302688 0.995771 -0.0867267 -8.03872 -0.782723 0.0303483 0.621631 86.1043
0.628784 0.0848943 0.772932 118.711 -0.0307272 0.995957 -0.0843934 -8.09347 -0.776973 0.0293152 0.628852 86.5929
0.63643 0.0848395 0.766655 119.287 -0.030922 0.995939 -0.0845431 -8.14553 -0.770716 0.0300991 0.636469 87.0763
0.644357 0.0871181 0.759746 119.864 -0.0351878 0.995814 -0.0843439 -8.19695 -0.763916 0.0276138 0.644726 87.5774
0.653056 0.0876864 0.752216 120.447 -0.0359618 0.995743 -0.0848534 -8.25128 -0.756456 0.0283629 0.65343 88.065
0.660022 0.088576 0.746006 121.029 -0.0377481 0.995679 -0.0848235 -8.30018 -0.750298 0.0278251 0.660515 88.5875
0.665168 0.0878447 0.741509 121.615 -0.0376274 0.995736 -0.0842089 -8.35029 -0.745746 0.028112 0.665638 89.1214
0.668906 0.0865902 0.738286 122.216 -0.0362494 0.995809 -0.083951 -8.40229 -0.742463 0.0293928 0.669243 89.6764
0.673083 0.0839428 0.734788 122.824 -0.032787 0.995947 -0.0837442 -8.46184 -0.738841 0.0322752 0.673108 90.217
0.676371 0.0800636 0.732197 123.448 -0.0272565 0.996113 -0.0837439 -8.51974 -0.736057 0.0366848 0.675925 90.8051
0.680345 0.073314 0.729216 124.068 -0.0193717 0.996434 -0.0821062 -8.58549 -0.732637 0.0417343 0.67934 91.3643
0.684325 0.0672157 0.726072 124.696 -0.0136985 0.99675 -0.0793628 -8.65035 -0.729049 0.0443638 0.683023 91.9415
0.687901 0.0615265 0.723192 125.329 -0.00819239 0.996994 -0.077028 -8.71409 -0.725759 0.047063 0.686338 92.526
0.691714 0.0599767 0.719677 125.958 -0.00804774 0.997122 -0.0753637 -8.77642 -0.722128 0.0463383 0.690207 93.114
0.693932 0.0614249 0.717416 126.575 -0.00884921 0.997006 -0.0768038 -8.83901 -0.719987 0.046948 0.692398 93.7395
0.696847 0.0658643 0.71419 127.203 -0.0142366 0.996847 -0.078041 -8.90104 -0.71708 0.044215 0.695588 94.3844
0.699376 0.0696012 0.711357 127.843 -0.0206209 0.996797 -0.077256 -8.96309 -0.714457 0.0393622 0.698572 95.0565
0.70251 0.0666382 0.708547 128.474 -0.0209328 0.997109 -0.0730228 -9.02223 -0.711367 0.0364674 0.701875 95.6684
0.706281 0.0642898 0.705006 129.115 -0.0243718 0.997484 -0.0665453 -9.07925 -0.707512 0.0298175 0.706073 96.3096
0.709732 0.0590714 0.70199 129.752 -0.0238283 0.99792 -0.0598824 -9.13108 -0.704069 0.0257731 0.709664 96.9533
0.713993 0.0549987 0.697989 130.392 -0.0216438 0.998166 -0.0565114 -9.1812 -0.699819 0.0252416 0.713875 97.6146
0.7186 0.051475 0.693516 131.028 -0.0156821 0.998201 -0.0578406 -9.22948 -0.695248 0.0306884 0.718116 98.2471
0.723459 0.0479529 0.6887 131.66 -0.0055077 0.997952 -0.0637001 -9.28295 -0.690346 0.0422912 0.722243 98.8832
0.728393 0.0490679 0.6834 132.308 0.000179337 0.997417 -0.0718055 -9.33857 -0.68516 0.0524252 0.726504 99.5814
0.733653 0.0490619 0.677751 132.951 0.0032353 0.997125 -0.0756835 -9.39775 -0.679517 0.0577182 0.731386 100.287
0.739223 0.0446384 0.67198 133.585 0.00579007 0.997341 -0.0726211 -9.45481 -0.673437 0.057574 0.737 100.975
0.744752 0.0390327 0.666199 134.24 0.0105293 0.997475 -0.0702133 -9.5171 -0.667259 0.0593061 0.742462 101.737
0.750131 0.035183 0.660352 134.853 0.0153456 0.997387 -0.070572 -9.57619 -0.661111 0.0630719 0.747633 102.346
0.754564 0.0367024 0.655199 135.492 0.0175127 0.996951 -0.0760152 -9.6463 -0.655993 0.0688327 0.751622 103.119
0.758246 0.0376246 0.650882 136.11 0.0170292 0.996848 -0.0774617 -9.70997 -0.651747 0.069819 0.755217 103.821
0.761348 0.0346934 0.647415 136.734 0.0194742 0.996892 -0.0763224 -9.77609 -0.648052 0.0707159 0.758307 104.547
0.764091 0.0288602 0.644463 137.358 0.0232311 0.997118 -0.0721963 -9.83818 -0.644691 0.0701361 0.76122 105.235
0.765825 0.0247387 0.642573 137.989 0.0261954 0.997229 -0.0696127 -9.90105 -0.642516 0.0701436 0.763055 105.963
0.766857 0.0200799 0.641503 138.616 0.0297082 0.997327 -0.0667312 -9.96069 -0.64113 0.0702313 0.764212 106.678
0.767322 0.0190597 0.640978 139.243 0.0299423 0.997402 -0.0655025 -10.0214 -0.640563 0.0694539 0.764759 107.434
0.76751 0.0194676 0.640741 139.863 0.0287025 0.997491 -0.0646882 -10.0807 -0.640394 0.0680398 0.765027 108.17
0.767476 0.0210465 0.640732 140.484 0.0276818 0.997439 -0.0659213 -10.1412 -0.64048 0.0683297 0.764929 108.906
0.766801 0.025047 0.641396 141.1 0.0235549 0.997466 -0.0671122 -10.2014 -0.641453 0.0665698 0.764269 109.627
0.765411 0.0287021 0.642901 141.717 0.0202067 0.997439 -0.0685877 -10.2633 -0.643225 0.0654887 0.762872 110.346
0.763965 0.0316943 0.644479 142.342 0.0159594 0.997558 -0.0679765 -10.3257 -0.645061 0.0622172 0.761595 111.092
0.762269 0.0332179 0.646406 142.968 0.0137817 0.997621 -0.0675185 -10.3859 -0.647113 0.0603759 0.76 111.812
0.76086 0.0323739 0.648108 143.597 0.0133874 0.997758 -0.065556 -10.4432 -0.648778 0.0585555 0.758722 112.512
0.759247 0.0313789 0.650045 144.232 0.0122667 0.997968 -0.0625013 -10.4989 -0.650687 0.0554279 0.757321 113.238
0.757283 0.0271105 0.652524 144.862 0.0166604 0.998009 -0.0607998 -10.5545 -0.652875 0.056914 0.755325 113.932
0.755552 0.0304944 0.654378 145.49 0.01665 0.997698 -0.0657177 -10.6135 -0.654877 0.0605486 0.753307 114.605
0.752747 0.0402448 0.657078 146.11 0.0113962 0.997182 -0.0741313 -10.6764 -0.658212 0.0632904 0.750169 115.315
0.75018 0.0465249 0.659594 146.755 0.00903543 0.996706 -0.0805797 -10.738 -0.661172 0.0664091 0.74729 116.046
0.746303 0.0454303 0.664054 147.339 0.00751297 0.997028 -0.0766539 -10.8016 -0.665565 0.0621961 0.743745 116.731
0.743722 0.0438067 0.667052 148.02 0.00500591 0.997456 -0.0710864 -10.8658 -0.668471 0.0562078 0.741612 117.468
0.740766 0.0420963 0.670442 148.661 0.00330595 0.997792 -0.0663031 -10.9281 -0.671755 0.0513315 0.738993 118.17
0.737875 0.0417441 0.673645 149.302 0.00398196 0.997797 -0.0661929 -10.9908 -0.674926 0.0515245 0.736085 118.872
0.735483 0.0397971 0.676373 149.941 0.00606148 0.997845 -0.0653036 -11.0502 -0.677516 0.0521296 0.733659 119.54
0.733149 0.0382544 0.678991 150.588 0.0103752 0.99767 -0.0674117 -11.1106 -0.67999 0.0564675 0.731045 120.208
0.729613 0.0370473 0.682856 151.214 0.0141108 0.997502 -0.069195 -11.1719 -0.683715 0.0601213 0.727269 120.87
0.72589 0.0369586 0.686817 151.853 0.0174072 0.997247 -0.0720608 -11.2335 -0.687592 0.0642638 0.723249 121.535
0.722157 0.0372047 0.690728 152.494 0.0172275 0.997274 -0.0717277 -11.2943 -0.691516 0.0636982 0.719548 122.199
0.717621 0.0388486 0.695349 153.132 0.0150656 0.997342 -0.0712689 -11.3596 -0.696272 0.0616199 0.715129 122.887
0.71294 0.0377668 0.700208 153.759 0.0167734 0.997343 -0.0708719 -11.4143 -0.701026 0.0622723 0.710413 123.486
0.707634 0.0405588 0.705414 154.41 0.0142384 0.997328 -0.0716262 -11.4729 -0.706436 0.0607292 0.705167 124.128
0.701911 0.0472381 0.710697 155.08 0.0109739 0.996961 -0.0771037 -11.5354 -0.712181 0.061919 0.69926 124.814
0.696655 0.0523655 0.715493 155.747 0.00888209 0.996625 -0.0815893 -11.595 -0.717352 0.0631947 0.693839 125.456
0.691189 0.0543542 0.720627 156.427 0.00958661 0.996389 -0.084349 -11.6566 -0.722611 0.0652095 0.688173 126.097
0.685289 0.0484671 0.726657 157.115 0.0101805 0.997046 -0.0761028 -11.7124 -0.728201 0.0595502 0.682772 126.727
0.678957 0.0448055 0.73281 157.81 0.00519525 0.997816 -0.0658222 -11.7684 -0.734161 0.0484976 0.677242 127.375
0.672446 0.0399862 0.739065 158.511 0.00628052 0.998194 -0.0597206 -11.8233 -0.74012 0.0448006 0.670982 127.994
0.665278 0.0413368 0.745451 159.231 0.00173003 0.998376 -0.0569061 -11.8749 -0.746595 0.039148 0.664127 128.684
0.657336 0.0425663 0.752394 159.939 0.00328302 0.998231 -0.0593428 -11.9247 -0.753591 0.0414783 0.656034 129.298
0.65098 0.0417241 0.757947 160.654 0.0091715 0.997981 -0.0628151 -11.9854 -0.75904 0.0478429 0.649285 129.881
0.644324 0.0492582 0.763164 161.393 0.0104921 0.997259 -0.0732262 -12.0483 -0.764681 0.0551886 0.642042 130.498
0.637289 0.0499951 0.769001 162.155 0.0146542 0.996925 -0.0769576 -12.1018 -0.770486 0.0603135 0.634598 131.126
0.630147 0.0461707 0.775102 162.892 0.017278 0.997148 -0.0734444 -12.1647 -0.776284 0.059673 0.627553 131.731
0.623357 0.0401951 0.780904 163.654 0.0216922 0.997403 -0.0686549 -12.2266 -0.781637 0.059736 0.620867 132.317
0.616872 0.0391584 0.786089 164.419 0.0225129 0.997473 -0.0673552 -12.2884 -0.786742 0.0592467 0.614433 132.904
0.609597 0.0408732 0.791657 165.147 0.0210112 0.997484 -0.0676795 -12.3494 -0.792433 0.0578909 0.607206 133.478
0.602783 0.0385672 0.796972 165.909 0.0257914 0.997366 -0.067772 -12.4081 -0.797489 0.0614069 0.600201 134.093
0.597106 0.0324326 0.801506 166.67 0.0310793 0.997495 -0.0635168 -12.4675 -0.801561 0.0628366 0.594603 134.681
0.591995 0.0295055 0.805401 167.396 0.0318284 0.997693 -0.0599451 -12.5291 -0.805313 0.0611219 0.589691 135.212
0.587659 0.0284026 0.80861 168.155 0.0303202 0.997907 -0.0570871 -12.5902 -0.808541 0.058065 0.585569 135.779
0.583215 0.0305287 0.811744 168.925 0.0299142 0.997807 -0.0590189 -12.6462 -0.811768 0.0587035 0.581023 136.348
0.57965 0.0323752 0.814222 169.587 0.0316202 0.997563 -0.062176 -12.6967 -0.814252 0.0617863 0.577215 136.765
0.57685 0.0377282 0.815978 170.309 0.0311666 0.997187 -0.0681399 -12.7523 -0.816255 0.0647379 0.574053 137.262
0.5736 0.0404455 0.818136 171.062 0.0291086 0.997141 -0.0697033 -12.8083 -0.818618 0.0637967 0.570784 137.823
0.570881 0.0358255 0.820251 171.778 0.0299504 0.997472 -0.0644111 -12.8587 -0.820487 0.061338 0.568366 138.319
0.56852 0.02779 0.8222 172.508 0.0338723 0.99779 -0.0571464 -12.905 -0.821972 0.0603387 0.566323 138.832
0.566465 0.022173 0.823788 173.21 0.0391679 0.997782 -0.0537896 -12.947 -0.823155 0.062736 0.564341 139.272
0.564846 0.0199766 0.824954 173.933 0.0449714 0.997475 -0.0549463 -12.9915 -0.82397 0.0681356 0.562522 139.748
0.563972 0.0219977 0.825501 174.629 0.0466327 0.9972 -0.0584321 -13.0358 -0.824477 0.0714494 0.561368 140.18
0.56361 0.0290289 0.825531 175.333 0.0440682 0.996901 -0.0651416 -13.0881 -0.824865 0.0730942 0.560585 140.639
0.563149 0.0367325 0.825538 176.02 0.0425902 0.996392 -0.0733881 -13.1457 -0.825258 0.0764884 0.559554 141.081
0.562105 0.037514 0.826214 176.698 0.0460943 0.995996 -0.0765828 -13.2031 -0.825781 0.0811315 0.558126 141.506
0.560731 0.0313726 0.827403 177.383 0.0459447 0.996562 -0.0689234 -13.2527 -0.826723 0.0766624 0.557362 141.95
0.559799 0.0243662 0.82827 178.041 0.0397951 0.997622 -0.0562445 -13.2896 -0.827673 0.0644467 0.557499 142.33
0.557749 0.0214185 0.829733 178.721 0.0329144 0.998308 -0.0478954 -13.3324 -0.829357 0.0540238 0.556102 142.813
0.556297 0.0234142 0.830654 179.379 0.0316425 0.99828 -0.0493306 -13.3781 -0.830382 0.0537264 0.5546 143.262
0.55466 0.025321 0.831692 180.007 0.0340504 0.998007 -0.053093 -13.4219 -0.831381 0.0577681 0.552693 143.65
0.553002 0.0264781 0.832759 180.649 0.0356888 0.997823 -0.0554261 -13.4652 -0.832416 0.060371 0.550855 144.065
0.551607 0.0250984 0.833726 181.279 0.0354651 0.997936 -0.0535062 -13.5065 -0.83335 0.0590827 0.549579 144.458
0.550528 0.0240844 0.834469 181.91 0.0352041 0.998023 -0.0520304 -13.5473 -0.834075 0.058021 0.548593 144.853
0.549387 0.0232225 0.835246 182.533 0.0354162 0.998067 -0.0510448 -13.5877 -0.834818 0.0576246 0.547503 145.245
0.547574 0.0232748 0.836433 183.149 0.037063 0.997956 -0.052033 -13.6257 -0.835937 0.0594928 0.545593 145.632
0.544843 0.0244803 0.83818 183.751 0.0381236 0.997816 -0.0539243 -13.6642 -0.837672 0.0613348 0.54272 146.005
0.541427 0.026121 0.840342 184.348 0.0380332 0.997732 -0.055518 -13.7044 -0.839888 0.06202 0.539206 146.381
0.537717 0.0275819 0.842674 184.933 0.0384375 0.997622 -0.0571809 -13.7446 -0.84225 0.0631375 0.535378 146.731
0.533626 0.0295641 0.845204 185.528 0.0385705 0.997497 -0.0592431 -13.7834 -0.844841 0.0642137 0.531151 147.097
0.52845 0.0321856 0.848354 186.109 0.039508 0.997265 -0.0624452 -13.8267 -0.848046 0.066516 0.525733 147.455
0.522662 0.0343888 0.851846 186.694 0.0414249 0.99698 -0.0656647 -13.8688 -0.851534 0.0696081 0.519659 147.801
0.516736 0.0367284 0.855357 187.285 0.0397423 0.996972 -0.0668184 -13.9128 -0.855223 0.0685214 0.513712 148.149
0.510599 0.038615 0.858951 187.899 0.0354083 0.997198 -0.0658784 -13.9586 -0.85909 0.0640515 0.507801 148.515
0.504344 0.040014 0.862575 188.508 0.0318155 0.997385 -0.0648702 -14.0043 -0.862917 0.0601603 0.501752 148.877
0.497967 0.0407655 0.866237 189.12 0.0315163 0.997382 -0.0650549 -14.0502 -0.866624 0.0596959 0.495379 149.235
0.490734 0.0435497 0.87022 189.73 0.0305773 0.997273 -0.0671513 -14.0965 -0.870773 0.0595625 0.488065 149.588
0.482925 0.0481718 0.874336 190.352 0.0277791 0.997139 -0.0702811 -14.1423 -0.875222 0.0582289 0.480205 149.943
0.475041 0.0520924 0.87842 190.998 0.0255098 0.99701 -0.0729206 -14.1847 -0.879594 0.0570486 0.472292 150.312
0.467352 0.0547726 0.882373 191.642 0.0242999 0.996904 -0.0747528 -14.2308 -0.883738 0.0563775 0.464575 150.67
0.460497 0.056805 0.885842 192.31 0.0241506 0.996778 -0.0764734 -14.2812 -0.887334 0.0566094 0.457641 151.006
0.453764 0.0588476 0.889176 192.985 0.0227333 0.996726 -0.0775668 -14.3342 -0.890832 0.055411 0.450941 151.342
0.446188 0.0589821 0.892994 193.649 0.0263056 0.996529 -0.0789644 -14.3856 -0.894554 0.0587237 0.443087 151.674
0.438805 0.0579819 0.89671 194.36 0.0280131 0.996547 -0.0781458 -14.4364 -0.898146 0.0594104 0.435666 152.021
0.430631 0.055154 0.900841 195.074 0.0295015 0.996736 -0.0751279 -14.4884 -0.902047 0.0589286 0.427598 152.374
0.422721 0.0530067 0.904708 195.795 0.0280466 0.997043 -0.0715214 -14.5379 -0.905827 0.0556076 0.419984 152.723
0.416358 0.0488575 0.907887 196.545 0.0290021 0.997332 -0.0669714 -14.5829 -0.908739 0.0542147 0.41383 153.07
0.410106 0.0453095 0.910912 197.277 0.0331674 0.997362 -0.0645422 -14.6225 -0.911435 0.0566818 0.407521 153.393
0.403553 0.0404287 0.914063 198.028 0.032203 0.997775 -0.0583488 -14.6598 -0.91439 0.0529825 0.401353 153.741
0.397484 0.036951 0.916865 198.813 0.0329499 0.997968 -0.0545044 -14.6837 -0.917018 0.0518753 0.395459 154.096
0.39164 0.0364056 0.919398 199.588 0.0378585 0.997731 -0.0556343 -14.719 -0.91934 0.0565957 0.389373 154.435
0.385446 0.0438114 0.92169 200.333 0.041715 0.997022 -0.0648374 -14.7672 -0.921788 0.0634397 0.38247 154.736
0.380342 0.0543175 0.923249 201.142 0.0453847 0.995973 -0.0772929 -14.818 -0.923732 0.0712992 0.376345 155.079
0.37574 0.0620171 0.924648 201.966 0.0474691 0.995159 -0.086036 -14.8808 -0.925509 0.0762195 0.370977 155.411
0.372259 0.0576345 0.926338 202.735 0.0520345 0.995203 -0.0828298 -14.9472 -0.92667 0.0790357 0.367474 155.678
0.369194 0.0485952 0.928081 203.576 0.0599821 0.995302 -0.0759761 -15.019 -0.927415 0.0837183 0.364544 155.967
0.362244 0.0417704 0.931147 204.351 0.065217 0.995409 -0.0700247 -15.0799 -0.929799 0.0860928 0.357857 156.312
0.356909 0.0477072 0.93292 205.184 0.0623823 0.995247 -0.0747603 -15.1476 -0.932054 0.0848805 0.352236 156.65
0.359973 0.0559221 0.931285 206.129 0.0579339 0.994934 -0.0821377 -15.2107 -0.931163 0.0835204 0.35491 156.903
0.355451 0.0590836 0.932826 206.973 0.0551531 0.994934 -0.0840335 -15.2709 -0.933067 0.0813181 0.350391 157.221
0.350698 0.0544205 0.934906 207.859 0.0546451 0.995418 -0.0784413 -15.3295 -0.934893 0.0785973 0.346117 157.551
0.345145 0.0514667 0.937137 208.759 0.0538087 0.995766 -0.0745043 -15.3852 -0.937006 0.076141 0.340915 157.894
0.340193 0.0525625 0.938885 209.613 0.0533252 0.99575 -0.0750678 -15.4476 -0.938843 0.0756039 0.335944 158.182
0.335627 0.0560382 0.940326 210.499 0.0530929 0.995515 -0.0782775 -15.5082 -0.940498 0.0761968 0.331147 158.498
0.331193 0.0562035 0.941887 211.366 0.0555894 0.995327 -0.0789391 -15.5778 -0.941924 0.0785031 0.326521 158.774
0.327021 0.055082 0.94341 212.274 0.0604996 0.99503 -0.0790674 -15.6387 -0.943079 0.0829327 0.322063 159.077
0.322657 0.0539852 0.944975 213.21 0.0632642 0.994908 -0.0784392 -15.6962 -0.9444 0.0850921 0.317599 159.407
0.321886 0.0533378 0.945275 214.109 0.0649699 0.994812 -0.0782567 -15.753 -0.944547 0.0866042 0.31675 159.665
0.320364 0.0521643 0.945857 215.056 0.0661683 0.99481 -0.0772754 -15.8259 -0.944981 0.0873421 0.315249 159.964
0.318471 0.0512437 0.946546 215.985 0.0634392 0.995145 -0.0752193 -15.8951 -0.945808 0.0840034 0.313674 160.271
0.316292 0.0491329 0.947388 216.959 0.0627108 0.995389 -0.0725589 -15.9635 -0.946587 0.0823614 0.311753 160.596
0.314309 0.0495356 0.948027 217.881 0.0589052 0.995694 -0.0715558 -16.0324 -0.947492 0.0783345 0.310038 160.903
0.313824 0.0524196 0.948033 218.842 0.055835 0.995726 -0.0735398 -16.0977 -0.947838 0.0760121 0.309556 161.199
0.312312 0.0535932 0.948466 219.765 0.0552583 0.99569 -0.0744572 -16.1658 -0.948372 0.0756646 0.308004 161.504
0.310407 0.0536219 0.94909 220.686 0.0556922 0.995665 -0.074468 -16.2329 -0.948971 0.0759724 0.306075 161.807
0.309029 0.0527647 0.949587 221.626 0.0551502 0.995784 -0.0732796 -16.2981 -0.949453 0.0750155 0.304816 162.113
0.307632 0.0475559 0.950316 222.547 0.0570478 0.99603 -0.0683109 -16.3603 -0.949794 0.0752281 0.303698 162.416
0.305512 0.0465823 0.951048 223.51 0.059765 0.995893 -0.0679777 -16.4166 -0.950311 0.0776074 0.301473 162.743
0.303893 0.047972 0.951497 224.446 0.0577497 0.995966 -0.0686584 -16.4765 -0.950955 0.0758136 0.299896 163.045
0.302198 0.0547422 0.951672 225.4 0.0581993 0.995426 -0.0757399 -16.5377 -0.951467 0.0782751 0.297629 163.357
0.300008 0.057124 0.952225 226.329 0.0583313 0.995237 -0.0780823 -16.6003 -0.952152 0.0789699 0.295246 163.65
0.297813 0.0590069 0.952799 227.252 0.0566392 0.995236 -0.0793386 -16.6677 -0.952943 0.0775939 0.293052 163.934
0.295308 0.0558653 0.953767 228.205 0.0551744 0.995624 -0.0754004 -16.7281 -0.953808 0.07489 0.290933 164.229
0.293349 0.0503637 0.954678 229.148 0.0559094 0.995997 -0.0697232 -16.7913 -0.95437 0.0738287 0.289358 164.505
0.290636 0.0465757 0.955699 230.115 0.0567316 0.996217 -0.0658029 -16.8488 -0.955151 0.0733431 0.286894 164.787
0.287656 0.047414 0.956559 231.05 0.0544535 0.996347 -0.0657615 -16.907 -0.956185 0.0710047 0.284023 165.061
0.283989 0.0488362 0.957583 231.979 0.0538552 0.996311 -0.0667833 -16.9633 -0.957314 0.0705366 0.280311 165.334
0.280023 0.0495336 0.958714 232.904 0.0539902 0.996273 -0.0672438 -17.0205 -0.958474 0.0705911 0.276305 165.607
0.274985 0.0492093 0.960188 233.82 0.0533045 0.996371 -0.0663294 -17.0802 -0.95997 0.069422 0.271364 165.886
0.269973 0.0483115 0.961655 234.751 0.0534502 0.996447 -0.065065 -17.1381 -0.961384 0.0689665 0.266431 166.16
0.265493 0.0480452 0.962915 235.68 0.052084 0.996583 -0.0640857 -17.1955 -0.962705 0.0671668 0.262083 166.428
0.261436 0.0491059 0.963971 236.6 0.0503224 0.996652 -0.0644186 -17.2535 -0.963909 0.0653507 0.25809 166.683
0.257867 0.0501942 0.964875 237.533 0.0479709 0.996751 -0.0646729 -17.3088 -0.964989 0.062963 0.254621 166.934
0.254239 0.0498925 0.965853 238.493 0.0454751 0.996945 -0.063469 -17.3613 -0.966072 0.0600586 0.251193 167.189
0.251044 0.0511649 0.966622 239.412 0.0413823 0.99712 -0.0635268 -17.4185 -0.967091 0.0559491 0.248203 167.43
0.248609 0.0559389 0.966987 240.323 0.0367431 0.997066 -0.0671255 -17.4787 -0.967907 0.0522181 0.245824 167.663
0.245523 0.0613204 0.967449 241.251 0.0334447 0.996865 -0.0716727 -17.5314 -0.968814 0.0499533 0.242702 167.906
0.242407 0.0640938 0.968055 242.17 0.0315256 0.996766 -0.073889 -17.584 -0.969663 0.0484297 0.239602 168.141
0.238053 0.0622383 0.969256 243.06 0.0295416 0.997017 -0.0712765 -17.643 -0.970803 0.045601 0.235504 168.396
0.23369 0.0595667 0.970485 243.991 0.0294541 0.997228 -0.0683007 -17.6987 -0.971865 0.044546 0.231288 168.641
0.229737 0.056901 0.971588 244.9 0.0297899 0.997409 -0.0654573 -17.7535 -0.972797 0.0439814 0.227446 168.88
0.225578 0.0566782 0.972575 245.854 0.0300624 0.997424 -0.0650991 -17.8048 -0.973762 0.0439228 0.223293 169.11
0.220476 0.0569002 0.973731 246.755 0.0303314 0.997412 -0.0651519 -17.8561 -0.974921 0.043899 0.218179 169.347
0.21632 0.0595053 0.974507 247.686 0.0293995 0.997289 -0.0674226 -17.9076 -0.97588 0.0432348 0.213984 169.558
0.214045 0.0625608 0.974818 248.666 0.0290707 0.997095 -0.0703738 -17.9617 -0.976391 0.0434017 0.211604 169.732
0.208756 0.0567776 0.976318 249.575 0.0388916 0.99704 -0.0662985 -18.0171 -0.977194 0.0518108 0.20593 169.919
0.204976 0.0515075 0.977411 250.496 0.0394901 0.997364 -0.0608407 -18.0732 -0.97797 0.0510689 0.202401 170.1
0.199753 0.052626 0.978432 251.405 0.0400652 0.997281 -0.0618195 -18.1338 -0.979027 0.0515497 0.197101 170.282
0.195344 0.0643418 0.978622 252.301 0.0419283 0.996383 -0.073879 -18.1928 -0.979838 0.0554637 0.19194 170.458
0.189702 0.075614 0.978926 253.196 0.0438953 0.995378 -0.0853912 -18.2574 -0.98086 0.0591692 0.185506 170.63
0.183761 0.0797744 0.979728 254.1 0.0429296 0.995097 -0.0890779 -18.3265 -0.982033 0.0584284 0.179435 170.808
0.178913 0.0748779 0.981011 254.982 0.039811 0.99573 -0.083262 -18.3924 -0.98306 0.0539516 0.175167 170.953
0.174253 0.0685278 0.982313 255.904 0.0382209 0.996351 -0.0762872 -18.4568 -0.983959 0.0508381 0.170997 171.118
0.169401 0.0643071 0.983447 256.825 0.0367977 0.996758 -0.0715161 -18.5171 -0.98486 0.0483034 0.166485 171.279
0.16321 0.0645454 0.984478 257.742 0.0335218 0.996917 -0.0709184 -18.578 -0.986022 0.044576 0.160543 171.448
0.157142 0.0626335 0.985588 258.608 0.0294691 0.997243 -0.0680728 -18.6381 -0.987137 0.0397414 0.154863 171.561
0.150121 0.0586717 0.986925 259.507 0.0255434 0.997672 -0.0631961 -18.6927 -0.988338 0.0346964 0.148272 171.702
0.142965 0.0555691 0.988166 260.388 0.0239881 0.997933 -0.0595889 -18.7466 -0.989437 0.0322233 0.141336 171.828
0.135798 0.0569122 0.9891 261.293 0.0273001 0.997753 -0.0611583 -18.799 -0.990361 0.0353077 0.133938 171.96
0.129522 0.0601212 0.989752 262.168 0.030606 0.99744 -0.0645934 -18.8508 -0.991104 0.0386585 0.12735 172.068
0.123395 0.0619633 0.990421 263.059 0.0326956 0.997251 -0.0664642 -18.9024 -0.991819 0.0405836 0.121029 172.171
0.117614 0.0604376 0.991218 263.947 0.032097 0.997391 -0.0646226 -18.9485 -0.992541 0.0394156 0.115367 172.272
0.110821 0.0586392 0.992109 264.857 0.0317975 0.997535 -0.062512 -18.9877 -0.993332 0.0384741 0.108683 172.395
0.104731 0.0576304 0.992829 265.738 0.0344323 0.997509 -0.0615343 -19.0314 -0.993905 0.0406299 0.102485 172.489
0.0996774 0.0595283 0.993237 266.582 0.0359265 0.997341 -0.0633797 -19.0908 -0.994371 0.042001 0.0972732 172.563
0.0942327 0.0632931 0.993536 267.514 0.0359017 0.99711 -0.066926 -19.1388 -0.994903 0.0419761 0.0916874 172.677
0.0901992 0.0648508 0.99381 268.405 0.038176 0.996917 -0.0685185 -19.1879 -0.995192 0.04412 0.0874448 172.766
0.0869933 0.0635712 0.994178 269.309 0.0435655 0.996762 -0.0675486 -19.2381 -0.995256 0.0491881 0.0839416 172.855
0.0849324 0.0607103 0.994535 270.185 0.0455411 0.99686 -0.0647415 -19.2969 -0.995346 0.0507909 0.0819003 172.923
0.0824391 0.0592472 0.994833 271.088 0.0473995 0.996866 -0.0632962 -19.3462 -0.995468 0.0523726 0.0793719 173.005
0.0802077 0.0581958 0.995077 271.991 0.0493768 0.996835 -0.0622786 -19.3946 -0.995555 0.054129 0.0770797 173.085
0.0790049 0.0595287 0.995095 272.891 0.0516366 0.996629 -0.0637202 -19.4482 -0.995536 0.0564175 0.0756641 173.158
0.0784108 0.0607982 0.995065 273.775 0.0536485 0.996433 -0.0651093 -19.5032 -0.995477 0.058489 0.0748688 173.228
0.0782508 0.0618769 0.995011 274.631 0.057484 0.996129 -0.0664673 -19.5606 -0.995275 0.0623984 0.0743904 173.292
0.0788614 0.0626016 0.994918 275.499 0.0593192 0.995961 -0.0673692 -19.6145 -0.995119 0.0643306 0.0748288 173.362
0.079486 0.0627225 0.99486 276.362 0.0604769 0.995875 -0.0676184 -19.67 -0.995 0.0655408 0.0753642 173.437
0.0806716 0.0622326 0.994796 277.21 0.0626827 0.995755 -0.0673758 -19.7297 -0.994768 0.0677918 0.0764276 173.508
0.0819522 0.060991 0.994768 278.058 0.0633943 0.995783 -0.0662759 -19.7849 -0.994618 0.0684941 0.0777396 173.59
0.0833035 0.059036 0.994774 278.9 0.0645251 0.995827 -0.064502 -19.8399 -0.994433 0.0695611 0.079146 173.678
0.086283 0.0556155 0.994717 279.757 0.0649313 0.996002 -0.0613196 -19.8938 -0.994153 0.0698791 0.0823262 173.751
0.0899988 0.0528828 0.994536 280.6 0.0643285 0.996193 -0.0587923 -19.9408 -0.993862 0.0692683 0.0862537 173.821
0.0930585 0.0505132 0.994378 281.396 0.0629049 0.996417 -0.0565038 -19.9934 -0.993672 0.0678094 0.089547 173.902
0.0972626 0.0507234 0.993965 282.206 0.0583047 0.996693 -0.056568 -20.0425 -0.99355 0.0634548 0.093983 173.984
0.100839 0.0521388 0.993535 282.974 0.0561862 0.996732 -0.0580092 -20.0868 -0.993315 0.0616725 0.097579 174.07
0.104383 0.0517391 0.99319 283.733 0.0561568 0.996744 -0.0578263 -20.1316 -0.992951 0.0618105 0.101137 174.157
0.107496 0.0492124 0.992986 284.494 0.0558907 0.996893 -0.0554566 -20.1739 -0.992634 0.06146 0.104411 174.245
0.110525 0.0462007 0.992798 285.245 0.0539263 0.997167 -0.0524075 -20.216 -0.992409 0.0593303 0.10772 174.337
0.114087 0.044664 0.992466 285.973 0.0510998 0.997401 -0.0507602 -20.2569 -0.992156 0.0565059 0.111507 174.425
0.118324 0.0452554 0.991943 286.715 0.0522971 0.997288 -0.0517376 -20.2968 -0.991597 0.0579975 0.115636 174.512
0.12221 0.0461291 0.991431 287.388 0.0531301 0.997181 -0.0529458 -20.3383 -0.991081 0.0591454 0.119414 174.595
0.126049 0.0478731 0.990868 288.087 0.0527864 0.997094 -0.054889 -20.3775 -0.990619 0.059223 0.123155 174.678
0.129782 0.050758 0.990242 288.763 0.0516364 0.996986 -0.0578713 -20.4179 -0.990197 0.0586432 0.12677 174.761
0.133408 0.0512477 0.989735 289.423 0.0488132 0.997108 -0.0582092 -20.4552 -0.989859 0.0560777 0.130521 174.847
0.137329 0.051858 0.989167 290.086 0.0462518 0.997201 -0.0587006 -20.4937 -0.989445 0.053812 0.134545 174.938
0.140169 0.0519289 0.988764 290.702 0.0442863 0.997293 -0.058655 -20.5326 -0.989137 0.0520104 0.13749 175.036
0.142966 0.0515897 0.988382 291.32 0.0434317 0.997349 -0.0583402 -20.5705 -0.988774 0.0512678 0.140346 175.134
0.146442 0.0528757 0.987805 291.932 0.0423353 0.997318 -0.0596612 -20.6057 -0.988313 0.0505559 0.14381 175.224
0.149377 0.0559129 0.987198 292.516 0.039747 0.997251 -0.0624967 -20.6428 -0.987981 0.0485737 0.146743 175.318
0.151843 0.0555888 0.98684 293.098 0.0381646 0.997341 -0.0620527 -20.6804 -0.987668 0.0470845 0.149317 175.412
0.154737 0.0556668 0.986386 293.665 0.037319 0.997367 -0.062141 -20.7178 -0.987251 0.0464264 0.152252 175.508
0.15739 0.0553604 0.985983 294.215 0.0360721 0.997436 -0.0617617 -20.7498 -0.986878 0.0452871 0.15499 175.601
0.15944 0.0560164 0.985617 294.752 0.0361653 0.997385 -0.0625357 -20.7863 -0.986545 0.0456158 0.156997 175.699
0.162065 0.0568889 0.985138 295.289 0.0350983 0.99737 -0.0633694 -20.8218 -0.986156 0.0448466 0.159642 175.797
0.164517 0.0580374 0.984665 295.82 0.034657 0.997309 -0.0645732 -20.8571 -0.985766 0.0447489 0.162062 175.893
0.167326 0.059074 0.98413 296.347 0.0357941 0.997179 -0.0659432 -20.8903 -0.985252 0.04626 0.164739 175.979
0.170086 0.0604621 0.983572 296.845 0.0346937 0.997127 -0.067295 -20.9255 -0.984819 0.0455696 0.1675 176.054
0.172188 0.0615148 0.983141 297.359 0.0337274 0.997093 -0.0682949 -20.9563 -0.984487 0.0449183 0.169612 176.142
0.174441 0.0630568 0.982646 297.864 0.0331793 0.997002 -0.0698682 -20.9897 -0.984109 0.0447913 0.171825 176.224
0.175839 0.0642899 0.982317 298.367 0.0324038 0.996944 -0.0710477 -21.0233 -0.983886 0.0443237 0.173218 176.31
0.176701 0.0650157 0.982115 298.874 0.0332746 0.996849 -0.071978 -21.0561 -0.983702 0.045398 0.173981 176.393
0.177028 0.0653869 0.982031 299.378 0.0332362 0.996822 -0.0723633 -21.0893 -0.983645 0.0454493 0.174292 176.469
0.176079 0.065082 0.982222 299.902 0.0318386 0.996911 -0.0717631 -21.1191 -0.983861 0.0439085 0.173463 176.572
0.174536 0.0640268 0.982567 300.424 0.0311581 0.997022 -0.0705036 -21.1486 -0.984158 0.0429203 0.172021 176.672
0.173915 0.0644634 0.982648 300.935 0.0328045 0.99692 -0.0712058 -21.1832 -0.984214 0.044619 0.171265 176.738
0.173239 0.0671704 0.982586 301.458 0.0354262 0.996599 -0.0743745 -21.2197 -0.984243 0.0476938 0.17027 176.804
0.171976 0.0707141 0.982559 301.991 0.0410484 0.996037 -0.0788689 -21.2592 -0.984246 0.053896 0.168392 176.879
0.170526 0.0752347 0.982476 302.545 0.0436887 0.995521 -0.0838167 -21.2949 -0.984384 0.0572161 0.166475 176.957
0.169115 0.0783803 0.982474 303.099 0.0425978 0.995318 -0.0867375 -21.3279 -0.984675 0.0565198 0.164984 177.04
0.167573 0.0788536 0.982701 303.668 0.0426406 0.995281 -0.0871344 -21.3616 -0.984937 0.0565043 0.16342 177.127
0.166163 0.075907 0.983172 304.236 0.0467053 0.995306 -0.0847375 -21.4029 -0.984992 0.0599995 0.161838 177.213
0.164706 0.070232 0.983839 304.805 0.0559861 0.995185 -0.0804149 -21.4519 -0.984752 0.0683261 0.159981 177.298
0.162331 0.0695374 0.984283 305.415 0.0569596 0.995188 -0.0797019 -21.4924 -0.985091 0.0690025 0.157589 177.394
0.159956 0.0730321 0.984418 306.038 0.0524255 0.995221 -0.0823522 -21.5317 -0.985731 0.0647814 0.155363 177.488
0.157831 0.0745568 0.984647 306.639 0.0506034 0.995222 -0.0834691 -21.5771 -0.986169 0.0630005 0.153304 177.594
0.156276 0.0727391 0.985031 307.278 0.0555082 0.995059 -0.0822862 -21.6159 -0.986152 0.0675367 0.151466 177.689
0.155055 0.0708155 0.985364 307.914 0.0603696 0.994882 -0.0809993 -21.6556 -0.986059 0.0720455 0.149987 177.78
0.152358 0.0709291 0.985777 308.557 0.0616764 0.994793 -0.0811104 -21.7021 -0.986399 0.073157 0.14719 177.89
0.149931 0.072515 0.986033 309.233 0.0579746 0.994943 -0.0819857 -21.7443 -0.986995 0.0694571 0.144969 177.993
0.14767 0.0749945 0.986189 309.919 0.0564482 0.994854 -0.0841061 -21.7889 -0.987424 0.0680885 0.142677 178.103
0.145721 0.0780431 0.986242 310.607 0.0549982 0.9947 -0.0868388 -21.8353 -0.987796 0.0668958 0.140657 178.211
0.14342 0.0806168 0.986373 311.325 0.0562632 0.994398 -0.0894537 -21.8819 -0.988061 0.0683259 0.13808 178.323
0.141516 0.0797897 0.986715 312.034 0.0529883 0.994704 -0.0880355 -21.9319 -0.988517 0.0647427 0.136538 178.431
0.139482 0.0799502 0.986992 312.773 0.0492162 0.994941 -0.0875495 -21.9829 -0.989001 0.0607874 0.134841 178.54
0.137137 0.0810441 0.987231 313.501 0.0483047 0.994912 -0.0883849 -22.0385 -0.989374 0.0598087 0.132524 178.645
0.134857 0.0860196 0.987124 314.236 0.051845 0.994245 -0.0937232 -22.1006 -0.989508 0.0638166 0.129621 178.754
0.132898 0.0917162 0.986877 314.995 0.0535466 0.993588 -0.0995509 -22.1631 -0.989682 0.066074 0.127135 178.86
0.1314 0.0954496 0.986723 315.77 0.0534126 0.993224 -0.103191 -22.2254 -0.98989 0.0662627 0.125411 178.967
0.130437 0.0929778 0.987087 316.525 0.0574489 0.993209 -0.101146 -22.2882 -0.989791 0.0699002 0.12421 179.059
0.129264 0.0869568 0.98779 317.303 0.0626265 0.99344 -0.0956499 -22.3551 -0.989631 0.0742259 0.12297 179.149
0.127659 0.0837865 0.988273 318.07 0.0661462 0.993485 -0.092773 -22.4245 -0.98961 0.0772138 0.121285 179.235
0.125298 0.0840924 0.988549 318.87 0.0684502 0.993292 -0.0931721 -22.4975 -0.989755 0.0793407 0.118701 179.353
0.12355 0.0855613 0.988643 319.672 0.0692223 0.993103 -0.0945982 -22.5691 -0.989921 0.0801238 0.116775 179.467
0.122125 0.0864211 0.988745 320.499 0.0703032 0.992944 -0.0954719 -22.6461 -0.990022 0.0811715 0.115188 179.587
0.12192 0.0851567 0.98888 321.31 0.0706809 0.993036 -0.0942291 -22.7205 -0.99002 0.0813834 0.115052 179.687
0.122326 0.0831056 0.989004 322.132 0.0712958 0.993175 -0.0922746 -22.7915 -0.989926 0.0817995 0.115566 179.79
0.122935 0.0818233 0.989036 322.954 0.0721803 0.993216 -0.0911412 -22.8616 -0.989786 0.0825934 0.116195 179.894
0.124192 0.0811981 0.98893 323.809 0.0724641 0.99324 -0.0906525 -22.9313 -0.989609 0.0829203 0.117469 179.999
0.126269 0.0793123 0.98882 324.631 0.0722215 0.993416 -0.0889035 -22.9959 -0.989363 0.0826398 0.119709 180.083
0.128802 0.0776091 0.988628 325.51 0.072976 0.993485 -0.0874982 -23.0659 -0.988981 0.0834162 0.1223 180.184
0.131606 0.0762047 0.988368 326.377 0.0745458 0.993454 -0.0865231 -23.1338 -0.988495 0.0850656 0.125063 180.285
0.132987 0.0755487 0.988234 327.279 0.0748867 0.993472 -0.0860269 -23.2045 -0.988284 0.0854461 0.126461 180.418
0.135423 0.0757722 0.987886 328.166 0.0760886 0.993329 -0.0866204 -23.273 -0.987862 0.0868973 0.128754 180.541
0.139379 0.074646 0.987421 329.023 0.0780569 0.993221 -0.0861027 -23.337 -0.987158 0.089076 0.132607 180.623
0.143132 0.0731468 0.986997 329.919 0.0800727 0.993137 -0.0852141 -23.4026 -0.986459 0.0912284 0.136292 180.729
0.144286 0.0723515 0.986887 330.881 0.0815906 0.993055 -0.0847327 -23.4731 -0.986166 0.0927465 0.137381 180.931
0.149785 0.0726402 0.986046 331.743 0.0826031 0.992889 -0.0856923 -23.5389 -0.985262 0.094286 0.142719 180.986
0.154317 0.0729867 0.985322 332.667 0.083714 0.992713 -0.0866454 -23.6064 -0.984469 0.0958561 0.147082 181.105
0.158151 0.0741442 0.984627 333.599 0.0833793 0.99261 -0.088138 -23.6747 -0.983888 0.0960366 0.1508 181.243
0.161977 0.0756414 0.983891 334.525 0.081166 0.992655 -0.0896778 -23.744 -0.983451 0.0943843 0.154648 181.381
0.165444 0.0768133 0.983223 335.445 0.0797459 0.992653 -0.0909688 -23.8166 -0.98299 0.0934583 0.158102 181.522
0.168549 0.0776731 0.982628 336.394 0.0774538 0.992761 -0.09176 -23.8873 -0.982645 0.0915743 0.161313 181.67
0.17094 0.076668 0.982294 337.338 0.0771987 0.992858 -0.090927 -23.9598 -0.982252 0.0913749 0.163801 181.824
0.173508 0.0744643 0.982013 338.285 0.0773946 0.993019 -0.0889737 -24.0307 -0.981787 0.0914402 0.166534 181.979
0.175173 0.0721205 0.981892 339.235 0.0772719 0.993227 -0.0867388 -24.1016 -0.981501 0.0910671 0.168414 182.136
0.176087 0.0716134 0.981766 340.167 0.0788355 0.993117 -0.0865814 -24.1784 -0.981213 0.0926439 0.169229 182.3
0.176955 0.0737354 0.981453 341.113 0.0804967 0.992761 -0.0890987 -24.2532 -0.980922 0.0947702 0.169739 182.459
0.177776 0.0728208 0.981373 342.048 0.0801646 0.992869 -0.088196 -24.3276 -0.9808 0.0943506 0.170671 182.622
0.177246 0.0712282 0.981585 342.974 0.0778907 0.993231 -0.0861382 -24.4073 -0.98108 0.0917241 0.170498 182.804
0.176033 0.0694977 0.981928 343.895 0.0756774 0.993594 -0.0838905 -24.4875 -0.981471 0.0890773 0.169646 182.994
0.17636 0.0710362 0.981759 344.838 0.0740917 0.993602 -0.085203 -24.5606 -0.981533 0.0877667 0.169969 183.165
0.176401 0.0719944 0.981682 345.782 0.0738485 0.99354 -0.0861344 -24.6346 -0.981544 0.08769 0.169945 183.336
0.178111 0.0721359 0.981362 346.698 0.073488 0.993546 -0.0863693 -24.7117 -0.981263 0.0875017 0.17166 183.469
0.179106 0.0727056 0.981139 347.632 0.0720558 0.993615 -0.086784 -24.7897 -0.981188 0.0862403 0.172723 183.628
0.179999 0.0729957 0.980954 348.565 0.0727155 0.993524 -0.0872741 -24.8681 -0.980975 0.0870399 0.173526 183.788
0.182442 0.0725793 0.980534 349.47 0.0725613 0.993555 -0.0870444 -24.9411 -0.980535 0.0870294 0.176 183.907
0.183132 0.0708858 0.980529 350.42 0.0740671 0.993564 -0.0856618 -25.0157 -0.980294 0.0883124 0.176703 184.083
0.184045 0.0720817 0.980271 351.347 0.0730061 0.993547 -0.086765 -25.0904 -0.980203 0.0875344 0.177595 184.246
0.185151 0.0742322 0.979902 352.238 0.0734589 0.993304 -0.0891277 -25.1641 -0.979961 0.0884846 0.178458 184.39
0.186669 0.0759068 0.979486 353.192 0.0764532 0.992861 -0.091514 -25.2324 -0.979443 0.0919677 0.179533 184.561
0.188054 0.0721883 0.979502 354.102 0.079386 0.992912 -0.0884181 -25.3034 -0.978945 0.0943862 0.18099 184.724
0.190203 0.0691324 0.979307 355.027 0.0812202 0.992987 -0.0858732 -25.3774 -0.978379 0.0958729 0.183254 184.89
0.192802 0.0702441 0.97872 355.922 0.0850949 0.992476 -0.0879949 -25.4538 -0.977541 0.10025 0.185374 185.047
0.196696 0.0749454 0.977596 356.846 0.0909839 0.991373 -0.0943083 -25.528 -0.976234 0.107496 0.188181 185.207
0.200916 0.0772387 0.976558 357.77 0.0942691 0.990732 -0.0977549 -25.6053 -0.975062 0.1117 0.191773 185.371
0.203772 0.0763618 0.976036 358.666 0.0977031 0.990387 -0.0978828 -25.6918 -0.974131 0.115308 0.194352 185.552
0.206821 0.0754873 0.975462 359.558 0.0990526 0.990277 -0.0976356 -25.7759 -0.973352 0.116815 0.197333 185.733
0.210241 0.0777682 0.974551 360.488 0.0997467 0.98992 -0.100513 -25.8612 -0.972548 0.11834 0.200365 185.924
0.21255 0.0774142 0.974078 361.362 0.0998731 0.989912 -0.100466 -25.9455 -0.972033 0.118638 0.202674 186.121
0.216266 0.0742741 0.973505 362.288 0.0993372 0.99025 -0.0976199 -26.0275 -0.971268 0.117817 0.206779 186.325
0.221248 0.0707986 0.972644 363.199 0.0972279 0.990787 -0.0942361 -26.1046 -0.970358 0.115418 0.212327 186.518
0.2251 0.0698109 0.971831 364.107 0.0954798 0.991045 -0.0933068 -26.186 -0.969646 0.113794 0.216419 186.737
0.23122 0.0691258 0.970442 365.001 0.0934145 0.991283 -0.0928678 -26.2637 -0.968406 0.112126 0.222748 186.922
0.237436 0.0683314 0.968996 365.895 0.0922364 0.991427 -0.0925144 -26.3414 -0.967014 0.111343 0.229098 187.115
0.243029 0.068339 0.967608 366.813 0.0905289 0.99156 -0.0927686 -26.43 -0.965785 0.110142 0.234792 187.364
0.251517 0.0694435 0.965358 367.692 0.0891433 0.991517 -0.0945513 -26.5019 -0.963739 0.109837 0.243193 187.543
0.259407 0.0706654 0.963179 368.61 0.0869907 0.991552 -0.096176 -26.5861 -0.961842 0.108736 0.251068 187.795
0.26835 0.0716784 0.960651 369.518 0.0853163 0.991537 -0.0978157 -26.673 -0.959536 0.108208 0.259964 188.058
0.277293 0.0719838 0.958085 370.422 0.0838604 0.991567 -0.0987709 -26.761 -0.957119 0.107734 0.268918 188.328
0.286925 0.0718958 0.955251 371.292 0.0824668 0.99162 -0.0994037 -26.8499 -0.954397 0.107298 0.278592 188.579
0.296286 0.0717504 0.9524 372.203 0.0817373 0.991608 -0.100132 -26.9346 -0.951595 0.107515 0.287935 188.862
0.30578 0.0717468 0.949395 373.07 0.0799243 0.991699 -0.100686 -27.0207 -0.948742 0.106668 0.297508 189.126
0.313776 0.0713964 0.946809 373.975 0.0790935 0.991734 -0.100996 -27.1074 -0.946197 0.106577 0.305536 189.427
0.320595 0.0714794 0.944515 374.871 0.0769893 0.99188 -0.101197 -27.1953 -0.944082 0.105161 0.312489 189.732
0.326667 0.0714025 0.942438 375.747 0.0763492 0.991886 -0.101613 -27.2852 -0.942051 0.105148 0.318566 190.028
0.332117 0.0722297 0.940468 376.624 0.0756189 0.991812 -0.102877 -27.3719 -0.940202 0.105285 0.323937 190.332
0.337243 0.0720199 0.938658 377.532 0.0751005 0.99183 -0.103082 -27.4563 -0.938418 0.105257 0.32908 190.641
0.342276 0.0722379 0.936818 378.437 0.0745295 0.991808 -0.103709 -27.5406 -0.936639 0.105318 0.334089 190.957
0.347147 0.072155 0.93503 379.306 0.0747057 0.991736 -0.104267 -27.6268 -0.934831 0.106048 0.338888 191.269
0.352023 0.0725197 0.933177 380.196 0.0747021 0.991633 -0.105243 -27.7129 -0.933006 0.106758 0.343661 191.589
0.356838 0.0722473 0.931368 381.08 0.0739059 0.991693 -0.105243 -27.8007 -0.931238 0.106388 0.348535 191.914
0.361624 0.0711717 0.929603 381.961 0.0735393 0.991794 -0.104541 -27.8882 -0.929419 0.106167 0.353423 192.247
0.366041 0.0699363 0.927967 382.834 0.0729827 0.99194 -0.103546 -27.9753 -0.927733 0.105628 0.357987 192.594
0.370855 0.0677355 0.926217 383.706 0.0733954 0.992076 -0.101939 -28.0642 -0.925786 0.105785 0.362945 192.938
0.375607 0.0658961 0.924433 384.577 0.0729286 0.992271 -0.100364 -28.1518 -0.923905 0.105115 0.367899 193.286
0.380238 0.0646766 0.922624 385.463 0.0720213 0.992449 -0.0992536 -28.2345 -0.92208 0.104189 0.37271 193.645
0.385178 0.0651309 0.920541 386.332 0.0717335 0.992372 -0.100229 -28.3178 -0.92005 0.10464 0.377568 193.995
0.390505 0.0684513 0.918052 387.186 0.0695465 0.992185 -0.103562 -28.4069 -0.91797 0.104289 0.382693 194.346
0.395414 0.072211 0.91566 388.078 0.0667189 0.99201 -0.107044 -28.4882 -0.916077 0.103418 0.387437 194.712
0.400003 0.0730351 0.913599 388.969 0.0652746 0.992015 -0.107884 -28.5703 -0.914186 0.102789 0.392043 195.082
0.403832 0.0699369 0.912155 389.818 0.0630543 0.992571 -0.104018 -28.6564 -0.912658 0.0995214 0.396423 195.453
0.406819 0.0680388 0.910971 390.665 0.0598533 0.993091 -0.100902 -28.7397 -0.911546 0.0955734 0.399937 195.827
0.408994 0.0702542 0.909828 391.512 0.0554877 0.993269 -0.101641 -28.8239 -0.910848 0.0920549 0.402344 196.203
0.410575 0.0757674 0.908673 392.355 0.0520188 0.992969 -0.106301 -28.9131 -0.910342 0.0909126 0.403748 196.579
0.412822 0.0798721 0.907302 393.153 0.0504292 0.992612 -0.110328 -29.006 -0.909415 0.0913002 0.405745 196.925
0.414109 0.0804933 0.906661 393.978 0.0481164 0.99275 -0.110113 -29.0971 -0.908955 0.0892242 0.407235 197.294
0.415306 0.0774504 0.906378 394.804 0.0455584 0.993344 -0.105757 -29.185 -0.90854 0.0852148 0.409014 197.663
0.415965 0.0744495 0.906327 395.62 0.0423924 0.993969 -0.101105 -29.2699 -0.908392 0.0804777 0.410302 198.038
0.416478 0.0730917 0.906202 396.423 0.0406397 0.994266 -0.0988725 -29.3538 -0.908237 0.078006 0.411121 198.405
0.41732 0.0724178 0.905869 397.215 0.0409334 0.994307 -0.0983455 -29.4376 -0.907838 0.0781218 0.411981 198.754
0.418068 0.0731477 0.905465 398.007 0.0405545 0.994253 -0.0990454 -29.5219 -0.90751 0.0781284 0.4127 199.103
0.418349 0.0738689 0.905277 398.806 0.0396909 0.994245 -0.0994709 -29.6055 -0.907419 0.0775447 0.41301 199.464
0.418792 0.0692202 0.905439 399.575 0.0452293 0.99426 -0.0969306 -29.6847 -0.906955 0.0815462 0.413259 199.813
0.419414 0.0674121 0.905288 400.39 0.0461763 0.99436 -0.0954384 -29.7612 -0.90662 0.0818311 0.413937 200.167
0.41934 0.0699736 0.905128 401.161 0.0452575 0.994171 -0.0978251 -29.8418 -0.906701 0.0819858 0.41373 200.522
0.419735 0.073742 0.904646 401.928 0.0464758 0.993637 -0.10256 -29.9237 -0.906456 0.0850923 0.413638 200.878
0.42015 0.0774648 0.904142 402.72 0.046834 0.993167 -0.106856 -30.0061 -0.906245 0.0872402 0.413652 201.237
0.420311 0.0767334 0.904129 403.54 0.0449635 0.993429 -0.105215 -30.0895 -0.906265 0.0848759 0.4141 201.596
0.420974 0.0736008 0.904081 404.349 0.0448527 0.993791 -0.10179 -30.1699 -0.905963 0.0834013 0.41506 201.958
0.421476 0.073358 0.903867 405.098 0.0434145 0.993944 -0.100913 -30.2549 -0.9058 0.0817736 0.41574 202.325
0.421706 0.0745319 0.903664 405.921 0.0429257 0.993854 -0.102003 -30.3416 -0.905716 0.0818056 0.415916 202.705
0.422206 0.0769085 0.903231 406.732 0.0438076 0.993496 -0.105072 -30.4279 -0.905441 0.0839304 0.416092 203.086
0.422589 0.0776907 0.902985 407.541 0.0438493 0.993396 -0.105991 -30.5139 -0.90526 0.084386 0.416393 203.471
0.422861 0.0765903 0.902951 408.377 0.0430579 0.993595 -0.104444 -30.5972 -0.905171 0.0830444 0.416856 203.86
0.423526 0.073922 0.902862 409.212 0.0439027 0.993815 -0.101964 -30.6784 -0.904819 0.0828223 0.417663 204.25
0.424098 0.0736977 0.902612 410.049 0.045602 0.993677 -0.10256 -30.7616 -0.904468 0.0846564 0.418057 204.643
0.424869 0.0735117 0.902264 410.874 0.049199 0.993346 -0.1041 -30.8452 -0.903917 0.0886195 0.418427 205.039
0.425463 0.0730397 0.902023 411.724 0.0517638 0.993138 -0.104834 -30.9288 -0.903494 0.091295 0.418764 205.44
0.426553 0.0714373 0.901636 412.574 0.0534485 0.993139 -0.103973 -31.0128 -0.902882 0.0925413 0.41981 205.841
0.427642 0.069847 0.901245 413.438 0.0587589 0.99275 -0.10482 -31.1035 -0.902036 0.0977818 0.420439 206.243
0.427891 0.0675815 0.901299 414.249 0.0624261 0.992606 -0.104065 -31.1971 -0.901672 0.100793 0.42051 206.653
0.427939 0.0651937 0.901453 415.111 0.0599134 0.993151 -0.100268 -31.287 -0.90182 0.0969177 0.421103 207.065
0.42763 0.0604868 0.901927 415.936 0.0564663 0.994019 -0.0934355 -31.378 -0.902189 0.0908844 0.421658 207.479
0.428525 0.056319 0.901772 416.79 0.0567029 0.994408 -0.0890502 -31.4658 -0.901749 0.0892934 0.422937 207.883
0.429062 0.0573151 0.901454 417.656 0.056817 0.994293 -0.0902611 -31.5523 -0.901486 0.0899456 0.423358 208.283
0.429204 0.0593512 0.901255 418.462 0.0573844 0.994027 -0.092789 -31.635 -0.901383 0.0915435 0.423236 208.689
0.42991 0.061066 0.900804 419.315 0.0578265 0.993796 -0.0949681 -31.7148 -0.901018 0.0929181 0.423713 209.095
0.430619 0.0594797 0.900571 420.193 0.059211 0.993811 -0.0939507 -31.7936 -0.900589 0.0937808 0.424434 209.499
0.431111 0.0567092 0.900514 420.999 0.0605828 0.993948 -0.0915967 -31.8749 -0.900263 0.0940441 0.425067 209.895
0.431209 0.0557429 0.900528 421.801 0.0593376 0.994173 -0.0899531 -31.9538 -0.900299 0.0922238 0.42539 210.294
0.430857 0.0567275 0.900634 422.622 0.0577764 0.994237 -0.0902634 -32.0342 -0.900568 0.0909262 0.425098 210.689
0.430237 0.0566853 0.900934 423.4 0.0569287 0.994333 -0.0897481 -32.1128 -0.900919 0.089902 0.424573 211.081
0.429534 0.0549233 0.901378 424.209 0.0577128 0.994435 -0.0880958 -32.1887 -0.901204 0.0898613 0.423975 211.464
0.428674 0.0523773 0.901939 424.994 0.058317 0.994628 -0.0854772 -32.2626 -0.901575 0.0892403 0.423319 211.84
0.42754 0.0508965 0.902562 425.785 0.0575646 0.994851 -0.0833692 -32.337 -0.902162 0.0875993 0.42241 212.213
0.425292 0.050113 0.903667 426.502 0.058494 0.994853 -0.0826991 -32.4113 -0.903164 0.0880305 0.420173 212.591
0.422666 0.0516183 0.904814 427.225 0.0596852 0.99462 -0.0846227 -32.4803 -0.904318 0.0897712 0.417312 212.967
0.420933 0.0557849 0.905374 427.982 0.0593039 0.994276 -0.088835 -32.5527 -0.905151 0.0910859 0.415217 213.326
0.419234 0.0615271 0.905791 428.709 0.0570754 0.993938 -0.0939315 -32.6261 -0.906083 0.0910777 0.413182 213.679
0.418146 0.0658122 0.905992 429.459 0.0561685 0.993587 -0.0980991 -32.6984 -0.906642 0.091908 0.411769 214.018
0.417152 0.0667036 0.906385 430.188 0.0563145 0.993486 -0.0990319 -32.7722 -0.90709 0.092354 0.410679 214.358
0.41552 0.0634761 0.907366 430.925 0.0550135 0.993978 -0.0947285 -32.8431 -0.907919 0.0892791 0.409527 214.699
0.414345 0.0595815 0.908167 431.69 0.0546374 0.994423 -0.0901687 -32.9128 -0.908479 0.0869808 0.40878 215.038
0.413613 0.0577183 0.908621 432.405 0.0561429 0.994469 -0.0887287 -32.9828 -0.90872 0.087712 0.408086 215.364
0.413274 0.0580412 0.908754 433.145 0.0578892 0.99427 -0.0898295 -33.0533 -0.908765 0.0897313 0.407547 215.685
0.412725 0.0596965 0.908897 433.857 0.0576353 0.994135 -0.0914671 -33.1234 -0.90903 0.0901353 0.406865 216.013
0.411857 0.060707 0.909223 434.567 0.0575968 0.994045 -0.0924607 -33.192 -0.909426 0.090449 0.405909 216.345
0.410718 0.0607291 0.909737 435.284 0.0592041 0.993894 -0.0930761 -33.261 -0.909838 0.0920883 0.404616 216.682
0.41018 0.0615266 0.909926 435.984 0.0599727 0.993739 -0.0942288 -33.3293 -0.91003 0.0932216 0.403923 217.008
0.409983 0.0624262 0.909954 436.706 0.0613856 0.993501 -0.0958157 -33.3981 -0.910025 0.0951409 0.403487 217.332
0.40968 0.0643018 0.909959 437.411 0.0598294 0.993467 -0.0971394 -33.4651 -0.910265 0.0942385 0.403158 217.656
0.409477 0.0641002 0.910065 438.133 0.0608056 0.99339 -0.0973284 -33.5343 -0.910292 0.0951909 0.402873 217.98
0.409768 0.0632666 0.909992 438.858 0.060608 0.993496 -0.0963641 -33.6023 -0.910174 0.0946398 0.403269 218.304
0.410503 0.0617463 0.909766 439.576 0.0613816 0.993567 -0.0951307 -33.6707 -0.909791 0.0948943 0.404073 218.626
0.411856 0.0602464 0.909254 440.287 0.0619073 0.993653 -0.0938805 -33.7376 -0.909143 0.0949549 0.405514 218.944
0.412986 0.0586146 0.908848 440.979 0.0621235 0.993786 -0.0923221 -33.8044 -0.908616 0.0945887 0.406779 219.259
0.414087 0.057791 0.9084 441.676 0.0619197 0.993879 -0.0914549 -33.8712 -0.908129 0.0941182 0.407975 219.585
0.414983 0.0587756 0.907928 442.36 0.0605766 0.993908 -0.0920294 -33.9405 -0.90781 0.0931899 0.408896 219.911
0.415671 0.0604553 0.907503 443.033 0.0585836 0.993933 -0.0930468 -34.0104 -0.907626 0.0918417 0.409609 220.238
0.417237 0.0608888 0.906755 443.687 0.0585281 0.993878 -0.0936707 -34.0752 -0.906911 0.0921537 0.41112 220.535
0.418861 0.060788 0.906012 444.348 0.0578331 0.993942 -0.0934248 -34.1394 -0.906207 0.0915297 0.41281 220.841
0.420824 0.0598749 0.905163 445 0.0570719 0.994092 -0.0922912 -34.2046 -0.905345 0.0904978 0.414922 221.134
0.421329 0.0584006 0.905025 445.645 0.0568263 0.99426 -0.0906144 -34.273 -0.905126 0.0896077 0.415593 221.446
0.422283 0.0584054 0.90458 446.295 0.0560172 0.99433 -0.090351 -34.3309 -0.904731 0.0888258 0.416618 221.751
0.423145 0.0587772 0.904153 446.907 0.0554451 0.99434 -0.0905889 -34.3889 -0.904364 0.0884632 0.417493 222.044
0.424083 0.0588734 0.903707 447.527 0.0556212 0.994304 -0.0908772 -34.4466 -0.903914 0.0888048 0.418394 222.333
0.425249 0.0584271 0.903188 448.146 0.0565005 0.994251 -0.0909204 -34.5044 -0.903311 0.0896944 0.419504 222.624
0.426351 0.0576752 0.902716 448.76 0.0577594 0.994189 -0.0907995 -34.5608 -0.902712 0.090853 0.420544 222.907
0.427594 0.0579725 0.902109 449.371 0.057687 0.994154 -0.0912312 -34.6177 -0.902128 0.0910499 0.421751 223.19
0.428662 0.058703 0.901555 449.96 0.0568495 0.994153 -0.091763 -34.6736 -0.901674 0.0905884 0.42282 223.467
0.429637 0.0593117 0.901051 450.538 0.0559718 0.994169 -0.0921298 -34.7292 -0.901265 0.0900159 0.423813 223.742
0.430329 0.0596055 0.900701 451.084 0.0556278 0.994166 -0.0923683 -34.7807 -0.900957 0.0898529 0.424504 224.008
0.431085 0.0596332 0.900338 451.636 0.0554347 0.994175 -0.0923911 -34.833 -0.900607 0.0897385 0.425269 224.27
0.431354 0.0595556 0.900214 452.153 0.0539996 0.994322 -0.0916567 -34.8864 -0.900565 0.0881478 0.42569 224.527
0.431403 0.0589795 0.900229 452.669 0.0528697 0.994489 -0.0904913 -34.9391 -0.900609 0.0866331 0.425909 224.785
0.431616 0.0581648 0.90018 453.176 0.0524008 0.994614 -0.0893919 -34.9894 -0.900534 0.0857532 0.426244 225.036
0.432052 0.0575003 0.900013 453.675 0.0533265 0.994587 -0.0891421 -35.0374 -0.900271 0.0865086 0.426648 225.278
0.432505 0.0582716 0.899746 454.169 0.0539738 0.994443 -0.0903499 -35.0875 -0.900015 0.0876397 0.426958 225.516
0.432895 0.0613106 0.899356 454.661 0.0528357 0.99424 -0.0932111 -35.1379 -0.899895 0.0878689 0.427163 225.753
0.43316 0.0640151 0.89904 455.123 0.0518447 0.99405 -0.0957593 -35.1896 -0.899825 0.0880897 0.427265 225.98
0.433812 0.0653096 0.898633 455.585 0.051796 0.993909 -0.0972387 -35.2418 -0.899513 0.088729 0.427788 226.207
0.434141 0.0654988 0.89846 456.031 0.0537947 0.993685 -0.0984351 -35.29 -0.899237 0.0910672 0.427878 226.427
0.434304 0.0648175 0.89843 456.477 0.0552106 0.993613 -0.0983739 -35.3375 -0.899073 0.0923272 0.427953 226.646
0.433505 0.0633549 0.898921 456.92 0.0554351 0.993758 -0.0967728 -35.382 -0.899445 0.0917833 0.427288 226.858
0.432376 0.0624926 0.899524 457.349 0.0539708 0.99401 -0.0949994 -35.426 -0.900077 0.0896236 0.426415 227.065
0.430979 0.0619645 0.900231 457.762 0.0537039 0.994106 -0.0941368 -35.4681 -0.900763 0.088917 0.425112 227.262
0.429743 0.0613022 0.900867 458.171 0.0537168 0.994187 -0.0932774 -35.5111 -0.901352 0.0884771 0.423953 227.452
0.428672 0.0605084 0.901431 458.58 0.0544526 0.994207 -0.0926311 -35.5538 -0.901818 0.0887937 0.422895 227.642
0.426853 0.0602212 0.902313 458.92 0.0543285 0.994267 -0.0920596 -35.5909 -0.902688 0.0883173 0.421136 227.822
0.425436 0.0593244 0.903041 459.273 0.0547489 0.994331 -0.0911149 -35.6274 -0.903331 0.0882041 0.419778 227.996
0.424131 0.0582769 0.903723 459.618 0.0556101 0.994364 -0.0902209 -35.6643 -0.903892 0.0885217 0.418501 228.166
0.422837 0.0575091 0.904378 459.962 0.0564043 0.994376 -0.0896039 -35.7009 -0.904449 0.0888988 0.417217 228.336
0.421755 0.057164 0.904905 460.303 0.0559267 0.994467 -0.0888882 -35.7366 -0.904983 0.0880975 0.416226 228.496
0.419729 0.0571784 0.905846 460.581 0.0546808 0.994605 -0.0881179 -35.7721 -0.906001 0.0865181 0.414339 228.658
0.417794 0.0572174 0.906738 460.858 0.0537206 0.99471 -0.0875216 -35.8064 -0.906952 0.0852766 0.412511 228.814
0.416512 0.0569242 0.907346 461.155 0.0544472 0.994681 -0.0873974 -35.8392 -0.907498 0.0858045 0.411199 228.951
0.415176 0.0571789 0.907942 461.435 0.0553982 0.994578 -0.0879674 -35.8699 -0.908053 0.0868204 0.409759 229.083
0.414327 0.0579134 0.908283 461.715 0.0562763 0.99443 -0.0890779 -35.9008 -0.908387 0.0880223 0.408762 229.215
0.413517 0.0581636 0.908636 461.996 0.0565623 0.994385 -0.0893942 -35.9312 -0.908738 0.0883607 0.407907 229.348
0.413104 0.0574881 0.908867 462.278 0.0565363 0.994458 -0.0885995 -35.9613 -0.908927 0.0879849 0.407566 229.48
0.413562 0.0570574 0.908685 462.559 0.0557753 0.994569 -0.087835 -35.9911 -0.908766 0.0870075 0.408135 229.613
0.414306 0.0569953 0.908351 462.835 0.0549276 0.994649 -0.0874634 -36.0204 -0.908479 0.0861302 0.408959 229.746
0.415353 0.057054 0.907868 463.103 0.0535049 0.994767 -0.0869941 -36.0488 -0.908085 0.0847087 0.410128 229.875
0.416839 0.057236 0.907176 463.358 0.0523652 0.994842 -0.0868288 -36.075 -0.907471 0.0836981 0.411693 229.996
0.419318 0.0571974 0.906035 463.611 0.051979 0.99486 -0.0868613 -36.1013 -0.90635 0.0835173 0.41419 230.117
0.422917 0.0571829 0.904361 463.865 0.0520991 0.994818 -0.0872665 -36.1277 -0.904669 0.084023 0.417748 230.239
0.428175 0.056604 0.901921 464.116 0.0525272 0.994787 -0.0873691 -36.1539 -0.902168 0.0847847 0.42297 230.362
0.435462 0.0571643 0.89839 464.382 0.051616 0.994751 -0.0883151 -36.1818 -0.898726 0.0848292 0.430227 230.497
0.444261 0.0577801 0.894031 464.646 0.0500693 0.994753 -0.0891704 -36.2099 -0.894497 0.0843786 0.439039 230.634
0.454271 0.0587268 0.888925 464.908 0.048744 0.994688 -0.0906242 -36.2384 -0.889529 0.0844977 0.448996 230.775
0.465381 0.0585764 0.883169 465.172 0.0487694 0.994591 -0.0916657 -36.2675 -0.883766 0.0857313 0.460009 230.921
0.478812 0.0587712 0.875947 465.427 0.0467361 0.994632 -0.0922816 -36.2954 -0.876673 0.085124 0.473496 231.066
0.49384 0.0603096 0.867458 465.694 0.0436592 0.99461 -0.0940051 -36.3252 -0.868456 0.0842961 0.488547 231.233
0.510297 0.0621192 0.857751 465.969 0.0396619 0.994623 -0.0956278 -36.3552 -0.859083 0.0828186 0.505091 231.419
0.527859 0.0637845 0.846933 466.231 0.0379546 0.994405 -0.0985469 -36.3856 -0.848483 0.084164 0.522486 231.602
0.54545 0.0658774 0.83555 466.49 0.0364652 0.994093 -0.102182 -36.4172 -0.83735 0.086204 0.539828 231.79
0.563538 0.0668513 0.82338 466.744 0.0351579 0.993873 -0.104757 -36.4495 -0.825342 0.0879829 0.557736 231.985
0.581807 0.0698303 0.810323 466.994 0.0290781 0.993881 -0.106527 -36.4823 -0.812807 0.0855409 0.576218 232.185
0.594764 0.0746111 0.800429 467.272 0.023346 0.993657 -0.10997 -36.5123 -0.803561 0.0840934 0.589252 232.424
0.600224 0.0801476 0.795806 467.523 0.0165123 0.993509 -0.112513 -36.5411 -0.799662 0.0806739 0.595006 232.632
0.599399 0.0821465 0.796223 467.765 0.0142468 0.993464 -0.113221 -36.5704 -0.800324 0.0792085 0.594313 232.826
0.594947 0.0833441 0.799432 467.994 0.0128943 0.993488 -0.113172 -36.6022 -0.803662 0.0776394 0.59 233.002
0.585952 0.0838549 0.805995 468.228 0.0134743 0.993482 -0.113157 -36.6326 -0.810234 0.0771647 0.581004 233.175
0.573557 0.0829657 0.814953 468.454 0.0170717 0.993428 -0.113151 -36.6618 -0.818988 0.0788109 0.568372 233.322
0.559418 0.0819376 0.824825 468.683 0.0214843 0.993331 -0.113249 -36.6913 -0.828607 0.0810742 0.553929 233.464
0.542447 0.0801318 0.836259 468.921 0.0268998 0.99327 -0.112626 -36.7205 -0.83966 0.0835889 0.536642 233.604
0.523216 0.0795045 0.848483 469.158 0.0303185 0.993268 -0.111767 -36.7495 -0.851661 0.0842033 0.517285 233.735
0.503352 0.0795707 0.860409 469.397 0.0322121 0.993327 -0.110708 -36.7774 -0.863481 0.0834408 0.497432 233.858
0.483462 0.0795229 0.871745 469.644 0.0332222 0.993477 -0.109053 -36.8064 -0.874735 0.0816842 0.477668 233.977
0.464336 0.0787202 0.882153 469.903 0.0353116 0.993601 -0.107253 -36.8349 -0.884955 0.0809516 0.458586 234.093
0.44739 0.0770283 0.891015 470.163 0.0400476 0.993555 -0.106002 -36.8674 -0.893442 0.0831072 0.441424 234.185
0.431796 0.0754704 0.898808 470.43 0.0455893 0.99339 -0.105314 -36.8991 -0.900819 0.0864503 0.425502 234.283
0.417513 0.074168 0.905638 470.7 0.0493452 0.993338 -0.1041 -36.9307 -0.90733 0.0881519 0.411073 234.382
0.405235 0.0739849 0.911213 470.964 0.0495468 0.993474 -0.102699 -36.9596 -0.912869 0.0867648 0.398925 234.477
0.395574 0.072212 0.91559 471.23 0.0504727 0.993685 -0.100178 -36.9875 -0.917046 0.0858402 0.389432 234.579
0.387304 0.0693633 0.919338 471.486 0.0520279 0.993929 -0.0969101 -37.0141 -0.920483 0.085365 0.381345 234.67
0.380888 0.0679001 0.922124 471.737 0.0536122 0.993996 -0.0953375 -37.0387 -0.923066 0.0857501 0.374962 234.764
0.379194 0.0677761 0.922831 471.975 0.0547424 0.99392 -0.0954912 -37.0621 -0.923697 0.0867277 0.373179 234.852
0.381964 0.0682633 0.921652 472.204 0.0547247 0.993844 -0.0962904 -37.0839 -0.922556 0.0872167 0.375878 234.945
0.388352 0.0671249 0.919063 472.422 0.0559255 0.993784 -0.0962141 -37.1056 -0.919813 0.088764 0.382185 235.035
0.397916 0.0651837 0.915103 472.627 0.0577307 0.993713 -0.0958867 -37.1283 -0.915604 0.0909844 0.391652 235.124
0.40948 0.0645765 0.91003 472.822 0.0556221 0.993865 -0.0955537 -37.1517 -0.910622 0.0897452 0.403377 235.221
0.422371 0.0668256 0.903956 473.007 0.049766 0.994061 -0.0967401 -37.1728 -0.905056 0.0858465 0.416538 235.331
0.435455 0.0694606 0.897526 473.178 0.0444035 0.994144 -0.0984817 -37.193 -0.899115 0.0827377 0.429822 235.441
0.448817 0.0699832 0.890879 473.332 0.040416 0.994315 -0.0984702 -37.2138 -0.89271 0.0802009 0.443438 235.54
0.462572 0.068145 0.883958 473.476 0.0379635 0.994601 -0.096541 -37.2321 -0.885769 0.0782153 0.457489 235.634
0.47659 0.0659362 0.876649 473.611 0.0389254 0.994619 -0.0959714 -37.2498 -0.878264 0.079863 0.47146 235.719
0.491016 0.0636877 0.868819 473.735 0.0483618 0.993789 -0.100181 -37.2663 -0.869808 0.091208 0.484888 235.791
0.506389 0.0657494 0.859794 473.851 0.0521757 0.992922 -0.10666 -37.2828 -0.860726 0.0988718 0.499376 235.864
0.520667 0.0681588 0.851034 473.953 0.049533 0.992714 -0.109811 -37.2942 -0.852322 0.0993293 0.513499 235.949
0.533874 0.0706384 0.842607 474.052 0.0409821 0.993168 -0.109227 -37.3055 -0.844571 0.0928454 0.527334 236.046
0.54666 0.0715237 0.834294 474.143 0.0342197 0.993601 -0.107603 -37.3147 -0.836656 0.0873718 0.540716 236.134
0.558658 0.0712523 0.826331 474.229 0.0310696 0.993802 -0.106698 -37.3254 -0.828816 0.0852818 0.552984 236.215
0.569703 0.0702167 0.818845 474.308 0.030578 0.993839 -0.106497 -37.3355 -0.821283 0.0857105 0.564047 236.287
0.580916 0.0696553 0.810977 474.385 0.0299408 0.993825 -0.106808 -37.3424 -0.813413 0.0863276 0.575245 236.355
0.591097 0.0694558 0.803604 474.458 0.0288975 0.993819 -0.107152 -37.3514 -0.806083 0.0865596 0.585438 236.428
0.600698 0.0680513 0.796574 474.527 0.028758 0.993883 -0.106594 -37.3608 -0.798959 0.0869389 0.595068 236.497
0.609646 0.0660501 0.789916 474.594 0.0289283 0.994001 -0.105442 -37.3677 -0.792146 0.0871331 0.60408 236.557
0.616895 0.0665713 0.784224 474.654 0.0267805 0.99406 -0.105451 -37.3738 -0.78659 0.0860539 0.61145 236.611
0.623368 0.0712382 0.778676 474.698 0.0199165 0.994068 -0.106888 -37.3833 -0.781676 0.0821391 0.618253 236.678
0.631243 0.0785914 0.771592 474.729 0.00988333 0.993953 -0.109326 -37.394 -0.775523 0.0766372 0.626651 236.741
0.636819 0.0838974 0.766434 474.761 0.00308458 0.993773 -0.111346 -37.4009 -0.771007 0.0732716 0.632597 236.792
0.6412 0.0830639 0.762864 474.8 0.0031147 0.99383 -0.110831 -37.4077 -0.767368 0.0734408 0.636987 236.834
0.647109 0.077847 0.758412 474.837 0.00727492 0.994093 -0.108246 -37.4124 -0.762363 0.0755645 0.642723 236.864
0.651684 0.0726333 0.755004 474.877 0.0118307 0.994306 -0.105867 -37.4165 -0.758399 0.077924 0.647116 236.897
0.655298 0.0709379 0.752032 474.909 0.0123212 0.99444 -0.104541 -37.4197 -0.755271 0.0777711 0.650783 236.928
0.659855 0.0728458 0.747853 474.935 0.00831287 0.994517 -0.104208 -37.4231 -0.751348 0.0749787 0.655633 236.97
0.663966 0.0762162 0.743868 474.955 0.00295747 0.994513 -0.104537 -37.426 -0.747758 0.0716092 0.660099 237.005
0.666627 0.0791408 0.741178 474.975 -0.000971932 0.994435 -0.105309 -37.429 -0.745392 0.0694814 0.662996 237.041
