<<<<<<< HEAD
0 0.000755 0.023349 100.000000 12.195122
0 0.000386 0.025665 200.000000 15.503876
0 0.000306 0.027487 300.000000 17.543859
0 0.000213 0.028794 400.000000 19.138756
0 0.000225 0.032463 500.000000 20.408163
0 0.000219 0.043226 600.000000 21.276596
0 0.000210 0.053629 700.000000 21.875000
0 0.000197 0.062797 800.000000 22.346369
10 0.000633 0.035061 100.000000 12.987013
10 0.000356 0.040966 200.000000 16.129032
10 0.000294 0.044097 300.000000 18.181818
10 0.000210 0.046689 400.000000 19.704433
10 0.000251 0.052015 500.000000 20.920502
10 0.000251 0.064191 600.000000 21.739130
10 0.000228 0.075054 700.000000 22.292994
10 0.000217 0.084234 800.000000 22.792023
20 0.000488 0.036183 100.000000 13.888889
20 0.000299 0.042814 200.000000 16.949152
20 0.000263 0.047107 300.000000 18.867924
20 0.000189 0.050430 400.000000 20.408163
20 0.000264 0.058460 500.000000 21.459227
20 0.000251 0.071635 600.000000 22.222221
20 0.000230 0.082364 700.000000 22.801304
20 0.000223 0.092602 800.000000 23.188406
30 0.000322 0.029333 100.000000 14.925373
30 0.000232 0.036146 200.000000 17.857143
30 0.000221 0.041615 300.000000 19.607843
30 0.000173 0.046101 400.000000 21.052631
30 0.000250 0.055514 500.000000 22.123894
30 0.000241 0.069227 600.000000 22.813688
30 0.000220 0.080704 700.000000 23.255814
30 0.000218 0.091302 800.000000 23.598820
40 0.000256 0.026856 100.000000 16.129032
40 0.000199 0.033150 200.000000 18.867924
40 0.000183 0.039462 300.000000 20.408163
40 0.000161 0.044442 400.000000 21.739130
40 0.000251 0.055652 500.000000 22.727272
40 0.000233 0.069739 600.000000 23.346304
40 0.000218 0.081301 700.000000 23.728813
40 0.000220 0.092178 800.000000 24.024025
50 0.000180 0.019739 100.000000 17.241379
50 0.000167 0.026959 200.000000 19.801981
50 0.000157 0.033668 300.000000 21.276596
50 0.000142 0.039638 400.000000 22.471910
50 0.000249 0.053051 500.000000 23.255814
50 0.000230 0.067294 600.000000 23.809525
50 0.000212 0.078408 700.000000 24.221453
50 0.000216 0.089563 800.000000 24.464832
60 0.000141 0.014537 100.000000 18.518518
60 0.000130 0.022449 200.000000 20.618557
60 0.000135 0.029397 300.000000 21.897810
60 0.000146 0.035517 400.000000 23.121387
60 0.000249 0.050963 500.000000 23.809525
60 0.000227 0.065409 600.000000 24.291498
60 0.000212 0.077079 700.000000 24.561403
60 0.000212 0.087946 800.000000 24.844721
70 0.000160 0.016741 100.000000 19.230770
70 0.000132 0.024020 200.000000 21.276596
70 0.000139 0.030407 300.000000 22.727272
70 0.000241 0.038227 400.000000 23.668638
70 0.000255 0.054345 500.000000 24.271845
70 0.000228 0.068336 600.000000 24.691359
70 0.000216 0.079845 700.000000 24.911032
70 0.000216 0.090775 800.000000 25.157232
80 0.000171 0.019548 100.000000 20.408163
80 0.000178 0.027219 200.000000 21.978022
80 0.000139 0.033719 300.000000 23.255814
80 0.000256 0.042716 400.000000 24.242424
80 0.000256 0.058752 500.000000 24.752476
80 0.000227 0.072630 600.000000 25.000000
80 0.000222 0.083286 700.000000 25.270758
80 0.000219 0.094855 800.000000 25.396826
90 0.000169 0.020767 100.000000 21.276596
90 0.000172 0.027611 200.000000 22.471910
90 0.000129 0.033509 300.000000 23.809525
90 0.000271 0.044416 400.000000 24.691359
90 0.000256 0.060855 500.000000 25.125628
90 0.000225 0.074099 600.000000 25.316456
90 0.000223 0.085412 700.000000 25.454546
90 0.000223 0.096427 800.000000 25.641026
100 0.000139 0.018252 100.000000 21.739130
100 0.000158 0.024775 200.000000 23.255814
100 0.000137 0.030613 300.000000 24.390244
100 0.000273 0.045336 400.000000 25.000000
100 0.000244 0.061727 500.000000 25.380711
100 0.000224 0.074327 600.000000 25.531916
100 0.000227 0.085205 700.000000 25.735294
100 0.000223 0.097058 800.000000 25.806452
110 0.000112 0.014771 100.000000 22.222221
110 0.000117 0.020460 200.000000 23.809525
110 0.000115 0.027137 300.000000 24.793388
110 0.000275 0.043961 400.000000 25.316456
110 0.000239 0.059718 500.000000 25.641026
110 0.000216 0.071153 600.000000 25.862068
110 0.000221 0.082777 700.000000 25.925926
110 0.000215 0.094378 800.000000 25.974026
120 0.000112 0.016144 100.000000 22.727272
120 0.000132 0.022258 200.000000 24.390244
120 0.000277 0.030937 300.000000 25.210085
120 0.000286 0.050000 400.000000 25.641026
120 0.000246 0.065237 500.000000 25.906736
120 0.000231 0.077064 600.000000 25.974026
120 0.000228 0.088255 700.000000 26.119404
120 0.000222 0.099840 800.000000 26.143791
130 0.000192 0.017200 100.000000 23.255814
130 0.000124 0.023388 200.000000 24.691359
130 0.000291 0.035122 300.000000 25.641026
130 0.000292 0.054465 400.000000 25.974026
130 0.000242 0.069289 500.000000 26.041666
130 0.000236 0.080202 600.000000 26.200872
130 0.000232 0.092137 700.000000 26.217228
130 0.000220 0.102818 800.000000 26.315790
140 0.000204 0.019945 100.000000 23.809525
140 0.000128 0.026269 200.000000 25.316456
140 0.000330 0.043236 300.000000 25.862068
140 0.000291 0.062289 400.000000 26.143791
140 0.000250 0.075905 500.000000 26.178011
140 0.000245 0.086881 600.000000 26.315790
140 0.000243 0.098921 700.000000 26.315790
140 0.000221 0.109086 800.000000 26.402639
150 0.000135 0.017642 100.000000 23.809525
150 0.000133 0.023903 200.000000 25.641026
150 0.000333 0.044016 300.000000 26.086956
150 0.000280 0.061873 400.000000 26.315790
150 0.000243 0.074499 500.000000 26.315790
150 0.000247 0.085541 600.000000 26.431719
150 0.000236 0.097314 700.000000 26.415094
150 0.000218 0.107007 800.000000 26.490067
160 0.000164 0.017758 100.000000 25.000000
160 0.000359 0.027350 200.000000 25.974026
160 0.000344 0.050009 300.000000 26.315790
160 0.000283 0.066625 400.000000 26.490067
160 0.000256 0.078393 500.000000 26.455027
160 0.000249 0.089488 600.000000 26.548672
160 0.000239 0.101004 700.000000 26.515152
160 0.000221 0.110521 800.000000 26.578074
170 0.000131 0.015375 100.000000 25.641026
170 0.000396 0.032286 200.000000 26.315790
170 0.000352 0.055258 300.000000 26.548672
170 0.000273 0.070137 400.000000 26.666666
170 0.000261 0.081496 500.000000 26.595745
170 0.000251 0.092618 600.000000 26.666666
170 0.000235 0.103765 700.000000 26.615969
170 0.000219 0.112819 800.000000 26.666666
180 0.000152 0.017934 100.000000 26.315790
180 0.000432 0.040051 200.000000 26.666666
180 0.000335 0.061272 300.000000 26.785715
180 0.000273 0.074865 400.000000 26.666666
180 0.000267 0.085208 500.000000 26.737968
180 0.000259 0.096959 600.000000 26.666666
180 0.000230 0.106746 700.000000 26.717558
180 0.000220 0.115507 800.000000 26.755854
190 0.000156 0.020117 100.000000 26.315790
190 0.000450 0.047043 200.000000 26.666666
190 0.000337 0.066192 300.000000 26.785715
190 0.000276 0.078097 400.000000 26.666666
190 0.000275 0.088498 500.000000 26.737968
190 0.000257 0.099907 600.000000 26.666666
190 0.000233 0.109076 700.000000 26.717558
190 0.000221 0.117601 800.000000 26.755854
200 0.000614 0.029360 100.000000 26.315790
200 0.000465 0.056814 200.000000 26.666666
200 0.000334 0.073144 300.000000 26.785715
200 0.000293 0.083389 400.000000 26.666666
200 0.000277 0.093620 500.000000 26.737968
200 0.000261 0.104584 600.000000 26.666666
200 0.000236 0.113362 700.000000 26.717558
200 0.000236 0.121803 800.000000 26.755854
210 0.000677 0.044727 100.000000 26.315790
210 0.000478 0.067963 200.000000 26.666666
210 0.000331 0.080048 300.000000 26.785715
210 0.000303 0.089413 400.000000 26.666666
210 0.000284 0.100302 500.000000 26.595745
210 0.000258 0.109817 600.000000 26.666666
210 0.000238 0.118103 700.000000 26.717558
210 0.000240 0.126700 800.000000 26.755854
220 0.000726 0.055776 100.000000 26.315790
220 0.000437 0.073517 200.000000 26.666666
220 0.000321 0.083036 300.000000 26.548672
220 0.000307 0.091940 400.000000 26.490067
220 0.000285 0.101658 500.000000 26.595745
220 0.000250 0.110803 600.000000 26.548672
220 0.000238 0.118122 700.000000 26.717558
220 0.000248 0.127272 800.000000 26.666666
230 0.000785 0.067982 100.000000 26.315790
230 0.000439 0.081562 200.000000 26.315790
230 0.000332 0.086945 300.000000 26.548672
230 0.000311 0.095781 400.000000 26.490067
230 0.000281 0.104810 500.000000 26.595745
230 0.000249 0.112819 600.000000 26.666666
230 0.000249 0.121032 700.000000 26.615969
230 0.000255 0.130355 800.000000 26.578074
240 0.000327 0.034772 100.000000 25.641026
240 0.000221 0.040964 200.000000 26.315790
240 0.000194 0.046160 300.000000 26.315790
240 0.000204 0.054301 400.000000 26.490067
240 0.000194 0.063645 500.000000 26.455027
240 0.000179 0.071207 600.000000 26.548672
240 0.000186 0.079053 700.000000 26.615969
240 0.000210 0.088510 800.000000 26.578074
250 0.000215 0.024742 100.000000 25.641026
250 0.000154 0.028447 200.000000 26.315790
250 0.000164 0.033844 300.000000 26.315790
250 0.000177 0.042622 400.000000 26.490067
250 0.000162 0.051569 500.000000 26.455027
250 0.000162 0.059226 600.000000 26.548672
250 0.000174 0.067587 700.000000 26.615969
250 0.000203 0.077936 800.000000 26.490067
260 0.000165 0.024905 100.000000 25.641026
260 0.000154 0.026972 200.000000 26.315790
260 0.000173 0.033547 300.000000 26.315790
260 0.000179 0.042761 400.000000 26.490067
260 0.000163 0.050964 500.000000 26.455027
260 0.000161 0.058619 600.000000 26.548672
260 0.000184 0.067251 700.000000 26.615969
260 0.000210 0.078689 800.000000 26.402639
270 0.000163 0.020150 100.000000 25.641026
270 0.000140 0.020833 200.000000 26.315790
270 0.000157 0.028720 300.000000 26.315790
270 0.000161 0.037945 400.000000 26.490067
270 0.000152 0.046166 500.000000 26.455027
270 0.000167 0.054196 600.000000 26.548672
270 0.000189 0.063586 700.000000 26.515152
270 0.000216 0.075007 800.000000 26.402639
280 0.000179 0.016785 100.000000 25.641026
280 0.000145 0.020365 200.000000 25.974026
280 0.000162 0.029495 300.000000 26.315790
280 0.000161 0.039181 400.000000 26.315790
280 0.000151 0.046884 500.000000 26.455027
280 0.000167 0.055406 600.000000 26.548672
280 0.000199 0.065169 700.000000 26.515152
280 0.000261 0.078620 800.000000 26.315790
290 0.000109 0.015853 100.000000 25.641026
290 0.000164 0.022206 200.000000 25.974026
290 0.000182 0.032580 300.000000 26.315790
290 0.000153 0.041654 400.000000 26.315790
290 0.000155 0.049452 500.000000 26.455027
290 0.000182 0.058262 600.000000 26.548672
290 0.000207 0.069058 700.000000 26.415094
290 0.000267 0.083760 800.000000 26.315790
300 0.000139 0.016173 100.000000 25.641026
300 0.000198 0.025273 200.000000 25.974026
300 0.000181 0.035709 300.000000 26.315790
300 0.000164 0.044267 400.000000 26.315790
300 0.000162 0.052199 500.000000 26.455027
300 0.000197 0.061574 600.000000 26.548672
300 0.000217 0.072826 700.000000 26.415094
300 0.000273 0.089244 800.000000 26.315790
310 0.000155 0.014418 100.000000 25.641026
310 0.000189 0.024992 200.000000 25.974026
310 0.000181 0.035209 300.000000 26.315790
310 0.000161 0.043164 400.000000 26.490067
310 0.000176 0.051283 500.000000 26.595745
310 0.000198 0.061501 600.000000 26.431719
310 0.000244 0.073587 700.000000 26.315790
310 0.000273 0.090743 800.000000 26.315790
320 0.000249 0.019219 100.000000 25.641026
320 0.000227 0.031554 200.000000 25.974026
320 0.000185 0.041205 300.000000 26.315790
320 0.000169 0.048664 400.000000 26.490067
320 0.000185 0.057350 500.000000 26.595745
320 0.000219 0.067935 600.000000 26.431719
320 0.000290 0.081706 700.000000 26.315790
320 0.000279 0.099070 800.000000 26.315790
330 0.000258 0.021794 100.000000 25.641026
330 0.000232 0.034668 200.000000 25.974026
330 0.000175 0.042482 300.000000 26.315790
330 0.000171 0.050376 400.000000 26.490067
330 0.000201 0.059184 500.000000 26.595745
330 0.000228 0.070789 600.000000 26.315790
330 0.000293 0.086714 700.000000 26.217228
330 0.000281 0.103394 800.000000 26.315790
340 0.000276 0.023789 100.000000 25.641026
340 0.000218 0.035185 200.000000 25.974026
340 0.000172 0.042832 300.000000 26.315790
340 0.000184 0.049998 400.000000 26.490067
340 0.000213 0.059877 500.000000 26.455027
340 0.000236 0.071332 600.000000 26.315790
340 0.000298 0.089158 700.000000 26.217228
340 0.000271 0.105774 800.000000 26.315790
350 0.000244 0.023173 100.000000 25.641026
350 0.000200 0.033195 200.000000 25.974026
350 0.000165 0.039748 300.000000 26.548672
350 0.000183 0.048214 400.000000 26.490067
350 0.000212 0.057823 500.000000 26.455027
350 0.000272 0.070414 600.000000 26.315790
350 0.000292 0.089542 700.000000 26.217228
350 0.000267 0.105737 800.000000 26.315790
360 0.000223 0.025065 100.000000 25.641026
360 0.000173 0.032663 200.000000 25.974026
360 0.000168 0.039553 300.000000 26.315790
360 0.000185 0.048380 400.000000 26.490067
360 0.000228 0.058811 500.000000 26.315790
360 0.000307 0.073895 600.000000 26.200872
360 0.000295 0.092415 700.000000 26.217228
360 0.000264 0.107285 800.000000 26.402639
370 0.000211 0.024027 100.000000 25.641026
370 0.000141 0.028170 200.000000 25.974026
370 0.000150 0.035866 300.000000 26.548672
370 0.000194 0.045461 400.000000 26.490067
370 0.000231 0.056337 500.000000 26.315790
370 0.000303 0.073652 600.000000 26.200872
370 0.000289 0.091418 700.000000 26.315790
370 0.000265 0.106568 800.000000 26.402639
380 0.000210 0.023781 100.000000 25.641026
380 0.000148 0.029028 200.000000 26.315790
380 0.000183 0.036450 300.000000 26.548672
380 0.000212 0.045371 400.000000 26.490067
380 0.000247 0.057004 500.000000 26.315790
380 0.000311 0.076652 600.000000 26.200872
380 0.000277 0.094230 700.000000 26.315790
380 0.000265 0.109003 800.000000 26.402639
390 0.000197 0.020514 100.000000 25.641026
390 0.000150 0.027177 200.000000 26.315790
390 0.000172 0.036250 300.000000 26.548672
390 0.000230 0.045520 400.000000 26.315790
390 0.000308 0.058962 500.000000 26.178011
390 0.000305 0.078826 600.000000 26.200872
390 0.000273 0.095604 700.000000 26.315790
390 0.000263 0.109258 800.000000 26.490067
400 0.000126 0.017881 100.000000 25.641026
400 0.000139 0.026733 200.000000 26.315790
400 0.000176 0.036450 300.000000 26.548672
400 0.000232 0.045611 400.000000 26.315790
400 0.000323 0.062169 500.000000 26.178011
400 0.000308 0.081933 600.000000 26.200872
400 0.000272 0.098004 700.000000 26.315790
400 0.000261 0.111182 800.000000 26.490067
410 0.000136 0.014329 100.000000 25.641026
410 0.000148 0.026853 200.000000 26.315790
410 0.000191 0.036891 300.000000 26.315790
410 0.000241 0.046921 400.000000 26.143791
410 0.000322 0.066305 500.000000 26.041666
410 0.000300 0.084848 600.000000 26.200872
410 0.000276 0.099267 700.000000 26.415094
410 0.000261 0.112861 800.000000 26.490067
420 0.000159 0.023432 100.000000 25.641026
420 0.000196 0.034363 200.000000 26.315790
420 0.000225 0.040733 300.000000 26.315790
420 0.000271 0.051691 400.000000 26.143791
420 0.000335 0.073073 500.000000 26.041666
420 0.000290 0.090813 600.000000 26.200872
420 0.000274 0.104622 700.000000 26.415094
420 0.000264 0.117609 800.000000 26.490067
430 0.000149 0.026588 100.000000 26.315790
430 0.000181 0.036910 200.000000 26.315790
430 0.000251 0.042157 300.000000 26.315790
430 0.000362 0.056270 400.000000 26.143791
430 0.000338 0.078774 500.000000 26.041666
430 0.000293 0.095110 600.000000 26.315790
430 0.000281 0.109578 700.000000 26.415094
430 0.000274 0.122292 800.000000 26.490067
440 0.000183 0.033918 100.000000 26.315790
440 0.000241 0.041108 200.000000 26.315790
440 0.000283 0.048387 300.000000 26.086956
440 0.000385 0.067030 400.000000 25.974026
440 0.000350 0.087320 500.000000 26.178011
440 0.000305 0.103708 600.000000 26.315790
440 0.000290 0.117706 700.000000 26.415094
440 0.000286 0.130614 800.000000 26.402639
450 0.000176 0.036929 100.000000 26.315790
450 0.000277 0.041899 200.000000 26.315790
450 0.000299 0.050569 300.000000 26.086956
450 0.000392 0.072726 400.000000 25.974026
450 0.000346 0.092731 500.000000 26.178011
450 0.000314 0.108422 600.000000 26.315790
450 0.000295 0.121967 700.000000 26.415094
450 0.000291 0.134500 800.000000 26.402639
460 0.000239 0.035208 100.000000 25.641026
460 0.000302 0.039747 200.000000 25.974026
460 0.000365 0.053499 300.000000 25.862068
460 0.000400 0.079078 400.000000 25.806452
460 0.000336 0.098358 500.000000 26.041666
460 0.000315 0.112704 600.000000 26.315790
460 0.000297 0.125767 700.000000 26.415094
460 0.000295 0.139260 800.000000 26.229507
470 0.000260 0.041530 100.000000 25.641026
470 0.000347 0.044090 200.000000 25.974026
470 0.000468 0.063330 300.000000 25.641026
470 0.000412 0.087693 400.000000 25.806452
470 0.000342 0.104593 500.000000 26.178011
470 0.000319 0.119127 600.000000 26.315790
470 0.000304 0.132342 700.000000 26.315790
470 0.000295 0.144516 800.000000 26.229507
480 0.000342 0.037456 100.000000 25.641026
480 0.000372 0.047531 200.000000 25.641026
480 0.000478 0.071284 300.000000 25.641026
480 0.000413 0.094969 400.000000 25.806452
480 0.000351 0.110500 500.000000 26.178011
480 0.000324 0.124425 600.000000 26.315790
480 0.000316 0.137059 700.000000 26.315790
480 0.000297 0.150057 800.000000 26.058632
490 0.000410 0.035672 100.000000 25.641026
490 0.000373 0.049722 200.000000 25.316456
490 0.000479 0.075853 300.000000 25.641026
490 0.000391 0.097263 400.000000 25.974026
490 0.000349 0.112762 500.000000 26.178011
490 0.000323 0.125862 600.000000 26.315790
490 0.000316 0.138597 700.000000 26.217228
490 0.000297 0.150420 800.000000 25.974026
500 0.000427 0.031885 100.000000 25.000000
500 0.000469 0.049611 200.000000 25.316456
500 0.000462 0.077946 300.000000 25.641026
500 0.000373 0.097552 400.000000 25.974026
500 0.000339 0.112129 500.000000 26.178011
500 0.000316 0.124394 600.000000 26.315790
500 0.000310 0.137204 700.000000 26.119404
500 0.000341 0.147698 800.000000 25.806452
510 0.000455 0.034567 100.000000 25.000000
510 0.000577 0.059547 200.000000 25.000000
510 0.000471 0.084628 300.000000 25.641026
510 0.000371 0.101925 400.000000 25.974026
510 0.000333 0.115383 500.000000 26.178011
510 0.000321 0.127650 600.000000 26.200872
510 0.000307 0.139665 700.000000 26.022305
510 0.000315 0.152775 800.000000 25.641026
520 0.000406 0.033782 100.000000 24.390244
520 0.000548 0.061761 200.000000 25.000000
520 0.000445 0.084541 300.000000 25.641026
520 0.000360 0.099525 400.000000 25.974026
520 0.000322 0.111026 500.000000 26.315790
520 0.000313 0.123355 600.000000 26.200872
520 0.000293 0.134524 700.000000 26.022305
520 0.000324 0.158625 800.000000 25.477707
530 0.000396 0.030530 100.000000 24.390244
530 0.000533 0.062471 200.000000 25.316456
530 0.000391 0.082712 300.000000 25.862068
530 0.000335 0.095905 400.000000 26.143791
530 0.000306 0.107260 500.000000 26.315790
530 0.000303 0.118675 600.000000 26.200872
530 0.000281 0.130177 700.000000 25.830257
530 0.000435 0.167829 800.000000 25.396826
540 0.000679 0.033558 100.000000 24.390244
540 0.000500 0.064994 200.000000 25.316456
540 0.000363 0.081480 300.000000 25.862068
540 0.000320 0.092417 400.000000 26.315790
540 0.000300 0.103644 500.000000 26.315790
540 0.000291 0.115093 600.000000 26.086956
540 0.000329 0.125522 700.000000 25.735294
540 0.000437 0.170204 800.000000 25.157232
550 0.000713 0.042771 100.000000 24.390244
550 0.000488 0.066995 200.000000 25.641026
550 0.000343 0.080524 300.000000 26.086956
550 0.000306 0.091286 400.000000 26.315790
550 0.000295 0.101790 500.000000 26.315790
550 0.000281 0.112723 600.000000 26.086956
550 0.000313 0.131878 700.000000 25.641026
550 0.000434 0.172605 800.000000 24.922119
560 0.000698 0.051995 100.000000 25.000000
560 0.000465 0.072478 200.000000 25.641026
560 0.000350 0.082150 300.000000 26.315790
560 0.000305 0.092149 400.000000 26.490067
560 0.000298 0.102804 500.000000 26.315790
560 0.000275 0.112972 600.000000 26.086956
560 0.000312 0.148223 700.000000 25.547445
560 0.000447 0.177333 800.000000 24.464832
570 0.000678 0.058916 100.000000 25.000000
570 0.000407 0.072201 200.000000 25.974026
570 0.000335 0.081020 300.000000 26.315790
570 0.000292 0.089997 400.000000 26.490067
570 0.000288 0.099850 500.000000 26.315790
570 0.000264 0.109495 600.000000 25.974026
570 0.000454 0.167105 700.000000 25.362318
570 0.000449 0.178041 800.000000 24.024025
580 0.000372 0.033709 100.000000 25.000000
580 0.000238 0.042042 200.000000 26.315790
580 0.000228 0.050766 300.000000 26.548672
580 0.000221 0.059391 400.000000 26.666666
580 0.000225 0.069427 500.000000 26.315790
580 0.000276 0.084282 600.000000 25.751074
580 0.000407 0.155173 700.000000 25.089605
580 0.000415 0.157877 800.000000 23.529411
590 0.000313 0.025708 100.000000 25.641026
590 0.000199 0.033086 200.000000 26.315790
590 0.000194 0.041798 300.000000 26.548672
590 0.000203 0.050690 400.000000 26.490067
590 0.000204 0.060587 500.000000 26.178011
590 0.000248 0.100575 600.000000 25.641026
590 0.000398 0.154628 700.000000 24.734982
590 0.000403 0.149783 800.000000 22.988506
600 0.000261 0.024186 100.000000 25.641026
600 0.000199 0.029352 200.000000 26.666666
600 0.000179 0.038265 300.000000 26.785715
600 0.000206 0.047741 400.000000 26.490067
600 0.000195 0.057607 500.000000 26.178011
600 0.000248 0.134184 600.000000 25.423729
600 0.000415 0.157501 700.000000 24.221453
600 0.000400 0.143288 800.000000 22.535212
610 0.000157 0.018587 100.000000 26.315790
610 0.000156 0.025281 200.000000 26.666666
610 0.000162 0.033628 300.000000 26.785715
610 0.000191 0.043187 400.000000 26.490067
610 0.000188 0.053222 500.000000 25.906736
610 0.000422 0.161404 600.000000 25.210085
610 0.000423 0.158727 700.000000 23.648649
610 0.000384 0.133868 800.000000 22.160666
620 0.000094 0.015853 100.000000 26.315790
620 0.000153 0.023785 200.000000 26.666666
620 0.000179 0.032508 300.000000 26.785715
620 0.000191 0.043226 400.000000 26.315790
620 0.000257 0.071899 500.000000 25.641026
620 0.000426 0.164978 600.000000 24.896265
620 0.000432 0.159703 700.000000 23.026316
620 0.000372 0.127109 800.000000 21.798365
630 0.000108 0.012565 100.000000 26.315790
630 0.000155 0.021929 200.000000 26.666666
630 0.000188 0.031157 300.000000 26.548672
630 0.000195 0.042400 400.000000 26.143791
630 0.000263 0.115295 500.000000 25.380711
630 0.000431 0.168794 600.000000 24.390244
630 0.000427 0.156688 700.000000 22.508039
630 0.000357 0.120917 800.000000 21.447721
640 0.000191 0.016098 100.000000 26.315790
640 0.000173 0.025233 200.000000 26.666666
640 0.000213 0.035613 300.000000 26.315790
640 0.000205 0.047125 400.000000 25.806452
640 0.000261 0.164791 500.000000 25.125628
640 0.000465 0.174959 600.000000 23.715416
640 0.000429 0.153005 700.000000 21.943573
640 0.000347 0.116685 800.000000 21.052631
650 0.000233 0.023742 100.000000 26.315790
650 0.000205 0.031842 200.000000 26.666666
650 0.000234 0.043016 300.000000 26.086956
650 0.000327 0.056022 400.000000 25.477707
650 0.000496 0.191541 500.000000 24.752476
650 0.000486 0.181151 600.000000 22.988506
650 0.000424 0.147782 700.000000 21.472393
650 0.000335 0.113240 800.000000 20.618557
660 0.000213 0.023593 100.000000 26.315790
660 0.000212 0.032648 200.000000 26.315790
660 0.000227 0.044508 300.000000 25.862068
660 0.000273 0.101657 400.000000 25.157232
660 0.000501 0.196043 500.000000 24.271845
660 0.000489 0.181365 600.000000 22.222221
660 0.000408 0.140842 700.000000 21.021021
660 0.000322 0.111514 800.000000 20.151133
670 0.000191 0.022479 100.000000 26.315790
670 0.000231 0.032343 200.000000 25.974026
670 0.000218 0.044077 300.000000 25.641026
670 0.000293 0.160077 400.000000 24.844721
670 0.000515 0.200110 500.000000 23.584906
670 0.000483 0.177009 600.000000 21.582733
670 0.000389 0.134911 700.000000 20.648968
670 0.000312 0.112153 800.000000 19.704433
680 0.000195 0.021664 100.000000 26.315790
680 0.000243 0.032378 200.000000 25.641026
680 0.000232 0.044080 300.000000 25.210085
680 0.000403 0.225260 400.000000 24.390244
680 0.000534 0.205151 500.000000 22.727272
680 0.000473 0.170666 600.000000 21.052631
680 0.000371 0.130582 700.000000 20.231215
680 0.000302 0.114317 800.000000 19.323671
690 0.000228 0.022874 100.000000 25.641026
690 0.000245 0.034851 200.000000 25.316456
690 0.000359 0.068430 300.000000 24.793388
690 0.000573 0.233924 400.000000 23.952095
690 0.000551 0.207528 500.000000 21.929825
690 0.000456 0.163136 600.000000 20.547945
690 0.000349 0.127235 700.000000 19.774012
700 0.000275 0.024911 100.000000 25.000000
700 0.000251 0.038848 200.000000 25.000000
700 0.000349 0.150013 300.000000 24.390244
700 0.000583 0.238927 400.000000 23.391813
700 0.000548 0.207027 500.000000 21.186441
700 0.000440 0.157251 600.000000 20.134228
700 0.000338 0.126654 700.000000 19.230770
710 0.000292 0.024682 100.000000 25.000000
710 0.000252 0.039734 200.000000 24.691359
710 0.000358 0.234519 300.000000 24.000000
710 0.000612 0.243045 400.000000 22.598869
710 0.000542 0.201833 500.000000 20.576132
710 0.000418 0.152232 600.000000 19.736841
710 0.000327 0.127949 700.000000 18.817204
720 0.000303 0.027105 100.000000 24.390244
720 0.000262 0.039383 200.000000 24.390244
720 0.000709 0.301517 300.000000 23.622047
720 0.000629 0.247667 400.000000 21.621622
720 0.000526 0.194341 500.000000 20.000000
720 0.000396 0.147764 600.000000 19.292604
720 0.000320 0.129699 700.000000 18.469658
730 0.000275 0.027835 100.000000 24.390244
730 0.000418 0.115492 200.000000 23.809525
730 0.000697 0.306528 300.000000 23.076923
730 0.000630 0.249037 400.000000 20.833334
730 0.000499 0.187768 500.000000 19.531250
730 0.000368 0.146585 600.000000 18.808777
740 0.000246 0.033058 100.000000 23.809525
740 0.000426 0.237277 200.000000 23.529411
740 0.000692 0.311286 300.000000 22.388060
740 0.000620 0.247361 400.000000 20.100502
740 0.000472 0.183459 500.000000 19.157087
740 0.000352 0.147763 600.000000 18.348623
750 0.000222 0.033653 100.000000 23.809525
750 0.000391 0.366358 200.000000 22.988506
750 0.000722 0.314733 300.000000 21.428572
750 0.000607 0.241824 400.000000 19.417477
750 0.000443 0.179682 500.000000 18.796993
750 0.000332 0.149440 600.000000 17.964071
760 0.000251 0.031030 100.000000 23.255814
760 0.000914 0.447343 200.000000 22.727272
760 0.000744 0.318497 300.000000 20.547945
760 0.000586 0.233632 400.000000 18.867924
760 0.000418 0.174841 500.000000 18.315018
760 0.000329 0.150593 600.000000 17.647058
770 0.000582 0.209736 100.000000 22.727272
770 0.000911 0.449744 200.000000 21.978022
770 0.000751 0.318862 300.000000 19.607843
770 0.000563 0.227359 400.000000 18.518518
770 0.000393 0.173247 500.000000 17.857143
780 0.000630 0.451308 100.000000 22.222221
780 0.000925 0.451784 200.000000 21.276596
780 0.000753 0.315421 300.000000 18.867924
780 0.000540 0.221344 400.000000 18.099548
780 0.000383 0.172972 500.000000 17.421602
790 0.000552 0.681856 100.000000 21.739130
790 0.000985 0.453133 200.000000 20.202021
790 0.000754 0.306521 300.000000 18.181818
790 0.000521 0.213417 400.000000 17.777779
790 0.000374 0.171895 500.000000 17.064846
800 0.001633 0.868934 100.000000 21.739130
800 0.001013 0.458322 200.000000 19.230770
800 0.000734 0.297263 300.000000 17.751480
800 0.000498 0.208057 400.000000 17.391304
800 0.000369 0.173988 500.000000 16.778524
810 0.001227 0.749556 100.000000 21.276596
810 0.000855 0.389821 200.000000 18.348623
810 0.000592 0.242410 300.000000 17.341040
810 0.000385 0.172181 400.000000 17.021276
820 0.001383 0.528544 100.000000 20.000000
820 0.000899 0.279920 200.000000 17.543859
820 0.000593 0.165247 300.000000 17.045454
820 0.000379 0.118901 400.000000 16.597511
830 0.001444 0.322075 100.000000 18.867924
830 0.000880 0.175039 200.000000 16.949152
830 0.000550 0.092558 300.000000 16.759777
830 0.000356 0.070652 400.000000 16.194332
840 0.001479 0.152678 100.000000 17.543859
840 0.000866 0.085244 200.000000 16.260162
840 0.000522 0.026051 300.000000 16.393442
840 0.000343 0.026474 400.000000 15.936255
850 0.000508 0.031834 100.000000 16.666666
850 0.000438 0.030107 200.000000 15.873015
850 0.000299 0.033491 300.000000 16.042780
860 0.000536 0.031970 100.000000 15.625000
860 0.000418 0.030401 200.000000 15.748032
860 0.000272 0.034035 300.000000 15.706806
870 0.000517 0.029304 100.000000 15.151515
870 0.000389 0.031488 200.000000 15.625000
870 0.000253 0.032216 300.000000 15.463918
880 0.000523 0.028686 100.000000 14.925373
880 0.000372 0.036135 200.000000 15.625000
880 0.000253 0.032707 300.000000 15.306123
890 0.000549 0.031081 100.000000 14.925373
890 0.000371 0.041064 200.000000 15.625000
890 0.000247 0.030395 300.000000 15.306123
900 0.000544 0.031601 100.000000 14.925373
900 0.000363 0.041773 200.000000 15.625000
900 0.000251 0.026382 300.000000 15.306123
910 0.000544 0.037518 100.000000 14.925373
910 0.000395 0.046600 200.000000 15.625000
920 0.000541 0.036503 100.000000 15.384615
920 0.000377 0.045218 200.000000 15.625000
930 0.000486 0.035246 100.000000 15.625000
930 0.000355 0.039819 200.000000 15.503876
940 0.000449 0.036358 100.000000 15.873015
940 0.000323 0.036099 200.000000 15.384615
950 0.000407 0.034677 100.000000 16.129032
950 0.000271 0.031274 200.000000 15.384615
960 0.000339 0.029771 100.000000 16.129032
960 0.000247 0.025041 200.000000 15.384615
970 0.000347 0.028130 100.000000 16.129032
970 0.000235 0.022202 200.000000 15.384615
980 0.000377 0.027657 100.000000 15.625000
990 0.000355 0.026230 100.000000 15.151515
1000 0.000280 0.020708 100.000000 14.705882
1010 0.000226 0.016814 100.000000 14.492754
1020 0.000236 0.015875 100.000000 14.285714
1030 0.000273 0.020155 100.000000 14.492754
=======
0 0.000785 0.067747 100.000000 12.195122
0 0.001071 0.096023 200.000000 15.503876
0 0.001264 0.162552 300.000000 17.543859
0 0.001234 0.224978 400.000000 19.138756
0 0.001094 0.303784 500.000000 20.408163
0 0.000729 0.392885 600.000000 21.276596
0 0.000599 0.470075 700.000000 21.875000
0 0.000507 0.529167 800.000000 22.346369
10 0.000701 0.065272 100.000000 12.987013
10 0.001227 0.096777 200.000000 16.129032
10 0.001241 0.165275 300.000000 18.181818
10 0.001318 0.229009 400.000000 19.704433
10 0.000913 0.315981 500.000000 20.920502
10 0.000711 0.404073 600.000000 21.739130
10 0.000633 0.480080 700.000000 22.292994
10 0.000499 0.535089 800.000000 22.792023
20 0.000647 0.059338 100.000000 13.888889
20 0.001392 0.094908 200.000000 16.949152
20 0.001282 0.164942 300.000000 18.867924
20 0.001222 0.227467 400.000000 20.408163
20 0.000887 0.324852 500.000000 21.459227
20 0.000709 0.413789 600.000000 22.222221
20 0.000586 0.485907 700.000000 22.801304
20 0.000492 0.543765 800.000000 23.188406
30 0.000383 0.045684 100.000000 14.925373
30 0.001282 0.085149 200.000000 17.857143
30 0.001289 0.154102 300.000000 19.607843
30 0.001167 0.219404 400.000000 21.052631
30 0.000834 0.321913 500.000000 22.123894
30 0.000671 0.414096 600.000000 22.813688
30 0.000552 0.490202 700.000000 23.255814
30 0.000482 0.548500 800.000000 23.598820
40 0.000536 0.032583 100.000000 16.129032
40 0.001268 0.081879 200.000000 18.867924
40 0.001307 0.151623 300.000000 20.408163
40 0.001121 0.221569 400.000000 21.739130
40 0.000822 0.329859 500.000000 22.727272
40 0.000636 0.423046 600.000000 23.346304
40 0.000521 0.498578 700.000000 23.728813
40 0.000465 0.556256 800.000000 24.024025
50 0.000628 0.028040 100.000000 17.241379
50 0.001423 0.088640 200.000000 19.801981
50 0.001346 0.156834 300.000000 21.276596
50 0.001135 0.231183 400.000000 22.471910
50 0.000786 0.346013 500.000000 23.255814
50 0.000638 0.440234 600.000000 23.809525
50 0.000547 0.510090 700.000000 24.221453
50 0.000444 0.565920 800.000000 24.464832
60 0.001121 0.026787 100.000000 18.518518
60 0.001388 0.102364 200.000000 20.618557
60 0.001315 0.172222 300.000000 21.897810
60 0.001117 0.252136 400.000000 23.121387
60 0.000771 0.367314 500.000000 23.809525
60 0.000599 0.459149 600.000000 24.291498
60 0.000509 0.530339 700.000000 24.561403
60 0.000426 0.580355 800.000000 24.844721
70 0.001369 0.037953 100.000000 19.230770
70 0.001366 0.117056 200.000000 21.276596
70 0.001249 0.183861 300.000000 22.727272
70 0.001097 0.279420 400.000000 23.668638
70 0.000757 0.393631 500.000000 24.271845
70 0.000609 0.482117 600.000000 24.691359
70 0.000477 0.549820 700.000000 24.911032
70 0.000408 0.598392 800.000000 25.157232
80 0.001431 0.055488 100.000000 20.408163
80 0.001535 0.139538 200.000000 21.978022
80 0.001403 0.206396 300.000000 23.255814
80 0.001186 0.313590 400.000000 24.242424
80 0.000731 0.424318 500.000000 24.752476
80 0.000580 0.512453 600.000000 25.000000
80 0.000485 0.572092 700.000000 25.270758
80 0.000402 0.622038 800.000000 25.396826
90 0.002187 0.075355 100.000000 21.276596
90 0.001615 0.160785 200.000000 22.471910
90 0.001422 0.226340 300.000000 23.809525
90 0.000956 0.351067 400.000000 24.691359
90 0.000720 0.456344 500.000000 25.125628
90 0.000581 0.539784 600.000000 25.316456
90 0.000474 0.599439 700.000000 25.454546
90 0.000397 0.641813 800.000000 25.641026
100 0.002279 0.116957 100.000000 21.739130
100 0.001868 0.190286 200.000000 23.255814
100 0.001399 0.263734 300.000000 24.390244
100 0.000963 0.397011 400.000000 25.000000
100 0.000711 0.497023 500.000000 25.380711
100 0.000563 0.573594 600.000000 25.531916
100 0.000489 0.625537 700.000000 25.735294
100 0.000380 0.666770 800.000000 25.806452
110 0.002371 0.135914 100.000000 22.222221
110 0.001782 0.196568 200.000000 23.809525
110 0.001348 0.287386 300.000000 24.793388
110 0.000833 0.426127 400.000000 25.316456
110 0.000629 0.526797 500.000000 25.641026
110 0.000520 0.594692 600.000000 25.862068
110 0.000428 0.646872 700.000000 25.925926
110 0.000328 0.685893 800.000000 25.974026
120 0.001387 0.083787 100.000000 22.727272
120 0.001194 0.140585 200.000000 24.390244
120 0.001010 0.282921 300.000000 25.210085
120 0.000606 0.434817 400.000000 25.641026
120 0.000460 0.536802 500.000000 25.906736
120 0.000331 0.608463 600.000000 25.974026
120 0.000273 0.656733 700.000000 26.119404
120 0.000204 0.693224 800.000000 26.143791
130 0.001645 0.107826 100.000000 23.255814
130 0.001596 0.159581 200.000000 24.691359
130 0.001016 0.343116 300.000000 25.641026
130 0.000510 0.483064 400.000000 25.974026
130 0.000444 0.581616 500.000000 26.041666
130 0.000350 0.640784 600.000000 26.200872
130 0.000243 0.689304 700.000000 26.217228
130 0.000193 0.716727 800.000000 26.315790
140 0.001267 0.071612 100.000000 23.809525
140 0.001080 0.129486 200.000000 25.316456
140 0.000551 0.386308 300.000000 25.862068
140 0.000375 0.521453 400.000000 26.143791
140 0.000268 0.611908 500.000000 26.178011
140 0.000248 0.667253 600.000000 26.315790
140 0.000143 0.710589 700.000000 26.315790
140 0.000060 0.736081 800.000000 26.402639
150 0.001219 0.056582 100.000000 23.809525
150 0.000853 0.199417 200.000000 25.641026
150 0.000365 0.439472 300.000000 26.086956
150 0.000251 0.568102 400.000000 26.315790
150 0.000184 0.649096 500.000000 26.315790
150 0.000126 0.698994 600.000000 26.431719
150 0.000062 0.737083 700.000000 26.415094
150 0.000090 0.763942 800.000000 26.490067
160 0.001280 0.081441 100.000000 25.000000
160 0.000884 0.315223 200.000000 25.974026
160 0.000404 0.515886 300.000000 26.315790
160 0.000276 0.625773 400.000000 26.490067
160 0.000181 0.694476 500.000000 26.455027
160 0.000145 0.736580 600.000000 26.548672
160 0.000067 0.767917 700.000000 26.515152
160 0.000046 0.797649 800.000000 26.578074
170 0.001178 0.067236 100.000000 25.641026
170 0.000857 0.415513 200.000000 26.315790
170 0.000174 0.584171 300.000000 26.548672
170 0.000120 0.677084 400.000000 26.666666
170 0.000078 0.735468 500.000000 26.595745
170 0.000055 0.772844 600.000000 26.666666
170 0.000049 0.796774 700.000000 26.615969
170 0.000077 0.828209 800.000000 26.666666
180 0.000935 0.085583 100.000000 26.315790
180 0.000258 0.518025 200.000000 26.666666
180 0.000125 0.656206 300.000000 26.785715
180 0.000079 0.736339 400.000000 26.666666
180 0.000090 0.778814 500.000000 26.737968
180 0.000079 0.810500 600.000000 26.666666
180 0.000181 0.825390 700.000000 26.717558
180 0.000044 0.858695 800.000000 26.755854
190 0.000563 0.319832 100.000000 26.315790
190 0.000120 0.624293 200.000000 26.666666
190 0.000118 0.734777 300.000000 26.785715
190 0.000112 0.794641 400.000000 26.666666
190 0.000124 0.825667 500.000000 26.737968
190 0.000175 0.849139 600.000000 26.666666
190 0.000263 0.863785 700.000000 26.717558
190 0.000173 0.890548 800.000000 26.755854
200 0.000576 0.586871 100.000000 26.315790
200 0.000104 0.754144 200.000000 26.666666
200 0.000108 0.821740 300.000000 26.785715
200 0.000121 0.859029 400.000000 26.666666
200 0.000150 0.877127 500.000000 26.737968
200 0.000167 0.890390 600.000000 26.666666
200 0.000185 0.907314 700.000000 26.717558
200 0.000232 0.924833 800.000000 26.755854
210 0.000549 0.819006 100.000000 26.315790
210 0.000524 0.871825 200.000000 26.666666
210 0.000359 0.900043 300.000000 26.785715
210 0.000346 0.916941 400.000000 26.666666
210 0.000332 0.930297 500.000000 26.595745
210 0.000333 0.927666 600.000000 26.666666
210 0.000293 0.946768 700.000000 26.717558
210 0.000129 0.955037 800.000000 26.755854
220 0.000465 0.962472 100.000000 26.315790
220 0.000302 0.947223 200.000000 26.666666
220 0.000313 0.956506 300.000000 26.548672
220 0.000212 0.961875 400.000000 26.490067
220 0.000253 0.957514 500.000000 26.595745
220 0.000341 0.956231 600.000000 26.548672
220 0.000103 0.972640 700.000000 26.717558
220 0.000148 0.974864 800.000000 26.666666
230 0.000738 0.925666 100.000000 26.315790
230 0.000496 0.953881 200.000000 26.315790
230 0.000343 0.953702 300.000000 26.548672
230 0.000307 0.957701 400.000000 26.490067
230 0.000298 0.954543 500.000000 26.595745
230 0.000346 0.957817 600.000000 26.666666
230 0.000179 0.977464 700.000000 26.615969
230 0.000127 0.977297 800.000000 26.578074
240 0.000664 0.942873 100.000000 25.641026
240 0.000428 0.950891 200.000000 26.315790
240 0.000390 0.957719 300.000000 26.315790
240 0.000331 0.957133 400.000000 26.490067
240 0.000307 0.955860 500.000000 26.455027
240 0.000313 0.967522 600.000000 26.548672
240 0.000183 0.977536 700.000000 26.615969
240 0.000104 0.975007 800.000000 26.578074
250 0.000209 0.945381 100.000000 25.641026
250 0.000163 0.950407 200.000000 26.315790
250 0.000158 0.956711 300.000000 26.315790
250 0.000164 0.955242 400.000000 26.490067
250 0.000260 0.951898 500.000000 26.455027
250 0.000147 0.973816 600.000000 26.548672
250 0.000213 0.977030 700.000000 26.615969
250 0.000171 0.976434 800.000000 26.490067
260 0.000344 0.967414 100.000000 25.641026
260 0.000154 0.960155 200.000000 26.315790
260 0.000139 0.966047 300.000000 26.315790
260 0.000207 0.959238 400.000000 26.490067
260 0.000326 0.960342 500.000000 26.455027
260 0.000254 0.981405 600.000000 26.548672
260 0.000198 0.979231 700.000000 26.615969
260 0.000200 0.977878 800.000000 26.402639
270 0.000228 0.985409 100.000000 25.641026
270 0.000141 0.967277 200.000000 26.315790
270 0.000169 0.968137 300.000000 26.315790
270 0.000210 0.960352 400.000000 26.490067
270 0.000248 0.972228 500.000000 26.455027
270 0.000304 0.986623 600.000000 26.548672
270 0.000219 0.983990 700.000000 26.515152
270 0.000201 0.975630 800.000000 26.402639
280 0.000200 0.982304 100.000000 25.641026
280 0.000162 0.976862 200.000000 25.974026
280 0.000162 0.970408 300.000000 26.315790
280 0.000180 0.964101 400.000000 26.315790
280 0.000209 0.980268 500.000000 26.455027
280 0.000298 0.988043 600.000000 26.548672
280 0.000216 0.982134 700.000000 26.515152
280 0.000235 0.974584 800.000000 26.315790
290 0.000145 0.979096 100.000000 25.641026
290 0.000102 0.975999 200.000000 25.974026
290 0.000226 0.965837 300.000000 26.315790
290 0.000372 0.959395 400.000000 26.315790
290 0.000098 0.986203 500.000000 26.455027
290 0.000253 0.984116 600.000000 26.548672
290 0.000200 0.985777 700.000000 26.415094
290 0.000261 0.972851 800.000000 26.315790
300 0.000140 0.975209 100.000000 25.641026
300 0.000189 0.974189 200.000000 25.974026
300 0.000276 0.963065 300.000000 26.315790
300 0.000408 0.967113 400.000000 26.315790
300 0.000320 0.989444 500.000000 26.455027
300 0.000245 0.985243 600.000000 26.548672
300 0.000222 0.977413 700.000000 26.415094
300 0.000391 0.955893 800.000000 26.315790
310 0.000241 0.971036 100.000000 25.641026
310 0.000260 0.973360 200.000000 25.974026
310 0.000278 0.959539 300.000000 26.315790
310 0.000295 0.971401 400.000000 26.490067
310 0.000389 0.987195 500.000000 26.595745
310 0.000241 0.988261 600.000000 26.431719
310 0.000275 0.975841 700.000000 26.315790
310 0.000420 0.926221 800.000000 26.315790
320 0.000160 0.967306 100.000000 25.641026
320 0.000274 0.976810 200.000000 25.974026
320 0.000244 0.955650 300.000000 26.315790
320 0.000271 0.981740 400.000000 26.490067
320 0.000363 0.988118 500.000000 26.595745
320 0.000233 0.986675 600.000000 26.431719
320 0.000278 0.972949 700.000000 26.315790
320 0.000421 0.898479 800.000000 26.315790
330 0.000125 0.977720 100.000000 25.641026
330 0.000256 0.973666 200.000000 25.974026
330 0.000508 0.954103 300.000000 26.315790
330 0.000112 0.991271 400.000000 26.490067
330 0.000342 0.985837 500.000000 26.595745
330 0.000261 0.989200 600.000000 26.315790
330 0.000342 0.974360 700.000000 26.217228
330 0.000507 0.885478 800.000000 26.315790
340 0.000218 0.973374 100.000000 25.641026
340 0.000278 0.971274 200.000000 25.974026
340 0.000421 0.970494 300.000000 26.315790
340 0.000436 0.995060 400.000000 26.490067
340 0.000330 0.993506 500.000000 26.455027
340 0.000282 0.982021 600.000000 26.315790
340 0.000496 0.947241 700.000000 26.217228
340 0.000466 0.859674 800.000000 26.315790
350 0.000251 0.979825 100.000000 25.641026
350 0.000173 0.966719 200.000000 25.974026
350 0.000251 0.975420 300.000000 26.548672
350 0.000550 0.998894 400.000000 26.490067
350 0.000332 0.991829 500.000000 26.455027
350 0.000378 0.976696 600.000000 26.315790
350 0.000521 0.916222 700.000000 26.217228
350 0.000505 0.848543 800.000000 26.315790
360 0.000303 0.981459 100.000000 25.641026
360 0.000282 0.960146 200.000000 25.974026
360 0.000172 0.998222 300.000000 26.315790
360 0.000471 0.999958 400.000000 26.490067
360 0.000358 0.995531 500.000000 26.315790
360 0.000387 0.978506 600.000000 26.200872
360 0.000535 0.884610 700.000000 26.217228
360 0.000512 0.821661 800.000000 26.402639
370 0.000379 0.966751 100.000000 25.641026
370 0.000669 0.960954 200.000000 25.974026
370 0.000461 0.995238 300.000000 26.548672
370 0.000447 0.995837 400.000000 26.490067
370 0.000334 0.989843 500.000000 26.315790
370 0.000425 0.970659 600.000000 26.200872
370 0.000580 0.868696 700.000000 26.315790
370 0.000467 0.792939 800.000000 26.402639
380 0.000313 0.966813 100.000000 25.641026
380 0.000489 0.973898 200.000000 26.315790
380 0.000732 1.004711 300.000000 26.548672
380 0.000488 0.998469 400.000000 26.490067
380 0.000402 0.983495 500.000000 26.315790
380 0.000641 0.935975 600.000000 26.200872
380 0.000589 0.844164 700.000000 26.315790
380 0.000475 0.785186 800.000000 26.402639
390 0.000274 0.951330 100.000000 25.641026
390 0.000302 0.990076 200.000000 26.315790
390 0.000788 1.005731 300.000000 26.548672
390 0.000478 1.000613 400.000000 26.315790
390 0.000471 0.980582 500.000000 26.178011
390 0.000623 0.898782 600.000000 26.200872
390 0.000593 0.825076 700.000000 26.315790
390 0.000497 0.782650 800.000000 26.490067
400 0.000691 0.939740 100.000000 25.641026
400 0.000171 1.012668 200.000000 26.315790
400 0.000656 1.007827 300.000000 26.548672
400 0.000463 0.999790 400.000000 26.315790
400 0.000485 0.979122 500.000000 26.178011
400 0.000694 0.865438 600.000000 26.200872
400 0.000600 0.795500 700.000000 26.315790
400 0.000497 0.779941 800.000000 26.490067
410 0.000833 0.966348 100.000000 25.641026
410 0.001113 1.027140 200.000000 26.315790
410 0.000711 1.016311 300.000000 26.315790
410 0.000574 0.998608 400.000000 26.143791
410 0.000778 0.967952 500.000000 26.041666
410 0.000722 0.850049 600.000000 26.200872
410 0.000608 0.768943 700.000000 26.415094
410 0.000639 0.762430 800.000000 26.490067
420 0.000424 1.021314 100.000000 25.641026
420 0.001280 1.040714 200.000000 26.315790
420 0.000758 1.017620 300.000000 26.315790
420 0.000589 0.993181 400.000000 26.143791
420 0.000837 0.923392 500.000000 26.041666
420 0.000837 0.829244 600.000000 26.200872
420 0.000590 0.765140 700.000000 26.415094
420 0.000656 0.741739 800.000000 26.490067
430 0.000415 1.040326 100.000000 26.315790
430 0.001218 1.049487 200.000000 26.315790
430 0.000727 1.016261 300.000000 26.315790
430 0.000640 0.988113 400.000000 26.143791
430 0.000811 0.881976 500.000000 26.041666
430 0.000734 0.800643 600.000000 26.315790
430 0.000646 0.767165 700.000000 26.415094
430 0.000671 0.719241 800.000000 26.490067
440 0.000951 1.092121 100.000000 26.315790
440 0.001415 1.046788 200.000000 26.315790
440 0.000905 1.030427 300.000000 26.086956
440 0.000852 0.994969 400.000000 25.974026
440 0.001062 0.857114 500.000000 26.178011
440 0.000829 0.777961 600.000000 26.315790
440 0.000844 0.769356 700.000000 26.415094
440 0.000708 0.713902 800.000000 26.402639
450 0.003143 1.080835 100.000000 26.315790
450 0.001505 1.037851 200.000000 26.315790
450 0.001036 1.003003 300.000000 26.086956
450 0.001176 0.956399 400.000000 25.974026
450 0.001026 0.825702 500.000000 26.178011
450 0.000849 0.748508 600.000000 26.315790
450 0.000854 0.745654 700.000000 26.415094
450 0.000789 0.709344 800.000000 26.402639
460 0.003061 1.078281 100.000000 25.641026
460 0.001277 1.023821 200.000000 25.974026
460 0.001014 0.984367 300.000000 25.862068
460 0.001112 0.889309 400.000000 25.806452
460 0.000962 0.791992 500.000000 26.041666
460 0.000775 0.733492 600.000000 26.315790
460 0.000819 0.705680 700.000000 26.415094
460 0.000761 0.694207 800.000000 26.229507
470 0.002700 1.042383 100.000000 25.641026
470 0.001204 0.998483 200.000000 25.974026
470 0.000990 0.972709 300.000000 25.641026
470 0.001112 0.824736 400.000000 25.806452
470 0.000945 0.743346 500.000000 26.178011
470 0.000562 0.725006 600.000000 26.315790
470 0.000776 0.674744 700.000000 26.315790
470 0.000744 0.684237 800.000000 26.229507
480 0.001242 0.995402 100.000000 25.641026
480 0.000610 0.988187 200.000000 25.641026
480 0.000678 0.954358 300.000000 25.641026
480 0.000909 0.780738 400.000000 25.806452
480 0.000677 0.675230 500.000000 26.178011
480 0.000737 0.677833 600.000000 26.315790
480 0.000660 0.618145 700.000000 26.315790
480 0.000500 0.650785 800.000000 26.058632
490 0.000347 0.988095 100.000000 25.641026
490 0.000211 0.972187 200.000000 25.316456
490 0.000588 0.882492 300.000000 25.641026
490 0.000505 0.709491 400.000000 25.974026
490 0.000370 0.622257 500.000000 26.178011
490 0.000453 0.618848 600.000000 26.315790
490 0.000462 0.578394 700.000000 26.217228
490 0.000318 0.618636 800.000000 25.974026
500 0.000625 0.989106 100.000000 25.000000
500 0.000200 0.946019 200.000000 25.316456
500 0.000503 0.796445 300.000000 25.641026
500 0.000472 0.675269 400.000000 25.974026
500 0.000353 0.621623 500.000000 26.178011
500 0.000480 0.576532 600.000000 26.315790
500 0.000475 0.575430 700.000000 26.119404
500 0.000289 0.616750 800.000000 25.806452
510 0.000371 0.979245 100.000000 25.000000
510 0.000260 0.950218 200.000000 25.000000
510 0.000630 0.716044 300.000000 25.641026
510 0.000559 0.617808 400.000000 25.974026
510 0.000362 0.618852 500.000000 26.178011
510 0.000487 0.542697 600.000000 26.200872
510 0.000511 0.579562 700.000000 26.022305
510 0.000303 0.620684 800.000000 25.641026
520 0.000310 0.985023 100.000000 24.390244
520 0.000600 0.928786 200.000000 25.000000
520 0.000708 0.685144 300.000000 25.641026
520 0.000509 0.561619 400.000000 25.974026
520 0.000600 0.583752 500.000000 26.315790
520 0.000532 0.527827 600.000000 26.200872
520 0.000395 0.573335 700.000000 26.022305
520 0.000309 0.624179 800.000000 25.477707
530 0.000206 0.949146 100.000000 24.390244
530 0.000959 0.805474 200.000000 25.316456
530 0.000748 0.613956 300.000000 25.862068
530 0.000476 0.536309 400.000000 26.143791
530 0.000582 0.539575 500.000000 26.315790
530 0.000581 0.514060 600.000000 26.200872
530 0.000397 0.571773 700.000000 25.830257
530 0.000332 0.617249 800.000000 25.396826
540 0.000523 0.926945 100.000000 24.390244
540 0.000966 0.691977 200.000000 25.316456
540 0.000788 0.570729 300.000000 25.862068
540 0.000542 0.536944 400.000000 26.315790
540 0.000675 0.500871 500.000000 26.315790
540 0.000626 0.521190 600.000000 26.086956
540 0.000404 0.573296 700.000000 25.735294
540 0.000368 0.591724 800.000000 25.157232
550 0.000575 0.923711 100.000000 24.390244
550 0.001039 0.575459 200.000000 25.641026
550 0.000801 0.494663 300.000000 26.086956
550 0.000539 0.531724 400.000000 26.315790
550 0.000605 0.458576 500.000000 26.315790
550 0.000624 0.517225 600.000000 26.086956
550 0.000385 0.572362 700.000000 25.641026
550 0.000383 0.562894 800.000000 24.922119
560 0.001388 0.873019 100.000000 25.000000
560 0.001164 0.539524 200.000000 25.641026
560 0.000755 0.429720 300.000000 26.315790
560 0.000788 0.489902 400.000000 26.490067
560 0.000712 0.449138 500.000000 26.315790
560 0.000512 0.514078 600.000000 26.086956
560 0.000391 0.576539 700.000000 25.547445
560 0.000418 0.537336 800.000000 24.464832
570 0.001828 0.661888 100.000000 25.000000
570 0.001305 0.456095 200.000000 25.974026
570 0.000626 0.409069 300.000000 26.315790
570 0.000693 0.438662 400.000000 26.490067
570 0.000692 0.433269 500.000000 26.315790
570 0.000456 0.507976 600.000000 25.974026
570 0.000387 0.568734 700.000000 25.362318
570 0.000429 0.505998 800.000000 24.024025
580 0.001410 0.456176 100.000000 25.000000
580 0.000935 0.388311 200.000000 26.315790
580 0.000638 0.408887 300.000000 26.548672
580 0.000722 0.386284 400.000000 26.666666
580 0.000652 0.430905 500.000000 26.315790
580 0.000409 0.509903 600.000000 25.751074
580 0.000374 0.536051 700.000000 25.089605
580 0.000413 0.471621 800.000000 23.529411
590 0.001798 0.248740 100.000000 25.641026
590 0.000928 0.280350 200.000000 26.315790
590 0.000872 0.403133 300.000000 26.548672
590 0.000618 0.334718 400.000000 26.490067
590 0.000624 0.429672 500.000000 26.178011
590 0.000386 0.509252 600.000000 25.641026
590 0.000387 0.503278 700.000000 24.734982
590 0.000398 0.435835 800.000000 22.988506
600 0.000689 0.171716 100.000000 25.641026
600 0.000318 0.163169 200.000000 26.666666
600 0.000489 0.329512 300.000000 26.785715
600 0.000495 0.304233 400.000000 26.490067
600 0.000354 0.414482 500.000000 26.178011
600 0.000281 0.511996 600.000000 25.423729
600 0.000339 0.464287 700.000000 24.221453
600 0.000278 0.400631 800.000000 22.535212
610 0.000936 0.245396 100.000000 26.315790
610 0.000191 0.260503 200.000000 26.666666
610 0.000399 0.330424 300.000000 26.785715
610 0.000423 0.344494 400.000000 26.490067
610 0.000329 0.460586 500.000000 25.906736
610 0.000359 0.535798 600.000000 25.210085
610 0.000352 0.462341 700.000000 23.648649
610 0.000242 0.396866 800.000000 22.160666
620 0.000516 0.295129 100.000000 26.315790
620 0.000282 0.389612 200.000000 26.666666
620 0.000477 0.330050 300.000000 26.785715
620 0.000437 0.408459 400.000000 26.315790
620 0.000287 0.512027 500.000000 25.641026
620 0.000319 0.534839 600.000000 24.896265
620 0.000334 0.458181 700.000000 23.026316
620 0.000216 0.389902 800.000000 21.798365
630 0.000507 0.221391 100.000000 26.315790
630 0.000330 0.440846 200.000000 26.666666
630 0.000161 0.300162 300.000000 26.548672
630 0.000265 0.445404 400.000000 26.143791
630 0.000280 0.549721 500.000000 25.380711
630 0.000333 0.521414 600.000000 24.390244
630 0.000269 0.447527 700.000000 22.508039
630 0.000174 0.384781 800.000000 21.447721
640 0.000276 0.169672 100.000000 26.315790
640 0.000499 0.406242 200.000000 26.666666
640 0.000411 0.343986 300.000000 26.315790
640 0.000329 0.489759 400.000000 25.806452
640 0.000269 0.592792 500.000000 25.125628
640 0.000323 0.510544 600.000000 23.715416
640 0.000240 0.432785 700.000000 21.943573
640 0.000197 0.369192 800.000000 21.052631
650 0.000436 0.309254 100.000000 26.315790
650 0.000509 0.348242 200.000000 26.666666
650 0.000413 0.389613 300.000000 26.086956
650 0.000283 0.523169 400.000000 25.477707
650 0.000354 0.583012 500.000000 24.752476
650 0.000324 0.489434 600.000000 22.988506
650 0.000191 0.412518 700.000000 21.472393
650 0.000155 0.354423 800.000000 20.618557
660 0.001430 0.543525 100.000000 26.315790
660 0.000464 0.344513 200.000000 26.315790
660 0.000454 0.475118 300.000000 25.862068
660 0.000305 0.589471 400.000000 25.157232
660 0.000371 0.582555 500.000000 24.271845
660 0.000326 0.486927 600.000000 22.222221
660 0.000182 0.408713 700.000000 21.021021
660 0.000409 0.344638 800.000000 20.151133
670 0.001182 0.662117 100.000000 26.315790
670 0.000644 0.396496 200.000000 25.974026
670 0.000371 0.549734 300.000000 25.641026
670 0.000301 0.657277 400.000000 24.844721
670 0.000379 0.583239 500.000000 23.584906
670 0.000311 0.483004 600.000000 21.582733
670 0.000221 0.402582 700.000000 20.648968
670 0.000591 0.349179 800.000000 19.704433
680 0.001092 0.579295 100.000000 26.315790
680 0.000743 0.442920 200.000000 25.641026
680 0.000416 0.599778 300.000000 25.210085
680 0.000430 0.699621 400.000000 24.390244
680 0.000396 0.565677 500.000000 22.727272
680 0.000255 0.462484 600.000000 21.052631
680 0.000221 0.385555 700.000000 20.231215
680 0.000827 0.345093 800.000000 19.323671
690 0.001222 0.314007 100.000000 25.641026
690 0.000816 0.441862 200.000000 25.316456
690 0.000501 0.599248 300.000000 24.793388
690 0.000521 0.633361 400.000000 23.952095
690 0.000475 0.509212 500.000000 21.929825
690 0.000285 0.414718 600.000000 20.547945
690 0.000237 0.347858 700.000000 19.774012
700 0.001128 0.131131 100.000000 25.000000
700 0.000909 0.458443 200.000000 25.000000
700 0.000485 0.612877 300.000000 24.390244
700 0.000521 0.578472 400.000000 23.391813
700 0.000467 0.460499 500.000000 21.186441
700 0.000286 0.369797 600.000000 20.134228
700 0.000647 0.301936 700.000000 19.230770
710 0.000633 0.190445 100.000000 25.000000
710 0.000710 0.537228 200.000000 24.691359
710 0.000564 0.687283 300.000000 24.000000
710 0.000565 0.564282 400.000000 22.598869
710 0.000389 0.458189 500.000000 20.576132
710 0.000269 0.377301 600.000000 19.736841
710 0.000745 0.323283 700.000000 18.817204
720 0.000898 0.384110 100.000000 24.390244
720 0.000818 0.644889 200.000000 24.390244
720 0.000765 0.742411 300.000000 23.622047
720 0.000581 0.563855 400.000000 21.621622
720 0.000334 0.449883 500.000000 20.000000
720 0.000258 0.371039 600.000000 19.292604
720 0.000834 0.330748 700.000000 18.469658
730 0.000592 0.618993 100.000000 24.390244
730 0.000775 0.775135 200.000000 23.809525
730 0.000695 0.742118 300.000000 23.076923
730 0.000539 0.564269 400.000000 20.833334
730 0.000278 0.450916 500.000000 19.531250
730 0.000183 0.371436 600.000000 18.808777
740 0.000796 0.870302 100.000000 23.809525
740 0.000671 0.902891 200.000000 23.529411
740 0.000638 0.745016 300.000000 22.388060
740 0.000452 0.562454 400.000000 20.100502
740 0.000246 0.443448 500.000000 19.157087
740 0.000680 0.356205 600.000000 18.348623
750 0.001317 0.875928 100.000000 23.809525
750 0.000865 0.949758 200.000000 22.988506
750 0.000672 0.685920 300.000000 21.428572
750 0.000374 0.529573 400.000000 19.417477
750 0.000250 0.421395 500.000000 18.796993
750 0.000796 0.350621 600.000000 17.964071
760 0.001515 0.931271 100.000000 23.255814
760 0.001177 0.924197 200.000000 22.727272
760 0.000658 0.631868 300.000000 20.547945
760 0.000300 0.483890 400.000000 18.867924
760 0.000224 0.385761 500.000000 18.315018
760 0.000855 0.335415 600.000000 17.647058
770 0.001678 0.932385 100.000000 22.727272
770 0.001097 0.806245 200.000000 21.978022
770 0.000664 0.557243 300.000000 19.607843
770 0.000310 0.425231 400.000000 18.518518
770 0.000199 0.335053 500.000000 17.857143
780 0.001484 0.958514 100.000000 22.222221
780 0.000973 0.697622 200.000000 21.276596
780 0.000489 0.484399 300.000000 18.867924
780 0.000271 0.363292 400.000000 18.099548
780 0.000680 0.274641 500.000000 17.421602
790 0.000523 1.009268 100.000000 21.739130
790 0.000410 0.588552 200.000000 20.202021
790 0.000262 0.383710 300.000000 18.181818
790 0.000147 0.272633 400.000000 17.777779
790 0.001090 0.226582 500.000000 17.064846
800 0.000844 0.958064 100.000000 21.739130
800 0.000450 0.486930 200.000000 19.230770
800 0.000287 0.302880 300.000000 17.751480
800 0.000158 0.213467 400.000000 17.391304
800 0.001225 0.208879 500.000000 16.778524
810 0.000705 0.735842 100.000000 21.276596
810 0.000538 0.365966 200.000000 18.348623
810 0.000291 0.218914 300.000000 17.341040
810 0.000179 0.153513 400.000000 17.021276
820 0.000631 0.517574 100.000000 20.000000
820 0.000537 0.247629 200.000000 17.543859
820 0.000235 0.137747 300.000000 17.045454
820 0.000999 0.088946 400.000000 16.597511
830 0.000703 0.282454 100.000000 18.867924
830 0.000532 0.128941 200.000000 16.949152
830 0.000280 0.070330 300.000000 16.759777
830 0.001208 0.076760 400.000000 16.194332
840 0.000911 0.058630 100.000000 17.543859
840 0.000494 0.063240 200.000000 16.260162
840 0.000274 0.069298 300.000000 16.393442
840 0.001548 0.105850 400.000000 15.936255
850 0.001150 0.036164 100.000000 16.666666
850 0.000750 0.074403 200.000000 15.873015
850 0.000428 0.083053 300.000000 16.042780
860 0.001112 0.039628 100.000000 15.625000
860 0.000596 0.075972 200.000000 15.748032
860 0.000471 0.081506 300.000000 15.706806
870 0.000994 0.052642 100.000000 15.151515
870 0.000477 0.079440 200.000000 15.625000
870 0.001407 0.103958 300.000000 15.463918
880 0.000930 0.054323 100.000000 14.925373
880 0.000506 0.074972 200.000000 15.625000
880 0.001494 0.092577 300.000000 15.306123
890 0.000896 0.059321 100.000000 14.925373
890 0.000490 0.074295 200.000000 15.625000
890 0.001986 0.102299 300.000000 15.306123
900 0.000960 0.058214 100.000000 14.925373
900 0.000410 0.057457 200.000000 15.625000
900 0.001975 0.139570 300.000000 15.306123
910 0.000872 0.054687 100.000000 14.925373
910 0.000535 0.052233 200.000000 15.625000
920 0.000810 0.050241 100.000000 15.384615
920 0.000596 0.047681 200.000000 15.625000
930 0.000733 0.052108 100.000000 15.625000
930 0.001486 0.084865 200.000000 15.503876
940 0.000555 0.054251 100.000000 15.873015
940 0.002092 0.082180 200.000000 15.384615
950 0.000513 0.056009 100.000000 16.129032
950 0.002556 0.071076 200.000000 15.384615
960 0.000454 0.049870 100.000000 16.129032
960 0.002716 0.120048 200.000000 15.384615
970 0.000485 0.035791 100.000000 16.129032
970 0.002778 0.209445 200.000000 15.384615
980 0.000559 0.033395 100.000000 15.625000
990 0.002132 0.106193 100.000000 15.151515
1000 0.004366 0.158547 100.000000 14.705882
1010 0.004605 0.141584 100.000000 14.492754
1020 0.005399 0.273241 100.000000 14.285714
1030 0.005585 0.427281 100.000000 14.492754
>>>>>>> origin/dense_mat_kernel
