0 0.000625 0.042040 100.000000 9.009009
0 0.000743 0.041684 200.000000 7.604563
0 0.000539 0.053680 300.000000 7.142857
0 0.000636 0.051695 400.000000 6.884682
0 0.000565 0.036871 500.000000 7.267442
0 0.000445 0.062842 600.000000 7.263923
0 0.000437 0.051266 700.000000 7.179487
0 0.000412 0.040162 800.000000 7.299270
10 0.000592 0.037330 100.000000 8.849558
10 0.000715 0.041068 200.000000 7.722008
10 0.000522 0.053616 300.000000 7.075472
10 0.000623 0.047036 400.000000 6.932409
10 0.000551 0.037408 500.000000 7.309941
10 0.000434 0.062632 600.000000 7.281553
10 0.000428 0.048075 700.000000 7.194244
10 0.000398 0.038740 800.000000 7.326007
20 0.000758 0.034380 100.000000 8.196721
20 0.000689 0.041783 200.000000 7.782101
20 0.000531 0.052269 300.000000 7.025761
20 0.000624 0.042163 400.000000 6.956522
20 0.000529 0.039284 500.000000 7.342144
20 0.000426 0.062741 600.000000 7.290401
20 0.000417 0.044896 700.000000 7.201646
20 0.000382 0.037151 800.000000 7.346189
30 0.000874 0.033845 100.000000 7.751938
30 0.000654 0.042840 200.000000 7.751938
30 0.000514 0.050314 300.000000 7.009346
30 0.000603 0.037238 400.000000 6.968641
30 0.000504 0.041515 500.000000 7.363770
30 0.000418 0.062318 600.000000 7.290401
30 0.000409 0.040930 700.000000 7.179487
30 0.000379 0.035456 800.000000 7.352941
40 0.000859 0.031591 100.000000 7.518797
40 0.000613 0.042233 200.000000 7.692307
40 0.000488 0.049846 300.000000 6.993007
40 0.000592 0.031984 400.000000 6.956522
40 0.000490 0.044328 500.000000 7.363770
40 0.000427 0.063834 600.000000 7.263923
40 0.000415 0.038022 700.000000 7.142857
40 0.000378 0.035624 800.000000 7.346189
50 0.000820 0.033597 100.000000 7.407407
50 0.000638 0.042340 200.000000 7.575758
50 0.000491 0.050949 300.000000 6.960557
50 0.000586 0.029230 400.000000 6.932409
50 0.000475 0.047763 500.000000 7.363770
50 0.000445 0.065783 600.000000 7.177033
50 0.000412 0.035541 700.000000 7.106599
50 0.000375 0.036630 800.000000 7.326007
60 0.000829 0.038315 100.000000 7.246377
60 0.000679 0.047622 200.000000 7.407407
60 0.000524 0.057641 300.000000 6.928406
60 0.000587 0.030329 400.000000 6.908463
60 0.000471 0.051610 500.000000 7.342144
60 0.000469 0.064439 600.000000 7.042253
60 0.000422 0.033707 700.000000 7.092198
60 0.000383 0.039404 800.000000 7.299270
70 0.000856 0.040171 100.000000 6.944445
70 0.000690 0.046904 200.000000 7.220217
70 0.000558 0.058419 300.000000 6.849315
70 0.000592 0.029756 400.000000 6.896552
70 0.000464 0.055412 500.000000 7.320644
70 0.000472 0.060337 600.000000 6.984866
70 0.000414 0.031655 700.000000 7.092198
70 0.000386 0.040631 800.000000 7.239819
80 0.000883 0.040509 100.000000 6.711410
80 0.000594 0.050382 200.000000 6.968641
80 0.000593 0.060515 300.000000 6.607930
80 0.000607 0.029383 400.000000 6.884682
80 0.000469 0.059841 500.000000 7.267442
80 0.000477 0.056869 600.000000 6.952491
80 0.000423 0.031000 700.000000 7.085020
80 0.000399 0.043196 800.000000 7.098492
90 0.000901 0.043045 100.000000 6.535948
90 0.000489 0.050051 200.000000 6.711410
90 0.000644 0.051367 300.000000 6.382979
90 0.000605 0.031260 400.000000 6.872852
90 0.000433 0.063916 500.000000 7.153076
90 0.000460 0.052201 600.000000 6.928406
90 0.000421 0.029594 700.000000 7.077857
90 0.000410 0.041390 800.000000 7.042253
100 0.000906 0.043921 100.000000 6.451613
100 0.000538 0.047933 200.000000 6.557377
100 0.000656 0.041376 300.000000 6.342494
100 0.000586 0.035856 400.000000 6.884682
100 0.000428 0.066861 500.000000 6.993007
100 0.000441 0.048335 600.000000 6.920415
100 0.000406 0.027805 700.000000 7.077857
100 0.000400 0.037200 800.000000 7.017544
110 0.000895 0.044000 100.000000 6.535948
110 0.000517 0.047041 200.000000 6.430868
110 0.000674 0.034818 300.000000 6.369427
110 0.000576 0.039500 400.000000 6.920415
110 0.000428 0.068593 500.000000 6.973501
110 0.000425 0.045737 600.000000 6.928406
110 0.000398 0.027082 700.000000 7.092198
110 0.000389 0.034417 800.000000 7.023705
120 0.000851 0.045435 100.000000 6.756757
120 0.000510 0.048947 200.000000 6.389776
120 0.000669 0.031686 300.000000 6.423983
120 0.000573 0.041454 400.000000 6.980803
120 0.000426 0.068965 500.000000 7.012623
120 0.000423 0.044130 600.000000 6.960557
120 0.000391 0.027105 700.000000 7.135576
120 0.000389 0.033594 800.000000 7.054674
130 0.000809 0.046636 100.000000 6.993007
130 0.000511 0.049260 200.000000 6.451613
130 0.000668 0.030135 300.000000 6.507592
130 0.000558 0.043655 400.000000 7.054674
130 0.000422 0.069196 500.000000 7.062147
130 0.000416 0.042624 600.000000 7.001167
130 0.000379 0.026681 700.000000 7.179487
130 0.000387 0.032205 800.000000 7.092198
140 0.000655 0.042175 100.000000 7.299270
140 0.000472 0.042929 200.000000 6.535948
140 0.000640 0.025402 300.000000 6.593407
140 0.000526 0.045925 400.000000 7.142857
140 0.000405 0.068691 500.000000 7.122507
140 0.000397 0.040274 600.000000 7.042253
140 0.000362 0.024059 700.000000 7.223942
140 0.000379 0.028572 800.000000 7.123775
150 0.000572 0.039315 100.000000 7.575758
150 0.000447 0.039345 200.000000 6.622517
150 0.000630 0.020826 300.000000 6.681514
150 0.000511 0.048117 400.000000 7.207207
150 0.000405 0.069082 500.000000 7.163324
150 0.000396 0.038699 600.000000 7.075472
150 0.000363 0.023524 700.000000 7.268951
150 0.000378 0.027237 800.000000 7.155635
160 0.000434 0.037326 100.000000 7.751938
160 0.000445 0.035903 200.000000 6.666667
160 0.000616 0.016328 300.000000 6.726458
160 0.000498 0.050613 400.000000 7.272727
160 0.000409 0.069847 500.000000 7.194244
160 0.000400 0.036787 600.000000 7.083825
160 0.000368 0.023703 700.000000 7.291667
160 0.000376 0.026218 800.000000 7.168459
170 0.000423 0.037896 100.000000 7.751938
170 0.000437 0.035712 200.000000 6.711410
170 0.000616 0.017019 300.000000 6.756757
170 0.000495 0.054655 400.000000 7.299270
170 0.000425 0.071305 500.000000 7.204611
170 0.000407 0.034929 600.000000 7.067138
170 0.000369 0.025365 700.000000 7.306890
170 0.000382 0.025687 800.000000 7.149240
180 0.000424 0.032358 100.000000 7.692307
180 0.000407 0.030777 200.000000 6.734007
180 0.000592 0.020245 300.000000 6.756757
180 0.000464 0.058607 400.000000 7.326007
180 0.000443 0.072228 500.000000 7.153076
180 0.000400 0.032110 600.000000 7.050529
180 0.000357 0.025447 700.000000 7.306890
180 0.000385 0.022668 800.000000 7.104796
190 0.000555 0.033249 100.000000 7.575758
190 0.000444 0.033157 200.000000 6.756757
190 0.000601 0.024012 300.000000 6.772009
190 0.000468 0.062949 400.000000 7.339449
190 0.000472 0.073610 500.000000 7.052186
190 0.000405 0.030371 600.000000 7.050529
190 0.000368 0.027850 700.000000 7.306890
190 0.000403 0.019636 800.000000 7.073386
200 0.000560 0.027653 100.000000 7.518797
200 0.000451 0.029224 200.000000 6.779661
200 0.000581 0.029296 300.000000 6.802721
200 0.000445 0.066182 400.000000 7.366483
200 0.000467 0.070641 500.000000 6.983240
200 0.000404 0.027859 600.000000 7.067138
200 0.000366 0.028371 700.000000 7.299270
200 0.000414 0.015648 800.000000 7.073386
210 0.000585 0.022471 100.000000 7.407407
210 0.000478 0.026669 200.000000 6.756757
210 0.000586 0.034149 300.000000 6.849315
210 0.000433 0.069048 400.000000 7.393715
210 0.000464 0.067285 500.000000 6.973501
210 0.000393 0.025987 600.000000 7.092198
210 0.000362 0.028989 700.000000 7.276507
210 0.000418 0.011712 800.000000 7.079646
220 0.000388 0.017432 100.000000 7.299270
220 0.000444 0.022319 200.000000 6.666667
220 0.000555 0.038998 300.000000 6.896552
220 0.000410 0.070583 400.000000 7.407407
220 0.000443 0.062374 500.000000 6.983240
220 0.000381 0.023228 600.000000 7.117438
220 0.000355 0.028088 700.000000 7.209063
220 0.000408 0.008419 800.000000 7.098492
230 0.000437 0.016596 100.000000 7.142857
230 0.000489 0.022414 200.000000 6.493506
230 0.000538 0.043792 300.000000 6.944445
230 0.000388 0.072319 400.000000 7.393715
230 0.000425 0.057774 500.000000 6.993007
230 0.000373 0.020967 600.000000 7.142857
230 0.000353 0.026392 700.000000 7.142857
230 0.000404 0.006203 800.000000 7.117438
240 0.000173 0.015542 100.000000 6.849315
240 0.000559 0.016703 200.000000 6.309148
240 0.000536 0.048096 300.000000 6.976744
240 0.000349 0.074452 400.000000 7.339449
240 0.000410 0.054714 500.000000 7.002801
240 0.000373 0.019841 600.000000 7.159904
240 0.000359 0.025679 700.000000 7.113821
240 0.000398 0.005407 800.000000 7.130125
250 0.000216 0.013699 100.000000 6.711410
250 0.000646 0.016433 200.000000 6.269592
250 0.000569 0.053064 300.000000 7.009346
250 0.000383 0.078936 400.000000 7.168459
250 0.000420 0.054866 500.000000 7.012623
250 0.000388 0.022235 600.000000 7.177033
250 0.000370 0.027454 700.000000 7.099391
250 0.000412 0.005393 800.000000 7.136485
260 0.000359 0.021052 100.000000 6.369427
260 0.000732 0.018211 200.000000 6.250000
260 0.000597 0.059003 300.000000 7.025761
260 0.000420 0.083343 400.000000 7.079646
260 0.000423 0.053793 500.000000 7.002801
260 0.000396 0.023547 600.000000 7.185629
260 0.000372 0.027300 700.000000 7.092198
260 0.000419 0.007435 800.000000 7.142857
270 0.000434 0.020231 100.000000 5.952381
270 0.000717 0.021229 200.000000 6.269592
270 0.000581 0.063892 300.000000 7.042253
270 0.000418 0.083632 400.000000 7.054674
270 0.000411 0.050028 500.000000 6.983240
270 0.000376 0.022590 600.000000 7.194244
270 0.000373 0.024981 700.000000 7.092198
270 0.000425 0.010998 800.000000 7.149240
280 0.000552 0.016751 100.000000 5.813953
280 0.000769 0.026524 200.000000 6.269592
280 0.000578 0.069142 300.000000 7.075472
280 0.000442 0.085716 400.000000 7.054674
280 0.000420 0.048144 500.000000 6.973501
280 0.000380 0.023355 600.000000 7.202881
280 0.000389 0.023883 700.000000 7.092198
280 0.000433 0.014274 800.000000 7.162041
290 0.000658 0.015837 100.000000 5.813953
290 0.000784 0.032000 200.000000 6.289308
290 0.000584 0.074466 300.000000 7.109005
290 0.000465 0.088202 400.000000 7.054674
290 0.000436 0.046346 500.000000 6.954103
290 0.000392 0.025059 600.000000 7.211538
290 0.000395 0.023808 700.000000 7.085020
290 0.000444 0.017810 800.000000 7.174888
300 0.000636 0.015235 100.000000 5.882353
300 0.000781 0.037094 200.000000 6.309148
300 0.000570 0.078777 300.000000 7.142857
300 0.000484 0.089532 400.000000 7.054674
300 0.000445 0.043416 500.000000 6.925208
300 0.000393 0.026010 600.000000 7.228916
300 0.000402 0.023196 700.000000 7.056452
300 0.000446 0.021054 800.000000 7.194244
310 0.000670 0.018747 100.000000 5.952381
310 0.000785 0.042155 200.000000 6.349206
310 0.000563 0.083498 300.000000 7.194244
310 0.000526 0.092531 400.000000 7.005254
310 0.000451 0.041856 500.000000 6.925208
310 0.000395 0.027907 600.000000 7.237636
310 0.000427 0.021645 700.000000 7.014028
310 0.000453 0.024447 800.000000 7.213706
320 0.000790 0.022670 100.000000 6.024096
320 0.000805 0.049600 200.000000 6.389776
320 0.000574 0.088743 300.000000 7.228916
320 0.000560 0.094521 400.000000 6.908463
320 0.000456 0.040925 500.000000 6.934813
320 0.000406 0.030357 600.000000 7.246377
320 0.000432 0.019245 700.000000 7.000000
320 0.000457 0.027424 800.000000 7.239819
330 0.000764 0.023257 100.000000 6.097561
330 0.000795 0.054322 200.000000 6.451613
330 0.000555 0.091130 300.000000 7.281553
330 0.000558 0.091179 400.000000 6.849315
330 0.000460 0.037959 500.000000 6.963789
330 0.000401 0.031075 600.000000 7.255139
330 0.000456 0.016062 700.000000 7.000000
330 0.000454 0.030686 800.000000 7.259528
340 0.000802 0.023376 100.000000 6.134969
340 0.000794 0.058173 200.000000 6.535948
340 0.000535 0.092313 300.000000 7.334963
340 0.000547 0.086265 400.000000 6.837607
340 0.000446 0.035398 500.000000 7.002801
340 0.000397 0.031989 600.000000 7.246377
340 0.000459 0.013786 700.000000 7.021063
340 0.000446 0.032673 800.000000 7.292616
350 0.000814 0.024822 100.000000 6.097561
350 0.000790 0.062193 200.000000 6.622517
350 0.000534 0.094719 300.000000 7.389163
350 0.000548 0.083083 400.000000 6.872852
350 0.000446 0.033522 500.000000 7.042253
350 0.000396 0.032861 600.000000 7.211538
350 0.000460 0.011305 700.000000 7.042253
350 0.000443 0.035453 800.000000 7.319304
360 0.000877 0.027845 100.000000 6.024096
360 0.000800 0.065591 200.000000 6.711410
360 0.000541 0.097190 300.000000 7.425743
360 0.000543 0.079472 400.000000 6.908463
360 0.000451 0.031362 500.000000 7.092198
360 0.000403 0.033325 600.000000 7.142857
360 0.000464 0.008997 700.000000 7.070707
360 0.000442 0.037711 800.000000 7.352941
370 0.001092 0.033231 100.000000 5.882353
370 0.000846 0.070572 200.000000 6.825939
370 0.000551 0.102462 300.000000 7.462687
370 0.000551 0.078497 400.000000 6.944445
370 0.000464 0.031064 500.000000 7.142857
370 0.000423 0.033981 600.000000 7.125891
370 0.000476 0.007427 700.000000 7.106599
370 0.000446 0.040221 800.000000 7.393715
380 0.001147 0.031039 100.000000 5.780347
380 0.000837 0.070229 200.000000 6.944445
380 0.000500 0.100039 300.000000 7.481297
380 0.000530 0.072007 400.000000 7.005254
380 0.000456 0.027261 500.000000 7.183908
380 0.000421 0.032709 600.000000 7.134364
380 0.000464 0.006147 700.000000 7.142857
380 0.000435 0.041116 800.000000 7.434944
390 0.001103 0.028887 100.000000 5.780347
390 0.000792 0.070772 200.000000 7.042253
390 0.000425 0.095927 300.000000 7.425743
390 0.000498 0.064899 400.000000 7.042253
390 0.000438 0.025020 500.000000 7.235890
390 0.000409 0.031614 600.000000 7.151371
390 0.000449 0.006116 700.000000 7.172131
390 0.000426 0.042226 800.000000 7.469655
400 0.001076 0.030853 100.000000 5.847953
400 0.000749 0.072067 200.000000 7.168459
400 0.000453 0.093570 300.000000 7.299270
400 0.000483 0.060286 400.000000 7.079646
400 0.000431 0.024749 500.000000 7.278020
400 0.000402 0.031277 600.000000 7.168459
400 0.000446 0.006605 700.000000 7.201646
400 0.000422 0.044027 800.000000 7.504691
410 0.001086 0.033510 100.000000 5.988024
410 0.000743 0.074350 200.000000 7.272727
410 0.000456 0.092777 300.000000 7.299270
410 0.000465 0.056822 400.000000 7.130125
410 0.000424 0.024201 500.000000 7.320644
410 0.000394 0.030266 600.000000 7.194244
410 0.000440 0.007094 700.000000 7.238883
410 0.000417 0.045380 800.000000 7.547170
420 0.001126 0.033241 100.000000 6.172840
420 0.000723 0.075324 200.000000 7.434944
420 0.000456 0.091473 300.000000 7.371007
420 0.000450 0.053746 400.000000 7.194244
420 0.000416 0.023381 500.000000 7.385524
420 0.000385 0.029193 600.000000 7.237636
420 0.000440 0.008404 700.000000 7.276507
420 0.000412 0.046746 800.000000 7.590133
430 0.001080 0.034358 100.000000 6.410256
430 0.000720 0.076352 200.000000 7.633588
430 0.000448 0.090791 300.000000 7.444169
430 0.000440 0.051237 400.000000 7.259528
430 0.000403 0.022436 500.000000 7.451565
430 0.000385 0.028090 600.000000 7.281553
430 0.000442 0.009731 700.000000 7.322176
430 0.000409 0.047855 800.000000 7.640879
440 0.001029 0.033126 100.000000 6.622517
440 0.000655 0.073547 200.000000 7.782101
440 0.000431 0.084435 300.000000 7.518797
440 0.000414 0.044821 400.000000 7.299270
440 0.000369 0.020781 500.000000 7.507507
440 0.000376 0.027047 600.000000 7.326007
440 0.000432 0.010724 700.000000 7.368421
440 0.000399 0.047840 800.000000 7.684918
450 0.001018 0.035025 100.000000 6.711410
450 0.000608 0.072952 200.000000 7.874016
450 0.000424 0.079813 300.000000 7.556675
450 0.000403 0.038905 400.000000 7.312614
450 0.000360 0.019938 500.000000 7.541478
450 0.000376 0.025924 600.000000 7.343941
450 0.000427 0.012918 700.000000 7.391764
450 0.000387 0.049229 800.000000 7.707129
460 0.000957 0.037937 100.000000 6.756757
460 0.000562 0.071523 200.000000 7.936508
460 0.000412 0.074181 300.000000 7.556675
460 0.000392 0.032151 400.000000 7.285975
460 0.000350 0.020094 500.000000 7.564297
460 0.000364 0.025795 600.000000 7.334963
460 0.000422 0.015068 700.000000 7.415254
460 0.000376 0.050096 800.000000 7.722008
470 0.000985 0.045604 100.000000 6.756757
470 0.000547 0.077274 200.000000 7.968128
470 0.000444 0.076515 300.000000 7.518797
470 0.000410 0.029849 400.000000 7.233273
470 0.000354 0.022566 500.000000 7.552870
470 0.000379 0.025645 600.000000 7.272727
470 0.000428 0.018879 700.000000 7.423118
470 0.000378 0.053765 800.000000 7.707129
480 0.000934 0.052963 100.000000 6.756757
480 0.000508 0.080459 200.000000 8.000000
480 0.000481 0.076787 300.000000 7.352941
480 0.000406 0.026244 400.000000 7.194244
480 0.000349 0.024810 500.000000 7.541478
480 0.000395 0.023551 600.000000 7.202881
480 0.000428 0.022158 700.000000 7.438895
480 0.000370 0.056622 800.000000 7.670182
490 0.000887 0.058904 100.000000 6.756757
490 0.000487 0.080577 200.000000 8.000000
490 0.000513 0.071416 300.000000 7.142857
490 0.000411 0.021989 400.000000 7.194244
490 0.000352 0.027224 500.000000 7.530120
490 0.000416 0.020287 600.000000 7.168459
490 0.000423 0.025317 700.000000 7.446808
490 0.000364 0.058464 800.000000 7.490637
500 0.000834 0.059170 100.000000 6.896552
500 0.000434 0.077241 200.000000 8.064516
500 0.000499 0.062869 300.000000 7.075472
500 0.000385 0.018422 400.000000 7.233273
500 0.000342 0.029408 500.000000 7.507507
500 0.000423 0.017586 600.000000 7.168459
500 0.000414 0.027147 700.000000 7.470651
500 0.000355 0.059139 800.000000 7.462687
510 0.000805 0.059474 100.000000 7.092198
510 0.000417 0.074992 200.000000 8.163265
510 0.000494 0.056798 300.000000 7.125891
510 0.000380 0.016148 400.000000 7.285975
510 0.000341 0.031000 500.000000 7.473842
510 0.000421 0.015885 600.000000 7.202881
510 0.000409 0.028577 700.000000 7.510730
510 0.000355 0.059913 800.000000 7.483630
520 0.000828 0.061413 100.000000 7.352941
520 0.000419 0.074423 200.000000 8.298756
520 0.000483 0.052943 300.000000 7.194244
520 0.000378 0.015692 400.000000 7.366483
520 0.000342 0.032220 500.000000 7.429420
520 0.000418 0.014830 600.000000 7.255139
520 0.000406 0.029832 700.000000 7.559395
520 0.000354 0.060800 800.000000 7.511737
530 0.000753 0.056752 100.000000 7.692307
530 0.000371 0.069437 200.000000 8.438819
530 0.000462 0.045965 300.000000 7.281553
530 0.000373 0.013492 400.000000 7.448790
530 0.000338 0.032308 500.000000 7.407407
530 0.000419 0.013595 600.000000 7.299270
530 0.000398 0.030039 700.000000 7.616975
530 0.000348 0.060571 800.000000 7.554296
540 0.000678 0.048713 100.000000 8.064516
540 0.000324 0.060913 200.000000 8.583691
540 0.000432 0.037335 300.000000 7.389163
540 0.000358 0.012573 400.000000 7.532957
540 0.000340 0.032629 500.000000 7.429420
540 0.000405 0.013122 600.000000 7.352941
540 0.000385 0.029909 700.000000 7.667032
540 0.000345 0.059231 800.000000 7.597341
550 0.000613 0.040041 100.000000 8.474576
550 0.000242 0.052180 200.000000 8.695652
550 0.000401 0.029072 300.000000 7.481297
550 0.000348 0.013696 400.000000 7.619048
550 0.000331 0.032953 500.000000 7.462687
550 0.000387 0.012612 600.000000 7.407407
550 0.000371 0.029165 700.000000 7.726269
550 0.000337 0.057686 800.000000 7.640879
560 0.000551 0.035587 100.000000 8.849558
560 0.000177 0.045623 200.000000 8.620689
560 0.000373 0.022375 300.000000 7.556675
560 0.000337 0.015589 400.000000 7.692307
560 0.000317 0.033227 500.000000 7.485030
560 0.000373 0.011999 600.000000 7.453416
560 0.000366 0.029406 700.000000 7.777778
560 0.000330 0.057205 800.000000 7.677543
570 0.000437 0.027130 100.000000 9.090909
570 0.000201 0.033109 200.000000 8.264462
570 0.000322 0.013314 300.000000 7.594937
570 0.000304 0.018627 400.000000 7.722008
570 0.000288 0.032401 500.000000 7.485030
570 0.000354 0.010891 600.000000 7.481297
570 0.000344 0.029403 700.000000 7.812500
570 0.000316 0.055464 800.000000 7.707129
580 0.000331 0.021012 100.000000 9.259259
580 0.000238 0.026359 200.000000 8.097166
580 0.000273 0.006576 300.000000 7.575758
580 0.000282 0.021481 400.000000 7.736944
580 0.000262 0.031626 500.000000 7.473842
580 0.000334 0.009495 600.000000 7.490637
580 0.000329 0.030382 700.000000 7.829978
580 0.000304 0.054956 800.000000 7.722008
590 0.000341 0.023083 100.000000 9.345795
590 0.000268 0.025258 200.000000 8.032128
590 0.000262 0.005005 300.000000 7.537688
590 0.000254 0.023801 400.000000 7.751938
590 0.000269 0.031419 500.000000 7.473842
590 0.000349 0.008466 600.000000 7.500000
590 0.000329 0.032668 700.000000 7.856341
590 0.000315 0.057612 800.000000 7.729469
600 0.000286 0.023296 100.000000 9.433962
600 0.000274 0.023282 200.000000 8.000000
600 0.000256 0.006148 300.000000 7.481297
600 0.000241 0.026215 400.000000 7.751938
600 0.000278 0.030696 500.000000 7.462687
600 0.000349 0.008536 600.000000 7.509387
600 0.000321 0.034611 700.000000 7.865169
600 0.000312 0.058812 800.000000 7.744434
610 0.000327 0.025454 100.000000 9.523809
610 0.000316 0.021556 200.000000 7.968128
610 0.000283 0.008067 300.000000 7.425743
610 0.000248 0.028413 400.000000 7.766990
610 0.000281 0.031108 500.000000 7.418397
610 0.000359 0.009657 600.000000 7.528231
610 0.000324 0.037492 700.000000 7.856341
610 0.000328 0.061258 800.000000 7.759457
620 0.000316 0.030471 100.000000 9.615385
620 0.000345 0.023962 200.000000 7.874016
620 0.000301 0.010143 300.000000 7.352941
620 0.000250 0.030329 400.000000 7.766990
620 0.000303 0.030857 500.000000 7.331378
620 0.000365 0.012002 600.000000 7.537688
620 0.000324 0.040553 700.000000 7.838746
620 0.000334 0.064645 800.000000 7.774539
630 0.000255 0.030120 100.000000 9.615385
630 0.000388 0.021284 200.000000 7.518797
630 0.000293 0.012797 300.000000 7.334963
630 0.000255 0.032564 400.000000 7.736944
630 0.000327 0.028354 500.000000 7.256894
630 0.000367 0.014181 600.000000 7.556675
630 0.000316 0.042696 700.000000 7.751938
630 0.000322 0.066910 800.000000 7.782101
640 0.000179 0.025353 100.000000 9.615385
640 0.000390 0.014760 200.000000 7.220217
640 0.000283 0.016273 300.000000 7.317073
640 0.000257 0.034417 400.000000 7.692307
640 0.000355 0.025089 500.000000 7.225433
640 0.000363 0.016797 600.000000 7.566204
640 0.000313 0.044560 700.000000 7.559395
640 0.000316 0.068043 800.000000 7.797271
650 0.000149 0.021077 100.000000 9.433962
650 0.000383 0.006524 200.000000 7.092198
650 0.000267 0.019267 300.000000 7.334963
650 0.000246 0.035286 400.000000 7.547170
650 0.000356 0.021345 500.000000 7.215007
650 0.000353 0.019399 600.000000 7.575758
650 0.000303 0.046014 700.000000 7.526882
650 0.000314 0.068738 800.000000 7.804878
660 0.000163 0.016555 100.000000 9.174312
660 0.000349 0.002071 200.000000 7.042253
660 0.000270 0.022456 300.000000 7.334963
660 0.000259 0.035393 400.000000 7.285975
660 0.000359 0.017972 500.000000 7.215007
660 0.000345 0.022206 600.000000 7.585335
660 0.000302 0.047598 700.000000 7.518797
660 0.000312 0.069879 800.000000 7.812500
670 0.000277 0.019522 100.000000 8.403361
670 0.000324 0.007537 200.000000 6.993007
670 0.000287 0.024664 300.000000 7.334963
670 0.000267 0.034628 400.000000 7.194244
670 0.000339 0.014714 500.000000 7.204611
670 0.000335 0.024838 600.000000 7.604563
670 0.000305 0.049539 700.000000 7.518797
670 0.000305 0.071388 800.000000 7.820137
680 0.000309 0.021126 100.000000 7.407407
680 0.000296 0.010498 200.000000 6.968641
680 0.000284 0.027281 300.000000 7.334963
680 0.000262 0.034904 400.000000 7.142857
680 0.000341 0.012745 500.000000 7.204611
680 0.000332 0.027892 600.000000 7.614213
680 0.000303 0.052021 700.000000 7.526882
680 0.000306 0.073716 800.000000 7.835455
690 0.000384 0.019157 100.000000 7.042253
690 0.000260 0.012972 200.000000 6.896552
690 0.000268 0.029081 300.000000 7.317073
690 0.000254 0.034280 400.000000 7.117438
690 0.000346 0.010662 500.000000 7.194244
690 0.000328 0.030643 600.000000 7.633588
690 0.000302 0.054450 700.000000 7.534984
690 0.000305 0.076203 800.000000 7.843137
700 0.000300 0.014828 100.000000 6.944445
700 0.000245 0.014774 200.000000 6.802721
700 0.000226 0.031072 300.000000 7.317073
700 0.000269 0.033804 400.000000 7.092198
700 0.000362 0.009692 500.000000 7.204611
700 0.000329 0.033773 600.000000 7.643312
700 0.000315 0.057301 700.000000 7.543103
700 0.000305 0.078783 800.000000 7.858546
710 0.000310 0.010218 100.000000 6.849315
710 0.000260 0.017156 200.000000 6.711410
710 0.000231 0.033903 300.000000 7.299270
710 0.000276 0.034405 400.000000 7.054674
710 0.000375 0.010175 500.000000 7.204611
710 0.000328 0.037018 600.000000 7.633588
710 0.000324 0.060643 700.000000 7.543103
710 0.000308 0.082134 800.000000 7.858546
720 0.000358 0.005536 100.000000 6.666667
720 0.000303 0.020984 200.000000 6.578948
720 0.000245 0.037296 300.000000 7.281553
720 0.000307 0.035512 400.000000 6.944445
720 0.000388 0.011652 500.000000 7.215007
720 0.000332 0.040383 600.000000 7.604563
720 0.000342 0.064245 700.000000 7.551240
720 0.000310 0.085953 800.000000 7.858546
730 0.000499 0.008102 100.000000 6.211180
730 0.000331 0.025556 200.000000 6.514658
730 0.000260 0.041970 300.000000 7.246377
730 0.000358 0.035231 400.000000 6.837607
730 0.000403 0.013550 500.000000 7.225433
730 0.000339 0.043720 600.000000 7.537688
730 0.000340 0.068381 700.000000 7.559395
730 0.000317 0.090303 800.000000 7.858546
740 0.000626 0.007902 100.000000 5.780347
740 0.000363 0.028834 200.000000 6.514658
740 0.000290 0.044815 300.000000 7.194244
740 0.000410 0.031937 400.000000 6.791172
740 0.000406 0.016578 500.000000 7.235890
740 0.000330 0.046691 600.000000 7.299270
740 0.000339 0.071155 700.000000 7.575758
740 0.000324 0.093219 800.000000 7.850834
750 0.000670 0.009045 100.000000 5.649717
750 0.000354 0.032576 200.000000 6.535948
750 0.000301 0.047577 300.000000 7.109005
750 0.000425 0.028646 400.000000 6.779661
750 0.000409 0.019525 500.000000 7.256894
750 0.000336 0.049585 600.000000 7.263923
750 0.000344 0.073971 700.000000 7.592191
750 0.000326 0.096043 800.000000 7.850834
760 0.000643 0.009731 100.000000 5.649717
760 0.000367 0.033670 200.000000 6.578948
760 0.000306 0.047364 300.000000 6.896552
760 0.000426 0.024418 400.000000 6.802721
760 0.000405 0.022791 500.000000 7.288630
760 0.000339 0.051757 600.000000 7.272727
760 0.000343 0.075888 700.000000 7.616975
760 0.000322 0.097483 800.000000 7.843137
770 0.000683 0.014223 100.000000 5.714286
770 0.000402 0.038331 200.000000 6.666667
770 0.000361 0.050404 300.000000 6.787330
770 0.000449 0.023405 400.000000 6.837607
770 0.000413 0.024970 500.000000 7.331378
770 0.000355 0.054273 600.000000 7.299270
770 0.000350 0.078973 700.000000 7.650273
770 0.000330 0.100594 800.000000 7.835455
780 0.000738 0.019813 100.000000 5.813953
780 0.000462 0.044842 200.000000 6.756757
780 0.000399 0.055691 300.000000 6.802721
780 0.000461 0.023489 400.000000 6.884682
780 0.000425 0.026483 500.000000 7.385524
780 0.000367 0.056841 600.000000 7.334963
780 0.000359 0.082353 700.000000 7.692307
780 0.000352 0.104131 800.000000 7.835455
790 0.000764 0.025937 100.000000 5.988024
790 0.000496 0.050767 200.000000 6.896552
790 0.000421 0.060447 300.000000 6.849315
790 0.000476 0.023790 400.000000 6.956522
790 0.000443 0.027271 500.000000 7.462687
790 0.000381 0.058896 600.000000 7.389163
790 0.000369 0.084847 700.000000 7.751938
790 0.000365 0.107668 800.000000 7.820137
800 0.000756 0.026603 100.000000 6.211180
800 0.000488 0.051291 200.000000 7.042253
800 0.000420 0.059467 300.000000 6.928406
800 0.000478 0.022020 400.000000 7.042253
800 0.000440 0.028978 500.000000 7.541478
800 0.000378 0.060234 600.000000 7.453416
800 0.000368 0.086089 700.000000 7.812500
800 0.000358 0.108774 800.000000 7.812500
810 0.000622 0.021447 100.000000 6.451613
810 0.000424 0.044454 200.000000 7.194244
810 0.000380 0.050395 300.000000 7.009346
810 0.000448 0.016714 400.000000 7.117438
810 0.000412 0.031912 500.000000 7.621951
810 0.000361 0.060629 600.000000 7.518797
810 0.000352 0.085295 700.000000 7.865169
810 0.000342 0.106484 800.000000 7.797271
820 0.000498 0.022392 100.000000 6.578948
820 0.000386 0.042685 200.000000 7.326007
820 0.000352 0.046467 300.000000 7.075472
820 0.000432 0.013828 400.000000 7.168459
820 0.000397 0.034126 500.000000 7.692307
820 0.000351 0.061716 600.000000 7.566204
820 0.000345 0.085203 700.000000 7.918552
820 0.000331 0.105352 800.000000 7.766990
830 0.000437 0.026148 100.000000 6.666667
830 0.000347 0.044698 200.000000 7.407407
830 0.000338 0.045347 300.000000 7.109005
830 0.000438 0.012659 400.000000 7.207207
830 0.000388 0.036820 500.000000 7.739938
830 0.000344 0.063241 600.000000 7.604563
830 0.000339 0.086331 700.000000 7.954545
830 0.000326 0.104636 800.000000 7.759457
840 0.000373 0.026261 100.000000 6.622517
840 0.000277 0.042163 200.000000 7.462687
840 0.000342 0.040450 300.000000 7.109005
840 0.000439 0.010477 400.000000 7.246377
840 0.000380 0.039942 500.000000 7.776050
840 0.000344 0.065141 600.000000 7.633588
840 0.000332 0.087644 700.000000 7.981756
840 0.000320 0.103764 800.000000 7.759457
850 0.000376 0.026109 100.000000 6.535948
850 0.000284 0.041341 200.000000 7.490637
850 0.000355 0.037216 300.000000 7.109005
850 0.000434 0.011644 400.000000 7.272727
850 0.000367 0.043413 500.000000 7.788162
850 0.000343 0.067594 600.000000 7.653061
850 0.000329 0.089157 700.000000 8.009153
850 0.000313 0.103191 800.000000 7.774539
860 0.000377 0.021763 100.000000 6.451613
860 0.000263 0.034928 200.000000 7.518797
860 0.000338 0.031238 300.000000 7.058824
860 0.000431 0.015744 400.000000 7.299270
860 0.000355 0.046637 500.000000 7.800312
860 0.000350 0.069464 600.000000 7.672634
860 0.000314 0.089773 700.000000 8.027523
860 0.000301 0.101168 800.000000 7.797271
870 0.000365 0.019278 100.000000 6.410256
870 0.000237 0.030770 200.000000 7.575758
870 0.000330 0.027768 300.000000 7.009346
870 0.000415 0.019145 400.000000 7.352941
870 0.000337 0.048781 500.000000 7.812500
870 0.000343 0.070682 600.000000 7.712082
870 0.000307 0.090272 700.000000 8.055236
870 0.000294 0.099715 800.000000 7.835455
880 0.000310 0.011644 100.000000 6.578948
880 0.000197 0.021849 200.000000 7.722008
880 0.000323 0.021026 300.000000 7.009346
880 0.000394 0.023516 400.000000 7.421150
880 0.000314 0.050561 500.000000 7.836991
880 0.000316 0.070552 600.000000 7.772021
880 0.000294 0.089030 700.000000 8.101851
880 0.000285 0.096810 800.000000 7.881773
890 0.000277 0.012564 100.000000 6.802721
890 0.000187 0.021631 200.000000 7.843137
890 0.000340 0.018300 300.000000 7.042253
890 0.000393 0.025259 400.000000 7.504691
890 0.000306 0.051840 500.000000 7.849294
890 0.000314 0.071593 600.000000 7.832898
890 0.000297 0.089840 700.000000 8.149011
890 0.000284 0.096660 800.000000 7.928642
900 0.000207 0.005961 100.000000 7.042253
900 0.000150 0.011834 200.000000 8.000000
900 0.000298 0.010659 300.000000 7.109005
900 0.000363 0.029160 400.000000 7.604563
900 0.000269 0.052874 500.000000 7.776050
900 0.000295 0.071119 600.000000 7.894737
900 0.000283 0.087643 700.000000 8.206330
900 0.000270 0.093273 800.000000 7.984032
910 0.000181 0.003653 100.000000 7.352941
910 0.000158 0.008783 200.000000 8.163265
910 0.000332 0.009012 300.000000 7.177033
910 0.000357 0.031334 400.000000 7.692307
910 0.000286 0.053960 500.000000 7.704160
910 0.000293 0.071719 600.000000 7.957560
910 0.000282 0.087792 700.000000 8.254717
910 0.000268 0.092509 800.000000 8.032128
920 0.000096 0.006889 100.000000 7.575758
920 0.000151 0.008506 200.000000 8.196721
920 0.000344 0.008976 300.000000 7.228916
920 0.000355 0.034107 400.000000 7.751938
920 0.000278 0.055513 500.000000 7.692307
920 0.000297 0.072643 600.000000 8.010681
920 0.000277 0.088456 700.000000 8.293839
920 0.000271 0.092285 800.000000 8.072654
930 0.000086 0.009210 100.000000 7.751938
930 0.000159 0.008520 200.000000 8.000000
930 0.000350 0.011066 300.000000 7.263923
930 0.000346 0.036905 400.000000 7.812500
930 0.000273 0.057287 500.000000 7.692307
930 0.000294 0.073745 600.000000 8.053691
930 0.000278 0.089321 700.000000 8.303678
930 0.000267 0.091618 800.000000 8.105370
940 0.000118 0.007537 100.000000 7.874016
940 0.000187 0.008637 200.000000 7.547170
940 0.000379 0.012634 300.000000 7.281553
940 0.000353 0.039471 400.000000 7.858546
940 0.000284 0.059622 500.000000 7.704160
940 0.000304 0.076455 600.000000 8.086253
940 0.000285 0.092067 700.000000 8.284023
940 0.000264 0.092997 800.000000 8.121827
950 0.000200 0.007465 100.000000 7.936508
950 0.000254 0.007997 200.000000 7.380074
950 0.000380 0.014491 300.000000 7.317073
950 0.000349 0.042362 400.000000 7.905138
950 0.000299 0.062044 500.000000 7.727975
950 0.000301 0.079285 600.000000 8.108109
950 0.000303 0.094341 700.000000 8.225616
950 0.000259 0.093698 800.000000 8.146640
960 0.000247 0.017238 100.000000 8.064516
960 0.000271 0.016126 200.000000 7.326007
960 0.000395 0.017062 300.000000 7.334963
960 0.000368 0.045683 400.000000 7.936508
960 0.000312 0.065225 500.000000 7.751938
960 0.000314 0.082727 600.000000 8.141112
960 0.000308 0.098508 700.000000 8.083141
960 0.000260 0.096084 800.000000 8.163265
970 0.000281 0.018701 100.000000 8.130081
970 0.000302 0.016788 200.000000 7.299270
970 0.000412 0.017280 300.000000 7.352941
970 0.000371 0.047831 400.000000 8.000000
970 0.000322 0.068526 500.000000 7.776050
970 0.000321 0.086573 600.000000 8.174387
970 0.000308 0.102539 700.000000 7.954545
970 0.000265 0.098340 800.000000 8.188332
980 0.000301 0.021868 100.000000 8.264462
980 0.000307 0.019457 200.000000 7.299270
980 0.000445 0.019040 300.000000 7.389163
980 0.000381 0.050948 400.000000 8.048289
980 0.000333 0.071861 500.000000 7.812500
980 0.000329 0.090639 600.000000 8.207934
980 0.000314 0.105415 700.000000 7.927520
980 0.000272 0.101085 800.000000 8.213552
990 0.000214 0.024216 100.000000 8.403361
990 0.000328 0.020319 200.000000 7.352941
990 0.000466 0.021591 300.000000 7.444169
990 0.000384 0.053991 400.000000 8.097166
990 0.000351 0.074606 500.000000 7.849294
990 0.000335 0.093123 600.000000 8.253095
990 0.000319 0.106518 700.000000 7.945517
990 0.000275 0.102413 800.000000 8.238929
1000 0.000204 0.023392 100.000000 8.620689
1000 0.000342 0.018399 200.000000 7.380074
1000 0.000464 0.025148 300.000000 7.500000
1000 0.000377 0.056595 400.000000 8.146640
1000 0.000352 0.076415 500.000000 7.898894
1000 0.000335 0.094555 600.000000 8.298756
1000 0.000316 0.106328 700.000000 7.972665
1000 0.000271 0.102556 800.000000 8.264462
1010 0.000170 0.019320 100.000000 8.849558
1010 0.000316 0.015388 200.000000 7.380074
1010 0.000461 0.029266 300.000000 7.575758
1010 0.000360 0.058265 400.000000 8.196721
1010 0.000351 0.076818 500.000000 7.949126
1010 0.000323 0.094337 600.000000 8.333333
1010 0.000306 0.103811 700.000000 8.018328
1010 0.000264 0.100399 800.000000 8.290155
1020 0.000144 0.016607 100.000000 9.090909
1020 0.000306 0.014249 200.000000 7.352941
1020 0.000450 0.032870 300.000000 7.653061
1020 0.000354 0.060026 400.000000 8.230453
1020 0.000362 0.077822 500.000000 8.000000
1020 0.000317 0.094555 600.000000 8.379889
1020 0.000302 0.102557 700.000000 8.055236
1020 0.000258 0.099340 800.000000 8.324662
1030 0.000116 0.015657 100.000000 9.174312
1030 0.000357 0.014242 200.000000 7.220217
1030 0.000454 0.036008 300.000000 7.731959
1030 0.000349 0.062514 400.000000 8.213552
1030 0.000348 0.080180 500.000000 8.038586
1030 0.000316 0.096329 600.000000 8.415147
1030 0.000303 0.102783 700.000000 8.092485
1030 0.000258 0.099866 800.000000 8.342023
1040 0.000150 0.014708 100.000000 9.174312
1040 0.000404 0.012753 200.000000 7.092198
1040 0.000458 0.040266 300.000000 7.772021
1040 0.000324 0.065029 400.000000 7.968128
1040 0.000346 0.082744 500.000000 8.064516
1040 0.000324 0.098593 600.000000 8.415147
1040 0.000303 0.103058 700.000000 8.120649
1040 0.000257 0.100169 800.000000 8.350731
1050 0.000223 0.008561 100.000000 8.849558
1050 0.000492 0.012077 200.000000 7.042253
1050 0.000451 0.044633 300.000000 7.792208
1050 0.000337 0.067374 400.000000 7.707129
1050 0.000343 0.084197 500.000000 8.090615
1050 0.000317 0.099913 600.000000 8.403361
1050 0.000301 0.102277 700.000000 8.139535
1050 0.000243 0.098687 800.000000 8.359457
1060 0.000253 0.010817 100.000000 7.812500
1060 0.000505 0.015879 200.000000 6.993007
1060 0.000447 0.048874 300.000000 7.812500
1060 0.000337 0.070108 400.000000 7.648183
1060 0.000349 0.086458 500.000000 8.103727
1060 0.000322 0.101917 600.000000 8.368201
1060 0.000298 0.101973 700.000000 8.139535
1060 0.000236 0.097016 800.000000 8.359457
1070 0.000345 0.009457 100.000000 6.944445
1070 0.000508 0.021210 200.000000 6.993007
1070 0.000422 0.052604 300.000000 7.832898
1070 0.000335 0.070828 400.000000 7.648183
1070 0.000333 0.086373 500.000000 8.116883
1070 0.000313 0.100325 600.000000 8.310249
1070 0.000281 0.098543 700.000000 8.158508
1070 0.000227 0.092666 800.000000 8.368201
1080 0.000399 0.012862 100.000000 6.666667
1080 0.000477 0.026130 200.000000 6.993007
1080 0.000410 0.055671 300.000000 7.874016
1080 0.000327 0.072218 400.000000 7.648183
1080 0.000323 0.086932 500.000000 8.130081
1080 0.000326 0.100434 600.000000 8.141112
1080 0.000262 0.095990 700.000000 8.168028
1080 0.000225 0.089131 800.000000 8.385744
1090 0.000492 0.009216 100.000000 6.535948
1090 0.000499 0.029847 200.000000 6.993007
1090 0.000409 0.059939 300.000000 7.915567
1090 0.000333 0.076250 400.000000 7.662835
1090 0.000330 0.091013 500.000000 8.156607
1090 0.000316 0.104760 600.000000 7.926024
1090 0.000262 0.097709 700.000000 8.177570
1090 0.000224 0.089468 800.000000 8.394544
1100 0.000497 0.008702 100.000000 6.493506
1100 0.000554 0.034991 200.000000 6.993007
1100 0.000420 0.065584 300.000000 7.936508
1100 0.000351 0.081556 400.000000 7.677543
1100 0.000338 0.096489 500.000000 8.183306
1100 0.000321 0.108544 600.000000 7.863696
1100 0.000274 0.100996 700.000000 8.187135
1100 0.000238 0.091606 800.000000 8.403361
1110 0.000540 0.014183 100.000000 6.451613
1110 0.000610 0.041522 200.000000 6.993007
1110 0.000441 0.072131 300.000000 7.978724
1110 0.000391 0.088493 400.000000 7.707129
1110 0.000363 0.104426 500.000000 8.196721
1110 0.000336 0.114467 600.000000 7.853403
1110 0.000284 0.107149 700.000000 8.196721
1110 0.000248 0.096716 800.000000 8.394544
1120 0.000457 0.016750 100.000000 6.329114
1120 0.000605 0.046006 200.000000 7.042253
1120 0.000429 0.074561 300.000000 7.957560
1120 0.000402 0.089573 400.000000 7.722008
1120 0.000361 0.104459 500.000000 8.223684
1120 0.000332 0.112302 600.000000 7.874016
1120 0.000280 0.106284 700.000000 8.206330
1120 0.000204 0.095362 800.000000 8.324662
1130 0.000514 0.019821 100.000000 6.060606
1130 0.000618 0.051668 200.000000 7.067138
1130 0.000429 0.077821 300.000000 7.936508
1130 0.000426 0.092334 400.000000 7.751938
1130 0.000359 0.106890 500.000000 8.237232
1130 0.000333 0.112510 600.000000 7.894737
1130 0.000276 0.106697 700.000000 8.206330
1130 0.000206 0.093513 800.000000 8.179959
1140 0.000627 0.020282 100.000000 5.847953
1140 0.000627 0.055961 200.000000 7.142857
1140 0.000430 0.080804 300.000000 7.874016
1140 0.000409 0.095424 400.000000 7.782101
1140 0.000364 0.109513 500.000000 8.250825
1140 0.000336 0.112888 600.000000 7.926024
1140 0.000278 0.107316 700.000000 8.225616
1140 0.000214 0.091810 800.000000 8.154943
1150 0.000697 0.019557 100.000000 5.747127
1150 0.000612 0.059254 200.000000 7.194244
1150 0.000389 0.080309 300.000000 7.500000
1150 0.000399 0.094523 400.000000 7.827789
1150 0.000360 0.107882 500.000000 8.278146
1150 0.000332 0.109906 600.000000 7.957560
1150 0.000272 0.104803 700.000000 8.244994
1150 0.000216 0.088074 800.000000 8.163265
1160 0.000811 0.022864 100.000000 5.780347
1160 0.000604 0.060853 200.000000 7.299270
1160 0.000408 0.079956 300.000000 7.352941
1160 0.000398 0.093427 400.000000 7.874016
1160 0.000356 0.106312 500.000000 8.291874
1160 0.000330 0.106518 600.000000 8.000000
1160 0.000260 0.101312 700.000000 8.274232
1160 0.000220 0.083597 800.000000 8.179959
1170 0.000853 0.026030 100.000000 5.917160
1170 0.000596 0.063479 200.000000 7.434944
1170 0.000399 0.081351 300.000000 7.389163
1170 0.000403 0.094184 400.000000 7.968128
1170 0.000362 0.107357 500.000000 8.347245
1170 0.000330 0.106558 600.000000 8.064516
1170 0.000255 0.101069 700.000000 8.323424
1170 0.000222 0.082507 800.000000 8.230453
1180 0.000858 0.029449 100.000000 6.097561
1180 0.000596 0.065462 200.000000 7.604563
1180 0.000407 0.081908 300.000000 7.500000
1180 0.000411 0.095310 400.000000 8.064516
1180 0.000363 0.108148 500.000000 8.417508
1180 0.000330 0.106822 600.000000 8.130081
1180 0.000251 0.100948 700.000000 8.383233
1180 0.000224 0.081575 800.000000 8.281573
1190 0.000820 0.029919 100.000000 6.369427
1190 0.000577 0.064181 200.000000 7.843137
1190 0.000401 0.080058 300.000000 7.614213
1190 0.000402 0.092879 400.000000 8.196721
1190 0.000356 0.105669 500.000000 8.503402
1190 0.000321 0.104019 600.000000 8.207934
1190 0.000244 0.098034 700.000000 8.454106
1190 0.000218 0.078481 800.000000 8.342023
1200 0.000849 0.029471 100.000000 6.666667
1200 0.000577 0.063971 200.000000 8.064516
1200 0.000400 0.079191 300.000000 7.731959
1200 0.000405 0.091800 400.000000 8.316009
1200 0.000356 0.104293 500.000000 8.576329
1200 0.000317 0.102106 600.000000 8.287292
1200 0.000243 0.096172 700.000000 8.526188
1200 0.000218 0.076570 800.000000 8.412198
1210 0.000830 0.026437 100.000000 6.896552
1210 0.000541 0.060414 200.000000 8.264462
1210 0.000393 0.074197 300.000000 7.853403
1210 0.000386 0.086615 400.000000 8.421053
1210 0.000345 0.098609 500.000000 8.605852
1210 0.000301 0.095579 600.000000 8.368201
1210 0.000232 0.089830 700.000000 8.588957
1210 0.000212 0.070543 800.000000 8.465609
1220 0.000744 0.025941 100.000000 7.092198
1220 0.000508 0.057495 200.000000 8.438819
1220 0.000385 0.070236 300.000000 7.936508
1220 0.000374 0.082566 400.000000 8.510638
1220 0.000363 0.094184 500.000000 8.591065
1220 0.000287 0.091376 600.000000 8.426967
1220 0.000227 0.086048 700.000000 8.641975
1220 0.000208 0.066836 800.000000 8.519702
1230 0.000751 0.029978 100.000000 7.246377
1230 0.000524 0.059523 200.000000 8.620689
1230 0.000402 0.072062 300.000000 8.021390
1230 0.000384 0.084563 400.000000 8.583691
1230 0.000364 0.096557 500.000000 8.460237
1230 0.000283 0.092889 600.000000 8.474576
1230 0.000230 0.087401 700.000000 8.695652
1230 0.000210 0.066746 800.000000 8.556149
1240 0.000775 0.034180 100.000000 7.407407
1240 0.000519 0.064405 200.000000 8.733624
1240 0.000412 0.075794 300.000000 8.086253
1240 0.000399 0.088075 400.000000 8.658009
1240 0.000354 0.100702 500.000000 8.278146
1240 0.000286 0.095163 600.000000 8.510638
1240 0.000231 0.089006 700.000000 8.728180
1240 0.000218 0.066523 800.000000 8.592911
1250 0.000819 0.041899 100.000000 7.462687
1250 0.000526 0.070257 200.000000 8.849558
1250 0.000416 0.080262 300.000000 8.152174
1250 0.000395 0.092638 400.000000 8.714597
1250 0.000357 0.103594 500.000000 8.196721
1250 0.000292 0.097306 600.000000 8.534851
1250 0.000238 0.089918 700.000000 8.750000
1250 0.000225 0.065440 800.000000 8.629990
1260 0.000813 0.043059 100.000000 7.575758
1260 0.000502 0.068341 200.000000 8.968610
1260 0.000423 0.077861 300.000000 8.196721
1260 0.000390 0.090221 400.000000 8.752735
1260 0.000346 0.099549 500.000000 8.183306
1260 0.000281 0.094275 600.000000 8.559201
1260 0.000233 0.086781 700.000000 8.760951
1260 0.000221 0.061097 800.000000 8.648648
1270 0.000803 0.044814 100.000000 7.692307
1270 0.000487 0.067548 200.000000 9.049774
1270 0.000428 0.077085 300.000000 8.241758
1270 0.000391 0.089039 400.000000 8.810573
1270 0.000344 0.097057 500.000000 8.223684
1270 0.000277 0.093441 600.000000 8.583691
1270 0.000198 0.085770 700.000000 8.739077
1270 0.000219 0.059233 800.000000 8.686211
1280 0.000810 0.047219 100.000000 7.936508
1280 0.000459 0.067961 200.000000 9.132421
1280 0.000439 0.076785 300.000000 8.333333
1280 0.000374 0.088364 400.000000 8.888889
1280 0.000330 0.095077 500.000000 8.278146
1280 0.000268 0.091461 600.000000 8.633094
1280 0.000173 0.083045 700.000000 8.674102
1280 0.000219 0.056171 800.000000 8.724100
1290 0.000777 0.047533 100.000000 8.264462
1290 0.000447 0.065964 200.000000 9.259259
1290 0.000444 0.074526 300.000000 8.450705
1290 0.000358 0.085997 400.000000 8.968610
1290 0.000324 0.091546 500.000000 8.347245
1290 0.000257 0.088359 600.000000 8.683068
1290 0.000176 0.079095 700.000000 8.599508
1290 0.000216 0.052952 800.000000 8.771930
1300 0.000711 0.047140 100.000000 8.620689
1300 0.000415 0.063035 200.000000 9.389671
1300 0.000415 0.071182 300.000000 8.595988
1300 0.000337 0.082422 400.000000 9.070294
1300 0.000305 0.087167 500.000000 8.431704
1300 0.000243 0.084267 600.000000 8.746356
1300 0.000174 0.074160 700.000000 8.599508
1300 0.000205 0.049453 800.000000 8.830022
1310 0.000628 0.040689 100.000000 9.090909
1310 0.000378 0.055227 200.000000 9.478673
1310 0.000360 0.063321 300.000000 8.720930
1310 0.000317 0.074042 400.000000 9.174312
1310 0.000289 0.078665 500.000000 8.517887
1310 0.000226 0.076964 600.000000 8.810573
1310 0.000163 0.067094 700.000000 8.631319
1310 0.000196 0.044608 800.000000 8.879024
1320 0.000563 0.037500 100.000000 9.433962
1320 0.000281 0.048748 200.000000 9.009009
1320 0.000325 0.056872 300.000000 8.849558
1320 0.000294 0.067571 400.000000 9.237875
1320 0.000269 0.071582 500.000000 8.591065
1320 0.000210 0.070363 600.000000 8.862629
1320 0.000155 0.060470 700.000000 8.663366
1320 0.000188 0.040066 800.000000 8.928572
1330 0.000422 0.025845 100.000000 9.708738
1330 0.000255 0.035235 200.000000 8.510638
1330 0.000284 0.043976 300.000000 8.928572
1330 0.000263 0.054541 400.000000 9.280743
1330 0.000236 0.059415 500.000000 8.650519
1330 0.000174 0.060059 600.000000 8.888889
1330 0.000141 0.051265 700.000000 8.684863
1330 0.000165 0.034580 800.000000 8.958567
1340 0.000352 0.021956 100.000000 9.900990
1340 0.000235 0.030859 200.000000 8.403361
1340 0.000281 0.039969 300.000000 8.982036
1340 0.000248 0.050895 400.000000 9.259259
1340 0.000232 0.055953 500.000000 8.680555
1340 0.000152 0.056826 600.000000 8.915304
1340 0.000137 0.047617 700.000000 8.706468
1340 0.000154 0.033032 800.000000 8.988764
1350 0.000316 0.018288 100.000000 10.101010
1350 0.000237 0.026481 200.000000 8.368201
1350 0.000287 0.036120 300.000000 9.036144
1350 0.000247 0.046512 400.000000 9.195402
1350 0.000210 0.052268 500.000000 8.695652
1350 0.000139 0.053490 600.000000 8.928572
1350 0.000132 0.043915 700.000000 8.728180
1350 0.000147 0.031350 800.000000 8.998875
1360 0.000339 0.025064 100.000000 10.204082
1360 0.000276 0.032500 200.000000 8.403361
1360 0.000295 0.042491 300.000000 9.063444
1360 0.000293 0.051802 400.000000 9.009009
1360 0.000205 0.057024 500.000000 8.726004
1360 0.000145 0.056942 600.000000 8.955224
1360 0.000138 0.045206 700.000000 8.750000
1360 0.000149 0.032774 800.000000 9.019166
1370 0.000338 0.025990 100.000000 10.526316
1370 0.000267 0.032763 200.000000 8.438819
1370 0.000299 0.042794 300.000000 9.118541
1370 0.000269 0.053505 400.000000 8.639309
1370 0.000192 0.056346 500.000000 8.741259
1370 0.000144 0.055435 600.000000 8.968610
1370 0.000140 0.042731 700.000000 8.771930
1370 0.000151 0.031406 800.000000 9.029346
1380 0.000396 0.031753 100.000000 10.638298
1380 0.000286 0.037126 200.000000 8.474576
1380 0.000317 0.047416 300.000000 9.174312
1380 0.000264 0.058132 400.000000 8.385744
1380 0.000205 0.060319 500.000000 8.756567
1380 0.000151 0.058738 600.000000 8.982036
1380 0.000153 0.043973 700.000000 8.793970
1380 0.000151 0.032914 800.000000 9.039548
1390 0.000298 0.024955 100.000000 10.869565
1390 0.000303 0.031263 200.000000 8.474576
1390 0.000294 0.040819 300.000000 9.202454
1390 0.000246 0.050550 400.000000 8.333333
1390 0.000184 0.053866 500.000000 8.771930
1390 0.000141 0.052849 600.000000 8.982036
1390 0.000141 0.038760 700.000000 8.816121
1390 0.000139 0.030823 800.000000 9.039548
1400 0.000292 0.025544 100.000000 10.752688
1400 0.000299 0.031679 200.000000 8.510638
1400 0.000287 0.040453 300.000000 9.230769
1400 0.000235 0.049181 400.000000 8.333333
1400 0.000171 0.053171 500.000000 8.771930
1400 0.000091 0.051433 600.000000 8.902077
1400 0.000139 0.037070 700.000000 8.827238
1400 0.000134 0.030877 800.000000 9.029346
1410 0.000316 0.020777 100.000000 10.416667
1410 0.000345 0.026539 200.000000 8.510638
1410 0.000263 0.035042 300.000000 9.202454
1410 0.000228 0.043943 400.000000 8.350731
1410 0.000160 0.049891 500.000000 8.756567
1410 0.000093 0.048327 600.000000 8.633094
1410 0.000141 0.034986 700.000000 8.838384
1410 0.000136 0.030939 800.000000 8.958567
1420 0.000482 0.025835 100.000000 9.615385
1420 0.000319 0.030982 200.000000 8.510638
1420 0.000253 0.038660 300.000000 9.174312
1420 0.000229 0.047186 400.000000 8.368201
1420 0.000155 0.052570 500.000000 8.741259
1420 0.000105 0.048326 600.000000 8.534851
1420 0.000143 0.035009 700.000000 8.838384
1420 0.000140 0.031415 800.000000 8.048289
1430 0.000340 0.022916 100.000000 7.575758
1430 0.000268 0.026352 200.000000 8.510638
1430 0.000243 0.033995 300.000000 9.118541
1430 0.000201 0.042214 400.000000 8.385744
1430 0.000133 0.046529 500.000000 8.726004
1430 0.000103 0.041339 600.000000 8.510638
1430 0.000133 0.030653 700.000000 8.849558
1430 0.000151 0.028540 800.000000 7.976072
1440 0.000317 0.020862 100.000000 7.194244
1440 0.000290 0.024283 200.000000 8.510638
1440 0.000224 0.032198 300.000000 9.036144
1440 0.000206 0.040644 400.000000 8.385744
1440 0.000114 0.044319 500.000000 8.710801
1440 0.000107 0.038228 600.000000 8.510638
1440 0.000127 0.029187 700.000000 8.849558
1440 0.000157 0.027154 800.000000 7.960199
1450 0.000241 0.016449 100.000000 7.092198
1450 0.000289 0.021350 200.000000 8.510638
1450 0.000229 0.029195 300.000000 8.849558
1450 0.000185 0.038136 400.000000 8.385744
1450 0.000110 0.041469 500.000000 8.710801
1450 0.000103 0.034809 600.000000 8.522727
1450 0.000130 0.027576 700.000000 8.849558
1450 0.000166 0.025740 800.000000 7.960199
1460 0.000261 0.015877 100.000000 6.993007
1460 0.000269 0.021216 200.000000 8.510638
1460 0.000272 0.029699 300.000000 8.379889
1460 0.000163 0.037584 400.000000 8.385744
1460 0.000117 0.040158 500.000000 8.710801
1460 0.000106 0.032574 600.000000 8.522727
1460 0.000129 0.027007 700.000000 8.838384
1460 0.000166 0.024762 800.000000 7.960199
1470 0.000198 0.012126 100.000000 6.944445
1470 0.000292 0.022146 200.000000 8.510638
1470 0.000239 0.033946 300.000000 7.853403
1470 0.000174 0.038262 400.000000 8.368201
1470 0.000122 0.040208 500.000000 8.695652
1470 0.000123 0.031281 600.000000 8.522727
1470 0.000140 0.026895 700.000000 8.827238
1470 0.000167 0.024086 800.000000 7.960199
1480 0.000339 0.012889 100.000000 6.896552
1480 0.000313 0.023006 200.000000 8.510638
1480 0.000248 0.034476 300.000000 7.712082
1480 0.000177 0.039465 400.000000 8.350731
1480 0.000135 0.041169 500.000000 8.665511
1480 0.000128 0.030925 600.000000 8.534851
1480 0.000137 0.027807 700.000000 8.816121
1480 0.000163 0.024433 800.000000 7.952286
1490 0.000337 0.013754 100.000000 6.944445
1490 0.000308 0.025312 200.000000 8.547009
1490 0.000252 0.035969 300.000000 7.731959
1490 0.000177 0.040047 400.000000 8.350731
1490 0.000096 0.040448 500.000000 8.605852
1490 0.000136 0.029311 600.000000 8.547009
1490 0.000144 0.027685 700.000000 8.805032
1490 0.000171 0.024180 800.000000 7.960199
1500 0.000463 0.012459 100.000000 7.042253
1500 0.000290 0.023917 200.000000 8.620689
1500 0.000246 0.034533 300.000000 7.772021
1500 0.000175 0.039758 400.000000 8.385744
1500 0.000068 0.040225 500.000000 8.417508
1500 0.000141 0.029244 600.000000 8.583691
1500 0.000146 0.028752 700.000000 8.793970
1500 0.000175 0.024967 800.000000 7.976072
1510 0.000439 0.017100 100.000000 7.194244
1510 0.000265 0.028535 200.000000 8.695652
1510 0.000244 0.037330 300.000000 7.853403
1510 0.000171 0.040357 400.000000 8.421053
1510 0.000081 0.038497 500.000000 8.305648
1510 0.000142 0.027377 600.000000 8.633094
1510 0.000161 0.027796 700.000000 8.728180
1510 0.000188 0.024736 800.000000 8.000000
1520 0.000352 0.019531 100.000000 7.462687
1520 0.000266 0.031345 200.000000 8.849558
1520 0.000246 0.038504 300.000000 7.957560
1520 0.000177 0.039972 400.000000 8.492569
1520 0.000088 0.036428 500.000000 8.319468
1520 0.000150 0.025332 600.000000 8.683068
1520 0.000169 0.026601 700.000000 7.856341
1520 0.000200 0.024329 800.000000 8.032128
1530 0.000387 0.021361 100.000000 7.874016
1530 0.000288 0.033441 200.000000 9.090909
1530 0.000255 0.040247 300.000000 8.108109
1530 0.000183 0.041960 400.000000 8.602151
1530 0.000097 0.037755 500.000000 8.389262
1530 0.000159 0.026216 600.000000 8.771930
1530 0.000175 0.027513 700.000000 7.865169
1530 0.000215 0.024861 800.000000 8.080808
1540 0.000471 0.030407 100.000000 8.403361
1540 0.000338 0.041982 200.000000 9.433962
1540 0.000285 0.047407 300.000000 8.287292
1540 0.000207 0.047894 400.000000 8.752735
1540 0.000119 0.042097 500.000000 8.503402
1540 0.000177 0.028395 600.000000 8.875740
1540 0.000193 0.028656 700.000000 7.918552
1540 0.000232 0.025013 800.000000 8.146640
1550 0.000437 0.028906 100.000000 9.009009
1550 0.000331 0.040415 200.000000 9.756098
1550 0.000279 0.045491 300.000000 8.474576
1550 0.000199 0.046153 400.000000 8.908686
1550 0.000116 0.040214 500.000000 8.605852
1550 0.000171 0.027427 600.000000 8.982036
1550 0.000188 0.027871 700.000000 7.972665
1550 0.000228 0.025171 800.000000 8.213552
1560 0.000380 0.022353 100.000000 9.615385
1560 0.000309 0.033173 200.000000 10.050251
1560 0.000248 0.039232 300.000000 8.645534
1560 0.000176 0.041304 400.000000 9.029346
1560 0.000109 0.036202 500.000000 8.710801
1560 0.000158 0.025804 600.000000 9.077156
1560 0.000181 0.027039 700.000000 8.027523
1560 0.000217 0.025854 800.000000 8.273009
1570 0.000398 0.025080 100.000000 10.000000
1570 0.000291 0.036539 200.000000 10.204082
1570 0.000262 0.041243 300.000000 8.771930
1570 0.000169 0.042218 400.000000 9.111617
1570 0.000115 0.035668 500.000000 8.771930
1570 0.000157 0.025564 600.000000 9.146341
1570 0.000189 0.026134 700.000000 8.055236
1570 0.000224 0.026693 800.000000 8.307373
1580 0.000417 0.026791 100.000000 10.416667
1580 0.000305 0.037739 200.000000 10.256411
1580 0.000259 0.041713 300.000000 8.849558
1580 0.000162 0.041802 400.000000 9.174312
1580 0.000118 0.034220 500.000000 8.818342
1580 0.000160 0.025135 600.000000 9.188361
1580 0.000191 0.025309 700.000000 8.073818
1580 0.000227 0.027651 800.000000 8.342023
1590 0.000408 0.025319 100.000000 10.526316
1590 0.000295 0.034567 200.000000 10.050251
1590 0.000227 0.039146 300.000000 8.902077
1590 0.000141 0.039750 400.000000 9.216590
1590 0.000109 0.031847 500.000000 8.865249
1590 0.000155 0.024798 600.000000 9.216590
1590 0.000191 0.024701 700.000000 8.092485
1590 0.000226 0.029061 800.000000 8.359457
1600 0.000319 0.022343 100.000000 10.752688
1600 0.000327 0.031644 200.000000 9.389671
1600 0.000173 0.034898 300.000000 8.928572
1600 0.000132 0.035052 400.000000 9.237875
1600 0.000102 0.027281 500.000000 8.880995
1600 0.000147 0.023034 600.000000 9.230769
1600 0.000184 0.023099 700.000000 8.111239
1600 0.000228 0.030600 800.000000 8.368201
1610 0.000366 0.024229 100.000000 10.752688
1610 0.000273 0.035502 200.000000 8.474576
1610 0.000169 0.035544 300.000000 8.928572
1610 0.000128 0.035374 400.000000 9.237875
1610 0.000113 0.026847 500.000000 8.912656
1610 0.000149 0.023865 600.000000 9.230769
1610 0.000183 0.023446 700.000000 8.111239
1610 0.000234 0.032690 800.000000 8.368201
1620 0.000359 0.023043 100.000000 10.869565
1620 0.000276 0.033290 200.000000 8.163265
1620 0.000174 0.034419 300.000000 8.928572
1620 0.000144 0.034643 400.000000 9.237875
1620 0.000122 0.025827 500.000000 8.928572
1620 0.000144 0.024763 600.000000 9.230769
1620 0.000178 0.024180 700.000000 8.111239
1620 0.000236 0.034800 800.000000 8.359457
1630 0.000274 0.020224 100.000000 10.869565
1630 0.000233 0.028845 200.000000 8.130081
1630 0.000152 0.028988 300.000000 8.928572
1630 0.000127 0.029008 400.000000 9.153318
1630 0.000122 0.020686 500.000000 8.944544
1630 0.000147 0.022439 600.000000 9.202454
1630 0.000182 0.023247 700.000000 8.111239
1630 0.000248 0.036688 800.000000 8.359457
1640 0.000148 0.012108 100.000000 10.869565
1640 0.000169 0.019124 200.000000 8.163265
1640 0.000120 0.022777 300.000000 8.902077
1640 0.000039 0.022664 400.000000 8.849558
1640 0.000101 0.018436 500.000000 8.944544
1640 0.000134 0.022290 600.000000 9.146341
1640 0.000172 0.024291 700.000000 8.111239
1640 0.000236 0.038202 800.000000 8.368201
1650 0.000160 0.018551 100.000000 10.752688
1650 0.000193 0.024542 200.000000 8.163265
1650 0.000128 0.026337 300.000000 8.875740
1650 0.000023 0.023861 400.000000 8.547009
1650 0.000108 0.018666 500.000000 8.960573
1650 0.000155 0.022682 600.000000 8.862629
1650 0.000191 0.024959 700.000000 8.101851
1650 0.000244 0.040244 800.000000 8.368201
1660 0.000228 0.021029 100.000000 10.526316
1660 0.000201 0.027020 200.000000 8.196721
1660 0.000132 0.028349 300.000000 8.823529
1660 0.000041 0.024392 400.000000 8.492569
1660 0.000121 0.019202 500.000000 8.960573
1660 0.000154 0.023303 600.000000 7.812500
1660 0.000213 0.026321 700.000000 8.101851
1660 0.000255 0.042661 800.000000 8.359457
1670 0.000223 0.020648 100.000000 10.204082
1670 0.000207 0.025641 200.000000 8.196721
1670 0.000140 0.026004 300.000000 8.797654
1670 0.000055 0.021393 400.000000 8.474576
1670 0.000126 0.017765 500.000000 8.960573
1670 0.000169 0.021815 600.000000 7.782101
1670 0.000220 0.027808 700.000000 8.101851
1670 0.000261 0.045331 800.000000 8.342023
1680 0.000217 0.015192 100.000000 9.708738
1680 0.000196 0.021694 200.000000 8.196721
1680 0.000148 0.022671 300.000000 8.797654
1680 0.000064 0.018126 400.000000 8.492569
1680 0.000141 0.016541 500.000000 8.960573
1680 0.000172 0.021185 600.000000 7.772021
1680 0.000226 0.030016 700.000000 8.101851
1680 0.000259 0.048614 800.000000 8.324662
1690 0.000356 0.014947 100.000000 8.620689
1690 0.000149 0.021883 200.000000 8.196721
1690 0.000131 0.022552 300.000000 8.797654
1690 0.000072 0.017466 400.000000 8.492569
1690 0.000148 0.017473 500.000000 8.960573
1690 0.000180 0.021334 600.000000 7.782101
1690 0.000240 0.032374 700.000000 8.101851
1690 0.000260 0.051166 800.000000 8.324662
1700 0.000316 0.021535 100.000000 6.993007
1700 0.000173 0.022696 200.000000 8.163265
1700 0.000161 0.023482 300.000000 8.771930
1700 0.000100 0.017608 400.000000 8.510638
1700 0.000154 0.018970 500.000000 8.944544
1700 0.000188 0.022872 600.000000 7.772021
1700 0.000252 0.035837 700.000000 8.092485
1700 0.000267 0.054808 800.000000 8.324662
1710 0.000310 0.022246 100.000000 6.493506
1710 0.000169 0.022422 200.000000 8.163265
1710 0.000181 0.022752 300.000000 8.746356
1710 0.000111 0.016266 400.000000 8.510638
1710 0.000153 0.019266 500.000000 8.928572
1710 0.000187 0.023053 600.000000 7.772021
1710 0.000261 0.037547 700.000000 8.083141
1710 0.000269 0.056999 800.000000 8.324662
1720 0.000282 0.021507 100.000000 6.410256
1720 0.000171 0.021188 200.000000 8.130081
1720 0.000172 0.021725 300.000000 8.670520
1720 0.000121 0.014519 400.000000 8.528785
1720 0.000158 0.019423 500.000000 8.912656
1720 0.000194 0.024135 600.000000 7.772021
1720 0.000271 0.040574 700.000000 8.073818
1720 0.000275 0.060158 800.000000 8.324662
1730 0.000245 0.021779 100.000000 6.451613
1730 0.000164 0.021532 200.000000 8.097166
1730 0.000103 0.019983 300.000000 8.310249
1730 0.000110 0.014990 400.000000 8.547009
1730 0.000160 0.020478 500.000000 8.849558
1730 0.000200 0.025191 600.000000 7.761966
1730 0.000269 0.042248 700.000000 8.083141
1730 0.000282 0.062069 800.000000 8.307373
1740 0.000261 0.021711 100.000000 6.535948
1740 0.000176 0.021806 200.000000 8.097166
1740 0.000061 0.019056 300.000000 8.000000
1740 0.000110 0.015449 400.000000 8.565310
1740 0.000173 0.022100 500.000000 8.635578
1740 0.000214 0.027350 600.000000 7.772021
1740 0.000271 0.045015 700.000000 8.092485
1740 0.000277 0.064573 800.000000 8.307373
1750 0.000178 0.018960 100.000000 6.622517
1750 0.000140 0.017356 200.000000 8.130081
1750 0.000049 0.013306 300.000000 7.957560
1750 0.000104 0.011673 400.000000 8.602151
1750 0.000148 0.018521 500.000000 7.429420
1750 0.000225 0.026214 600.000000 7.782101
1750 0.000269 0.045043 700.000000 8.101851
1750 0.000277 0.064564 800.000000 8.316009
1760 0.000220 0.018956 100.000000 6.711410
1760 0.000159 0.016623 200.000000 8.163265
1760 0.000036 0.011973 300.000000 7.957560
1760 0.000110 0.010727 400.000000 8.639309
1760 0.000161 0.017848 500.000000 7.407407
1760 0.000234 0.027555 600.000000 7.792208
1760 0.000277 0.046893 700.000000 8.111239
1760 0.000285 0.066689 800.000000 8.333333
1770 0.000204 0.019683 100.000000 6.849315
1770 0.000151 0.015779 200.000000 8.230453
1770 0.000018 0.010348 300.000000 8.021390
1770 0.000113 0.010417 400.000000 8.695652
1770 0.000156 0.017159 500.000000 7.418397
1770 0.000230 0.028547 600.000000 7.822686
1770 0.000275 0.047973 700.000000 8.120649
1770 0.000279 0.067348 800.000000 8.359457
1780 0.000216 0.017023 100.000000 6.993007
1780 0.000160 0.013274 200.000000 8.333333
1780 0.000039 0.008329 300.000000 8.108109
1780 0.000129 0.009373 400.000000 8.752735
1780 0.000162 0.016929 500.000000 7.462687
1780 0.000233 0.029896 600.000000 7.863696
1780 0.000267 0.050062 700.000000 8.149011
1780 0.000281 0.069867 800.000000 8.394544
1790 0.000161 0.016041 100.000000 7.246377
1790 0.000147 0.011615 200.000000 8.510638
1790 0.000033 0.007053 300.000000 8.219178
1790 0.000126 0.009439 400.000000 8.849558
1790 0.000171 0.017183 500.000000 7.507507
1790 0.000238 0.031070 600.000000 7.915567
1790 0.000273 0.051467 700.000000 8.187135
1790 0.000282 0.071032 800.000000 8.438819
1800 0.000211 0.005599 100.000000 7.575758
1800 0.000206 0.008438 200.000000 8.733624
1800 0.000082 0.004920 300.000000 8.356546
1800 0.000149 0.004148 400.000000 8.948545
1800 0.000162 0.014604 500.000000 7.575758
1800 0.000249 0.031631 600.000000 7.968128
1800 0.000271 0.052857 700.000000 8.235294
1800 0.000282 0.072803 800.000000 8.483563
1810 0.000246 0.004499 100.000000 7.936508
1810 0.000220 0.009501 200.000000 8.968610
1810 0.000092 0.005230 300.000000 8.522727
1810 0.000147 0.004800 400.000000 9.090909
1810 0.000166 0.015429 500.000000 7.656968
1810 0.000252 0.032714 600.000000 8.042895
1810 0.000268 0.053781 700.000000 8.303678
1810 0.000278 0.073597 800.000000 8.547009
1820 0.000170 0.003404 100.000000 8.474576
1820 0.000193 0.004153 200.000000 9.259259
1820 0.000070 0.002016 300.000000 8.695652
1820 0.000136 0.008113 400.000000 9.237875
1820 0.000165 0.017724 500.000000 7.739938
1820 0.000247 0.034115 600.000000 8.119080
1820 0.000262 0.054455 700.000000 8.373206
1820 0.000275 0.073527 800.000000 8.620689
1830 0.000138 0.007457 100.000000 9.009009
1830 0.000180 0.005743 200.000000 9.615385
1830 0.000062 0.004787 300.000000 8.902077
1830 0.000128 0.011210 400.000000 9.411765
1830 0.000166 0.019763 500.000000 7.836991
1830 0.000249 0.035557 600.000000 8.207934
1830 0.000260 0.055298 700.000000 8.454106
1830 0.000271 0.074435 800.000000 8.686211
1840 0.000099 0.011251 100.000000 9.615385
1840 0.000153 0.008687 200.000000 9.950249
1840 0.000050 0.006342 300.000000 9.090909
1840 0.000127 0.011681 400.000000 9.569378
1840 0.000165 0.019675 500.000000 7.923930
1840 0.000247 0.035653 600.000000 8.275862
1840 0.000265 0.055198 700.000000 8.526188
1840 0.000268 0.074376 800.000000 8.752735
1850 0.000089 0.013657 100.000000 10.204082
1850 0.000152 0.010472 200.000000 10.256411
1850 0.000046 0.008761 300.000000 9.287926
1850 0.000120 0.013671 400.000000 9.708738
1850 0.000157 0.021207 500.000000 8.000000
1850 0.000251 0.036860 600.000000 8.344924
1850 0.000266 0.055999 700.000000 8.599508
1850 0.000263 0.074847 800.000000 8.820287
1860 0.000093 0.013546 100.000000 10.638298
1860 0.000174 0.010022 200.000000 10.471204
1860 0.000058 0.008913 300.000000 9.433962
1860 0.000123 0.014514 400.000000 9.803922
1860 0.000164 0.022326 500.000000 8.064516
1860 0.000260 0.038461 600.000000 8.403361
1860 0.000268 0.057882 700.000000 8.652658
1870 0.000136 0.011450 100.000000 10.869565
1870 0.000193 0.008430 200.000000 10.526316
1870 0.000074 0.008725 300.000000 9.523809
1870 0.000130 0.015786 400.000000 9.828010
1870 0.000170 0.024479 500.000000 8.090615
1870 0.000269 0.041493 600.000000 8.426967
1870 0.000274 0.061326 700.000000 8.674102
1880 0.000155 0.012365 100.000000 10.869565
1880 0.000232 0.006928 200.000000 10.101010
1880 0.000073 0.008477 300.000000 9.523809
1880 0.000143 0.016138 400.000000 9.779951
1880 0.000196 0.025858 500.000000 8.077544
1880 0.000274 0.044068 600.000000 8.426967
1880 0.000285 0.064128 700.000000 8.663366
1890 0.000159 0.013794 100.000000 10.526316
1890 0.000160 0.005116 200.000000 9.009009
1890 0.000062 0.007274 300.000000 9.523809
1890 0.000170 0.015177 400.000000 9.501187
1890 0.000210 0.026344 500.000000 8.064516
1890 0.000282 0.046062 600.000000 8.415147
1890 0.000284 0.066367 700.000000 8.631319
1900 0.000212 0.012998 100.000000 10.309278
1900 0.000134 0.003131 200.000000 8.771930
1900 0.000085 0.006361 300.000000 9.523809
1900 0.000148 0.015294 400.000000 7.648183
1900 0.000246 0.028172 500.000000 8.038586
1900 0.000290 0.048824 600.000000 8.403361
1900 0.000295 0.069179 700.000000 8.620689
1910 0.000281 0.012687 100.000000 10.204082
1910 0.000114 0.005925 200.000000 8.733624
1910 0.000092 0.010191 300.000000 9.493670
1910 0.000153 0.017572 400.000000 7.561437
1910 0.000237 0.030800 500.000000 8.038586
1910 0.000289 0.051125 600.000000 8.379889
1910 0.000292 0.070844 700.000000 8.610086
1920 0.000297 0.013191 100.000000 10.101010
1920 0.000095 0.007751 200.000000 8.733624
1920 0.000115 0.011339 300.000000 9.493670
1920 0.000155 0.019110 400.000000 7.561437
1920 0.000242 0.033221 500.000000 8.038586
1920 0.000277 0.053833 600.000000 8.356546
1920 0.000293 0.073189 700.000000 8.620689
1930 0.000241 0.011106 100.000000 10.101010
1930 0.000040 0.006256 200.000000 8.733624
1930 0.000140 0.012105 300.000000 9.493670
1930 0.000192 0.021113 400.000000 7.561437
1930 0.000271 0.037091 500.000000 8.038586
1930 0.000295 0.058536 600.000000 8.344924
1930 0.000306 0.078737 700.000000 8.620689
1940 0.000225 0.012001 100.000000 10.204082
1940 0.000036 0.006264 200.000000 8.771930
1940 0.000152 0.012995 300.000000 9.493670
1940 0.000201 0.022707 400.000000 7.561437
1940 0.000294 0.040351 500.000000 8.038586
1940 0.000299 0.061734 600.000000 8.356546
1940 0.000308 0.082562 700.000000 8.631319
1950 0.000254 0.008487 100.000000 10.101010
1950 0.000059 0.005669 200.000000 8.849558
1950 0.000146 0.011650 300.000000 9.493670
1950 0.000195 0.022403 400.000000 7.575758
1950 0.000301 0.041486 500.000000 8.038586
1950 0.000305 0.063285 600.000000 8.368201
1950 0.000296 0.084075 700.000000 8.631319
1960 0.000285 0.006828 100.000000 10.000000
1960 0.000083 0.005399 200.000000 8.888889
1960 0.000157 0.011964 300.000000 9.493670
1960 0.000201 0.024156 400.000000 7.575758
1960 0.000314 0.044318 500.000000 8.038586
1960 0.000315 0.066692 600.000000 8.368201
1970 0.000352 0.003382 100.000000 9.433962
1970 0.000083 0.003830 200.000000 8.928572
1970 0.000159 0.011473 300.000000 9.433962
1970 0.000219 0.024992 400.000000 7.575758
1970 0.000318 0.046214 500.000000 8.051530
1970 0.000323 0.068746 600.000000 8.368201
1980 0.000333 0.004113 100.000000 8.000000
1980 0.000096 0.004178 200.000000 9.009009
1980 0.000177 0.011306 300.000000 9.287926
1980 0.000233 0.025764 400.000000 7.590133
1980 0.000316 0.047651 500.000000 8.064516
1980 0.000322 0.070184 600.000000 8.356546
1990 0.000275 0.007530 100.000000 7.575758
1990 0.000108 0.005910 200.000000 9.049774
1990 0.000170 0.012299 300.000000 7.109005
1990 0.000247 0.027552 400.000000 7.590133
1990 0.000319 0.049984 500.000000 8.077544
1990 0.000320 0.071946 600.000000 8.368201
2000 0.000240 0.009019 100.000000 7.518797
2000 0.000126 0.005493 200.000000 9.090909
2000 0.000184 0.013096 300.000000 6.976744
2000 0.000283 0.028834 400.000000 7.604563
2000 0.000333 0.051811 500.000000 8.077544
2000 0.000339 0.073903 600.000000 8.368201
2010 0.000243 0.006265 100.000000 7.518797
2010 0.000160 0.006667 200.000000 9.132421
2010 0.000227 0.017454 300.000000 6.944445
2010 0.000296 0.032618 400.000000 7.619048
2010 0.000340 0.055481 500.000000 8.064516
2010 0.000344 0.077599 600.000000 8.379889
2020 0.000248 0.005675 100.000000 7.575758
2020 0.000177 0.008708 200.000000 9.174312
2020 0.000246 0.020676 300.000000 6.944445
2020 0.000305 0.037247 400.000000 7.619048
2020 0.000340 0.060374 500.000000 8.051530
2020 0.000350 0.082659 600.000000 8.391608
2030 0.000181 0.005928 100.000000 7.633588
2030 0.000196 0.010845 200.000000 9.132421
2030 0.000273 0.023652 300.000000 6.944445
2030 0.000334 0.042319 400.000000 7.619048
2030 0.000350 0.066183 500.000000 8.038586
2030 0.000357 0.088194 600.000000 8.403361
2040 0.000178 0.007667 100.000000 7.692307
2040 0.000197 0.011308 200.000000 9.132421
2040 0.000268 0.024778 300.000000 6.944445
2040 0.000342 0.044484 400.000000 7.619048
2040 0.000353 0.067919 500.000000 8.051530
2040 0.000346 0.090414 600.000000 8.403361
2050 0.000227 0.014953 100.000000 7.751938
2050 0.000158 0.008214 200.000000 9.132421
2050 0.000233 0.022181 300.000000 6.960557
2050 0.000345 0.042186 400.000000 7.619048
2050 0.000345 0.065620 500.000000 8.064516
2060 0.000196 0.015303 100.000000 7.936508
2060 0.000149 0.006695 200.000000 9.174312
2060 0.000234 0.023114 300.000000 6.993007
2060 0.000350 0.044570 400.000000 7.633588
2060 0.000351 0.067874 500.000000 8.090615
2070 0.000378 0.015021 100.000000 8.196721
2070 0.000268 0.027975 200.000000 9.302325
2070 0.000304 0.039751 300.000000 7.058824
2070 0.000403 0.060937 400.000000 7.707129
2070 0.000402 0.084874 500.000000 8.130081
2080 0.000484 0.024553 100.000000 8.620689
2080 0.000330 0.039095 200.000000 9.478673
2080 0.000355 0.049154 300.000000 7.142857
2080 0.000429 0.070052 400.000000 7.797271
2080 0.000430 0.094076 500.000000 8.196721
2090 0.000536 0.032199 100.000000 9.259259
2090 0.000388 0.049075 200.000000 9.756098
2090 0.000394 0.058131 300.000000 7.263923
2090 0.000463 0.080175 400.000000 7.905138
2090 0.000451 0.104405 500.000000 8.291874
2100 0.000519 0.031547 100.000000 9.900990
2100 0.000408 0.048643 200.000000 9.950249
2100 0.000404 0.058598 300.000000 7.389163
2100 0.000460 0.081493 400.000000 8.016032
2100 0.000447 0.105760 500.000000 8.389262
2110 0.000470 0.029931 100.000000 10.526316
2110 0.000426 0.047066 200.000000 9.950249
2110 0.000411 0.058032 300.000000 7.500000
2110 0.000472 0.082130 400.000000 8.113590
2110 0.000441 0.106611 500.000000 8.460237
2120 0.000464 0.027741 100.000000 10.989011
2120 0.000388 0.044809 200.000000 6.872852
2120 0.000411 0.056756 300.000000 7.556675
2120 0.000462 0.081562 400.000000 8.179959
2120 0.000434 0.105655 500.000000 8.517887
2130 0.000455 0.026948 100.000000 11.235955
2130 0.000391 0.043651 200.000000 6.688963
2130 0.000458 0.056426 300.000000 7.594937
2130 0.000470 0.082469 400.000000 8.196721
2130 0.000450 0.106648 500.000000 8.532423
2140 0.000413 0.024733 100.000000 11.363636
2140 0.000399 0.039977 200.000000 6.644518
2140 0.000443 0.056302 300.000000 7.614213
2140 0.000470 0.083296 400.000000 8.179959
2140 0.000442 0.107238 500.000000 8.547009
2150 0.000448 0.027297 100.000000 11.363636
2150 0.000397 0.041042 200.000000 6.622517
2150 0.000443 0.059211 300.000000 7.614213
2150 0.000455 0.086308 400.000000 8.146640
2150 0.000440 0.109996 500.000000 8.547009
2160 0.000453 0.027592 100.000000 11.235955
2160 0.000411 0.039486 200.000000 6.622517
2160 0.000468 0.061365 300.000000 7.594937
2160 0.000452 0.088300 400.000000 8.130081
2160 0.000437 0.111771 500.000000 8.547009
2170 0.000369 0.025196 100.000000 11.111111
2170 0.000365 0.037234 200.000000 6.600660
2170 0.000461 0.060150 300.000000 7.575758
2170 0.000439 0.085867 400.000000 8.130081
2170 0.000405 0.108666 500.000000 8.547009
2180 0.000324 0.023123 100.000000 10.869565
2180 0.000321 0.035642 200.000000 6.578948
2180 0.000467 0.059864 300.000000 7.537688
2180 0.000431 0.085436 400.000000 8.113590
2190 0.000317 0.023726 100.000000 10.526316
2190 0.000343 0.037100 200.000000 6.557377
2190 0.000472 0.063154 300.000000 7.518797
2190 0.000440 0.088142 400.000000 8.097166
2200 0.000478 0.023872 100.000000 9.900990
2200 0.000425 0.043177 200.000000 6.535948
2200 0.000491 0.071904 300.000000 7.518797
2200 0.000459 0.097135 400.000000 8.064516
2210 0.000409 0.024945 100.000000 4.926108
2210 0.000456 0.044969 200.000000 6.514658
2210 0.000497 0.074090 300.000000 7.518797
2210 0.000450 0.098910 400.000000 8.032128
2220 0.000343 0.023553 100.000000 4.694836
2220 0.000466 0.043052 200.000000 6.493506
2220 0.000497 0.072081 300.000000 7.481297
2220 0.000463 0.095976 400.000000 8.016032
2230 0.000372 0.023136 100.000000 4.651163
2230 0.000453 0.042591 200.000000 6.493506
2230 0.000476 0.070678 300.000000 7.444169
2230 0.000443 0.093330 400.000000 8.032128
2240 0.000421 0.024810 100.000000 4.651163
2240 0.000463 0.044446 200.000000 6.493506
2240 0.000469 0.072599 300.000000 7.407407
2240 0.000443 0.094688 400.000000 8.032128
2250 0.000422 0.025614 100.000000 4.651163
2250 0.000483 0.045940 200.000000 6.514658
2250 0.000448 0.073159 300.000000 7.425743
2250 0.000434 0.095665 400.000000 8.048289
2260 0.000394 0.028081 100.000000 4.672897
2260 0.000528 0.051089 200.000000 6.493506
2260 0.000465 0.077093 300.000000 7.444169
2260 0.000417 0.099567 400.000000 8.048289
2270 0.000372 0.033079 100.000000 4.672897
2270 0.000556 0.056065 200.000000 6.493506
2270 0.000484 0.082256 300.000000 7.444169
2280 0.000405 0.033548 100.000000 4.716981
2280 0.000567 0.058947 200.000000 6.514658
2280 0.000492 0.084121 300.000000 7.481297
2290 0.000427 0.033283 100.000000 4.761905
2290 0.000550 0.059812 200.000000 6.578948
2290 0.000504 0.084833 300.000000 7.500000
2300 0.000403 0.030479 100.000000 4.854369
2300 0.000516 0.056237 200.000000 6.688963
2300 0.000475 0.081423 300.000000 7.556675
2310 0.000394 0.026857 100.000000 5.000000
2310 0.000521 0.053271 200.000000 6.825939
2310 0.000456 0.077898 300.000000 7.672634
2320 0.000408 0.024444 100.000000 5.181347
2320 0.000512 0.053500 200.000000 7.017544
2320 0.000457 0.078313 300.000000 7.812500
2330 0.000441 0.026505 100.000000 5.434783
2330 0.000518 0.055345 200.000000 7.246377
2330 0.000464 0.080085 300.000000 8.000000
2340 0.000466 0.028862 100.000000 5.747127
2340 0.000531 0.057791 200.000000 7.518797
2340 0.000473 0.082588 300.000000 8.219178
2350 0.000465 0.028891 100.000000 6.097561
2350 0.000530 0.057778 200.000000 7.812500
2350 0.000473 0.082566 300.000000 8.450705
2360 0.000468 0.029553 100.000000 6.493506
2360 0.000534 0.058206 200.000000 8.130081
2360 0.000475 0.082990 300.000000 8.695652
2370 0.000472 0.030054 100.000000 6.944445
2370 0.000541 0.059376 200.000000 8.438819
2370 0.000477 0.083506 300.000000 8.955224
2380 0.000478 0.030682 100.000000 7.462687
2380 0.000544 0.059880 200.000000 8.810573
2380 0.000479 0.084017 300.000000 9.230769
2390 0.000469 0.028662 100.000000 8.064516
2390 0.000536 0.058419 200.000000 9.216590
2390 0.000474 0.082611 300.000000 9.523809
2400 0.000479 0.029598 100.000000 8.771930
2400 0.000541 0.059336 200.000000 9.661836
2400 0.000478 0.083572 300.000000 9.836065
2410 0.000492 0.029365 100.000000 9.345795
2410 0.000543 0.060030 200.000000 10.050251
2410 0.000471 0.084175 300.000000 10.101010
2420 0.000642 0.032483 100.000000 9.900990
2420 0.000573 0.065322 200.000000 10.362695
2420 0.000492 0.088869 300.000000 10.309278
2430 0.000638 0.033652 100.000000 10.309278
2430 0.000575 0.066677 200.000000 10.526316
2430 0.000504 0.088626 300.000000 10.452962
2440 0.000621 0.036820 100.000000 10.526316
2440 0.000579 0.066937 200.000000 10.582010
2440 0.000482 0.087634 300.000000 10.526316
2450 0.000660 0.044300 100.000000 10.638298
2450 0.000561 0.074288 200.000000 10.471204
2450 0.000488 0.093165 300.000000 10.563380
2460 0.000724 0.047781 100.000000 10.638298
2460 0.000531 0.073888 200.000000 10.471204
2460 0.000476 0.092086 300.000000 10.563380
2470 0.000702 0.048881 100.000000 10.526316
2470 0.000522 0.072233 200.000000 10.471204
2470 0.000440 0.090460 300.000000 10.563380
2480 0.000768 0.051530 100.000000 10.416667
2480 0.000539 0.074804 200.000000 10.526316
2490 0.000755 0.050552 100.000000 10.416667
2490 0.000540 0.073698 200.000000 10.526316
2500 0.000670 0.046522 100.000000 10.526316
2500 0.000535 0.068146 200.000000 10.471204
2510 0.000632 0.044310 100.000000 10.638298
2510 0.000486 0.065117 200.000000 10.416667
2520 0.000537 0.035714 100.000000 10.638298
2520 0.000441 0.054071 200.000000 10.416667
2530 0.000545 0.037411 100.000000 10.416667
2530 0.000450 0.053598 200.000000 10.416667
2540 0.000457 0.040531 100.000000 10.204082
2540 0.000440 0.055673 200.000000 10.416667
2550 0.000444 0.035967 100.000000 10.101010
2550 0.000427 0.052256 200.000000 10.416667
2560 0.000363 0.029488 100.000000 10.204082
2560 0.000383 0.047086 200.000000 10.471204
2570 0.000403 0.026167 100.000000 10.309278
2570 0.000328 0.043498 200.000000 10.526316
2580 0.000387 0.023373 100.000000 10.416667
2590 0.000466 0.024957 100.000000 10.309278
2600 0.000401 0.026088 100.000000 10.101010
2610 0.000418 0.027775 100.000000 10.000000
2620 0.000403 0.018925 100.000000 10.101010
2630 0.000400 0.019490 100.000000 10.309278
2640 0.000453 0.025169 100.000000 10.526316
2650 0.000432 0.027351 100.000000 10.638298
2660 0.000341 0.027664 100.000000 10.638298
