0 0.000994 0.056257 100.000000 8.474576
0 0.000542 0.079786 200.000000 9.478673
0 0.000502 0.081747 300.000000 10.452962
0 0.000361 0.067084 400.000000 10.498688
0 0.000273 0.075885 500.000000 10.438414
0 0.000266 0.086023 600.000000 10.434783
0 0.000207 0.093241 700.000000 10.294118
0 0.000212 0.084748 800.000000 10.282776
10 0.000949 0.053336 100.000000 9.009009
10 0.000521 0.075236 200.000000 9.756098
10 0.000482 0.076421 300.000000 10.714286
10 0.000345 0.063573 400.000000 10.695188
10 0.000265 0.072529 500.000000 10.593221
10 0.000253 0.082323 600.000000 10.563380
10 0.000199 0.089324 700.000000 10.385756
10 0.000207 0.080351 800.000000 10.376135
20 0.000825 0.044955 100.000000 9.523809
20 0.000457 0.064753 200.000000 10.050251
20 0.000442 0.066304 300.000000 10.989011
20 0.000321 0.057745 400.000000 10.840109
20 0.000248 0.066554 500.000000 10.729613
20 0.000232 0.075838 600.000000 10.676157
20 0.000185 0.082442 700.000000 10.463378
20 0.000197 0.073073 800.000000 10.471204
30 0.000763 0.041619 100.000000 10.101010
30 0.000444 0.060959 200.000000 10.256411
30 0.000421 0.060822 300.000000 11.235955
30 0.000304 0.054538 400.000000 10.958904
30 0.000234 0.063029 500.000000 10.845987
30 0.000211 0.071833 600.000000 10.771993
30 0.000175 0.078082 700.000000 10.510510
30 0.000187 0.068035 800.000000 10.554090
40 0.000743 0.040082 100.000000 10.526316
40 0.000427 0.057231 200.000000 10.471204
40 0.000393 0.055255 300.000000 11.450381
40 0.000287 0.051015 400.000000 11.049724
40 0.000216 0.059154 500.000000 10.917030
40 0.000190 0.067355 600.000000 10.830325
40 0.000174 0.072841 700.000000 10.542169
40 0.000177 0.062345 800.000000 10.624170
50 0.000647 0.036290 100.000000 10.989011
50 0.000404 0.052468 200.000000 10.638298
50 0.000385 0.050397 300.000000 11.583012
50 0.000277 0.049303 400.000000 11.080333
50 0.000215 0.056751 500.000000 10.989011
50 0.000179 0.064699 600.000000 10.889292
50 0.000175 0.069560 700.000000 10.558069
50 0.000180 0.057882 800.000000 10.680908
60 0.000562 0.032830 100.000000 11.363636
60 0.000399 0.047358 200.000000 10.810811
60 0.000354 0.044535 300.000000 11.673152
60 0.000261 0.046523 400.000000 11.111111
60 0.000196 0.053800 500.000000 11.013216
60 0.000165 0.061254 600.000000 10.928962
60 0.000183 0.065078 700.000000 10.558069
60 0.000177 0.052810 800.000000 10.738256
70 0.000455 0.031640 100.000000 11.494253
70 0.000363 0.043187 200.000000 10.989011
70 0.000317 0.040228 300.000000 11.673152
70 0.000246 0.044458 400.000000 11.111111
70 0.000190 0.051788 500.000000 10.989011
70 0.000154 0.058850 600.000000 10.928962
70 0.000187 0.061168 700.000000 10.558069
70 0.000166 0.048578 800.000000 10.767160
80 0.000368 0.029501 100.000000 11.494253
80 0.000338 0.040387 200.000000 11.111111
80 0.000297 0.037995 300.000000 11.627907
80 0.000228 0.043223 400.000000 11.080333
80 0.000185 0.050270 500.000000 10.940919
80 0.000140 0.057083 600.000000 10.909091
80 0.000175 0.057269 700.000000 10.558069
80 0.000155 0.044642 800.000000 10.810811
90 0.000307 0.026035 100.000000 11.494253
90 0.000346 0.037470 200.000000 11.299435
90 0.000287 0.037650 300.000000 11.583012
90 0.000210 0.043577 400.000000 11.049724
90 0.000183 0.050496 500.000000 10.917030
90 0.000135 0.056909 600.000000 10.869565
90 0.000178 0.054908 700.000000 10.558069
90 0.000148 0.042226 800.000000 10.840109
100 0.000199 0.020261 100.000000 11.235955
100 0.000327 0.031004 200.000000 11.494253
100 0.000276 0.034498 300.000000 11.494253
100 0.000171 0.040413 400.000000 11.049724
100 0.000167 0.047284 500.000000 10.917030
100 0.000125 0.053173 600.000000 10.791367
100 0.000176 0.049145 700.000000 10.574018
100 0.000133 0.037253 800.000000 10.854816
110 0.000173 0.017816 100.000000 10.869565
110 0.000348 0.029949 200.000000 11.627907
110 0.000265 0.035026 300.000000 11.450381
110 0.000176 0.041380 400.000000 11.049724
110 0.000176 0.048900 500.000000 10.917030
110 0.000126 0.054437 600.000000 10.695188
110 0.000178 0.047889 700.000000 10.574018
110 0.000128 0.036148 800.000000 10.854816
120 0.000176 0.017597 100.000000 10.526316
120 0.000361 0.032658 200.000000 11.764706
120 0.000296 0.039677 300.000000 11.320755
120 0.000205 0.046558 400.000000 11.019283
120 0.000186 0.055074 500.000000 10.893247
120 0.000151 0.060613 600.000000 10.619469
120 0.000187 0.050558 700.000000 10.590015
120 0.000123 0.038037 800.000000 10.825439
130 0.000187 0.018203 100.000000 10.309278
130 0.000365 0.032972 200.000000 11.834319
130 0.000289 0.039841 300.000000 11.194030
130 0.000193 0.046343 400.000000 10.989011
130 0.000167 0.054865 500.000000 10.869565
130 0.000149 0.059603 600.000000 10.544815
130 0.000183 0.047188 700.000000 10.606061
130 0.000108 0.036031 800.000000 10.796222
140 0.000290 0.024695 100.000000 10.204082
140 0.000391 0.039699 200.000000 11.764706
140 0.000309 0.044675 300.000000 11.070110
140 0.000213 0.051257 400.000000 10.928962
140 0.000168 0.060068 500.000000 10.822511
140 0.000170 0.063837 600.000000 10.452962
140 0.000196 0.048481 700.000000 10.606061
140 0.000101 0.038459 800.000000 10.767160
150 0.000438 0.033107 100.000000 10.204082
150 0.000422 0.044512 200.000000 11.695907
150 0.000320 0.049699 300.000000 10.948905
150 0.000226 0.056625 400.000000 10.869565
150 0.000171 0.064844 500.000000 10.799136
150 0.000204 0.067192 600.000000 10.398614
150 0.000203 0.049849 700.000000 10.638298
150 0.000089 0.041478 800.000000 10.752688
160 0.000416 0.032969 100.000000 10.416667
160 0.000388 0.042561 200.000000 11.627907
160 0.000294 0.048127 300.000000 10.869565
160 0.000222 0.054903 400.000000 10.810811
160 0.000158 0.062186 500.000000 10.775862
160 0.000202 0.062278 600.000000 10.380623
160 0.000185 0.045360 700.000000 10.670732
160 0.000079 0.039186 800.000000 10.767160
170 0.000437 0.027890 100.000000 10.752688
170 0.000354 0.038193 200.000000 11.560694
170 0.000245 0.044237 300.000000 10.869565
170 0.000203 0.051020 400.000000 10.752688
170 0.000138 0.057126 500.000000 10.729613
170 0.000177 0.054957 600.000000 10.398614
170 0.000163 0.039524 700.000000 10.703364
170 0.000063 0.035506 800.000000 10.767160
180 0.000493 0.031409 100.000000 11.111111
180 0.000361 0.039797 200.000000 11.494253
180 0.000224 0.044873 300.000000 10.869565
180 0.000186 0.050778 400.000000 10.781672
180 0.000138 0.056007 500.000000 10.706638
180 0.000187 0.051879 600.000000 10.416667
180 0.000150 0.037488 700.000000 10.752688
180 0.000061 0.034922 800.000000 10.767160
190 0.000520 0.031748 100.000000 11.627907
190 0.000362 0.038995 200.000000 11.560694
190 0.000197 0.043203 300.000000 10.948905
190 0.000181 0.049491 400.000000 10.810811
190 0.000131 0.054399 500.000000 10.660981
190 0.000190 0.048239 600.000000 10.452962
190 0.000137 0.034350 700.000000 10.785825
190 0.000066 0.032935 800.000000 10.752688
200 0.000522 0.031485 100.000000 12.345679
200 0.000348 0.039375 200.000000 11.627907
200 0.000199 0.043706 300.000000 11.029411
200 0.000187 0.050277 400.000000 10.899182
200 0.000129 0.054832 500.000000 10.638298
200 0.000193 0.046654 600.000000 10.507881
200 0.000133 0.033134 700.000000 10.835914
200 0.000077 0.032707 800.000000 10.738256
210 0.000543 0.033017 100.000000 12.987013
210 0.000356 0.040115 200.000000 11.695907
210 0.000208 0.043930 300.000000 11.152416
210 0.000193 0.050820 400.000000 10.958904
210 0.000141 0.055039 500.000000 10.638298
210 0.000187 0.044771 600.000000 10.563380
210 0.000120 0.031865 700.000000 10.852714
210 0.000085 0.032006 800.000000 10.709505
220 0.000558 0.033732 100.000000 13.513514
220 0.000350 0.041231 200.000000 11.695907
220 0.000219 0.045286 300.000000 11.194030
220 0.000173 0.052115 400.000000 10.989011
220 0.000140 0.055788 500.000000 10.593221
220 0.000186 0.043369 600.000000 10.600707
220 0.000106 0.031375 700.000000 10.852714
220 0.000103 0.031974 800.000000 10.666667
230 0.000543 0.036102 100.000000 13.698630
230 0.000351 0.042040 200.000000 11.560694
230 0.000205 0.046197 300.000000 11.194030
230 0.000160 0.053655 400.000000 10.989011
230 0.000150 0.056439 500.000000 10.548523
230 0.000187 0.041728 600.000000 10.638298
230 0.000092 0.030840 700.000000 10.852714
230 0.000125 0.031025 800.000000 10.582010
240 0.000528 0.035536 100.000000 13.698630
240 0.000327 0.040794 200.000000 11.428572
240 0.000188 0.044823 300.000000 11.152416
240 0.000138 0.051285 400.000000 10.958904
240 0.000158 0.052666 500.000000 10.460251
240 0.000186 0.037309 600.000000 10.676157
240 0.000075 0.028934 700.000000 10.835914
240 0.000119 0.027923 800.000000 10.498688
250 0.000438 0.035132 100.000000 13.157895
250 0.000288 0.040402 200.000000 11.173184
250 0.000180 0.044447 300.000000 10.948905
250 0.000120 0.048725 400.000000 10.869565
250 0.000174 0.048164 500.000000 10.373444
250 0.000169 0.032795 600.000000 10.676157
250 0.000055 0.027579 700.000000 10.802469
250 0.000120 0.025050 800.000000 10.430247
260 0.000366 0.028997 100.000000 12.345679
260 0.000206 0.031558 200.000000 10.869565
260 0.000156 0.035988 300.000000 10.752688
260 0.000089 0.039892 400.000000 10.723861
260 0.000154 0.036828 500.000000 10.309278
260 0.000142 0.022794 600.000000 10.676157
260 0.000045 0.019933 700.000000 10.752688
260 0.000102 0.016644 800.000000 10.362695
270 0.000345 0.025913 100.000000 11.627907
270 0.000171 0.026625 200.000000 10.638298
270 0.000122 0.031270 300.000000 10.563380
270 0.000099 0.034532 400.000000 10.498688
270 0.000161 0.028666 500.000000 10.224949
270 0.000118 0.016678 600.000000 10.657193
270 0.000033 0.015985 700.000000 10.670732
270 0.000078 0.012482 800.000000 10.296010
280 0.000338 0.021670 100.000000 10.869565
280 0.000181 0.022963 200.000000 10.416667
280 0.000113 0.028055 300.000000 10.416667
280 0.000102 0.030609 400.000000 10.256411
280 0.000168 0.022565 500.000000 10.183299
280 0.000100 0.013352 600.000000 10.582010
280 0.000029 0.014111 700.000000 10.510510
280 0.000078 0.010571 800.000000 10.230179
290 0.000407 0.020487 100.000000 10.309278
290 0.000244 0.024005 200.000000 10.256411
290 0.000122 0.028523 300.000000 10.309278
290 0.000127 0.030902 400.000000 10.075566
290 0.000173 0.020639 500.000000 10.141988
290 0.000088 0.014528 600.000000 10.507881
290 0.000036 0.015550 700.000000 10.370370
290 0.000069 0.011409 800.000000 10.178117
300 0.000446 0.015056 100.000000 9.900990
300 0.000228 0.020693 200.000000 10.152285
300 0.000130 0.025339 300.000000 10.238908
300 0.000155 0.027459 400.000000 9.950249
300 0.000179 0.016351 500.000000 10.162601
300 0.000082 0.014300 600.000000 10.452962
300 0.000065 0.014341 700.000000 10.233918
300 0.000059 0.011065 800.000000 10.126582
310 0.000478 0.020598 100.000000 9.708738
310 0.000210 0.025507 200.000000 10.101010
310 0.000124 0.027921 300.000000 10.238908
310 0.000182 0.028753 400.000000 9.852217
310 0.000190 0.018605 500.000000 10.183299
310 0.000074 0.018445 600.000000 10.434783
310 0.000073 0.017634 700.000000 10.144928
310 0.000057 0.013819 800.000000 10.037642
320 0.000358 0.019820 100.000000 9.615385
320 0.000160 0.022318 200.000000 10.050251
320 0.000110 0.023727 300.000000 10.204082
320 0.000165 0.022797 400.000000 9.828010
320 0.000165 0.014056 500.000000 10.224949
320 0.000045 0.014359 600.000000 10.452962
320 0.000084 0.012954 700.000000 10.115607
320 0.000063 0.009986 800.000000 9.950249
330 0.000415 0.015614 100.000000 9.523809
330 0.000174 0.019203 200.000000 10.000000
330 0.000104 0.021809 300.000000 10.204082
330 0.000186 0.019684 400.000000 9.828010
330 0.000154 0.010707 500.000000 10.288066
330 0.000047 0.012053 600.000000 10.471204
330 0.000087 0.010511 700.000000 10.101010
330 0.000068 0.008250 800.000000 9.913259
340 0.000323 0.010987 100.000000 9.523809
340 0.000135 0.014569 200.000000 10.000000
340 0.000070 0.016175 300.000000 10.204082
340 0.000165 0.012810 400.000000 9.852217
340 0.000132 0.008731 500.000000 10.351967
340 0.000044 0.011039 600.000000 10.507881
340 0.000077 0.009402 700.000000 10.115607
340 0.000073 0.007355 800.000000 9.900990
350 0.000332 0.010341 100.000000 9.615385
350 0.000127 0.012401 200.000000 10.000000
350 0.000087 0.012607 300.000000 10.169492
350 0.000162 0.009256 400.000000 9.876543
350 0.000114 0.009771 500.000000 10.416667
350 0.000037 0.011480 600.000000 10.526316
350 0.000063 0.009351 700.000000 10.115607
350 0.000073 0.007116 800.000000 9.913259
360 0.000277 0.009438 100.000000 9.708738
360 0.000109 0.009130 200.000000 10.101010
360 0.000080 0.007132 300.000000 10.101010
360 0.000155 0.006995 400.000000 9.925558
360 0.000089 0.010911 500.000000 10.482181
360 0.000040 0.011443 600.000000 10.489511
360 0.000074 0.008489 700.000000 10.130246
360 0.000081 0.005944 800.000000 9.925558
370 0.000234 0.007188 100.000000 9.900990
370 0.000086 0.006030 200.000000 10.152285
370 0.000080 0.006364 300.000000 10.033444
370 0.000145 0.005967 400.000000 9.975062
370 0.000068 0.008617 500.000000 10.504202
370 0.000030 0.007633 600.000000 10.434783
370 0.000072 0.005528 700.000000 10.130246
370 0.000085 0.003613 800.000000 9.937888
380 0.000230 0.006822 100.000000 10.000000
380 0.000102 0.004732 200.000000 10.204082
380 0.000091 0.005178 300.000000 9.966778
380 0.000128 0.006709 400.000000 10.025063
380 0.000049 0.008911 500.000000 10.504202
380 0.000033 0.007263 600.000000 10.380623
380 0.000082 0.005031 700.000000 10.130246
380 0.000080 0.003174 800.000000 9.950249
390 0.000216 0.008998 100.000000 10.101010
390 0.000083 0.005428 200.000000 10.256411
390 0.000080 0.005682 300.000000 9.933775
390 0.000125 0.006469 400.000000 10.101010
390 0.000039 0.007682 500.000000 10.526316
390 0.000055 0.005421 600.000000 10.327023
390 0.000079 0.003623 700.000000 10.130246
390 0.000087 0.002281 800.000000 9.962640
400 0.000105 0.008839 100.000000 10.309278
400 0.000044 0.005672 200.000000 10.362695
400 0.000087 0.005716 300.000000 9.900990
400 0.000115 0.006237 400.000000 10.178117
400 0.000020 0.006264 500.000000 10.548523
400 0.000096 0.004138 600.000000 10.256411
400 0.000094 0.003072 700.000000 10.130246
400 0.000096 0.002330 800.000000 9.987515
410 0.000081 0.010631 100.000000 10.416667
410 0.000068 0.006246 200.000000 10.416667
410 0.000094 0.006003 300.000000 9.868421
410 0.000120 0.006286 400.000000 10.256411
410 0.000023 0.005141 500.000000 10.570825
410 0.000123 0.003522 600.000000 10.204082
410 0.000102 0.003695 700.000000 10.086455
410 0.000096 0.002679 800.000000 10.025063
420 0.000067 0.011996 100.000000 10.416667
420 0.000052 0.007378 200.000000 10.471204
420 0.000114 0.007549 300.000000 9.868421
420 0.000126 0.006203 400.000000 10.335917
420 0.000049 0.004810 500.000000 10.593221
420 0.000131 0.003497 600.000000 10.186757
420 0.000102 0.004154 700.000000 10.000000
420 0.000097 0.002399 800.000000 10.050251
430 0.000076 0.011843 100.000000 10.416667
430 0.000047 0.007336 200.000000 10.526316
430 0.000125 0.008215 300.000000 9.868421
430 0.000110 0.004925 400.000000 10.443864
430 0.000067 0.003262 500.000000 10.638298
430 0.000150 0.004067 600.000000 10.169492
430 0.000124 0.005314 700.000000 9.957326
430 0.000108 0.003649 800.000000 10.075566
440 0.000133 0.013286 100.000000 10.309278
440 0.000061 0.009397 200.000000 10.471204
440 0.000122 0.009405 300.000000 9.900990
440 0.000103 0.003973 400.000000 10.498688
440 0.000060 0.002504 500.000000 10.660981
440 0.000156 0.004406 600.000000 10.186757
440 0.000131 0.004948 700.000000 9.929078
440 0.000108 0.003819 800.000000 10.113780
450 0.000133 0.016085 100.000000 10.309278
450 0.000047 0.013632 200.000000 10.416667
450 0.000144 0.012014 300.000000 9.933775
450 0.000106 0.004149 400.000000 10.582010
450 0.000054 0.003998 500.000000 10.683761
450 0.000131 0.005844 600.000000 10.186757
450 0.000128 0.005248 700.000000 9.929078
450 0.000109 0.004350 800.000000 10.139417
460 0.000162 0.019729 100.000000 10.309278
460 0.000055 0.019782 200.000000 10.256411
460 0.000196 0.014428 300.000000 9.933775
460 0.000109 0.004752 400.000000 10.638298
460 0.000051 0.005046 500.000000 10.638298
460 0.000119 0.005759 600.000000 10.169492
460 0.000122 0.004144 700.000000 9.929078
460 0.000115 0.004156 800.000000 10.178117
470 0.000230 0.017533 100.000000 10.309278
470 0.000020 0.017130 200.000000 10.050251
470 0.000189 0.012241 300.000000 9.966778
470 0.000083 0.005556 400.000000 10.638298
470 0.000062 0.006692 500.000000 10.526316
470 0.000120 0.006971 600.000000 10.152285
470 0.000122 0.005042 700.000000 9.929078
470 0.000121 0.006030 800.000000 10.204082
480 0.000225 0.015321 100.000000 10.204082
480 0.000051 0.014805 200.000000 9.852217
480 0.000166 0.010250 300.000000 10.000000
480 0.000052 0.005664 400.000000 10.610080
480 0.000077 0.007687 500.000000 10.416667
480 0.000128 0.007664 600.000000 10.118044
480 0.000118 0.005551 700.000000 9.915014
480 0.000124 0.007386 800.000000 10.230179
490 0.000115 0.013987 100.000000 10.204082
490 0.000037 0.013047 200.000000 9.708738
490 0.000160 0.007664 300.000000 10.067114
490 0.000024 0.003540 400.000000 10.582010
490 0.000113 0.006836 500.000000 10.288066
490 0.000121 0.006990 600.000000 10.101010
490 0.000117 0.004813 700.000000 9.929078
490 0.000131 0.007972 800.000000 10.256411
500 0.000053 0.019208 100.000000 10.309278
500 0.000137 0.016372 200.000000 9.569378
500 0.000181 0.005307 300.000000 10.135135
500 0.000016 0.002344 400.000000 10.554090
500 0.000130 0.003000 500.000000 10.183299
500 0.000108 0.003297 600.000000 10.050251
500 0.000101 0.001569 700.000000 9.929078
500 0.000126 0.008001 800.000000 10.296010
510 0.000028 0.017632 100.000000 10.309278
510 0.000195 0.014435 200.000000 9.523809
510 0.000197 0.004910 300.000000 10.204082
510 0.000025 0.004368 400.000000 10.582010
510 0.000143 0.002232 500.000000 10.101010
510 0.000108 0.002316 600.000000 9.950249
510 0.000099 0.001226 700.000000 9.957326
510 0.000125 0.009249 800.000000 10.322580
520 0.000094 0.011863 100.000000 10.416667
520 0.000213 0.010475 200.000000 9.523809
520 0.000178 0.006499 300.000000 10.344828
520 0.000061 0.004890 400.000000 10.638298
520 0.000155 0.002275 500.000000 10.101010
520 0.000125 0.002771 600.000000 9.868421
520 0.000112 0.002328 700.000000 10.000000
520 0.000135 0.010525 800.000000 10.376135
530 0.000112 0.011171 100.000000 10.526316
530 0.000233 0.009664 200.000000 9.569378
530 0.000150 0.008804 300.000000 10.452962
530 0.000070 0.007210 400.000000 10.695188
530 0.000162 0.003696 500.000000 10.121457
530 0.000134 0.001466 600.000000 9.852217
530 0.000112 0.002623 700.000000 10.043041
530 0.000135 0.011549 800.000000 10.430247
540 0.000130 0.010329 100.000000 10.526316
540 0.000199 0.009935 200.000000 9.661836
540 0.000129 0.011469 300.000000 10.563380
540 0.000082 0.009318 400.000000 10.723861
540 0.000143 0.005249 500.000000 10.121457
540 0.000134 0.002075 600.000000 9.852217
540 0.000113 0.003534 700.000000 10.086455
540 0.000139 0.012740 800.000000 10.471204
550 0.000091 0.011405 100.000000 10.309278
550 0.000219 0.008954 200.000000 9.708738
550 0.000126 0.007848 300.000000 10.676157
550 0.000071 0.006087 400.000000 10.723861
550 0.000132 0.002068 500.000000 10.121457
550 0.000139 0.000928 600.000000 9.852217
550 0.000134 0.004172 700.000000 10.115607
550 0.000149 0.014345 800.000000 10.512484
560 0.000168 0.010481 100.000000 9.900990
560 0.000247 0.008422 200.000000 9.708738
560 0.000100 0.008948 300.000000 10.714286
560 0.000071 0.007425 400.000000 10.610080
560 0.000135 0.002956 500.000000 10.101010
560 0.000133 0.002358 600.000000 9.852217
560 0.000144 0.005524 700.000000 10.144928
560 0.000155 0.016540 800.000000 10.540184
570 0.000255 0.013780 100.000000 9.523809
570 0.000244 0.010452 200.000000 9.756098
570 0.000078 0.011409 300.000000 10.676157
570 0.000061 0.009716 400.000000 10.471204
570 0.000137 0.004685 500.000000 10.080646
570 0.000125 0.003840 600.000000 9.836065
570 0.000156 0.007215 700.000000 10.189228
570 0.000161 0.019025 800.000000 10.582010
580 0.000176 0.014028 100.000000 9.259259
580 0.000254 0.007906 200.000000 9.852217
580 0.000059 0.008835 300.000000 10.676157
580 0.000081 0.007063 400.000000 10.362695
580 0.000145 0.004477 500.000000 10.060362
580 0.000132 0.004209 600.000000 9.836065
580 0.000156 0.008542 700.000000 10.218978
580 0.000163 0.020492 800.000000 10.610080
590 0.000207 0.011237 100.000000 9.009009
590 0.000255 0.007366 200.000000 9.950249
590 0.000034 0.007539 300.000000 10.638298
590 0.000148 0.001711 400.000000 10.204082
590 0.000136 0.001820 500.000000 10.020041
590 0.000135 0.001138 600.000000 9.852217
590 0.000151 0.008437 700.000000 10.248902
590 0.000147 0.019809 800.000000 10.638298
600 0.000377 0.012472 100.000000 8.771930
600 0.000295 0.011785 200.000000 10.050251
600 0.000036 0.013552 300.000000 10.600707
600 0.000159 0.007120 400.000000 10.075566
600 0.000121 0.003348 500.000000 9.920635
600 0.000114 0.003711 600.000000 9.868421
600 0.000143 0.009782 700.000000 10.294118
600 0.000139 0.020615 800.000000 10.680908
610 0.000402 0.014812 100.000000 8.695652
610 0.000297 0.007669 200.000000 10.152285
610 0.000062 0.006580 300.000000 10.638298
610 0.000203 0.002885 400.000000 10.000000
610 0.000144 0.003543 500.000000 9.803922
610 0.000130 0.001994 600.000000 9.884679
610 0.000157 0.011247 700.000000 10.324484
610 0.000145 0.022450 800.000000 10.709505
620 0.000457 0.014782 100.000000 8.695652
620 0.000260 0.008711 200.000000 10.309278
620 0.000089 0.005157 300.000000 10.676157
620 0.000226 0.002300 400.000000 9.975062
620 0.000167 0.002724 500.000000 9.708738
620 0.000136 0.001717 600.000000 9.933775
620 0.000152 0.011849 700.000000 10.370370
620 0.000150 0.022763 800.000000 10.752688
630 0.000475 0.012920 100.000000 8.771930
630 0.000254 0.015215 200.000000 10.471204
630 0.000067 0.011377 300.000000 10.752688
630 0.000201 0.006243 400.000000 10.000000
630 0.000161 0.003855 500.000000 9.708738
630 0.000129 0.004525 600.000000 9.966778
630 0.000148 0.012824 700.000000 10.432191
630 0.000148 0.023339 800.000000 10.796222
640 0.000495 0.014505 100.000000 8.928572
640 0.000229 0.016943 200.000000 10.638298
640 0.000062 0.011019 300.000000 10.791367
640 0.000169 0.006754 400.000000 10.025063
640 0.000158 0.004608 500.000000 9.727627
640 0.000126 0.005159 600.000000 10.033444
640 0.000153 0.013573 700.000000 10.479042
640 0.000150 0.023708 800.000000 10.854816
650 0.000450 0.015703 100.000000 9.174312
650 0.000161 0.013015 200.000000 10.869565
650 0.000097 0.005615 300.000000 10.869565
650 0.000174 0.004226 400.000000 10.075566
650 0.000179 0.003287 500.000000 9.765625
650 0.000155 0.004420 600.000000 10.101010
650 0.000170 0.014334 700.000000 10.558069
650 0.000153 0.025390 800.000000 10.914052
660 0.000524 0.018040 100.000000 9.433962
660 0.000153 0.016615 200.000000 11.111111
660 0.000099 0.008398 300.000000 10.830325
660 0.000173 0.007121 400.000000 10.126582
660 0.000164 0.004934 500.000000 9.803922
660 0.000150 0.005808 600.000000 10.169492
660 0.000157 0.014450 700.000000 10.622155
660 0.000147 0.024779 800.000000 10.989011
670 0.000496 0.015012 100.000000 9.803922
670 0.000140 0.009043 200.000000 11.235955
670 0.000124 0.005188 300.000000 10.830325
670 0.000199 0.007737 400.000000 10.178117
670 0.000171 0.005549 500.000000 9.861933
670 0.000172 0.006263 600.000000 10.256411
670 0.000165 0.015729 700.000000 10.703364
670 0.000159 0.026143 800.000000 11.065007
680 0.000419 0.010743 100.000000 10.101010
680 0.000081 0.003017 200.000000 11.363636
680 0.000139 0.007109 300.000000 10.791367
680 0.000209 0.009102 400.000000 10.230179
680 0.000178 0.006958 500.000000 9.920635
680 0.000180 0.007927 600.000000 10.327023
680 0.000174 0.018835 700.000000 10.769231
680 0.000171 0.029669 800.000000 11.126565
690 0.000436 0.008126 100.000000 10.526316
690 0.000036 0.001369 200.000000 11.494253
690 0.000185 0.010335 300.000000 10.714286
690 0.000203 0.011091 400.000000 10.256411
690 0.000182 0.008036 500.000000 9.960159
690 0.000182 0.009452 600.000000 10.398614
690 0.000179 0.020940 700.000000 10.835914
690 0.000179 0.031811 800.000000 11.188811
700 0.000392 0.003516 100.000000 10.869565
700 0.000066 0.006382 200.000000 11.560694
700 0.000256 0.014583 300.000000 10.638298
700 0.000219 0.015055 400.000000 10.282776
700 0.000200 0.010991 500.000000 10.020041
700 0.000200 0.012580 600.000000 10.471204
700 0.000181 0.024332 700.000000 10.903427
700 0.000188 0.035168 800.000000 11.251758
710 0.000407 0.003456 100.000000 11.363636
710 0.000127 0.011569 200.000000 11.695907
710 0.000306 0.017412 300.000000 10.526316
710 0.000234 0.018149 400.000000 10.230179
710 0.000198 0.012649 500.000000 10.060362
710 0.000205 0.015162 600.000000 10.544815
710 0.000178 0.027504 700.000000 10.971786
710 0.000191 0.038386 800.000000 11.315417
720 0.000399 0.013482 100.000000 11.764706
720 0.000207 0.021347 200.000000 11.834319
720 0.000351 0.023786 300.000000 10.489511
720 0.000252 0.025797 400.000000 10.126582
720 0.000216 0.019423 500.000000 10.121457
720 0.000220 0.022203 600.000000 10.619469
720 0.000199 0.034720 700.000000 11.023623
720 0.000211 0.045094 800.000000 11.379801
730 0.000269 0.018968 100.000000 12.195122
730 0.000344 0.025833 200.000000 11.904762
730 0.000387 0.027412 300.000000 10.452962
730 0.000293 0.031249 400.000000 10.000000
730 0.000241 0.026189 500.000000 10.162601
730 0.000244 0.029485 600.000000 10.676157
730 0.000222 0.041476 700.000000 11.093502
730 0.000226 0.051420 800.000000 11.428572
740 0.000236 0.019138 100.000000 12.658228
740 0.000349 0.024574 200.000000 11.976048
740 0.000417 0.027982 300.000000 10.416667
740 0.000322 0.030720 400.000000 9.925558
740 0.000241 0.026473 500.000000 10.204082
740 0.000239 0.030047 600.000000 10.714286
740 0.000221 0.041216 700.000000 11.128776
740 0.000224 0.050574 800.000000 11.477762
750 0.000180 0.015245 100.000000 12.987013
750 0.000348 0.017691 200.000000 11.976048
750 0.000351 0.022835 300.000000 10.416667
750 0.000298 0.026904 400.000000 9.900990
750 0.000230 0.025844 500.000000 10.245902
750 0.000243 0.031742 600.000000 10.771993
750 0.000224 0.043732 700.000000 11.164274
750 0.000230 0.053369 800.000000 11.527377
760 0.000179 0.018319 100.000000 13.157895
760 0.000385 0.018200 200.000000 11.764706
760 0.000343 0.027004 300.000000 10.344828
760 0.000312 0.029320 400.000000 9.876543
760 0.000258 0.028434 500.000000 10.288066
760 0.000261 0.034855 600.000000 10.810811
760 0.000219 0.045720 700.000000 11.217949
760 0.000236 0.055179 800.000000 11.560694
770 0.000250 0.020655 100.000000 12.987013
770 0.000360 0.016898 200.000000 11.363636
770 0.000332 0.029632 300.000000 10.273973
770 0.000296 0.031759 400.000000 9.852217
770 0.000274 0.031924 500.000000 10.309278
770 0.000254 0.039165 600.000000 10.849910
770 0.000232 0.049335 700.000000 11.235955
770 0.000237 0.058215 800.000000 11.594203
780 0.000332 0.020621 100.000000 12.658228
780 0.000357 0.018976 200.000000 10.928962
780 0.000335 0.031044 300.000000 10.169492
780 0.000286 0.031558 400.000000 9.803922
780 0.000260 0.031817 500.000000 10.330579
780 0.000247 0.039963 600.000000 10.869565
780 0.000232 0.049254 700.000000 11.272141
780 0.000233 0.058335 800.000000 11.611031
790 0.000445 0.022027 100.000000 12.195122
790 0.000414 0.023522 200.000000 10.416667
790 0.000338 0.033894 300.000000 10.033444
790 0.000291 0.032336 400.000000 9.779951
790 0.000269 0.033106 500.000000 10.351967
790 0.000240 0.042993 600.000000 10.869565
790 0.000238 0.052104 700.000000 11.272141
790 0.000236 0.061215 800.000000 11.627907
800 0.000608 0.022912 100.000000 11.764706
800 0.000543 0.026553 200.000000 9.950249
800 0.000365 0.039252 300.000000 9.740260
800 0.000285 0.035643 400.000000 9.732360
800 0.000267 0.037295 500.000000 10.373444
800 0.000240 0.048450 600.000000 10.889292
800 0.000245 0.057297 700.000000 11.290322
800 0.000235 0.066778 800.000000 11.594203
810 0.000753 0.019266 100.000000 11.363636
810 0.000573 0.027508 200.000000 9.661836
810 0.000390 0.038564 300.000000 9.375000
810 0.000286 0.034451 400.000000 9.732360
810 0.000279 0.037086 500.000000 10.373444
810 0.000251 0.048640 600.000000 10.889292
810 0.000249 0.057327 700.000000 11.308562
810 0.000229 0.066906 800.000000 11.477762
820 0.000652 0.008853 100.000000 11.111111
820 0.000542 0.022347 200.000000 9.478673
820 0.000387 0.030909 300.000000 9.202454
820 0.000265 0.029989 400.000000 9.708738
820 0.000270 0.035421 500.000000 10.373444
820 0.000243 0.047908 600.000000 10.889292
820 0.000248 0.057745 700.000000 11.308562
820 0.000227 0.064932 800.000000 11.220197
830 0.000628 0.005275 100.000000 10.752688
830 0.000442 0.023203 200.000000 9.345795
830 0.000367 0.027819 300.000000 9.118541
830 0.000276 0.027115 400.000000 9.708738
830 0.000273 0.033770 500.000000 10.395010
830 0.000236 0.045982 600.000000 10.909091
830 0.000247 0.056181 700.000000 11.326860
830 0.000228 0.059111 800.000000 11.080333
840 0.000555 0.010401 100.000000 10.204082
840 0.000422 0.024003 200.000000 9.259259
840 0.000347 0.024521 300.000000 9.063444
840 0.000280 0.023631 400.000000 9.732360
840 0.000268 0.033142 500.000000 10.416667
840 0.000237 0.045567 600.000000 10.928962
840 0.000248 0.056476 700.000000 11.363636
840 0.000232 0.055802 800.000000 11.004127
850 0.000430 0.010933 100.000000 9.708738
850 0.000398 0.021528 200.000000 9.216590
850 0.000304 0.020391 300.000000 9.063444
850 0.000279 0.020749 400.000000 9.803922
850 0.000256 0.032826 500.000000 10.482181
850 0.000239 0.045547 600.000000 10.989011
850 0.000243 0.057206 700.000000 11.419250
850 0.000222 0.053607 800.000000 10.943913
860 0.000462 0.022785 100.000000 9.433962
860 0.000404 0.021670 200.000000 9.216590
860 0.000297 0.015853 300.000000 9.090909
860 0.000274 0.017048 400.000000 9.876543
860 0.000256 0.031544 500.000000 10.548523
860 0.000240 0.044513 600.000000 11.049724
860 0.000238 0.056879 700.000000 11.475410
870 0.000616 0.025854 100.000000 9.009009
870 0.000373 0.020093 200.000000 9.174312
870 0.000286 0.012296 300.000000 9.146341
870 0.000274 0.015543 400.000000 9.950249
870 0.000235 0.031004 500.000000 10.615711
870 0.000238 0.044094 600.000000 11.111111
870 0.000233 0.056846 700.000000 11.513158
880 0.000720 0.022706 100.000000 8.695652
880 0.000349 0.016377 200.000000 9.009009
880 0.000247 0.007202 300.000000 9.174312
880 0.000250 0.014969 400.000000 10.025063
880 0.000212 0.030782 500.000000 10.683761
880 0.000223 0.044111 600.000000 11.173184
880 0.000224 0.056973 700.000000 11.551155
890 0.000739 0.015572 100.000000 8.403361
890 0.000310 0.008948 200.000000 8.733624
890 0.000216 0.002271 300.000000 9.202454
890 0.000236 0.016589 400.000000 10.075566
890 0.000206 0.031115 500.000000 10.729613
890 0.000218 0.044247 600.000000 11.235955
890 0.000207 0.057292 700.000000 11.532125
900 0.000740 0.012746 100.000000 8.264462
900 0.000316 0.008473 200.000000 8.510638
900 0.000198 0.007567 300.000000 9.230769
900 0.000211 0.016572 400.000000 10.126582
900 0.000200 0.029184 500.000000 10.775862
900 0.000212 0.042225 600.000000 11.278195
900 0.000189 0.054297 700.000000 11.382113
910 0.000684 0.015040 100.000000 8.130081
910 0.000365 0.010065 200.000000 8.403361
910 0.000210 0.007972 300.000000 9.287926
910 0.000223 0.017476 400.000000 10.178117
910 0.000206 0.030230 500.000000 10.822511
910 0.000217 0.043501 600.000000 11.320755
910 0.000197 0.053074 700.000000 11.182109
920 0.000578 0.010055 100.000000 8.130081
920 0.000349 0.007294 200.000000 8.403361
920 0.000251 0.010904 300.000000 9.345795
920 0.000247 0.024275 400.000000 10.256411
920 0.000221 0.037742 500.000000 10.869565
920 0.000233 0.051016 600.000000 11.385200
920 0.000214 0.057213 700.000000 11.093502
930 0.000583 0.011179 100.000000 8.264462
930 0.000312 0.010078 200.000000 8.474576
930 0.000257 0.015534 300.000000 9.463722
930 0.000259 0.029526 400.000000 10.362695
930 0.000220 0.042609 500.000000 10.989011
930 0.000242 0.056347 600.000000 11.472276
930 0.000225 0.059420 700.000000 11.093502
940 0.000493 0.005883 100.000000 8.403361
940 0.000301 0.005792 200.000000 8.583691
940 0.000287 0.017608 300.000000 9.615385
940 0.000279 0.035881 400.000000 10.498688
940 0.000249 0.051169 500.000000 11.086474
940 0.000255 0.065121 600.000000 11.583012
940 0.000243 0.064753 700.000000 11.111111
950 0.000486 0.007844 100.000000 8.620689
950 0.000257 0.008938 200.000000 8.695652
950 0.000306 0.021670 300.000000 9.771987
950 0.000290 0.040990 400.000000 10.638298
950 0.000267 0.056725 500.000000 11.210762
950 0.000265 0.070798 600.000000 11.695907
950 0.000245 0.066948 700.000000 11.111111
960 0.000426 0.008134 100.000000 8.849558
960 0.000245 0.009164 200.000000 8.849558
960 0.000298 0.023400 300.000000 9.900990
960 0.000294 0.042732 400.000000 10.781672
960 0.000269 0.058470 500.000000 11.337869
960 0.000263 0.072596 600.000000 11.811024
960 0.000235 0.065917 700.000000 11.111111
970 0.000338 0.022599 100.000000 9.009009
970 0.000261 0.023203 200.000000 8.968610
970 0.000318 0.035573 300.000000 10.067114
970 0.000321 0.055325 400.000000 10.899182
970 0.000291 0.070729 500.000000 11.467890
970 0.000277 0.084435 600.000000 11.928430
980 0.000314 0.027691 100.000000 9.259259
980 0.000267 0.029525 200.000000 9.132421
980 0.000321 0.040876 300.000000 10.238908
980 0.000313 0.059570 400.000000 11.080333
980 0.000299 0.074854 500.000000 11.627907
980 0.000282 0.088572 600.000000 12.048193
990 0.000299 0.025108 100.000000 9.345795
990 0.000228 0.029659 200.000000 9.302325
990 0.000318 0.042537 300.000000 10.452962
990 0.000321 0.062160 400.000000 11.235955
990 0.000295 0.077754 500.000000 11.764706
990 0.000282 0.091799 600.000000 12.145749
1000 0.000173 0.016842 100.000000 9.174312
1000 0.000219 0.023708 200.000000 9.478673
1000 0.000323 0.039915 300.000000 10.600707
1000 0.000316 0.059717 400.000000 11.363636
1000 0.000287 0.075317 500.000000 11.904762
1000 0.000271 0.089570 600.000000 12.244898
1010 0.000169 0.017032 100.000000 8.849558
1010 0.000249 0.026171 200.000000 9.615385
1010 0.000333 0.043567 300.000000 10.752688
1010 0.000321 0.063186 400.000000 11.494253
1010 0.000296 0.078839 500.000000 12.019231
1010 0.000271 0.093068 600.000000 12.244898
1020 0.000207 0.011768 100.000000 8.620689
1020 0.000277 0.024256 200.000000 9.756098
1020 0.000338 0.043116 300.000000 10.909091
1020 0.000324 0.063072 400.000000 11.594203
1020 0.000300 0.078529 500.000000 12.135922
1020 0.000266 0.092257 600.000000 12.121212
1030 0.000178 0.010508 100.000000 8.547009
1030 0.000291 0.023968 200.000000 9.852217
1030 0.000343 0.043525 300.000000 11.029411
1030 0.000319 0.063250 400.000000 11.695907
1030 0.000297 0.078626 500.000000 12.224939
1030 0.000273 0.089423 600.000000 11.904762
1040 0.000199 0.009950 100.000000 8.547009
1040 0.000303 0.021998 200.000000 10.000000
1040 0.000338 0.043232 300.000000 11.152416
1040 0.000308 0.062492 400.000000 11.799410
1040 0.000296 0.077508 500.000000 12.315271
1040 0.000283 0.083469 600.000000 11.787819
1050 0.000225 0.014522 100.000000 8.620689
1050 0.000314 0.025794 200.000000 10.152285
1050 0.000354 0.046728 300.000000 11.278195
1050 0.000308 0.065609 400.000000 11.904762
1050 0.000297 0.080448 500.000000 12.406948
1050 0.000294 0.081470 600.000000 11.741683
1060 0.000272 0.022946 100.000000 8.620689
1060 0.000361 0.031888 200.000000 10.309278
1060 0.000368 0.052443 300.000000 11.406844
1060 0.000315 0.069895 400.000000 12.048193
1060 0.000301 0.084595 500.000000 12.500000
1060 0.000295 0.079948 600.000000 11.673152
1070 0.000148 0.018214 100.000000 8.695652
1070 0.000348 0.028203 200.000000 10.471204
1070 0.000366 0.050550 300.000000 11.538462
1070 0.000316 0.067899 400.000000 12.158054
1070 0.000298 0.082865 500.000000 12.594459
1070 0.000274 0.074534 600.000000 11.583012
1080 0.000232 0.020160 100.000000 8.849558
1080 0.000354 0.029798 200.000000 10.638298
1080 0.000365 0.052105 300.000000 11.673152
1080 0.000314 0.068943 400.000000 12.269938
1080 0.000291 0.083092 500.000000 12.722647
1090 0.000219 0.014890 100.000000 9.009009
1090 0.000343 0.028278 200.000000 10.869565
1090 0.000350 0.051250 300.000000 11.857708
1090 0.000315 0.068262 400.000000 12.422360
1090 0.000291 0.082828 500.000000 12.820513
1100 0.000258 0.010977 100.000000 9.345795
1100 0.000388 0.031743 200.000000 11.173184
1100 0.000366 0.054659 300.000000 12.096774
1100 0.000316 0.071356 400.000000 12.618297
1100 0.000295 0.085881 500.000000 12.953368
1110 0.000291 0.016042 100.000000 9.803922
1110 0.000417 0.037698 200.000000 11.494253
1110 0.000371 0.059924 300.000000 12.345679
1110 0.000320 0.075852 400.000000 12.861736
1110 0.000297 0.090318 500.000000 13.089005
1120 0.000337 0.018714 100.000000 10.309278
1120 0.000430 0.042006 200.000000 11.904762
1120 0.000373 0.063424 300.000000 12.658228
1120 0.000331 0.079626 400.000000 13.071896
1120 0.000300 0.093439 500.000000 13.192612
1130 0.000432 0.019315 100.000000 10.869565
1130 0.000445 0.044899 200.000000 12.269938
1130 0.000386 0.065357 300.000000 12.931034
1130 0.000339 0.080992 400.000000 13.333333
1130 0.000289 0.094767 500.000000 13.192612
1140 0.000532 0.024244 100.000000 11.235955
1140 0.000477 0.050702 200.000000 12.578616
1140 0.000402 0.070225 300.000000 13.157895
1140 0.000350 0.085851 400.000000 13.513514
1140 0.000295 0.097593 500.000000 12.987013
1150 0.000566 0.026837 100.000000 11.627907
1150 0.000475 0.053823 200.000000 12.820513
1150 0.000399 0.072515 300.000000 13.333333
1150 0.000349 0.087861 400.000000 13.651877
1150 0.000315 0.095096 500.000000 12.787724
1160 0.000625 0.034403 100.000000 11.904762
1160 0.000509 0.060407 200.000000 13.071896
1160 0.000407 0.078516 300.000000 13.513514
1160 0.000367 0.093723 400.000000 13.793103
1160 0.000341 0.095339 500.000000 12.658228
1170 0.000648 0.035422 100.000000 12.345679
1170 0.000506 0.061507 200.000000 13.333333
1170 0.000394 0.078516 300.000000 13.698630
1170 0.000358 0.093468 400.000000 13.937283
1170 0.000348 0.089452 500.000000 12.562814
1180 0.000648 0.040981 100.000000 12.658228
1180 0.000527 0.065958 200.000000 13.513514
1180 0.000402 0.082038 300.000000 13.824884
1180 0.000356 0.096007 400.000000 14.084507
1180 0.000336 0.086107 500.000000 12.406948
1190 0.000640 0.042064 100.000000 12.987013
1190 0.000509 0.065077 200.000000 13.793103
1190 0.000393 0.081062 300.000000 13.953488
1190 0.000346 0.094447 400.000000 14.184397
1200 0.000511 0.033796 100.000000 13.333333
1200 0.000441 0.055712 200.000000 13.888889
1200 0.000356 0.070296 300.000000 14.150944
1200 0.000312 0.083936 400.000000 14.234876
1210 0.000538 0.035543 100.000000 13.698630
1210 0.000419 0.055682 200.000000 14.084507
1210 0.000332 0.069871 300.000000 14.218010
1210 0.000302 0.082196 400.000000 14.234876
1220 0.000477 0.033399 100.000000 13.888889
1220 0.000382 0.052185 200.000000 14.184397
1220 0.000323 0.065309 300.000000 14.354067
1220 0.000270 0.077126 400.000000 13.937283
1230 0.000461 0.032515 100.000000 14.084507
1230 0.000351 0.050471 200.000000 14.184397
1230 0.000304 0.062331 300.000000 14.423077
1230 0.000269 0.070487 400.000000 13.245033
1240 0.000460 0.032725 100.000000 14.084507
1240 0.000330 0.049484 200.000000 14.285714
1240 0.000293 0.060589 300.000000 14.492754
1240 0.000289 0.062933 400.000000 12.861736
1250 0.000420 0.031239 100.000000 14.285714
1250 0.000288 0.046599 200.000000 14.285714
1250 0.000275 0.057042 300.000000 14.492754
1250 0.000297 0.053693 400.000000 12.578616
1260 0.000452 0.031014 100.000000 14.285714
1260 0.000293 0.044757 200.000000 14.285714
1260 0.000267 0.055037 300.000000 14.492754
1260 0.000259 0.047023 400.000000 12.195122
1270 0.000425 0.034003 100.000000 14.285714
1270 0.000297 0.046061 200.000000 14.388489
1270 0.000263 0.056038 300.000000 14.492754
1280 0.000358 0.031004 100.000000 14.285714
1280 0.000243 0.040237 200.000000 14.388489
1280 0.000235 0.049060 300.000000 14.354067
1290 0.000361 0.033179 100.000000 14.084507
1290 0.000261 0.041422 200.000000 14.388489
1290 0.000216 0.050017 300.000000 13.888889
1300 0.000251 0.024634 100.000000 14.084507
1300 0.000237 0.032970 200.000000 14.388489
1300 0.000206 0.039438 300.000000 12.931034
1310 0.000236 0.022994 100.000000 14.084507
1310 0.000224 0.030625 200.000000 14.492754
1310 0.000241 0.033428 300.000000 12.345679
1320 0.000170 0.021965 100.000000 14.084507
1320 0.000209 0.028436 200.000000 14.492754
1320 0.000244 0.026857 300.000000 11.952191
1330 0.000178 0.014606 100.000000 14.084507
1330 0.000204 0.023227 200.000000 14.492754
1330 0.000196 0.019835 300.000000 11.494253
1340 0.000258 0.018572 100.000000 14.285714
1340 0.000232 0.028142 200.000000 14.492754
1350 0.000294 0.016564 100.000000 14.285714
1350 0.000224 0.028020 200.000000 14.285714
1360 0.000261 0.016491 100.000000 14.285714
1360 0.000174 0.026933 200.000000 13.513514
1370 0.000286 0.018049 100.000000 14.492754
1370 0.000208 0.024519 200.000000 12.195122
1380 0.000319 0.020759 100.000000 14.492754
1380 0.000270 0.021837 200.000000 11.494253
1390 0.000304 0.022521 100.000000 14.492754
1390 0.000291 0.018848 200.000000 10.989011
1400 0.000245 0.020138 100.000000 14.492754
1410 0.000225 0.019428 100.000000 14.492754
1420 0.000216 0.022345 100.000000 13.888889
1430 0.000178 0.017263 100.000000 12.048193
1440 0.000317 0.013980 100.000000 10.101010
1450 0.000432 0.013780 100.000000 9.174312
1460 0.000468 0.010546 100.000000 8.547009
