0 0.000423 0.028017 100.000000 7.692307
0 0.000381 0.040201 200.000000 7.782101
0 0.000207 0.048931 300.000000 7.772021
0 0.000186 0.055196 400.000000 8.130081
0 0.000299 0.064999 500.000000 8.000000
0 0.000265 0.078848 600.000000 7.947020
0 0.000246 0.092163 700.000000 8.495146
0 0.000202 0.083030 800.000000 8.501594
10 0.000430 0.028518 100.000000 8.196721
10 0.000386 0.041501 200.000000 8.000000
10 0.000210 0.049872 300.000000 7.936508
10 0.000192 0.056073 400.000000 8.264462
10 0.000301 0.065717 500.000000 7.961783
10 0.000266 0.079713 600.000000 8.032128
10 0.000247 0.093210 700.000000 8.578431
10 0.000211 0.083096 800.000000 8.574491
20 0.000456 0.031298 100.000000 8.620689
20 0.000365 0.045949 200.000000 8.130081
20 0.000206 0.053418 300.000000 8.064516
20 0.000202 0.058666 400.000000 8.385744
20 0.000295 0.067779 500.000000 7.911392
20 0.000268 0.081902 600.000000 8.108109
20 0.000250 0.095439 700.000000 8.663366
20 0.000225 0.084167 800.000000 8.629990
30 0.000409 0.032833 100.000000 8.928572
30 0.000358 0.046916 200.000000 8.230453
30 0.000189 0.053026 300.000000 8.130081
30 0.000212 0.057497 400.000000 8.456659
30 0.000281 0.066468 500.000000 7.861635
30 0.000265 0.080382 600.000000 8.174387
30 0.000243 0.094101 700.000000 8.728180
30 0.000222 0.081404 800.000000 8.648648
40 0.000432 0.038618 100.000000 9.009009
40 0.000385 0.053650 200.000000 8.230453
40 0.000203 0.059273 300.000000 8.174387
40 0.000216 0.064187 400.000000 8.510638
40 0.000287 0.073742 500.000000 7.836991
40 0.000270 0.087656 600.000000 8.230453
40 0.000249 0.101330 700.000000 8.771930
40 0.000233 0.084711 800.000000 8.519702
50 0.000390 0.035633 100.000000 9.090909
50 0.000349 0.049485 200.000000 8.163265
50 0.000205 0.054690 300.000000 8.174387
50 0.000225 0.058868 400.000000 8.528785
50 0.000274 0.068962 500.000000 7.824726
50 0.000261 0.082970 600.000000 8.275862
50 0.000239 0.096508 700.000000 8.793970
50 0.000224 0.078133 800.000000 8.281573
60 0.000291 0.026190 100.000000 9.090909
60 0.000282 0.037963 200.000000 8.130081
60 0.000159 0.041821 300.000000 8.196721
60 0.000234 0.045288 400.000000 8.510638
60 0.000249 0.056098 500.000000 7.836991
60 0.000242 0.070370 600.000000 8.321775
60 0.000221 0.083769 700.000000 8.760951
60 0.000213 0.066272 800.000000 8.255934
70 0.000243 0.018664 100.000000 9.174312
70 0.000283 0.030335 200.000000 8.130081
70 0.000163 0.034468 300.000000 8.241758
70 0.000215 0.037411 400.000000 8.474576
70 0.000228 0.048354 500.000000 7.861635
70 0.000228 0.063070 600.000000 8.368201
70 0.000225 0.075323 700.000000 8.695652
70 0.000253 0.058227 800.000000 8.255934
80 0.000312 0.015918 100.000000 9.174312
80 0.000210 0.030099 200.000000 8.097166
80 0.000172 0.034962 300.000000 8.264462
80 0.000210 0.037653 400.000000 8.456659
80 0.000230 0.048918 500.000000 7.886436
80 0.000227 0.063592 600.000000 8.426967
80 0.000221 0.073584 700.000000 8.663366
80 0.000217 0.055979 800.000000 8.255934
90 0.000460 0.019522 100.000000 8.928572
90 0.000223 0.034172 200.000000 8.000000
90 0.000170 0.040388 300.000000 8.241758
90 0.000214 0.042992 400.000000 8.403361
90 0.000251 0.055255 500.000000 7.898894
90 0.000232 0.069859 600.000000 8.462624
90 0.000211 0.075822 700.000000 8.631319
90 0.000217 0.057541 800.000000 8.255934
100 0.000792 0.020783 100.000000 8.620689
100 0.000202 0.033851 200.000000 7.905138
100 0.000159 0.039926 300.000000 8.219178
100 0.000221 0.042775 400.000000 8.333333
100 0.000261 0.056228 500.000000 7.911392
100 0.000234 0.070943 600.000000 8.498584
100 0.000189 0.072912 700.000000 8.610086
100 0.000219 0.056091 800.000000 8.247422
110 0.000577 0.021340 100.000000 8.333333
110 0.000221 0.032069 200.000000 7.843137
110 0.000144 0.038656 300.000000 8.219178
110 0.000259 0.042724 400.000000 8.281573
110 0.000260 0.057028 500.000000 7.923930
110 0.000233 0.070984 600.000000 8.547009
110 0.000192 0.069572 700.000000 8.610086
110 0.000217 0.053921 800.000000 8.247422
120 0.000576 0.026938 100.000000 8.000000
120 0.000182 0.033875 200.000000 7.812500
120 0.000132 0.039290 300.000000 8.241758
120 0.000272 0.042793 400.000000 8.230453
120 0.000264 0.057732 500.000000 7.949126
120 0.000238 0.072056 600.000000 8.583691
120 0.000196 0.067764 700.000000 8.620689
120 0.000233 0.053002 800.000000 8.238929
130 0.000530 0.027668 100.000000 7.751938
130 0.000154 0.031187 200.000000 7.782101
130 0.000105 0.034403 300.000000 8.264462
130 0.000282 0.036611 400.000000 7.968128
130 0.000249 0.051276 500.000000 7.987220
130 0.000225 0.065840 600.000000 8.633094
130 0.000200 0.060141 700.000000 8.620689
130 0.000239 0.048018 800.000000 8.213552
140 0.000580 0.027689 100.000000 7.575758
140 0.000174 0.030164 200.000000 7.751938
140 0.000144 0.033604 300.000000 8.287292
140 0.000249 0.038262 400.000000 7.619048
140 0.000237 0.052643 500.000000 8.025682
140 0.000217 0.066543 600.000000 8.683068
140 0.000205 0.057882 700.000000 8.599508
140 0.000242 0.046388 800.000000 8.113590
150 0.000523 0.034151 100.000000 7.462687
150 0.000169 0.034280 200.000000 7.751938
150 0.000162 0.036922 300.000000 8.310249
150 0.000254 0.042949 400.000000 7.561437
150 0.000241 0.057884 500.000000 8.064516
150 0.000221 0.072095 600.000000 8.708273
150 0.000218 0.059835 700.000000 8.413462
160 0.000552 0.033289 100.000000 7.352941
160 0.000191 0.033138 200.000000 7.751938
160 0.000204 0.034675 300.000000 8.310249
160 0.000259 0.043073 400.000000 7.547170
160 0.000246 0.058425 500.000000 8.116883
160 0.000221 0.072796 600.000000 8.720930
160 0.000220 0.058176 700.000000 8.158508
170 0.000454 0.026522 100.000000 7.246377
170 0.000149 0.024780 200.000000 7.782101
170 0.000269 0.025362 300.000000 8.287292
170 0.000251 0.037406 400.000000 7.561437
170 0.000245 0.053362 500.000000 8.169934
170 0.000225 0.068055 600.000000 8.670520
170 0.000225 0.053407 700.000000 8.130081
180 0.000385 0.022458 100.000000 7.194244
180 0.000158 0.021239 200.000000 7.812500
180 0.000271 0.023373 300.000000 8.241758
180 0.000249 0.038320 400.000000 7.575758
180 0.000241 0.054263 500.000000 8.223684
180 0.000243 0.067518 600.000000 8.595988
180 0.000275 0.051928 700.000000 8.130081
190 0.000091 0.014660 100.000000 7.194244
190 0.000084 0.012495 200.000000 7.843137
190 0.000297 0.015684 300.000000 8.219178
190 0.000252 0.031855 400.000000 7.619048
190 0.000238 0.048275 500.000000 8.291874
190 0.000242 0.060368 600.000000 8.571428
190 0.000243 0.047136 700.000000 8.139535
200 0.000186 0.015402 100.000000 7.194244
200 0.000065 0.015238 200.000000 7.874016
200 0.000283 0.020714 300.000000 8.219178
200 0.000267 0.036712 400.000000 7.648183
200 0.000237 0.052957 500.000000 8.347245
200 0.000218 0.061648 600.000000 8.571428
200 0.000239 0.048088 700.000000 8.149011
210 0.000442 0.005529 100.000000 7.194244
210 0.000203 0.012013 200.000000 7.968128
210 0.000388 0.022148 300.000000 8.219178
210 0.000319 0.025804 400.000000 7.707129
210 0.000257 0.039079 500.000000 8.417508
210 0.000264 0.048504 600.000000 8.583691
210 0.000281 0.041904 700.000000 8.168028
220 0.000278 0.003012 100.000000 7.299270
220 0.000061 0.003674 200.000000 8.032128
220 0.000303 0.016648 300.000000 8.219178
220 0.000260 0.027886 400.000000 7.751938
220 0.000224 0.043154 500.000000 8.503402
220 0.000171 0.048362 600.000000 8.608321
220 0.000238 0.040006 700.000000 8.196721
230 0.000263 0.005715 100.000000 7.352941
230 0.000099 0.004745 200.000000 8.130081
230 0.000344 0.020113 300.000000 8.241758
230 0.000281 0.028538 400.000000 7.812500
230 0.000239 0.044177 500.000000 8.576329
230 0.000220 0.047880 600.000000 8.645534
230 0.000254 0.040829 700.000000 8.225616
240 0.000289 0.006578 100.000000 7.462687
240 0.000184 0.005555 200.000000 8.264462
240 0.000399 0.023422 300.000000 8.264462
240 0.000306 0.032265 400.000000 7.889546
240 0.000261 0.048665 500.000000 8.665511
240 0.000243 0.050959 600.000000 8.695652
240 0.000282 0.043867 700.000000 8.244994
250 0.000226 0.009420 100.000000 7.633588
250 0.000213 0.008088 200.000000 8.403361
250 0.000418 0.025686 300.000000 8.241758
250 0.000309 0.033451 400.000000 7.968128
250 0.000264 0.049937 500.000000 8.741259
250 0.000236 0.050098 600.000000 8.746356
250 0.000290 0.043394 700.000000 8.274232
260 0.000229 0.007166 100.000000 7.751938
260 0.000274 0.006843 200.000000 8.510638
260 0.000435 0.029155 300.000000 7.853403
260 0.000324 0.039944 400.000000 8.032128
260 0.000273 0.057169 500.000000 8.833922
260 0.000258 0.054716 600.000000 8.771930
260 0.000294 0.047088 700.000000 8.264462
270 0.000229 0.004964 100.000000 7.874016
270 0.000341 0.005454 200.000000 8.620689
270 0.000410 0.030007 300.000000 7.633588
270 0.000343 0.043818 400.000000 8.113590
270 0.000288 0.062704 500.000000 8.912656
270 0.000278 0.057706 600.000000 8.784773
270 0.000329 0.049695 700.000000 8.196721
280 0.000317 0.004775 100.000000 7.936508
280 0.000333 0.001058 200.000000 8.733624
280 0.000394 0.024459 300.000000 7.575758
280 0.000337 0.040222 400.000000 8.196721
280 0.000283 0.060373 500.000000 8.976661
280 0.000284 0.054272 600.000000 8.670520
290 0.000188 0.005669 100.000000 8.064516
290 0.000409 0.002839 200.000000 8.810573
290 0.000385 0.027314 300.000000 7.575758
290 0.000333 0.044715 400.000000 8.264462
290 0.000281 0.064409 500.000000 9.025270
290 0.000288 0.055202 600.000000 8.321775
300 0.000246 0.007807 100.000000 8.196721
300 0.000535 0.008467 200.000000 8.888889
300 0.000433 0.033801 300.000000 7.614213
300 0.000364 0.053134 400.000000 8.350731
300 0.000310 0.073358 500.000000 9.041592
300 0.000315 0.060547 600.000000 8.275862
310 0.000224 0.008634 100.000000 8.333333
310 0.000570 0.013776 200.000000 8.849558
310 0.000416 0.038245 300.000000 7.653061
310 0.000356 0.057485 400.000000 8.438819
310 0.000325 0.076733 500.000000 8.976661
310 0.000337 0.060942 600.000000 8.275862
320 0.000111 0.007680 100.000000 8.403361
320 0.000523 0.017183 200.000000 8.810573
320 0.000402 0.039179 300.000000 7.692307
320 0.000341 0.058176 400.000000 8.528785
320 0.000343 0.075233 500.000000 8.896797
320 0.000325 0.058357 600.000000 8.287292
330 0.000159 0.013334 100.000000 8.547009
330 0.000476 0.018929 200.000000 8.810573
330 0.000370 0.040071 300.000000 7.751938
330 0.000317 0.060303 400.000000 8.602151
330 0.000286 0.072920 500.000000 8.880995
330 0.000300 0.055657 600.000000 8.310249
340 0.000236 0.020670 100.000000 8.620689
340 0.000501 0.026318 200.000000 8.771930
340 0.000424 0.047518 300.000000 7.812500
340 0.000339 0.069136 400.000000 8.695652
340 0.000316 0.078516 500.000000 8.896797
340 0.000310 0.059717 600.000000 8.321775
350 0.000244 0.026023 100.000000 8.771930
350 0.000502 0.030192 200.000000 8.733624
350 0.000431 0.051617 300.000000 7.853403
350 0.000334 0.072953 400.000000 8.791209
350 0.000274 0.077870 500.000000 8.896797
350 0.000314 0.059622 600.000000 8.344924
360 0.000151 0.024509 100.000000 8.928572
360 0.000501 0.026119 200.000000 8.733624
360 0.000422 0.047564 300.000000 7.915567
360 0.000332 0.069392 400.000000 8.869180
360 0.000275 0.071181 500.000000 8.928572
360 0.000314 0.055845 600.000000 8.356546
370 0.000172 0.023588 100.000000 9.090909
370 0.000546 0.031455 200.000000 8.658009
370 0.000416 0.052207 300.000000 7.978724
370 0.000336 0.072719 400.000000 8.968610
370 0.000291 0.070749 500.000000 8.960573
370 0.000325 0.055881 600.000000 8.368201
380 0.000289 0.016348 100.000000 9.174312
380 0.000620 0.033976 200.000000 8.510638
380 0.000435 0.053081 300.000000 8.042895
380 0.000347 0.073759 400.000000 9.049774
380 0.000292 0.069005 500.000000 8.976661
380 0.000340 0.055701 600.000000 8.379889
390 0.000431 0.012721 100.000000 9.345795
390 0.000571 0.040095 200.000000 7.692307
390 0.000411 0.056285 300.000000 8.130081
390 0.000333 0.075190 400.000000 9.153318
390 0.000299 0.067026 500.000000 8.992805
390 0.000339 0.054285 600.000000 8.321775
400 0.000550 0.014253 100.000000 9.523809
400 0.000537 0.044438 200.000000 7.407407
400 0.000414 0.060842 300.000000 8.196721
400 0.000330 0.079347 400.000000 9.216590
400 0.000309 0.067036 500.000000 8.944544
400 0.000346 0.054755 600.000000 8.064516
410 0.000691 0.021702 100.000000 9.615385
410 0.000512 0.051247 200.000000 7.326007
410 0.000397 0.066120 300.000000 8.287292
410 0.000319 0.083115 400.000000 9.280743
410 0.000311 0.066746 500.000000 8.445946
420 0.000939 0.027037 100.000000 9.523809
420 0.000562 0.056336 200.000000 7.299270
420 0.000430 0.071432 300.000000 8.379889
420 0.000344 0.089285 400.000000 9.237875
420 0.000334 0.068817 500.000000 8.278146
430 0.001041 0.035596 100.000000 9.259259
430 0.000551 0.060017 200.000000 7.326007
430 0.000428 0.075138 300.000000 8.450705
430 0.000382 0.091275 400.000000 9.090909
430 0.000389 0.068089 500.000000 8.250825
440 0.001068 0.042449 100.000000 9.090909
440 0.000576 0.062782 200.000000 7.352941
440 0.000442 0.079549 300.000000 8.547009
440 0.000408 0.092952 400.000000 8.968610
440 0.000369 0.068250 500.000000 8.237232
450 0.000965 0.052210 100.000000 8.928572
450 0.000527 0.065241 200.000000 7.380074
450 0.000397 0.079296 300.000000 8.645534
450 0.000328 0.086374 400.000000 8.928572
450 0.000339 0.063200 500.000000 8.237232
460 0.001012 0.061332 100.000000 8.620689
460 0.000559 0.067856 200.000000 7.434944
460 0.000400 0.083038 300.000000 8.720930
460 0.000348 0.084495 400.000000 8.908686
460 0.000345 0.062605 500.000000 8.237232
470 0.000915 0.059439 100.000000 8.474576
470 0.000581 0.065628 200.000000 7.462687
470 0.000413 0.083200 300.000000 8.823529
470 0.000309 0.081102 400.000000 8.908686
470 0.000357 0.061672 500.000000 8.237232
480 0.000929 0.047545 100.000000 8.196721
480 0.000549 0.058511 200.000000 7.490637
480 0.000396 0.077770 300.000000 8.902077
480 0.000329 0.072453 400.000000 8.908686
480 0.000361 0.056340 500.000000 8.223684
490 0.000989 0.045551 100.000000 7.518797
490 0.000546 0.059666 200.000000 7.547170
490 0.000390 0.079348 300.000000 8.982036
490 0.000328 0.069674 400.000000 8.888889
490 0.000368 0.054722 500.000000 8.183306
500 0.000681 0.035796 100.000000 6.134969
500 0.000463 0.054285 200.000000 7.604563
500 0.000338 0.071926 300.000000 9.063444
500 0.000318 0.058921 400.000000 8.830022
500 0.000350 0.047080 500.000000 8.012820
510 0.000796 0.040930 100.000000 5.917160
510 0.000509 0.066303 200.000000 7.692307
510 0.000372 0.084478 300.000000 9.118541
510 0.000369 0.063599 400.000000 8.438819
520 0.000715 0.041333 100.000000 5.847953
520 0.000455 0.066150 200.000000 7.782101
520 0.000337 0.080314 300.000000 9.118541
520 0.000310 0.054822 400.000000 8.000000
530 0.000618 0.037019 100.000000 5.917160
530 0.000407 0.059684 200.000000 7.936508
530 0.000323 0.071030 300.000000 9.063444
530 0.000278 0.045415 400.000000 7.984032
540 0.000661 0.040474 100.000000 6.024096
540 0.000414 0.062846 200.000000 8.097166
540 0.000362 0.072507 300.000000 8.955224
540 0.000367 0.045278 400.000000 8.016032
550 0.000753 0.045408 100.000000 6.134969
550 0.000428 0.067366 200.000000 8.264462
550 0.000377 0.074319 300.000000 8.902077
550 0.000327 0.046133 400.000000 8.032128
560 0.000781 0.053903 100.000000 6.250000
560 0.000438 0.071781 200.000000 8.438819
560 0.000325 0.073046 300.000000 8.902077
560 0.000313 0.044300 400.000000 8.064516
570 0.000840 0.051786 100.000000 6.369427
570 0.000414 0.068820 200.000000 8.620689
570 0.000379 0.067430 300.000000 8.928572
570 0.000307 0.043643 400.000000 8.097166
580 0.000860 0.063767 100.000000 6.535948
580 0.000451 0.074976 200.000000 8.810573
580 0.000291 0.066033 300.000000 8.982036
580 0.000299 0.040688 400.000000 8.146640
590 0.000427 0.028089 100.000000 6.666667
590 0.000242 0.034555 200.000000 9.009009
590 0.000160 0.031474 300.000000 9.036144
590 0.000212 0.024080 400.000000 8.179959
600 0.000560 0.045682 100.000000 6.849315
600 0.000320 0.050178 200.000000 9.216590
600 0.000245 0.040418 300.000000 9.118541
600 0.000257 0.028581 400.000000 8.213552
610 0.000577 0.046342 100.000000 7.092198
610 0.000314 0.048906 200.000000 9.478673
610 0.000238 0.036995 300.000000 9.230769
610 0.000244 0.026831 400.000000 8.264462
620 0.000462 0.041119 100.000000 7.407407
620 0.000253 0.041440 200.000000 9.852217
620 0.000238 0.030982 300.000000 9.404388
620 0.000241 0.025021 400.000000 8.333333
630 0.000434 0.037578 100.000000 7.936508
630 0.000232 0.038837 200.000000 10.256411
630 0.000232 0.029267 300.000000 9.615385
630 0.000244 0.025135 400.000000 8.438819
640 0.000370 0.034321 100.000000 8.547009
640 0.000215 0.036008 200.000000 10.752688
640 0.000232 0.027829 300.000000 9.868421
640 0.000229 0.025418 400.000000 8.565310
650 0.000342 0.032142 100.000000 9.174312
650 0.000205 0.035639 200.000000 11.235955
650 0.000251 0.028442 300.000000 10.101010
650 0.000256 0.026697 400.000000 8.658009
660 0.000301 0.029916 100.000000 9.803922
660 0.000193 0.034704 200.000000 11.764706
660 0.000254 0.028702 300.000000 10.309278
660 0.000275 0.027903 400.000000 8.658009
670 0.000278 0.029319 100.000000 10.416667
670 0.000185 0.035126 200.000000 12.195122
670 0.000252 0.029270 300.000000 10.309278
670 0.000279 0.029060 400.000000 8.179959
680 0.000221 0.029124 100.000000 10.989011
680 0.000172 0.036129 200.000000 12.500000
680 0.000241 0.029598 300.000000 9.554140
690 0.000200 0.024642 100.000000 11.494253
690 0.000151 0.032520 200.000000 12.578616
690 0.000226 0.028566 300.000000 9.063444
700 0.000228 0.026689 100.000000 11.904762
700 0.000215 0.034188 200.000000 12.048193
700 0.000256 0.029313 300.000000 8.982036
710 0.000237 0.024836 100.000000 12.345679
710 0.000279 0.032018 200.000000 11.494253
710 0.000255 0.027470 300.000000 8.928572
720 0.000254 0.022199 100.000000 12.820513
720 0.000151 0.028263 200.000000 11.173184
720 0.000252 0.026170 300.000000 8.875740
730 0.000246 0.018244 100.000000 13.333333
730 0.000115 0.023679 200.000000 10.989011
730 0.000255 0.026676 300.000000 8.849558
740 0.000164 0.015663 100.000000 13.698630
740 0.000183 0.020781 200.000000 10.928962
740 0.000263 0.026800 300.000000 8.797654
750 0.000176 0.015181 100.000000 14.084507
750 0.000208 0.021363 200.000000 10.810811
750 0.000289 0.027907 300.000000 8.695652
760 0.000170 0.019058 100.000000 14.285714
760 0.000251 0.022962 200.000000 10.526316
760 0.000324 0.027265 300.000000 8.356546
770 0.000165 0.023593 100.000000 14.084507
770 0.000284 0.024677 200.000000 8.771930
780 0.000236 0.021304 100.000000 12.500000
780 0.000318 0.031162 200.000000 8.000000
790 0.000564 0.023840 100.000000 10.416667
790 0.000378 0.032512 200.000000 7.782101
800 0.000536 0.028257 100.000000 9.523809
800 0.000412 0.039536 200.000000 7.604563
810 0.000505 0.027551 100.000000 9.009009
810 0.000448 0.041210 200.000000 7.434944
820 0.000541 0.032369 100.000000 8.620689
820 0.000473 0.045061 200.000000 7.246377
830 0.000594 0.034808 100.000000 8.064516
830 0.000522 0.043109 200.000000 6.756757
840 0.000643 0.037715 100.000000 6.097561
850 0.000515 0.036533 100.000000 5.780347
860 0.000510 0.035421 100.000000 5.847953
870 0.000487 0.034104 100.000000 5.988024
880 0.000273 0.019494 100.000000 6.097561
890 0.000332 0.018851 100.000000 6.211180
900 0.000395 0.022045 100.000000 6.250000
910 0.000507 0.021637 100.000000 6.289308
920 0.000539 0.013841 100.000000 6.289308
930 0.000579 0.014308 100.000000 6.250000
940 0.000722 0.016206 100.000000 6.134969
950 0.000734 0.020868 100.000000 5.813953
960 0.000817 0.023537 100.000000 4.807693
