12.4972
12.3416
9.94824
15.0945
17.1218
14.5839
15.5712
17.9285
15.5007
14.5434
17.1098
19.4401
17.1051
15.2563
17.8844
16.775
19.1128
16.3404
17.0957
15.4775
14.1489
16.6799
17.0628
17.3598
15.8179
15.2027
17.7743
11.2628
12.1774
9.53431
16.5651
12.9565
15.6962
13.9785
12.2788
14.0396
12.7368
12.5046
11.7952
15.7589
13.6189
13.7522
15.7685
17.2941
15.4849
16.9671
16.3028
17.1596
17.5722
16.4447
16.9581
18.2785
15.5008
15.4532
14.3712
18.6108
15.7456
15.6314
17.3454
14.0391
15.7993
16.5202
14.1029
15.0128
15.023
16.5259
14.7584
15.775
16.7452
14.1862
19.6653
17.3451
17.9937
15.1978
16.3759
16.6583
14.0183
15.2809
15.2468
15.9553
16.9541
16.3318
14.7727
16.3475
17.6236
14.1847
17.708
15.0387
18.5925
19.8087
17.0008
16.7492
18.6116
16.9314
15.1371
19.2215
15.6534
17.4216
16.0527
21.664
19.6603
18.0158
14.871
16.2235
15.9678
16.2652
16.5757
16.731
17.8738
18.8407
15.1086
14.2298
13.1984
14.7167
14.2267
14.7489
17.3315
17.4145
12.756
14.4333
9.89492
13.1484
16.0099
15.0082
16.5183
16.7308
16.0237
15.2343
15.419
17.1902
14.487
13.7226
14.9308
15.0571
11.5009
14.3708
16.4392
17.6721
18.9785
16.6255
14.4715
17.8337
22.0517
17.4653
20.5877
17.4922
16.8634
15.4659
19.5687
18.3062
17.2385
17.2754
17.2783
15.1479
14.7059
16.5988
15.8133
16.5119
18.8546
19.2566
17.093
16.2155
16.1397
14.7081
16.639
16.4148
14.2839
14.2351
14.5276
16.2409
13.3476
16.1262
15.4985
13.1885
15.2644
12.1639
16.4017
11.2387
14.9041
15.3111
15.0474
16.4807
15.8027
16.0131
14.1827
12.9832
17.6085
17.4896
17.4127
28.514
28.4659
36.4882
38.2198
28.6526
32.4408
36.5434
40.0154
34.9263
33.8636
40.5263
36.0391
42.2738
40.8202
66.4395
54.3199
45.9836
37.7794
32.0396
27.9486
23.1847
17.9177
14.5726
13.3081
16.3239
12.9361
12.791
15.3143
14.2259
15.7244
14.8513
12.1596
11.9212
17.4257
14.5888
15.882
15.4686
13.3984
14.1535
14.9195
16.7043
15.2063
15.359
12.7744
17.5409
17.9741
12.137
14.4928
14.7087
14.4038
17.9501
14.115
13.6436
16.5324
16.2795
16.2739
15.6449
12.7366
13.1358
12.7151
12.4323
12.5734
14.1195
9.86314
13.0566
11.6182
11.1772
11.5551
10.7439
11.1361
11.066
8.82127
11.736
10.8347
9.82489
12.3212
10.6682
13.8255
11.9114
13.1474
10.8025
13.8704
10.6883
13.6662
14.2835
15.7697
14.7193
13.8366
14.1495
14.0468
13.3138
12.8848
12.3524
12.1582
11.7204
11.1895
12.9128
11.6267
12.2289
9.25592
9.46504
11.7391
12.6436
12.7035
13.3126
12.7067
13.9418
10.0749
14.2253
15.4041
12.9174
15.6667
14.8823
16.8572
18.4667
18.3936
15.7607
16.2786
16.8993
14.9504
15.4857
17.134
15.033
16.2845
16.5915
17.0532
14.3616
16.0536
13.8422
12.0687
14.6035
12.0944
12.4904
12.3743
14.0321
14.7391
12.246
12.8107
12.9686
13.826
11.681
13.7061
11.9696
11.8734
10.865
12.3239
12.2661
15.095
12.4627
12.1623
13.6649
15.8713
12.1707
12.4405
13.3889
14.618
13.9876
12.3918
11.9144
13.5534
12.0738
10.0642
13.7191
12.0832
11.9326
14.8566
12.9576
13.4675
12.4482
13.8928
12.7099
12.5038
11.0047
11.1588
14.5257
10.7753
14.0622
12.0325
12.3791
10.9795
12.6728
13.3631
11.0739
12.1613
10.2878
12.4088
13.9335
11.7024
12.4838
10.8829
12.1047
13.1089
12.6016
10.8253
11.5751
15.5835
12.1068
13.4213
8.4735
11.9066
11.3264
13.3668
13.164
12.6571
13.2483
13.1408
10.4775
13.438
10.5035
11.5428
12.3617
13.0742
16.6272
14.5199
13.8708
11.618
12.2064
11.1651
13.6391
13.3015
11.7755
11.1336
14.1202
13.9915
13.5392
9.45816
8.53336
11.1143
12.2933
13.1254
13.0231
13.3289
13.8995
12.2284
13.8419
11.1353
14.5631
14.4438
17.1469
12.0777
14.7635
11.5733
17.6434
11.1033
14.372
12.5031
14.1391
14.9073
14.2855
13.8767
14.7678
12.9166
15.2796
13.999
13.2063
14.7846
14.9913
15.488
13.2409
15.3057
12.2833
17.2043
15.3533
13.4835
14.1465
16.0711
17.9214
14.3988
13.9329
14.1866
14.389
15.7334
16.0013
14.2251
14.52
10.9068
15.1602
14.5954
15.4703
14.0289
16.8601
16.9348
16.7719
16.781
17.0892
18.857
17.5618
15.1543
17.3015
17.2918
13.2553
15.7468
15.4695
15.6926
11.8785
12.2764
16.4326
13.2667
17.982
16.2089
15.5252
12.4409
13.7624
16.0075
17.7655
16.8303
21.2035
16.8325
14.76
17.4657
15.6755
15.6274
17.2166
16.8083
16.9543
17.1883
14.8429
17.1801
15.5927
17.2781
17.4727
15.9946
17.4777
15.1429
15.9796
15.2157
15.566
14.9257
14.8295
14.8116
15.7851
13.3941
14.1817
15.3891
14.0711
15.5231
15.9658
13.549
16.0342
13.9959
15.2272
13.5818
12.3494
12.3965
11.8482
12.1632
13.5469
8.75967
13.3439
13.2611
11.8143
11.7128
12.0821
11.0852
12.2222
13.2037
12.6943
12.3584
10.6672
11.0071
13.465
12.9961
12.4336
14.2338
12.3802
11.9121
13.7065
14.4263
12.8577
12.7085
13.6936
14.6206
13.6121
16.339
12.8345
13.8664
13.1169
12.7024
10.4178
11.7358
12.6134
8.92994
10.7952
12.3273
11.9611
12.2403
12.2085
12.7154
13.3772
11.3769
12.8392
10.3756
13.6397
11.3273
12.0301
13.3845
12.5248
12.2537
12.5226
14.2152
13.1574
12.7183
11.6472
11.8819
15.4635
14.3406
14.2595
14.3013
15.8532
14.0626
13.7458
12.9042
7.81762
12.1303
10.9858
13.3169
12.9195
11.6089
11.6718
12.5024
9.91246
7.93215
10.094
9.20853
8.80557
8.9136
9.37233
9.57272
7.63578
7.55066
9.15561
7.4079
6.51919
6.12222
6.35071
7.15474
6.8517
7.42125
5.54432
6.21543
4.17912
5.71642
6.91499
5.25229
6.08544
6.31159
5.75061
7.30444
5.91074
8.18423
6.57141
6.52358
7.6151
6.96364
8.45391
7.39642
6.74037
8.66615
6.98453
8.06367
8.3844
7.04625
7.93196
8.70192
8.20229
7.75093
8.01499
8.13608
11.4777
11.1137
10.2337
10.702
12.1068
10.6222
9.54337
9.43251
12.8829
13.2931
12.2287
14.5149
10.8802
13.7935
14.7783
10.5873
9.1377
11.6032
13.4471
13.3559
11.1051
14.0797
12.9791
14.1276
12.4524
13.5323
12.2146
11.3334
10.8767
11.94
14.7027
14.6992
13.5815
13.0296
13.7157
14.7524
14.7067
12.8546
14.9478
14.5378
16.8114
18.5736
18.3558
15.0675
14.4929
16.27
15.5263
14.95
14.8084
12.9109
14.5607
12.7121
13.6393
15.6212
15.6853
14.8044
14.5465
19.7887
14.1669
16.9311
15.8201
15.4991
13.607
13.969
15.4502
11.4791
15.3371
17.4162
16.2694
16.6177
13.9964
15.2106
17.0561
18.1471
17.4346
15.6635
16.615
15.9053
17.3393
14.8806
15.5032
19.9544
20.1944
23.5164
21.6306
20.5525
18.0853
21.9351
23.6086
21.5823
24.1403
28.1532
23.0917
26.4418
22.6357
22.6324
22.8137
31.2772
27.5197
23.3136
24.0098
19.6301
20.8962
30.6224
44.0761
42.4546
47.1817
42.176
29.4999
29.04
22.8547
15.751
19.6391
20.9355
20.9538
21.8605
20.9991
17.3862
20.8606
22.0588
22.5764
21.6301
42.3598
29.0436
24.474
19.4215
41.2353
25.0683
31.9736
20.9212
38.1528
33.7485
26.4295
29.2289
39.1694
29.7867
57.0987
45.9989
51.4325
45.9394
34.2836
26.6966
35.2202
30.9746
24.8875
28.5799
27.4018
41.3231
26.7434
30.0567
33.1301
44.7262
48.7019
25.1036
45.7454
35.9272
46.7233
29.5211
36.5335
34.6396
28.3115
21.1324
27.3868
33.3642
22.9768
22.1374
28.4767
36.4793
30.6183
41.2205
36.124
43.4329
23.4208
18.3761
17.919
19.4196
15.8633
17.8357
16.335
14.8036
12.4481
16.9567
13.2376
13.345
12.6932
15.9053
13.5272
11.6951
13.7746
13.7327
11.8153
12.1746
14.0958
12.7094
11.1252
10.6078
14.1836
12.1528
10.4018
12.4487
13.0944
9.97195
10.9302
11.3215
11.8661
12.0038
9.68576
10.1116
10.4413
13.1096
12.6028
11.0682
13.3191
12.2691
11.1004
9.77289
12.5901
11.1567
14.4553
10.4199
10.556
12.6693
13.6919
10.6321
11.3554
11.2178
10.818
12.8882
10.2005
12.2712
10.2376
10.7166
12.87
13.3319
12.6363
10.493
11.0267
10.5877
12.0393
10.7936
11.0911
9.98154
10.6385
14.1447
14.7167
15.1582
11.5308
13.5054
14.4225
13.5517
17.8122
17.5725
16.9017
17.7751
17.8258
14.5453
15.872
15.3638
18.9115
16.6369
16.7448
17.4784
21.4752
20.199
13.2681
17.1469
14.4247
14.807
16.7259
16.7569
17.5699
18.2735
17.1532
15.4181
12.8266
14.6467
13.8445
12.3803
12.1466
11.5309
15.5106
10.9704
11.706
11.9027
15.2291
12.8073
13.0333
9.33365
14.1283
12.2605
12.3713
10.8359
10.0838
9.32527
9.03629
9.56318
9.0765
8.19146
9.76553
8.84494
8.05388
6.88353
5.8095
7.90244
6.9332
8.558
5.44956
6.86233
6.86914
7.07528
5.02317
6.54885
7.37119
6.01808
6.18724
8.05908
5.60027
6.95024
6.11017
4.39921
6.08607
4.94074
6.06065
6.01373
5.06571
5.55245
4.78367
5.74787
5.16134
4.74523
3.83437
3.34755
4.19689
5.34959
5.50191
5.40413
4.22863
4.62968
2.95591
5.85844
3.86098
4.32751
3.93674
5.86293
5.30795
4.59614
6.82213
6.01584
5.55741
6.92007
6.33391
6.34127
6.01105
5.78548
6.53442
6.84859
6.49305
6.06531
6.22321
7.26896
5.56088
6.4767
8.98588
7.92685
7.67479
8.50803
9.92564
9.7949
11.7953
9.22959
9.64889
9.82789
10.1016
11.0037
13.6744
11.448
12.5925
11.8601
12.3457
10.5311
13.1062
12.8668
13.051
13.3294
9.25618
13.6545
9.51669
11.9005
11.9297
10.9168
11.042
10.3708
12.1014
8.30706
9.7001
9.5596
8.99311
10.1785
14.2976
9.8279
11.467
11.344
11.9555
10.7117
13.3802
9.93934
12.1975
12.1849
11.4067
14.4676
13.4035
11.7185
13.5252
11.6066
11.069
12.2927
12.0812
9.89712
10.3596
11.3656
10.5024
13.297
13.8113
10.5706
10.2746
14.6002
9.51976
11.7609
10.9063
10.3108
11.0186
13.3715
14.9763
11.6729
13.7598
11.6021
10.0936
12.5361
12.916
13.3952
11.2221
9.94844
10.965
11.2277
10.5176
10.4398
10.7024
8.61636
10.2045
9.21199
8.69075
9.78713
6.549
7.81133
9.18596
8.73177
10.0095
5.82659
7.53357
7.2513
9.08317
5.48811
5.07716
7.17965
5.8502
6.57914
6.43739
5.97773
5.96945
4.94065
4.75431
4.20067
5.11422
5.65764
6.47706
5.73407
5.68086
5.21202
4.35926
4.70346
5.43049
5.79599
5.02877
4.37079
4.42275
4.28064
3.8743
4.50422
3.29494
4.28883
5.38271
4.45608
3.53596
3.9497
3.5383
3.8799
3.97752
3.12455
2.73896
3.60018
3.76433
3.08441
4.10775
3.83299
2.47847
4.38786
3.72821
3.75951
4.69383
4.09079
4.46997
5.72063
3.63532
4.50311
4.66905
3.52001
4.23566
4.81223
3.70219
4.14394
4.44006
3.57475
3.68283
5.28456
5.30675
5.13523
4.77646
5.05335
4.07402
5.50482
5.01483
5.93897
5.19091
6.23929
5.01241
6.35041
4.89235
3.7181
5.22765
3.7804
4.42751
4.91996
4.84326
