11.5598
12.3248
12.4287
12.3161
13.1591
12.0398
11.7621
8.43575
10.6381
9.83461
12.1757
11.9361
9.62637
11.5877
11.1386
9.96438
10.0096
10.6994
7.80227
8.48076
10.2551
9.67967
7.67924
7.25166
7.95656
7.21655
7.6472
9.07734
7.53604
7.34208
6.85077
5.30439
7.63803
7.75556
8.05704
6.68245
6.33059
5.5668
5.03157
7.2386
6.50929
4.84753
5.60841
6.70183
6.56283
6.68899
7.34725
6.9694
6.35681
6.99246
6.85745
8.05733
8.373
7.37399
8.02209
7.66668
7.88845
7.57793
7.24239
9.57643
8.42049
8.25482
10.2283
11.1128
7.59328
9.4021
9.71852
11.3333
9.02756
13.7016
12.5107
11.7149
12.2254
11.469
10.1873
11.0324
10.3757
9.35676
12.5815
11.8976
9.94761
12.1679
13.5529
11.9795
12.7206
11.8115
10.5129
14.5119
13.3076
13.218
13.5376
14.3714
13.3268
12.2641
13.4035
15.3325
20.3404
14.8505
15.2522
11.7352
16.5483
15.4401
16.5038
14.6723
15.5603
15.8928
14.9457
13.7945
17.7832
16.1976
18.6073
16.721
18.4456
14.7012
14.7924
19.452
16.9768
16.7949
16.443
15.4207
16.4296
16.0238
16.7485
18.6324
19.2884
21.5638
17.372
16.7914
16.5881
17.5384
17.6668
14.8005
17.5107
14.9063
15.8403
14.7158
13.8297
16.8923
16.4396
18.1071
16.3859
14.9668
14.7145
13.5343
17.0365
14.943
16.014
14.9792
16.2277
15.047
17.442
16.1883
16.0789
14.167
12.393
13.3183
15.0739
14.5476
16.6349
10.4235
13.9995
13.4873
14.4881
15.0967
12.8934
13.4753
13.3733
14.926
14.55
14.3962
14.7395
15.1125
14.7649
13.5352
14.612
16.6297
15.7664
13.7742
16.3506
15.6672
15.9876
17.5902
17.1449
18.9158
20.0956
17.6404
18.0424
16.8943
15.9348
15.6273
18.0285
21.6679
18.6997
19.5783
19.3795
16.9126
17.703
19.2303
19.6429
26.7099
26.6203
21.5179
20.5233
17.5223
15.4502
16.5592
21.0725
21.0101
17.2462
19.0318
17.4993
17.8775
17.4338
21.2568
21.301
19.0077
18.8247
16.8965
17.5669
17.1564
16.3146
21.6417
20.3154
16.5595
16.0135
17.1188
11.3755
13.609
15.7491
13.8971
14.5176
13.7593
14.2218
12.5236
10.1122
12.8235
13.4484
13.7151
15.9947
11.7871
14.8575
18.426
12.6825
15.9325
16.3014
13.7309
18.5156
18.5801
12.9854
15.8099
12.771
12.7784
14.3377
13.7071
17.0721
15.8088
15.9266
15.5413
13.4746
18.1897
14.3825
17.1867
16.2302
21.1391
19.2053
18.3019
16.7834
13.3318
15.9404
15.33
14.9296
19.976
17.1412
17.8496
16.9137
17.8377
21.7687
18.4695
20.8801
21.0552
18.503
23.0937
18.1283
19.1053
20.7455
16.5009
23.6189
21.3527
21.3325
21.8825
19.1801
22.6497
18.1244
21.4902
21.0647
18.8635
19.3531
20.3216
15.8208
22.2675
23.8239
22.1357
20.427
21.8418
20.7306
22.2668
19.047
17.1588
19.5447
21.2404
21.0966
17.9541
17.2068
18.1282
18.0727
18.3509
16.9352
16.2106
16.5796
17.292
18.1538
15.8521
18.3877
19.4132
18.2078
18.646
21.7364
19.1397
18.8292
26.1205
18.0689
18.3489
19.8719
19.8344
21.7232
22.4114
21.0978
21.2885
23.8349
24.2202
20.2019
18.2415
22.3163
18.2995
19.6602
20.7571
19.366
14.758
21.0756
20.0293
19.3979
15.8844
17.6057
17.342
17.1324
18.7343
18.0184
16.1675
17.5978
17.4145
17.2527
14.03
17.005
17.7477
17.7935
22.4801
17.9226
16.5563
18.7507
16.4324
19.4302
18.5538
16.8532
20.025
14.9689
16.3637
16.2664
14.4078
16.7357
18.8707
17.4139
16.9594
13.1717
21.779
15.7525
17.366
18.6354
17.3918
14.0294
15.85
15.4142
17.6045
16.6765
19.0018
15.2481
12.3853
13.0132
13.4485
9.59253
12.6098
15.3687
13.1548
14.5095
11.474
13.7153
12.0779
12.715
12.27
12.8656
12.5474
12.4287
13.066
12.8563
13.3281
12.7962
12.477
14.4723
11.6615
13.727
14.0486
15.2043
14.4664
13.5295
13.5174
14.1149
16.4747
13.9473
15.5081
15.8748
17.9675
17.8709
14.874
15.1634
17.3225
17.733
15.2385
16.7438
21.5417
21.0692
19.1501
17.5632
17.1555
18.2668
19.1898
17.003
19.8117
19.6797
17.9723
17.9176
19.6028
17.1644
17.3522
15.9914
15.7995
16.7415
14.9458
20.6628
18.9223
20.5691
17.2988
15.7942
17.7927
15.2954
14.4023
15.3194
16.3066
14.6
13.1312
13.8812
16.1602
20.6277
20.1381
18.0981
17.6768
16.3233
15.2742
13.1034
14.1749
13.9469
11.0371
15.8311
17.433
15.6112
16.6836
18.1609
15.6222
17.1307
17.0932
14.8754
15.631
15.7236
13.2633
14.4492
13.8922
12.3117
9.65214
12.8356
12.2418
13.7833
12.4071
12.2424
11.2928
13.9234
12.2313
8.57238
10.5741
10.3982
10.3435
10.8609
10.6439
10.8545
13.3131
9.89305
11.6631
11.7894
14.2697
10.9587
11.432
10.8013
11.4784
11.2689
11.3468
12.8305
12.7901
12.5069
12.1536
12.8222
13.5321
12.6143
14.1587
15.9947
14.3448
14.3331
14.6098
14.5596
14.5204
14.0014
16.1236
13.7799
11.9969
14.307
14.7833
12.9922
15.8299
15.1585
13.8698
15.193
14.0131
13.8864
11.926
14.2165
14.6446
13.5767
11.8085
14.68
12.9787
11.4683
13.8554
11.6583
14.4611
10.8986
13.2185
12.4087
12.139
10.6809
12.3679
12.0717
12.6719
11.9164
13.8947
12.5315
14.0655
13.7464
12.5
11.7666
13.109
15.0935
11.0246
11.8862
12.9714
10.7855
12.1219
10.9676
11.4343
11.9743
11.6468
12.0201
8.37967
11.3946
11.7828
10.2913
11.2799
11.9017
11.4969
11.8581
13.5739
12.9225
15.3598
14.9758
10.9734
13.4618
15.7393
13.0547
12.3716
15.9063
12.473
15.6241
13.6689
13.7815
13.8276
14.8535
14.3944
12.1325
13.2509
14.4829
12.8965
14.7665
14.485
14.8879
16.0458
12.9569
14.4725
13.0998
13.4125
12.0119
13.8351
13.063
14.607
11.0701
11.279
10.4708
10.9113
13.6403
14.0176
12.4248
14.2223
12.2475
12.7253
14.9227
13.455
10.8916
12.3626
10.7251
12.7009
12.6809
11.1279
13.7645
14.487
14.4859
13.1155
14.6359
13.4951
13.3706
14.4964
14.6035
11.964
12.5659
15.0822
11.0124
12.7707
13.5674
14.682
12.7519
11.7178
13.082
12.4758
12.824
14.6555
18.3903
14.5323
13.1034
13.8579
15.8904
12.9671
14.5782
11.6535
14.9472
11.2863
11.1004
11.7501
10.3913
9.05505
11.2165
10.999
10.2211
11.9188
11.9753
11.251
11.0513
9.32075
9.22151
7.63153
10.1474
8.64221
7.64363
10.7637
8.38011
8.22973
10.0199
9.34046
7.93571
9.64824
8.59636
9.43628
7.00366
7.778
8.16294
8.67471
11.3821
7.09069
10.6128
11.629
10.7565
8.0797
10.1509
10.7692
12.6003
8.21021
10.2849
12.1403
11.2892
12.4829
12.4697
13.4788
13.2967
14.6409
12.5776
14.4291
17.1079
14.1106
13.5479
13.8514
16.4472
14.9563
14.4909
17.6578
19.3004
21.2836
20.335
20.4843
17.0266
15.5716
18.3326
19.8229
14.7987
17.3873
17.8324
16.1624
17.8571
17.4956
20.6549
16.5357
16.0203
17.2588
17.3804
16.8974
16.1401
16.7064
18.8925
16.5533
17.9877
18.1224
18.983
12.6
15.6113
13.3275
14.0249
13.2203
14.5806
13.7309
13.9028
17.9511
11.9623
11.8534
14.9653
13.8545
10.0293
11.8427
13.0417
13.9811
12.7979
9.84672
9.86392
11.6067
9.24459
11.3002
10.3249
9.41159
7.89961
9.7608
8.99941
10.7292
11.5412
10.9908
9.5013
11.293
8.45979
10.7128
7.92974
13.2054
12.121
10.9376
11.9428
11.5512
12.7262
12.4931
12.919
12.7813
13.4648
13.3993
12.0617
10.1113
12.5112
12.8816
10.9572
13.1806
13.9938
14.6068
14.2016
11.6774
11.7158
12.281
13.0624
12.4501
13.9328
11.9157
13.7625
14.4182
14.8709
15.5803
15.2928
16.1086
14.1929
15.2352
17.0135
16.3534
14.1885
17.7627
15.6345
16.2826
13.807
14.408
12.5185
14.19
13.5826
14.702
13.059
16.5461
16.5131
14.108
16.2165
15.506
15.9017
13.5604
13.7363
12.7303
14.0204
13.8005
13.8319
14.118
14.4062
13.3202
11.8125
10.775
13.1701
10.3448
11.7067
9.66399
11.0367
9.36497
11.6586
11.5098
10.2155
11.7998
13.015
11.911
10.3437
14.6395
11.0212
11.2268
12.5903
13.9317
11.7393
11.2788
11.5032
10.9377
10.2879
12.4089
11.4602
14.9793
12.6085
11.4267
11.2599
12.6148
14.1304
13.617
10.9522
13.2332
12.4112
11.0853
10.9972
14.3514
14.5292
13.2608
16.6463
18.7192
14.4393
13.3127
14.0218
13.3331
16.377
14.9279
14.6157
14.7439
18.3155
13.3714
12.9555
16.7847
14.4302
13.7755
13.678
13.5438
14.9791
12.4229
14.8144
13.3042
13.4971
12.8203
12.6764
13.1831
11.7669
13.4784
11.9911
15.6589
13.1774
13.4744
14.291
12.584
10.0756
11.6782
11.7018
10.388
10.4637
10.8741
14.2534
15.9904
11.796
10.5311
10.9031
11.6332
11.5942
13.2631
13.9854
13.5689
15.3104
13.8044
18.4711
14.5196
15.3613
14.3791
15.3238
16.7334
16.4153
10.94
15.346
15.6328
13.0638
13.4276
14.2163
13.9592
14.4919
17.6828
13.7348
13.8924
14.004
16.1848
15.4786
12.045
12.9319
15.441
14.2096
10.857
15.7824
14.9206
12.9147
11.6108
11.7881
12.7984
12.2931
14.5339
11.7124
11.0494
11.9564
9.57048
11.6302
11.033
9.71317
12.4646
9.92856
10.3122
12.8922
8.86495
9.38522
9.74513
9.51217
11.2929
12.3838
11.3869
10.1528
11.0978
13.4797
12.4727
11.6715
12.9284
13.6456
14.1207
13.6201
11.545
12.0113
13.9779
13.7509
12.7358
13.8027
13.4547
13.4765
14.9112
11.6037
13.8685
15.1588
14.9337
14.2389
15.4092
13.9192
17.8067
17.2665
12.9693
14.9321
16.343
19.6323
18.4279
13.4102
15.1953
17.4293
17.0759
13.9337
15.3895
12.1575
15.3865
17.61
16.4444
14.367
15.7505
18.7869
15.0715
14.2367
15.8505
14.2471
14.2067
12.973
13.9559
12.8487
11.049
13.0666
12.5176
12.8911
12.7948
12.9407
13.5244
13.98
13.5113
13.8503
12.3261
12.6622
12.2933
12.2018
12.5479
11.5217
10.7457
10.9177
11.7834
11.8721
13.6382
12.7191
13.2753
11.6769
9.80763
12.616
12.6469
8.91719
12.3614
11.5035
13.1909
12.3752
11.443
11.7595
14.0549
11.4484
13.6452
11.6949
13.9585
12.8484
14.7692
14.6311
12.036
11.6725
12.7894
13.5726
14.5111
13.5448
11.6639
11.8603
11.2224
12.6495
11.4297
14.9877
11.2063
12.0549
15.0085
13.9046
13.7087
13.9903
14.5104
13.5238
13.2453
15.0515
14.0663
14.4346
13.8854
13.7964
13.6551
14.269
12.8525
15.0057
15.9994
13.6369
11.9273
14.5395
13.5114
15.6349
14.3018
11.6641
14.9334
13.8452
13.6508
11.5978
15.0603
14.1975
14.7278
15.4507
15.8377
16.0973
15.4398
13.8433
15.5117
12.6527
13.4257
14.1912
15.0522
17.7524
13.4
15.1148
14.4206
12.9287
12.3355
15.6647
12.7545
12.8644
14.3723
16.6011
15.3815
16.5965
12.8834
15.2647
15.467
15.7602
18.8048
14.3051
15.0138
13.4113
16.2906
16.2412
16.1947
14.1675
13.1622
12.7607
15.2028
15.399
14.4883
13.9407
11.0721
14.4244
13.1871
15.2025
12.4152
13.7479
12.0694
13.6562
12.1819
11.3566
12.2463
12.7817
16.9781
13.2428
11.9634
12.1051
12.787
11.9725
10.4812
11.2424
14.0811
11.3301
9.34535
10.7193
12.2107
9.81737
10.3035
11.0182
10.0713
11.8986
10.3258
8.69652
9.29117
10.5518
10.29
8.88656
10.2697
9.14295
8.75941
9.14876
8.5546
7.87182
8.08903
7.42807
9.82085
10.6598
8.94167
8.02596
10.0794
9.4075
7.81627
11.167
9.35769
9.27038
8.41729
8.79966
10.1077
8.8157
8.17374
8.67995
7.74239
9.28599
9.50625
8.90896
7.37726
8.78842
9.77033
7.8826
7.64413
8.32114
8.5597
8.40278
7.2416
9.18147
8.79147
8.30496
8.70034
9.81189
10.034
10.8345
8.56139
10.7859
9.5458
8.61432
9.285
8.40899
12.4295
9.31993
12.1209
9.40707
8.70438
9.1949
11.1777
8.80859
10.4334
10.5813
7.49175
9.46541
7.71842
9.90158
7.44527
7.99866
8.97034
7.81431
8.93859
8.81963
10.5617
9.87875
8.17281
6.22071
10.8426
8.57568
6.06053
9.1262
7.86366
10.2942
9.4541
9.67774
7.06625
8.24482
7.84253
8.82673
7.01052
8.88592
7.07742
9.77985
9.24859
8.92768
8.75759
9.81611
7.95298
9.17862
7.88677
9.36705
7.96863
11.8051
9.64026
11.8689
9.67655
8.26629
11.84
10.6327
10.7879
9.10786
12.4252
13.3394
11.6572
14.0945
12.8646
12.3942
12.8441
17.0194
12.794
15.9396
14.5876
17.58
15.8339
17.6315
17.0419
16.4497
14.065
16.8344
20.2856
19.26
15.8073
16.0708
19.6182
16.4679
16.7141
15.6972
15.6934
16.6708
18.6149
16.386
16.4149
16.9668
14.6192
18.4979
14.5597
15.1298
17.0696
12.8021
14.8713
15.1275
19.6577
17.3834
14.4154
14.9365
18.1546
19.4556
16.1156
15.5513
15.2544
15.3242
14.209
14.3842
12.8293
12.8647
11.8272
12.006
12.8978
15.7297
11.6463
11.0133
9.76492
10.3968
10.6844
10.4375
10.1865
11.0852
11.2752
10.8679
10.2856
11.4227
9.50737
9.5135
11.7207
11.0655
10.1057
8.66678
11.1567
11.458
8.38172
11.2554
11
9.02338
10.098
11.9288
11.5382
11.8978
12.2569
12.7168
11.8454
10.7819
10.2258
9.86134
14.1114
12.1475
14.6511
13.977
13.0472
11.0023
14.4097
14.9738
12.0288
13.0354
15.5153
13.9753
13.3707
13.3999
19.1513
16.7608
14.4726
17.6216
14.479
18.6163
15.2617
17.1827
14.5967
17.2605
19.8316
17.4147
17.1804
15.2146
16.0728
20.2301
17.9193
16.2647
20.9892
18.4635
16.6183
16.2188
14.2152
18.1386
16.86
20.1821
16.5872
15.9521
14.0043
15.686
13.8795
13.5587
14.1753
13.45
13.1608
14.1726
13.8194
13.649
14.0085
12.4682
14.72
9.39012
10.6116
10.1948
9.77848
10.4534
12.2122
7.84955
11.6703
11.8991
11.6064
9.3879
9.85287
10.9143
9.39102
9.28689
9.73592
9.9918
8.79237
8.87891
9.36865
11.3894
10.4772
11.4548
10.2198
12.4656
9.63471
11.2465
10.8607
12.8857
9.80766
10.7079
11.5044
9.10046
12.2535
11.0787
12.884
12.0642
10.2969
10.3879
11.8615
10.7351
12.0346
12.8936
10.1336
10.6101
14.8522
11.8582
12.5132
12.8381
11.6394
11.3551
16.282
16.5363
14.0785
12.6626
18.7446
13.8298
15.1278
14.2042
15.7838
16.5833
14.6471
18.7377
14.4624
14.7016
16.1394
15.8201
16.518
15.9536
19.9456
15.5235
17.4497
15.6376
16.6468
15.8532
16.0244
15.5894
14.7218
16.8238
15.2605
14.3259
15.9782
15.0031
18.1963
17.4072
14.5641
15.7347
19.0061
16.226
19.0148
15.8331
19.9929
14.7441
19.6801
16.2419
14.0567
14.9644
14.6894
13.512
10.9427
13.9116
13.3393
11.3594
13.9304
11.6482
12.7656
9.75841
8.928
10.4678
10.3996
11.0959
11.826
11.1217
10.1988
10.3789
9.6444
9.85479
12.4089
10.283
8.25916
9.47524
8.93087
10.4822
10.3358
10.2437
7.64516
9.2254
14.2949
12.2991
9.5806
11.3534
14.4712
10.5236
10.4845
10.8713
10.0186
12.7448
11.7507
12.6927
12.1619
13.8071
11.4522
11.8731
11.8449
15.1651
12.7383
13.1268
11.8959
12.7546
15.393
13.2475
12.4709
13.0143
12.6777
13.3525
10.4154
12.8217
12.2209
12.1448
13.3784
12.7923
11.3592
10.4756
14.4016
12.5137
13.9379
14.9739
13.713
13.5708
13.084
12.8786
13.3286
10.5261
10.3583
10.1329
12.3711
14.6351
11.6117
11.8962
12.8926
12.8269
13.5747
13.206
13.8441
16.2111
13.6878
17.3526
13.3606
14.5975
14.6755
14.2977
12.9493
15.2909
15.6735
12.843
14.0937
11.6565
13.8406
19.4763
16.1472
13.8749
12.6872
14.7479
18.2398
16.3821
14.6962
15.408
14.1722
14.5647
14.5084
15.5479
16.9069
18.2901
13.3223
16.5993
17.8124
15.0761
17.5202
16.3079
13.963
12.3101
15.4681
11.6243
12.7553
13.4448
12.0475
16.4615
17.0844
13.2728
17.356
13.7588
16.5758
15.5869
16.9031
12.5035
15.4745
15.2446
15.2707
16.5104
15.0236
16.0693
12.1573
15.1662
13.9541
16.1091
14.8618
16.2232
16.2919
16.1881
13.8653
14.9077
15.0417
17.0448
16.9848
14.6909
16.3154
14.091
15.2096
15.1974
16.5746
17.0454
13.1585
13.09
15.6168
15.646
14.0481
16.1655
19.9956
18.7104
15.6712
15.9093
15.1114
18.3697
17.7548
18.0567
19.3145
15.243
16.5616
17.1358
15.2732
17.5386
12.9371
14.1241
15.9929
15.097
16.6568
14.2908
15.6005
14.5516
15.6858
15.3581
14.3394
14.8264
15.5929
15.1295
16.5098
18.0481
18.6539
18.111
15.2744
15.2696
15.5385
16.2741
14.6986
13.4758
16.3404
17.3025
16.4052
14.3715
15.6733
16.6684
15.291
20.4802
12.1389
13.7009
12.8751
11.7965
13.9479
14.6698
13.936
12.5085
14.5736
13.9379
14.3799
13.9001
12.8565
11.1213
13.193
13.9299
13.1482
11.0199
14.0865
10.8198
8.94433
11.9821
10.4212
11.4339
9.52751
9.91371
9.36473
9.40385
8.23315
11.3761
9.32888
13.8406
12.5245
9.90081
9.52446
8.5587
8.53282
10.3795
7.37431
9.8231
9.44412
11.1891
8.54767
11.1743
11.2961
10.79
13.3625
11.4623
11.0015
13.2424
14.0958
10.9555
10.8549
9.59742
12.9117
10.7766
11.4581
11.7242
11.0911
11.5048
10.6582
13.6449
12.624
11.726
13.3936
15.1323
11.9267
12.4406
16.8812
15.2594
15.8928
14.9479
16.9179
17.2851
15.1851
16.4099
17.1198
17.707
26.3028
19.4267
18.476
14.4709
15.2744
20.7864
19.113
20.5462
16.769
16.0769
18.7752
15.7514
15.97
18.3273
17.5884
14.9123
15.0938
15.5398
16.3812
14.3897
21.346
16.3307
16.6992
17.1856
14.0662
15.3564
17.7418
15.6859
17.1381
12.2698
13.0684
13.727
14.7826
13.7754
10.9932
12.6701
12.3698
12.307
11.6845
10.1131
10.0558
10.3617
10.0907
10.5647
7.74402
9.80454
9.50082
10.4316
9.65649
9.33241
10.9618
9.6615
9.84653
9.29742
10.8385
8.40678
9.23514
8.55474
7.89924
8.39625
7.1687
7.7481
6.47804
7.73535
7.18866
7.9649
8.90006
7.94999
6.77994
8.20088
5.24394
7.20031
8.36064
6.98925
7.6481
6.07289
4.77109
7.24791
6.42435
6.54599
6.05277
6.44205
6.51508
7.25716
6.12782
8.69628
6.69573
5.1845
6.50391
6.04705
5.97924
5.75868
7.64636
5.9387
8.67095
6.45544
7.03642
6.57732
9.47683
6.36097
6.30944
6.93229
6.6642
8.34067
7.22857
6.35417
9.47464
6.85625
7.82821
5.27699
6.73084
7.54879
8.47325
6.53815
6.22799
7.05576
8.33473
7.34776
8.06344
9.46231
8.24665
8.9489
7.69357
10.2515
11.8369
9.39649
12.16
11.8072
11.4823
11.4344
9.37683
9.04519
11.4513
12.2078
11.0921
13.1242
13.0592
13.0461
13.0723
12.2982
12.0428
11.5576
12.5654
12.2852
12.433
11.5396
12.4581
13.2826
17.377
13.74
11.4051
11.1457
10.5961
12.5498
10.8393
14.2702
12.5504
9.56101
13.7656
15.3501
11.7485
12.3957
11.7784
12.3825
15.7889
12.5902
12.3849
15.3132
13.7347
10.1397
9.07569
11.3599
14.1571
12.8308
12.7578
10.8229
12.5279
12.1877
10.9867
12.1156
11.9015
13.2541
10.8839
11.1548
12.8555
12.637
11.6186
11.2439
11.0395
15.0208
14.1691
12.6715
14.6749
13.3143
14.4065
13.9098
16.1319
12.8094
9.97159
12.5123
12.7601
13.0135
11.5527
12.0112
11.7315
10.2741
10.7468
12.2751
13.9499
11.7994
10.4365
10.1831
12.5746
12.7061
11.6338
13.8845
14.4324
11.0565
12.7923
12.3101
11.2603
15.224
12.6378
13.7484
12.5746
13.1623
12.5429
12.9368
13.3747
14.2148
17.8834
15.2371
12.2311
12.6923
12.0886
12.747
14.9498
13.4273
11.9298
11.0759
11.236
13.9346
12.7603
12.171
12.0741
14.645
10.57
13.7569
13.2553
9.41138
12.2737
11.4161
12.7605
10.2599
10.4324
10.3168
10.4607
10.9019
10.8803
9.49202
10.6552
8.61226
7.97177
10.3816
7.56004
6.54608
6.75844
6.84911
6.11183
7.94089
6.19841
6.37036
7.84133
7.12469
7.18205
7.58791
6.14007
6.63467
7.13197
6.7793
6.00645
7.19537
7.33826
7.03354
6.68875
6.75769
7.1536
7.75528
6.29506
6.99641
6.843
6.47026
7.41668
8.0764
6.10717
7.74273
6.53429
7.77303
9.62553
7.2511
9.71555
7.02574
9.2409
8.69194
8.81062
10.0037
8.3792
9.18551
8.80191
7.1878
10.8444
9.81825
9.92215
9.88546
7.92155
10.6297
10.9182
10.6203
10.3887
11.7456
10.9563
12.8049
13.153
13.9554
13.629
16.3433
16.4348
15.7081
15.8616
16.8545
15.0634
15.7324
14.8082
15.9422
14.65
17.8974
16.9951
16.8806
20.1218
17.0084
15.6089
17.0802
15.9965
14.3759
16.357
15.8341
15.2028
14.1402
11.6336
13.9386
11.5763
12.1422
14.2322
14.8461
13.0456
14.5987
14.7469
12.7923
15.9162
13.3412
18.6389
15.809
16.7487
15.1108
13.8567
14.8871
15.2133
13.6121
12.9035
12.3884
13.4249
14.0244
10.5629
11.8384
11.5535
11.454
11.198
8.41097
9.24309
9.68316
9.90481
7.77331
9.49085
7.70346
8.44051
8.05032
7.58603
6.54028
6.94516
5.88633
6.96584
8.29861
5.53947
6.37119
6.13534
8.88471
7.66773
6.82387
6.54471
8.51521
6.14499
9.07608
7.86205
8.04207
9.22236
8.57417
7.00424
7.94778
8.9208
7.67272
8.79232
8.10052
7.85528
8.76586
9.74369
8.76964
8.95426
11.9713
11.3038
10.7167
10.0706
13.3622
10.9204
10.8671
12.5873
11.7623
10.7834
13.7628
14.2572
11.7675
14.1945
13.7246
13.3065
14.5589
9.98382
14.054
16.1175
12.9901
13.8927
14.4571
17.2981
15.2902
14.0662
14.4013
12.4759
13.4186
13.9443
10.8852
12.425
13.1374
12.5159
10.9451
13.5084
12.7377
12.5022
14.2178
13.0058
13.6722
11.1839
14.5865
14.1484
12.5891
13.2971
14.0443
11.1347
11.6579
10.5713
10.1508
9.90093
9.87905
8.47722
8.71863
7.77027
9.11048
7.8089
7.52412
10.1274
8.57944
8.8888
8.46699
9.26538
8.85285
10.8482
9.59448
8.58065
9.07969
10.2133
9.27989
7.35842
8.73649
8.02106
7.32183
8.91642
8.27252
8.42277
7.45509
8.48671
9.31195
9.5262
7.9448
10.3255
8.32482
6.62583
8.55224
7.48211
7.80379
9.06583
8.76651
8.90218
9.59893
8.46669
9.52923
8.46604
10.7804
11.5175
9.02628
11.5745
11.3541
8.56987
8.79938
11.5655
9.1686
9.44341
11.3094
8.49401
12.0195
11.5662
12.4767
9.35228
11.9171
11.9017
11.5157
12.145
14.831
15.023
12.5183
11.6048
15.3241
12.2904
15.3883
12.1197
15.1054
12.0426
14.7747
10.9702
14.2185
9.9659
15.7745
16.6733
17.4055
16.5871
14.8662
12.3007
13.3373
12.6578
10.5504
12.9428
11.4651
11.1584
14.1948
13.3919
10.7568
12.9303
11.7342
13.8658
10.3553
13.3093
11.3795
12.5101
10.1562
11.7856
8.98874
12.1496
10.4588
11.6532
11.9982
9.84633
10.4432
10.4269
9.43601
11.2617
8.02537
9.27966
6.71696
9.15838
9.75762
9.75786
10.2629
9.78474
9.69669
7.68967
9.29194
8.21637
6.08277
8.01089
7.28952
7.26247
9.70276
6.37121
6.64093
7.80734
6.9715
7.28114
6.37039
6.26181
9.07553
5.36913
6.41012
6.69186
6.99391
6.28364
6.96303
8.9063
5.80635
7.06626
7.17274
6.18864
6.97329
6.57907
7.96701
6.63832
6.25494
7.7232
7.34968
7.72647
7.02291
7.69335
7.23339
6.69676
6.49567
6.82336
7.30151
6.74784
6.85735
5.95668
6.23157
7.36816
7.58512
5.39255
5.0462
5.57151
7.42545
6.78098
5.69936
6.6686
8.11317
6.28966
7.60347
6.1208
7.25888
6.6532
5.59414
7.46445
8.26718
5.58556
5.61867
7.01623
7.82088
8.23061
6.54546
7.77869
8.2438
8.70274
7.25579
8.92955
10.2927
8.70545
7.22209
10.0501
8.03855
8.48432
8.63362
10.4512
10.3969
10.1665
9.77527
9.15498
11.1035
8.99806
9.83537
9.69383
11.0902
10.4093
11.0079
10.4711
9.24756
11.7262
14.3409
11.6686
14.7822
11.5347
11.8568
11.5471
12.7559
11.0187
9.67896
12.1252
14.4491
13.2105
12.9751
11.1837
14.1227
9.19587
9.65634
11.8312
14.2971
11.9767
14.5923
15.5127
14.2703
14.0377
11.7222
11.3717
11.0798
12.5874
14.4506
14.9923
15.4734
14.6384
15.551
11.4156
11.2493
13.0242
13.0533
12.7964
14.0157
12.7294
10.9737
10.0284
12.1064
12.5612
10.622
10.6953
8.86142
10.4153
9.18235
9.43954
8.02319
9.1287
11.8642
9.43009
8.84088
9.3003
10.15
6.78297
8.21317
7.79531
7.71434
10.4484
7.80586
8.24958
6.85361
7.87142
8.9723
7.54607
8.50304
8.81849
8.26943
8.75962
7.69411
8.03989
10.489
9.49703
7.5157
7.64703
11.0425
10.4735
11.7367
9.34731
11.3901
10.3706
10.3001
9.51538
12.6219
12.494
9.95641
13.2276
12.921
11.1891
11.5478
9.1568
12.5877
13.6614
9.97359
15.1283
12.3392
16.5998
13.9022
11.8408
10.2743
13.392
9.31977
13.8383
13.0933
13.5698
12.5215
15.038
12.6007
15.1851
13.6894
13.261
14.8316
13.6211
13.326
14.9552
15.8675
16.7227
16.4407
14.082
13.0765
11.9019
12.8656
11.9315
13.3427
14.4531
12.6831
12.5936
9.5075
12.9034
10.7094
11.4075
9.56627
12.8201
12.9285
12.6686
12.1945
12.0133
11.426
10.937
13.4118
11.9383
12.5106
11.947
13.7475
10.2602
12.4156
11.9849
10.9142
13.5778
12.5108
12.8211
11.0724
10.5707
13.5396
14.4225
15.4953
14.8251
13.6563
14.6005
12.3705
11.1627
12.6434
15.5223
15.2043
13.1073
11.8941
11.8488
11.7687
11.0217
14.2675
11.788
9.10714
11.9862
12.8169
11.6136
12.0273
15.6822
12.1467
10.7987
11.1239
10.3964
13.0712
12.4589
12.8595
12.2462
13.1446
9.72094
13.1753
12.3767
13.1013
11.1797
11.3391
15.2119
9.69736
10.8726
11.51
10.1906
12.3019
11.5549
8.04562
11.2299
9.4249
12.6147
11.8971
10.7241
14.7873
12.0177
11.3397
11.7969
11.8986
11.2499
12.4194
12.1137
12.4103
10.4068
13.0631
12.8354
12.4739
10.9769
11.4632
13.6532
11.4012
12.5611
11.853
13.1262
12.4944
14.0764
12.2176
10.9728
12.4588
13.013
16.0759
14.4603
15.3544
12.0422
13.6088
12.9578
11.4201
10.9001
11.9674
11.9813
13.918
14.4225
10.0303
10.4134
13.117
11.802
12.3415
10.7491
12.6721
11.716
11.1557
12.4605
14.0315
13.3853
13.6618
12.1803
13.5922
12.9629
16.6974
12.6811
14.7149
11.0277
13.6712
14.4927
11.4865
14.1724
13.6102
11.6694
13.9707
12.7213
12.9222
15.6574
12.4249
14.4746
11.8151
12.5173
13.8328
13.2316
13.3038
13.3239
11.9464
11.5786
9.69031
8.33138
9.17443
11.6526
10.1826
9.83268
11.9741
10.2263
10.2826
8.7516
8.89053
9.79388
9.98478
9.49433
9.36831
10.9395
9.89124
12.2816
9.65499
11.2594
11.1289
10.2117
9.59038
9.51978
13.0825
10.2844
13.7228
10.0423
11.5567
12.3621
9.71632
9.0824
9.09389
10.5379
9.59911
7.89206
9.65154
11.5383
8.77504
8.48704
8.22416
10.5431
10.4277
10.0043
9.9288
10.0932
10.0451
8.7264
11.4847
10.9458
9.04634
8.83588
8.78542
11.0463
11.7248
12.8128
12.3218
12.2817
9.54472
10.9441
9.14301
9.45659
10.1963
9.65439
8.69613
8.63995
12.3871
14.2732
8.54532
10.2676
9.38225
9.77805
11.2125
9.144
8.99739
11.6939
7.29573
9.8861
8.18818
8.40561
8.4716
8.16997
10.6746
11.2434
8.67889
9.46946
9.27587
8.35829
9.56368
11.4617
8.65077
10.4406
10.4818
7.52747
10.6635
10.5495
6.94313
8.67001
8.31453
9.88008
6.84111
9.18098
11.2026
6.66719
7.14978
9.12796
9.96733
8.74946
9.61407
9.26132
8.51866
7.73472
7.7124
8.12603
9.51454
8.29509
8.9576
10.0366
6.41936
9.7025
6.50089
6.39483
6.60367
7.02543
6.29119
8.10421
8.29765
7.5866
8.15265
7.2417
7.75659
8.99924
7.25471
6.35706
5.80734
6.87971
6.28462
5.97741
6.53172
6.56463
6.37348
8.00243
7.87365
5.7991
9.00485
6.57648
6.38515
5.83143
9.45776
6.89262
5.851
6.7659
6.1735
8.06863
6.61533
6.92529
6.84853
6.4248
6.85921
5.4313
11.0011
6.98114
6.83732
6.77934
8.22474
7.56514
9.45121
7.40094
8.08085
7.68301
8.16845
8.5351
12.5448
9.99146
7.66553
10.9206
8.76136
7.81779
10.1796
12.1925
9.99437
12.0312
10.9595
10.1296
10.6042
11.1053
11.1968
10.9918
8.60408
12.15
9.63123
9.80602
9.40822
8.24937
9.29815
9.50369
9.83213
9.49366
8.21611
9.71744
8.89452
11.1342
10.1353
9.93137
11.145
10.1544
11.3059
9.84629
9.28205
12.1202
9.48441
9.89413
9.0499
13.5052
11.4359
12.396
11.3606
9.4095
12.4808
8.7466
8.86352
10.0216
10.8408
10.3206
8.84426
8.9221
9.50593
10.3872
10.1326
9.10428
8.8001
8.50145
10.0579
9.6105
12.7057
8.34103
8.65584
10.2327
10.9942
13.5064
10.1805
8.55027
11.7304
11.2784
12.1727
8.62756
12.1487
10.2248
10.4242
12.6699
9.37093
11.1708
10.2646
11.0485
9.45703
9.81376
13.4857
13.4598
9.1041
10.8775
9.11369
11.2023
8.94628
8.70282
9.57117
10.7421
13.8952
9.2643
13.8681
9.19216
12.0657
11.5176
12.2068
8.6823
10.1756
9.1029
9.49265
8.75559
8.57279
9.81254
8.87907
12.2806
8.80278
9.40859
11.8693
8.89911
11.6066
12.2115
12.537
12.0524
10.6414
10.7766
10.8477
10.2294
11.0535
12.6717
13.1619
10.8559
12.7019
10.552
9.42496
13.8354
10.691
11.1862
10.9457
13.0605
9.55688
9.22964
12.5107
13.7698
10.7663
10.5482
11.037
11.7253
11.9611
12.3081
12.512
11.0949
10.5662
13.5863
13.3884
9.44815
10.0851
12.2484
13.0167
15.0922
12.6871
12.8076
12.1261
14.2139
15.0973
12.4012
17.2898
15.639
18.9447
14.4152
14.1446
19.3306
16.1003
14.7265
14.1101
12.6425
14.6395
11.2408
14.4614
12.2786
13.3383
11.5255
11.1012
12.8496
10.9658
11.2267
10.8254
15.6663
13.4894
13.326
12.8004
12.5425
10.9973
13.1108
14.0823
15.8335
12.678
13.799
13.0237
12.426
13.9908
11.7066
11.337
14.583
10.5462
10.9594
10.9202
9.60587
9.97889
15.3142
10.9262
11.6611
11.6975
10.4057
11.6512
11.8159
14.0272
14.6824
11.8074
11.0669
12.3114
10.7833
11.8031
12.4187
10.8449
12.6609
10.0006
10.4127
10.8214
10.8945
10.9684
12.614
12.2646
10.3199
11.4841
9.64648
9.37566
10.165
10.0075
10.2455
8.45785
10.1635
10.0964
9.69693
9.83214
9.46814
10.1114
15.1681
10.4365
10.2388
8.80076
9.25592
10.7374
9.48456
11.4022
10.6293
9.06145
8.34154
9.91517
10.3514
10.7952
11.6955
11.2852
13.9068
10.766
15.7347
11.885
11.7967
12.6667
13.2557
11.933
11.0826
13.0882
15.1559
14.5657
12.9934
12.3603
16.8134
14.3949
13.8381
16.8403
18.5089
21.246
18.2899
18.9083
17.4149
16.1717
14.7224
16.4268
11.1133
11.7991
12.4937
11.8741
14.8237
11.2521
10.6765
10.8369
9.98553
13.1139
13.9992
10.335
13.37
10.1378
15.9167
12.5105
13.8096
12.277
12.1926
11.4442
12.1796
11.7946
11.4345
11.4877
12.401
11.1449
11.4938
12.8282
14.4326
15.1409
12.7178
12.2954
10.6446
16.5143
13.3153
14.5117
10.8177
13.8227
12.0322
14.2123
11.6101
13.2579
15.6759
12.8326
12.2582
13.3041
12.857
11.3198
18.3332
15.328
18.0158
17.0855
18.5776
16.8292
15.2673
14.6133
13.0451
20.5347
13.6232
17.8281
14.376
12.2139
9.88382
9.49606
9.98129
9.69475
10.0383
11.5407
10.579
9.45513
12.5118
9.36182
9.69732
8.44487
9.10159
11.9755
9.95708
11.394
10.9989
10.2987
9.49821
10.0234
10.0945
10.2143
9.56757
10.6697
10.1278
9.47772
8.63954
10.6156
10.9987
7.98726
7.8879
8.1944
12.379
8.72796
9.40067
9.88075
10.9718
9.67763
12.9304
11.083
12.0307
13.4747
10.3654
11.5692
9.03929
10.5481
12.93
12.9914
11.9694
11.7439
8.97153
9.2238
8.55212
7.97501
7.85543
7.92007
10.0358
7.11031
7.18864
7.82488
9.97965
7.97974
11.5054
7.72811
8.33946
10.0562
7.63869
9.13195
10.7532
10.4011
8.94526
9.63164
7.92003
8.17813
7.05654
7.28369
8.28015
8.44669
8.36967
9.94448
9.13675
8.33035
9.82228
9.64281
6.91726
8.2057
8.70514
8.6519
7.95019
9.6742
7.79532
9.57393
9.36962
8.38993
8.50383
8.56445
9.20656
12.6171
10.0292
8.6542
11.242
10.1346
12.3228
10.2221
8.74973
8.96421
9.54832
9.80425
12.2526
10.6741
12.5119
12.5475
15.8633
13.2655
9.78283
12.2735
10.5871
11.9321
13.3026
12.4166
14.0583
14.4064
12.6233
15.6827
14.707
12.6177
12.01
16.1422
15.8839
12.1705
12.1007
12.9653
12.3426
15.1399
12.6206
11.8919
12.7679
11.8827
11.876
12.3655
10.7983
10.3407
13.002
11.4121
11.5054
9.88419
11.58
10.8317
9.87317
10.4719
9.09497
9.13128
12.9072
10.6976
9.2755
11.1598
8.54912
8.73191
9.55464
10.5352
9.89625
10.1163
10.985
9.13424
10.7047
12.0648
12.8957
11.1982
11.4657
12.6886
11.4601
11.0988
10.9001
11.1216
11.7976
10.7655
10.0435
12.316
10.5168
10.4464
10.0538
12.6277
11.9017
11.2212
9.44505
10.7197
9.18157
11.176
8.78097
9.79588
8.7951
10.8954
8.96548
11.7005
8.48194
9.06055
8.9459
9.55367
11.2447
11.5726
12.0944
12.1701
9.44614
9.40429
9.51673
9.92333
12.9672
9.88022
8.50033
7.87749
8.73659
8.26475
9.07553
8.50557
8.49312
9.98872
9.83165
7.9189
7.89238
8.41963
7.36064
7.21964
9.6203
8.11979
7.11172
7.69611
7.95325
6.99346
10.2473
6.87264
7.31639
8.34609
10.3688
8.04903
7.92451
7.87611
8.78729
9.48505
9.13984
9.10067
8.94362
9.7922
9.31669
10.4755
8.81363
8.53897
8.95666
7.88622
8.62907
8.33578
7.87381
8.27254
8.38723
7.94221
6.88539
9.99292
7.47084
7.98172
9.83734
8.01596
7.20393
8.32634
13.0604
12.3437
10.0696
12.3482
12.0665
10.6388
10.2384
9.91556
9.42657
9.85469
7.75251
9.02185
9.08527
9.75356
10.1467
14.0979
8.9277
9.90486
9.03432
9.27056
9.89254
8.9065
7.97817
8.13679
8.15029
8.94039
10.7539
8.04287
8.19329
8.05751
9.38546
9.25679
8.72341
8.98243
8.09815
8.51056
8.7244
8.21981
7.96335
8.33746
8.56169
8.91852
10.3899
10.0529
10.1687
10.6414
10.8882
9.96662
10.1042
11.7657
10.6692
9.87879
9.44323
10.2423
9.37083
10.4198
9.82809
10.0671
8.76232
9.33058
8.87116
9.70603
11.5111
9.1793
8.98739
11.7081
9.74493
11.2645
12.9389
10.0045
10.2214
10.0367
9.74151
10.0551
10.4863
9.94606
10.6167
13.2485
10.0062
9.32451
9.44504
10.5673
10.3154
11.207
11.8159
11.176
10.2383
10.3728
9.85624
9.40983
11.6763
9.77704
9.57009
10.716
8.24075
9.07343
6.74064
6.71546
7.12798
6.74045
6.99627
6.09317
8.53144
5.96968
6.41448
5.37989
6.55954
5.7999
6.47268
4.2944
4.30928
4.85581
5.7804
6.01175
6.82982
5.08414
5.19527
4.82313
5.34033
6.01722
5.49713
4.86738
5.73947
5.85084
4.44066
5.2935
6.04776
5.43904
5.29482
6.07305
5.40146
5.50804
5.01903
5.03025
5.68779
4.90044
5.83291
6.03344
6.14312
6.6542
6.5749
6.60551
6.11164
6.09382
6.05416
6.63464
6.61763
6.52874
7.10037
6.61353
7.60943
8.09515
7.04653
7.9058
7.73635
7.41094
7.63201
7.18582
8.52995
8.79581
8.84773
10.6634
9.29411
9.06095
10.0946
9.77519
9.95574
8.86848
10.3728
9.98008
10.384
11.5177
9.26066
9.52866
10.0694
10.8586
10.0282
9.06418
8.62887
9.82972
12.5636
11.9446
10.8164
9.99512
9.43396
10.1969
10.6178
10.166
10.7225
10.7486
12.9448
12.9327
10.635
9.23243
9.2465
10.0701
10.1302
10.1996
9.23304
8.56141
9.33496
10.0954
9.21062
9.3522
9.47352
8.36575
10.5927
9.54575
9.94613
8.52188
10.6616
9.06292
8.63547
9.35761
8.82618
9.46112
9.46339
8.76759
9.3837
8.81182
10.0518
10.2657
10.2593
10.7731
11.9613
13.5024
10.4931
10.3539
12.7704
10.7362
11.0403
9.58513
14.8105
10.9502
13.1659
10.0318
10.1933
14.8081
9.874
8.40502
8.65178
11.3235
8.7819
10.0867
8.22933
9.16296
10.9997
11.0061
7.41353
7.88532
8.26676
7.96572
9.29382
9.6405
9.0376
9.20375
7.96192
8.43804
9.00336
9.19551
9.58019
9.0216
12.1486
9.6699
9.52487
12.6581
12.5666
8.75254
9.20838
10.6018
10.3057
10.1335
10.1058
10.0408
9.51426
8.66739
9.82967
8.42954
9.99857
10.3892
8.58915
8.37883
9.69751
9.39155
9.43092
9.64359
8.55265
8.96852
8.34899
10.8154
10.9004
9.53452
10.8125
9.96808
10.6198
8.64013
11.3771
10.3364
8.6822
8.56475
9.81296
9.06756
8.96725
9.16169
9.11095
10.3913
8.4147
8.88429
8.73202
9.41258
9.40345
8.43788
9.31456
8.24819
8.2103
8.19836
8.85978
7.91971
8.48658
9.0822
8.68257
12.8643
8.88352
10.1177
8.85786
8.79166
8.24379
9.0459
8.86598
8.10459
7.93865
8.22852
6.4894
6.82855
9.16709
7.55111
6.80416
8.89839
6.03298
6.55379
6.97077
7.55078
6.44734
7.19841
6.53567
5.3837
7.03791
6.71072
5.77279
6.4222
5.962
5.99596
6.15581
5.7979
5.9284
6.226
6.29408
6.60607
6.58306
6.54921
7.05653
6.64134
5.51312
7.36735
5.50526
7.01511
5.00054
5.64139
7.21479
5.97602
6.20171
4.97549
5.50396
5.77813
4.88664
3.91188
4.51143
4.02358
5.58195
3.54048
3.60561
3.35244
3.98282
2.66939
3.84047
3.24767
4.7008
3.25882
2.58401
3.10308
2.9512
2.87749
3.29438
2.53113
3.87796
2.6366
2.76814
2.72787
3.20754
3.37662
3.57104
3.84422
3.51384
3.41145
4.44755
4.27114
3.73382
3.70254
3.48302
3.89912
3.98318
6.93049
6.80469
4.74665
4.01654
3.94254
5.69418
5.75174
6.88914
5.22393
5.39723
6.20181
5.80762
5.91014
8.70507
5.8961
7.48285
6.40228
7.18785
7.69173
6.63632
10.2473
6.863
8.05742
6.61381
9.09287
9.12748
7.72696
7.0217
8.29902
10.0781
9.99707
7.45787
7.79557
8.8034
8.40443
8.96595
