0 0.020852 1.137158 100.000000 12.195122
0 0.010662 1.399303 200.000000 15.503876
0 0.007292 1.509331 300.000000 17.543859
0 0.005482 1.563436 400.000000 19.138756
0 0.004335 1.581561 500.000000 20.408163
0 0.003669 1.600607 600.000000 21.276596
0 0.003131 1.624723 700.000000 21.875000
0 0.002707 1.642250 800.000000 22.346369
10 0.010394 0.734869 100.000000 12.987013
10 0.005488 0.840800 200.000000 16.129032
10 0.003833 0.897824 300.000000 18.181818
10 0.002839 0.940494 400.000000 19.704433
10 0.002236 0.951577 500.000000 20.920502
10 0.001915 0.964398 600.000000 21.739130
10 0.001636 0.980371 700.000000 22.292994
10 0.001396 0.987582 800.000000 22.792023
20 0.003575 0.357998 100.000000 13.888889
20 0.002117 0.325416 200.000000 16.949152
20 0.001576 0.347803 300.000000 18.867924
20 0.001122 0.371191 400.000000 20.408163
20 0.000882 0.380600 500.000000 21.459227
20 0.000784 0.388052 600.000000 22.222221
20 0.000652 0.395138 700.000000 22.801304
20 0.000539 0.400285 800.000000 23.188406
30 0.001100 0.182366 100.000000 14.925373
30 0.000858 0.122980 200.000000 17.857143
30 0.000725 0.130075 300.000000 19.607843
30 0.000466 0.147576 400.000000 21.052631
30 0.000364 0.152414 500.000000 22.123894
30 0.000355 0.157759 600.000000 22.813688
30 0.000303 0.163022 700.000000 23.255814
30 0.000223 0.165340 800.000000 23.598820
40 0.000645 0.100893 100.000000 16.129032
40 0.000524 0.061280 200.000000 18.867924
40 0.000496 0.068254 300.000000 20.408163
40 0.000285 0.084130 400.000000 21.739130
40 0.000224 0.088841 500.000000 22.727272
40 0.000217 0.094347 600.000000 23.346304
40 0.000191 0.098396 700.000000 23.728813
40 0.000129 0.099347 800.000000 24.024025
50 0.000441 0.044181 100.000000 17.241379
50 0.000643 0.057035 200.000000 19.801981
50 0.000611 0.084495 300.000000 21.276596
50 0.000363 0.101872 400.000000 22.471910
50 0.000302 0.106791 500.000000 23.255814
50 0.000225 0.112638 600.000000 23.809525
50 0.000199 0.115821 700.000000 24.221453
50 0.000128 0.116181 800.000000 24.464832
60 0.000575 0.031482 100.000000 18.518518
60 0.000640 0.057634 200.000000 20.618557
60 0.000537 0.088083 300.000000 21.897810
60 0.000373 0.100813 400.000000 23.121387
60 0.000273 0.105462 500.000000 23.809525
60 0.000213 0.110657 600.000000 24.291498
60 0.000172 0.113919 700.000000 24.561403
60 0.000121 0.113114 800.000000 24.844721
70 0.000624 0.027274 100.000000 19.230770
70 0.000614 0.058539 200.000000 21.276596
70 0.000513 0.086546 300.000000 22.727272
70 0.000346 0.097938 400.000000 23.668638
70 0.000268 0.101320 500.000000 24.271845
70 0.000214 0.105558 600.000000 24.691359
70 0.000163 0.108376 700.000000 24.911032
70 0.000113 0.106810 800.000000 25.157232
80 0.000648 0.023099 100.000000 20.408163
80 0.000615 0.059004 200.000000 21.978022
80 0.000445 0.087607 300.000000 23.255814
80 0.000253 0.095123 400.000000 24.242424
80 0.000253 0.097355 500.000000 24.752476
80 0.000204 0.101461 600.000000 25.000000
80 0.000146 0.102666 700.000000 25.270758
80 0.000110 0.100388 800.000000 25.396826
90 0.000790 0.025968 100.000000 21.276596
90 0.000677 0.062723 200.000000 22.471910
90 0.000397 0.088115 300.000000 23.809525
90 0.000266 0.092127 400.000000 24.691359
90 0.000248 0.094758 500.000000 25.125628
90 0.000186 0.098349 600.000000 25.316456
90 0.000137 0.098709 700.000000 25.454546
90 0.000111 0.094525 800.000000 25.641026
100 0.000930 0.037224 100.000000 21.739130
100 0.000725 0.069599 200.000000 23.255814
100 0.000367 0.090900 300.000000 24.390244
100 0.000256 0.092771 400.000000 25.000000
100 0.000219 0.095917 500.000000 25.380711
100 0.000182 0.098064 600.000000 25.531916
100 0.000126 0.096903 700.000000 25.735294
100 0.000104 0.091602 800.000000 25.806452
110 0.000833 0.041788 100.000000 22.222221
110 0.000572 0.071582 200.000000 23.809525
110 0.000353 0.081952 300.000000 24.793388
110 0.000236 0.082598 400.000000 25.316456
110 0.000177 0.085398 500.000000 25.641026
110 0.000152 0.086077 600.000000 25.862068
110 0.000097 0.083603 700.000000 25.925926
110 0.000097 0.076586 800.000000 25.974026
120 0.000625 0.037993 100.000000 22.727272
120 0.000465 0.063548 200.000000 24.390244
120 0.000270 0.068418 300.000000 25.210085
120 0.000193 0.067132 400.000000 25.641026
120 0.000164 0.068623 500.000000 25.906736
120 0.000123 0.069168 600.000000 25.974026
120 0.000092 0.065009 700.000000 26.119404
120 0.000116 0.056706 800.000000 26.143791
130 0.000577 0.033703 100.000000 23.255814
130 0.000322 0.057202 200.000000 24.691359
130 0.000123 0.056324 300.000000 25.641026
130 0.000151 0.053649 400.000000 25.974026
130 0.000137 0.054514 500.000000 26.041666
130 0.000099 0.052811 600.000000 26.200872
130 0.000108 0.047154 700.000000 26.217228
130 0.000130 0.038241 800.000000 26.315790
140 0.000534 0.020169 100.000000 23.809525
140 0.000204 0.038386 200.000000 25.316456
140 0.000090 0.034689 300.000000 25.862068
140 0.000120 0.033070 400.000000 26.143791
140 0.000122 0.032641 500.000000 26.178011
140 0.000091 0.029763 600.000000 26.315790
140 0.000127 0.022272 700.000000 26.315790
140 0.000153 0.013429 800.000000 26.402639
150 0.000452 0.021697 100.000000 23.809525
150 0.000174 0.025688 200.000000 25.641026
150 0.000086 0.021495 300.000000 26.086956
150 0.000072 0.021259 400.000000 26.315790
150 0.000106 0.019836 500.000000 26.315790
150 0.000110 0.015905 600.000000 26.431719
150 0.000158 0.008947 700.000000 26.415094
150 0.000177 0.008958 800.000000 26.490067
160 0.000369 0.027945 100.000000 25.000000
160 0.000127 0.025803 200.000000 25.974026
160 0.000052 0.021013 300.000000 26.315790
160 0.000109 0.020561 400.000000 26.490067
160 0.000119 0.019061 500.000000 26.455027
160 0.000122 0.014270 600.000000 26.548672
160 0.000170 0.010323 700.000000 26.515152
160 0.000182 0.015207 800.000000 26.578074
170 0.000247 0.032111 100.000000 25.641026
170 0.000159 0.026439 200.000000 26.315790
170 0.000095 0.022547 300.000000 26.548672
170 0.000165 0.020917 400.000000 26.666666
170 0.000140 0.019047 500.000000 26.595745
170 0.000176 0.015965 600.000000 26.666666
170 0.000197 0.017485 700.000000 26.615969
170 0.000216 0.024009 800.000000 26.666666
180 0.000366 0.018577 100.000000 26.315790
180 0.000183 0.026224 200.000000 26.666666
180 0.000155 0.025207 300.000000 26.785715
180 0.000178 0.024532 400.000000 26.666666
180 0.000176 0.025500 500.000000 26.737968
180 0.000215 0.031948 600.000000 26.666666
180 0.000231 0.040504 700.000000 26.717558
180 0.000265 0.050210 800.000000 26.755854
190 0.000429 0.030984 100.000000 26.315790
190 0.000221 0.041782 200.000000 26.666666
190 0.000237 0.039002 300.000000 26.785715
190 0.000235 0.038724 400.000000 26.666666
190 0.000237 0.041327 500.000000 26.737968
190 0.000274 0.049636 600.000000 26.666666
190 0.000277 0.057943 700.000000 26.717558
190 0.000301 0.069057 800.000000 26.755854
200 0.000245 0.025592 100.000000 26.315790
200 0.000218 0.027003 200.000000 26.666666
200 0.000243 0.024937 300.000000 26.785715
200 0.000242 0.023475 400.000000 26.666666
200 0.000245 0.024892 500.000000 26.737968
200 0.000265 0.032112 600.000000 26.666666
200 0.000262 0.040198 700.000000 26.717558
200 0.000307 0.052401 800.000000 26.755854
210 0.000291 0.027280 100.000000 26.315790
210 0.000247 0.021559 200.000000 26.666666
210 0.000276 0.018219 300.000000 26.785715
210 0.000237 0.015882 400.000000 26.666666
210 0.000258 0.015718 500.000000 26.595745
210 0.000270 0.021975 600.000000 26.666666
210 0.000278 0.031209 700.000000 26.717558
210 0.000310 0.045886 800.000000 26.755854
220 0.000205 0.025222 100.000000 26.315790
220 0.000349 0.021013 200.000000 26.666666
220 0.000303 0.020973 300.000000 26.548672
220 0.000232 0.016773 400.000000 26.490067
220 0.000260 0.008392 500.000000 26.595745
220 0.000266 0.009322 600.000000 26.548672
220 0.000280 0.021050 700.000000 26.717558
220 0.000298 0.037958 800.000000 26.666666
230 0.000346 0.018964 100.000000 26.315790
230 0.000363 0.012390 200.000000 26.315790
230 0.000295 0.009096 300.000000 26.548672
230 0.000271 0.010609 400.000000 26.490067
230 0.000299 0.021172 500.000000 26.595745
230 0.000280 0.032324 600.000000 26.666666
230 0.000323 0.047001 700.000000 26.615969
230 0.000320 0.064905 800.000000 26.578074
240 0.000351 0.008951 100.000000 25.641026
240 0.000321 0.008408 200.000000 26.315790
240 0.000260 0.007602 300.000000 26.315790
240 0.000273 0.004400 400.000000 26.490067
240 0.000282 0.016603 500.000000 26.455027
240 0.000298 0.028470 600.000000 26.548672
240 0.000336 0.044235 700.000000 26.615969
240 0.000333 0.061784 800.000000 26.578074
250 0.000531 0.018851 100.000000 25.641026
250 0.000376 0.022090 200.000000 26.315790
250 0.000267 0.018368 300.000000 26.315790
250 0.000286 0.007087 400.000000 26.490067
250 0.000296 0.007953 500.000000 26.455027
250 0.000306 0.020914 600.000000 26.548672
250 0.000338 0.038270 700.000000 26.615969
250 0.000344 0.056156 800.000000 26.490067
260 0.000484 0.012317 100.000000 25.641026
260 0.000298 0.010049 200.000000 26.315790
260 0.000247 0.003089 300.000000 26.315790
260 0.000305 0.013559 400.000000 26.490067
260 0.000302 0.026960 500.000000 26.455027
260 0.000324 0.042165 600.000000 26.548672
260 0.000330 0.061051 700.000000 26.615969
260 0.000357 0.080429 800.000000 26.402639
270 0.000343 0.012614 100.000000 25.641026
270 0.000245 0.009721 200.000000 26.315790
270 0.000257 0.003313 300.000000 26.315790
270 0.000278 0.018453 400.000000 26.490067
270 0.000282 0.032054 500.000000 26.455027
270 0.000346 0.048433 600.000000 26.548672
270 0.000337 0.067995 700.000000 26.515152
270 0.000351 0.087586 800.000000 26.402639
280 0.000317 0.008642 100.000000 25.641026
280 0.000296 0.011583 200.000000 25.974026
280 0.000345 0.023566 300.000000 26.315790
280 0.000338 0.040418 400.000000 26.315790
280 0.000352 0.054031 500.000000 26.455027
280 0.000406 0.071969 600.000000 26.548672
280 0.000396 0.091462 700.000000 26.515152
280 0.000367 0.112902 800.000000 26.315790
290 0.000263 0.006927 100.000000 25.641026
290 0.000251 0.012747 200.000000 25.974026
290 0.000318 0.028408 300.000000 26.315790
290 0.000313 0.044244 400.000000 26.315790
290 0.000364 0.058420 500.000000 26.455027
290 0.000400 0.078226 600.000000 26.548672
290 0.000407 0.098010 700.000000 26.415094
290 0.000345 0.118091 800.000000 26.315790
300 0.000274 0.008566 100.000000 25.641026
300 0.000278 0.009761 200.000000 25.974026
300 0.000335 0.026014 300.000000 26.315790
300 0.000329 0.040371 400.000000 26.315790
300 0.000366 0.056856 500.000000 26.455027
300 0.000349 0.077760 600.000000 26.548672
300 0.000393 0.097755 700.000000 26.415094
300 0.000353 0.116035 800.000000 26.315790
310 0.000284 0.003593 100.000000 25.641026
310 0.000337 0.015087 200.000000 25.974026
310 0.000335 0.034482 300.000000 26.315790
310 0.000326 0.048690 400.000000 26.490067
310 0.000401 0.066498 500.000000 26.595745
310 0.000398 0.088459 600.000000 26.431719
310 0.000387 0.109533 700.000000 26.315790
310 0.000370 0.126048 800.000000 26.315790
320 0.000271 0.007529 100.000000 25.641026
320 0.000371 0.023778 200.000000 25.974026
320 0.000346 0.041897 300.000000 26.315790
320 0.000377 0.056184 400.000000 26.490067
320 0.000432 0.075958 500.000000 26.595745
320 0.000424 0.097348 600.000000 26.431719
320 0.000374 0.118922 700.000000 26.315790
320 0.000382 0.134203 800.000000 26.315790
330 0.000377 0.018072 100.000000 25.641026
330 0.000414 0.039187 200.000000 25.974026
330 0.000344 0.054907 300.000000 26.315790
330 0.000423 0.070259 400.000000 26.490067
330 0.000448 0.091660 500.000000 26.595745
330 0.000449 0.113312 600.000000 26.315790
330 0.000382 0.133412 700.000000 26.217228
330 0.000367 0.148422 800.000000 26.315790
340 0.000401 0.013537 100.000000 25.641026
340 0.000404 0.035740 200.000000 25.974026
340 0.000344 0.049549 300.000000 26.315790
340 0.000419 0.066926 400.000000 26.490067
340 0.000421 0.089621 500.000000 26.455027
340 0.000430 0.110528 600.000000 26.315790
340 0.000382 0.128590 700.000000 26.217228
340 0.000346 0.144095 800.000000 26.315790
350 0.000392 0.011998 100.000000 25.641026
350 0.000359 0.032058 200.000000 25.974026
350 0.000383 0.043480 300.000000 26.548672
350 0.000457 0.063699 400.000000 26.490067
350 0.000429 0.085746 500.000000 26.455027
350 0.000414 0.107594 600.000000 26.315790
350 0.000390 0.124260 700.000000 26.217228
350 0.000325 0.138444 800.000000 26.315790
360 0.000475 0.018012 100.000000 25.641026
360 0.000374 0.035616 200.000000 25.974026
360 0.000417 0.048473 300.000000 26.315790
360 0.000477 0.069807 400.000000 26.490067
360 0.000459 0.091378 500.000000 26.315790
360 0.000384 0.113293 600.000000 26.200872
360 0.000390 0.127904 700.000000 26.217228
360 0.000317 0.139336 800.000000 26.402639
370 0.000487 0.027427 100.000000 25.641026
370 0.000389 0.039882 200.000000 25.974026
370 0.000452 0.054895 300.000000 26.548672
370 0.000449 0.079191 400.000000 26.490067
370 0.000470 0.099795 500.000000 26.315790
370 0.000393 0.119194 600.000000 26.200872
370 0.000367 0.133881 700.000000 26.315790
370 0.000324 0.143433 800.000000 26.402639
380 0.000410 0.018583 100.000000 25.641026
380 0.000327 0.026969 200.000000 26.315790
380 0.000434 0.044390 300.000000 26.548672
380 0.000409 0.067270 400.000000 26.490067
380 0.000428 0.088180 500.000000 26.315790
380 0.000370 0.105530 600.000000 26.200872
380 0.000333 0.119786 700.000000 26.315790
380 0.000296 0.126960 800.000000 26.402639
390 0.000320 0.011634 100.000000 25.641026
390 0.000379 0.020050 200.000000 26.315790
390 0.000471 0.040033 300.000000 26.548672
390 0.000445 0.061732 400.000000 26.315790
390 0.000400 0.083976 500.000000 26.178011
390 0.000384 0.098561 600.000000 26.200872
390 0.000308 0.111704 700.000000 26.315790
390 0.000253 0.117361 800.000000 26.490067
400 0.000342 0.012916 100.000000 25.641026
400 0.000411 0.025663 200.000000 26.315790
400 0.000488 0.048783 300.000000 26.548672
400 0.000471 0.069091 400.000000 26.315790
400 0.000356 0.091349 500.000000 26.178011
400 0.000374 0.105060 600.000000 26.200872
400 0.000297 0.115548 700.000000 26.315790
400 0.000285 0.120073 800.000000 26.490067
410 0.000291 0.009241 100.000000 25.641026
410 0.000423 0.031221 200.000000 26.315790
410 0.000400 0.056850 300.000000 26.315790
410 0.000453 0.077500 400.000000 26.143791
410 0.000372 0.096031 500.000000 26.041666
410 0.000331 0.110129 600.000000 26.200872
410 0.000288 0.116861 700.000000 26.415094
410 0.000294 0.121751 800.000000 26.490067
420 0.000344 0.021533 100.000000 25.641026
420 0.000546 0.041578 200.000000 26.315790
420 0.000459 0.064544 300.000000 26.315790
420 0.000461 0.086979 400.000000 26.143791
420 0.000378 0.103534 500.000000 26.041666
420 0.000335 0.116628 600.000000 26.200872
420 0.000284 0.121606 700.000000 26.415094
420 0.000290 0.126307 800.000000 26.490067
430 0.000554 0.022445 100.000000 26.315790
430 0.000627 0.045962 200.000000 26.315790
430 0.000527 0.065926 300.000000 26.315790
430 0.000435 0.089022 400.000000 26.143791
430 0.000411 0.103266 500.000000 26.041666
430 0.000310 0.113935 600.000000 26.315790
430 0.000247 0.117972 700.000000 26.415094
430 0.000272 0.122238 800.000000 26.490067
440 0.000710 0.036915 100.000000 26.315790
440 0.000663 0.063733 200.000000 26.315790
440 0.000586 0.083439 300.000000 26.086956
440 0.000401 0.104896 400.000000 25.974026
440 0.000391 0.116763 500.000000 26.178011
440 0.000298 0.124575 600.000000 26.315790
440 0.000283 0.127545 700.000000 26.415094
440 0.000270 0.131155 800.000000 26.402639
450 0.000662 0.043296 100.000000 26.315790
450 0.000458 0.065677 200.000000 26.315790
450 0.000533 0.084314 300.000000 26.086956
450 0.000403 0.100638 400.000000 25.974026
450 0.000330 0.112955 500.000000 26.178011
450 0.000282 0.116988 600.000000 26.315790
450 0.000300 0.119823 700.000000 26.415094
450 0.000263 0.122006 800.000000 26.402639
460 0.000845 0.044548 100.000000 25.641026
460 0.000588 0.065179 200.000000 25.974026
460 0.000496 0.086859 300.000000 25.862068
460 0.000428 0.099955 400.000000 25.806452
460 0.000335 0.110223 500.000000 26.041666
460 0.000257 0.111605 600.000000 26.315790
460 0.000285 0.113285 700.000000 26.415094
460 0.000256 0.114773 800.000000 26.229507
470 0.000679 0.042342 100.000000 25.641026
470 0.000535 0.047638 200.000000 25.974026
470 0.000366 0.069287 300.000000 25.641026
470 0.000391 0.077794 400.000000 25.806452
470 0.000287 0.084567 500.000000 26.178011
470 0.000252 0.084973 600.000000 26.315790
470 0.000267 0.087357 700.000000 26.315790
470 0.000245 0.087061 800.000000 26.229507
480 0.000490 0.037843 100.000000 25.641026
480 0.000508 0.044232 200.000000 25.641026
480 0.000330 0.061309 300.000000 25.641026
480 0.000314 0.071366 400.000000 25.806452
480 0.000268 0.073769 500.000000 26.178011
480 0.000246 0.074426 600.000000 26.315790
480 0.000264 0.076302 700.000000 26.315790
480 0.000237 0.075304 800.000000 26.058632
490 0.000440 0.030096 100.000000 25.641026
490 0.000452 0.045553 200.000000 25.316456
490 0.000335 0.056105 300.000000 25.641026
490 0.000299 0.066445 400.000000 25.974026
490 0.000244 0.065619 500.000000 26.178011
490 0.000271 0.066992 600.000000 26.315790
490 0.000266 0.068081 700.000000 26.217228
490 0.000232 0.066348 800.000000 25.974026
500 0.000320 0.007072 100.000000 25.000000
500 0.000332 0.027065 200.000000 25.316456
500 0.000333 0.034098 300.000000 25.641026
500 0.000268 0.042041 400.000000 25.974026
500 0.000190 0.041408 500.000000 26.178011
500 0.000258 0.043056 600.000000 26.315790
500 0.000267 0.044833 700.000000 26.119404
500 0.000237 0.044708 800.000000 25.806452
510 0.000393 0.004760 100.000000 25.000000
510 0.000217 0.022731 200.000000 25.000000
510 0.000315 0.026551 300.000000 25.641026
510 0.000267 0.031105 400.000000 25.974026
510 0.000225 0.030040 500.000000 26.178011
510 0.000273 0.032968 600.000000 26.200872
510 0.000257 0.035215 700.000000 26.022305
510 0.000247 0.037625 800.000000 25.641026
520 0.000567 0.023411 100.000000 24.390244
520 0.000291 0.037280 200.000000 25.000000
520 0.000275 0.044988 300.000000 25.641026
520 0.000254 0.043949 400.000000 25.974026
520 0.000237 0.042261 500.000000 26.315790
520 0.000265 0.043693 600.000000 26.200872
520 0.000244 0.042508 700.000000 26.022305
520 0.000249 0.044146 800.000000 25.477707
530 0.000519 0.026756 100.000000 24.390244
530 0.000319 0.032231 200.000000 25.316456
530 0.000311 0.039194 300.000000 25.862068
530 0.000243 0.034864 400.000000 26.143791
530 0.000284 0.034474 500.000000 26.315790
530 0.000301 0.034552 600.000000 26.200872
530 0.000252 0.032894 700.000000 25.830257
530 0.000261 0.035872 800.000000 25.396826
540 0.000281 0.018899 100.000000 24.390244
540 0.000381 0.013627 200.000000 25.316456
540 0.000326 0.017648 300.000000 25.862068
540 0.000202 0.013366 400.000000 26.315790
540 0.000289 0.015277 500.000000 26.315790
540 0.000305 0.018404 600.000000 26.086956
540 0.000259 0.022739 700.000000 25.735294
540 0.000260 0.028551 800.000000 25.157232
550 0.000241 0.008165 100.000000 24.390244
550 0.000347 0.002737 200.000000 25.641026
550 0.000321 0.006811 300.000000 26.086956
550 0.000248 0.012879 400.000000 26.315790
550 0.000306 0.017247 500.000000 26.315790
550 0.000302 0.025370 600.000000 26.086956
550 0.000260 0.031933 700.000000 25.641026
550 0.000262 0.036964 800.000000 24.922119
560 0.000279 0.004783 100.000000 25.000000
560 0.000269 0.000782 200.000000 25.641026
560 0.000315 0.008984 300.000000 26.315790
560 0.000259 0.015938 400.000000 26.490067
560 0.000313 0.019816 500.000000 26.315790
560 0.000285 0.028935 600.000000 26.086956
560 0.000269 0.034610 700.000000 25.547445
560 0.000256 0.039261 800.000000 24.464832
570 0.000280 0.009143 100.000000 25.000000
570 0.000363 0.005839 200.000000 25.974026
570 0.000264 0.013509 300.000000 26.315790
570 0.000301 0.018983 400.000000 26.490067
570 0.000332 0.023227 500.000000 26.315790
570 0.000272 0.032102 600.000000 25.974026
570 0.000271 0.036840 700.000000 25.362318
570 0.000267 0.040766 800.000000 24.024025
580 0.000552 0.013342 100.000000 25.000000
580 0.000441 0.007229 200.000000 26.315790
580 0.000243 0.016194 300.000000 26.548672
580 0.000330 0.020364 400.000000 26.666666
580 0.000353 0.025788 500.000000 26.315790
580 0.000282 0.034339 600.000000 25.751074
580 0.000281 0.038596 700.000000 25.089605
580 0.000282 0.040080 800.000000 23.529411
590 0.000523 0.011892 100.000000 25.641026
590 0.000367 0.013870 200.000000 26.315790
590 0.000266 0.012304 300.000000 26.548672
590 0.000331 0.014035 400.000000 26.490067
590 0.000317 0.020109 500.000000 26.178011
590 0.000276 0.025910 600.000000 25.641026
590 0.000261 0.030633 700.000000 24.734982
590 0.000279 0.023056 800.000000 22.988506
600 0.000310 0.015402 100.000000 25.641026
600 0.000327 0.009796 200.000000 26.666666
600 0.000312 0.014689 300.000000 26.785715
600 0.000322 0.017454 400.000000 26.490067
600 0.000292 0.026403 500.000000 26.178011
600 0.000271 0.032152 600.000000 25.423729
600 0.000257 0.036197 700.000000 24.221453
600 0.000289 0.024849 800.000000 22.535212
610 0.000422 0.015961 100.000000 26.315790
610 0.000249 0.012767 200.000000 26.666666
610 0.000303 0.017672 300.000000 26.785715
610 0.000348 0.020640 400.000000 26.490067
610 0.000271 0.030183 500.000000 25.906736
610 0.000271 0.034755 600.000000 25.210085
610 0.000273 0.037790 700.000000 23.648649
610 0.000308 0.023690 800.000000 22.160666
620 0.000481 0.011074 100.000000 26.315790
620 0.000214 0.026072 200.000000 26.666666
620 0.000300 0.028247 300.000000 26.785715
620 0.000329 0.034197 400.000000 26.315790
620 0.000243 0.042721 500.000000 25.641026
620 0.000241 0.045649 600.000000 24.896265
620 0.000275 0.047855 700.000000 23.026316
620 0.000320 0.032748 800.000000 21.798365
630 0.000494 0.022984 100.000000 26.315790
630 0.000224 0.032147 200.000000 26.666666
630 0.000335 0.031102 300.000000 26.548672
630 0.000338 0.039472 400.000000 26.143791
630 0.000258 0.045280 500.000000 25.380711
630 0.000254 0.047801 600.000000 24.390244
630 0.000305 0.045513 700.000000 22.508039
630 0.000329 0.028625 800.000000 21.447721
640 0.000308 0.023309 100.000000 26.315790
640 0.000344 0.023448 200.000000 26.666666
640 0.000344 0.021743 300.000000 26.315790
640 0.000275 0.031013 400.000000 25.806452
640 0.000276 0.035023 500.000000 25.125628
640 0.000258 0.037788 600.000000 23.715416
640 0.000309 0.026091 700.000000 21.943573
640 0.000358 0.019669 800.000000 21.052631
650 0.000138 0.019750 100.000000 26.315790
650 0.000237 0.016952 200.000000 26.666666
650 0.000330 0.013712 300.000000 26.086956
650 0.000225 0.022371 400.000000 25.477707
650 0.000243 0.025006 500.000000 24.752476
650 0.000247 0.026788 600.000000 22.988506
650 0.000314 0.016744 700.000000 21.472393
650 0.000345 0.027912 800.000000 20.618557
660 0.000175 0.016845 100.000000 26.315790
660 0.000254 0.012821 200.000000 26.315790
660 0.000276 0.016006 300.000000 25.862068
660 0.000221 0.021618 400.000000 25.157232
660 0.000217 0.025134 500.000000 24.271845
660 0.000259 0.020530 600.000000 22.222221
660 0.000309 0.009691 700.000000 21.021021
660 0.000350 0.031224 800.000000 20.151133
670 0.000162 0.017565 100.000000 26.315790
670 0.000323 0.013338 200.000000 25.974026
670 0.000266 0.021430 300.000000 25.641026
670 0.000244 0.026039 400.000000 24.844721
670 0.000229 0.028709 500.000000 23.584906
670 0.000295 0.020410 600.000000 21.582733
670 0.000345 0.017769 700.000000 20.648968
670 0.000355 0.030743 800.000000 19.704433
680 0.000446 0.016029 100.000000 26.315790
680 0.000437 0.014041 200.000000 25.641026
680 0.000286 0.026362 300.000000 25.210085
680 0.000287 0.030297 400.000000 24.390244
680 0.000275 0.032662 500.000000 22.727272
680 0.000336 0.020795 600.000000 21.052631
680 0.000391 0.027058 700.000000 20.231215
680 0.000341 0.028520 800.000000 19.323671
690 0.000620 0.017423 100.000000 25.641026
690 0.000510 0.015752 200.000000 25.316456
690 0.000321 0.020569 300.000000 24.793388
690 0.000315 0.026007 400.000000 23.952095
690 0.000298 0.022570 500.000000 21.929825
690 0.000349 0.010564 600.000000 20.547945
690 0.000384 0.036532 700.000000 19.774012
700 0.000602 0.009006 100.000000 25.000000
700 0.000479 0.023852 200.000000 25.000000
700 0.000295 0.030094 300.000000 24.390244
700 0.000294 0.031125 400.000000 23.391813
700 0.000336 0.029953 500.000000 21.186441
700 0.000385 0.025073 600.000000 20.134228
700 0.000432 0.036842 700.000000 19.230770
710 0.000567 0.010872 100.000000 25.000000
710 0.000377 0.030590 200.000000 24.691359
710 0.000280 0.032297 300.000000 24.000000
710 0.000266 0.032622 400.000000 22.598869
710 0.000349 0.029734 500.000000 20.576132
710 0.000425 0.030967 600.000000 19.736841
710 0.000397 0.035460 700.000000 18.817204
720 0.000526 0.011022 100.000000 24.390244
720 0.000242 0.030289 200.000000 24.390244
720 0.000236 0.029112 300.000000 23.622047
720 0.000282 0.031410 400.000000 21.621622
720 0.000371 0.023998 500.000000 20.000000
720 0.000429 0.034946 600.000000 19.292604
720 0.000352 0.034624 700.000000 18.469658
730 0.000486 0.010544 100.000000 24.390244
730 0.000179 0.019496 200.000000 23.809525
730 0.000196 0.020835 300.000000 23.076923
730 0.000265 0.017979 400.000000 20.833334
730 0.000368 0.015322 500.000000 19.531250
730 0.000422 0.041177 600.000000 18.808777
740 0.000422 0.027130 100.000000 23.809525
740 0.000157 0.023826 200.000000 23.529411
740 0.000178 0.020637 300.000000 22.388060
740 0.000299 0.014574 400.000000 20.100502
740 0.000379 0.023830 500.000000 19.157087
740 0.000453 0.045424 600.000000 18.348623
750 0.000175 0.027647 100.000000 23.809525
750 0.000224 0.023293 200.000000 22.988506
750 0.000184 0.018117 300.000000 21.428572
750 0.000327 0.007062 400.000000 19.417477
750 0.000442 0.032726 500.000000 18.796993
750 0.000391 0.048059 600.000000 17.964071
760 0.000137 0.024212 100.000000 23.255814
760 0.000199 0.022293 200.000000 22.727272
760 0.000211 0.015795 300.000000 20.547945
760 0.000360 0.010058 400.000000 18.867924
760 0.000440 0.042795 500.000000 18.315018
760 0.000336 0.050727 600.000000 17.647058
770 0.000402 0.023953 100.000000 22.727272
770 0.000230 0.037437 200.000000 21.978022
770 0.000220 0.025080 300.000000 19.607843
770 0.000349 0.027312 400.000000 18.518518
770 0.000426 0.055573 500.000000 17.857143
780 0.000432 0.029557 100.000000 22.222221
780 0.000166 0.035574 200.000000 21.276596
780 0.000274 0.018715 300.000000 18.867924
780 0.000378 0.036628 400.000000 18.099548
780 0.000466 0.061208 500.000000 17.421602
790 0.000454 0.025406 100.000000 21.739130
790 0.000173 0.022272 200.000000 20.202021
790 0.000363 0.012798 300.000000 18.181818
790 0.000505 0.045887 400.000000 17.777779
790 0.000442 0.061845 500.000000 17.064846
800 0.000376 0.024911 100.000000 21.739130
800 0.000311 0.011968 200.000000 19.230770
800 0.000502 0.021785 300.000000 17.751480
800 0.000555 0.057686 400.000000 17.391304
800 0.000431 0.061596 500.000000 16.778524
810 0.000306 0.026861 100.000000 21.276596
810 0.000391 0.011484 200.000000 18.348623
810 0.000540 0.033113 300.000000 17.341040
810 0.000597 0.067182 400.000000 17.021276
820 0.000306 0.018518 100.000000 20.000000
820 0.000536 0.019320 200.000000 17.543859
820 0.000623 0.045186 300.000000 17.045454
820 0.000666 0.073573 400.000000 16.597511
830 0.000397 0.015580 100.000000 18.867924
830 0.000634 0.032766 200.000000 16.949152
830 0.000698 0.059726 300.000000 16.759777
830 0.000651 0.075291 400.000000 16.194332
840 0.000737 0.028757 100.000000 17.543859
840 0.000794 0.048838 200.000000 16.260162
840 0.000823 0.077071 300.000000 16.393442
840 0.000627 0.074489 400.000000 15.936255
850 0.000762 0.027614 100.000000 16.666666
850 0.000856 0.050125 200.000000 15.873015
850 0.000801 0.085050 300.000000 16.042780
860 0.000763 0.029485 100.000000 15.625000
860 0.000809 0.057388 200.000000 15.748032
860 0.000810 0.089909 300.000000 15.706806
870 0.000781 0.028606 100.000000 15.151515
870 0.000800 0.061824 200.000000 15.625000
870 0.000809 0.086570 300.000000 15.463918
880 0.000869 0.036917 100.000000 14.925373
880 0.000859 0.071788 200.000000 15.625000
880 0.000754 0.088350 300.000000 15.306123
890 0.000827 0.036565 100.000000 14.925373
890 0.000910 0.074855 200.000000 15.625000
890 0.000657 0.082248 300.000000 15.306123
900 0.000993 0.038612 100.000000 14.925373
900 0.000873 0.078771 200.000000 15.625000
900 0.000584 0.078406 300.000000 15.306123
910 0.000965 0.041498 100.000000 14.925373
910 0.000850 0.079942 200.000000 15.625000
920 0.000895 0.043457 100.000000 15.384615
920 0.000858 0.079575 200.000000 15.625000
930 0.000811 0.035426 100.000000 15.625000
930 0.000804 0.067793 200.000000 15.503876
940 0.000719 0.040254 100.000000 15.873015
940 0.000799 0.065915 200.000000 15.384615
950 0.000934 0.040424 100.000000 16.129032
950 0.000691 0.063936 200.000000 15.384615
960 0.000895 0.035417 100.000000 16.129032
960 0.000512 0.055700 200.000000 15.384615
970 0.000802 0.036006 100.000000 16.129032
970 0.000364 0.053566 200.000000 15.384615
980 0.000797 0.036032 100.000000 15.625000
990 0.000884 0.039052 100.000000 15.151515
1000 0.000851 0.042198 100.000000 14.705882
1010 0.000597 0.029854 100.000000 14.492754
1020 0.000439 0.023318 100.000000 14.285714
1030 0.000441 0.028182 100.000000 14.492754
