0 0.000694 0.037426 100.000000 13.513514
0 0.000702 0.062768 200.000000 13.605442
0 0.000629 0.095936 300.000000 14.084507
10 0.000636 0.035355 100.000000 13.513514
10 0.000718 0.060695 200.000000 13.698630
10 0.000581 0.094094 300.000000 14.218010
20 0.000554 0.030979 100.000000 13.513514
20 0.000672 0.055209 200.000000 13.793103
20 0.000545 0.086498 300.000000 14.354067
30 0.000571 0.030231 100.000000 13.513514
30 0.000696 0.056303 200.000000 13.793103
30 0.000524 0.086189 300.000000 14.423077
40 0.000618 0.029827 100.000000 13.333333
40 0.000689 0.058811 200.000000 13.888889
40 0.000511 0.087150 300.000000 14.492754
50 0.000659 0.027647 100.000000 13.333333
50 0.000657 0.059049 200.000000 13.986014
50 0.000483 0.085178 300.000000 14.563107
60 0.000713 0.025918 100.000000 13.333333
60 0.000626 0.059086 200.000000 14.084507
60 0.000484 0.083286 300.000000 14.634147
70 0.000729 0.026610 100.000000 13.333333
70 0.000610 0.060460 200.000000 14.184397
80 0.000780 0.029975 100.000000 13.513514
80 0.000571 0.064136 200.000000 14.388489
90 0.000808 0.033064 100.000000 13.698630
90 0.000559 0.065490 200.000000 14.492754
100 0.000814 0.034350 100.000000 13.888889
100 0.000523 0.064445 200.000000 14.705882
110 0.000795 0.034062 100.000000 14.084507
110 0.000478 0.060092 200.000000 14.925373
120 0.000723 0.032446 100.000000 14.285714
120 0.000418 0.055064 200.000000 15.037594
130 0.000568 0.029146 100.000000 14.492754
130 0.000383 0.046303 200.000000 15.267176
140 0.000503 0.026973 100.000000 14.705882
140 0.000349 0.041972 200.000000 15.384615
150 0.000458 0.029083 100.000000 14.925373
160 0.000326 0.022625 100.000000 15.151515
170 0.000305 0.021989 100.000000 15.384615
180 0.000253 0.020478 100.000000 15.384615
190 0.000207 0.023386 100.000000 15.625000
200 0.000220 0.020040 100.000000 15.625000
