0 0.000824 0.017230 100.000000 5.780347
0 0.000585 0.043359 200.000000 6.329114
0 0.000534 0.046751 300.000000 6.711410
0 0.000461 0.031171 400.000000 6.908463
0 0.000616 0.031657 500.000000 6.289308
0 0.000569 0.052334 600.000000 6.734007
10 0.000873 0.016038 100.000000 6.060606
10 0.000579 0.039311 200.000000 6.430868
10 0.000532 0.045351 300.000000 6.833713
10 0.000484 0.031527 400.000000 7.005254
10 0.000646 0.031628 500.000000 6.361323
10 0.000593 0.051974 600.000000 6.795017
20 0.000984 0.019735 100.000000 6.369427
20 0.000656 0.045810 200.000000 6.451613
20 0.000555 0.050808 300.000000 6.944445
20 0.000486 0.034618 400.000000 7.104796
20 0.000639 0.033785 500.000000 6.426735
20 0.000591 0.052352 600.000000 6.841505
30 0.001008 0.018905 100.000000 6.622517
30 0.000669 0.042885 200.000000 6.514658
30 0.000540 0.048155 300.000000 7.025761
30 0.000478 0.033162 400.000000 7.207207
30 0.000640 0.033379 500.000000 6.493506
30 0.000597 0.053036 600.000000 6.880734
40 0.000987 0.024404 100.000000 6.849315
40 0.000669 0.044985 200.000000 6.557377
40 0.000513 0.047963 300.000000 7.058824
40 0.000473 0.034226 400.000000 7.285975
40 0.000637 0.034859 500.000000 6.553080
40 0.000592 0.054358 600.000000 6.888634
50 0.000953 0.027437 100.000000 6.993007
50 0.000636 0.043112 200.000000 6.600660
50 0.000494 0.044633 300.000000 7.042253
50 0.000456 0.033116 400.000000 7.352941
50 0.000626 0.035710 500.000000 6.596306
50 0.000586 0.056258 600.000000 6.880734
60 0.000893 0.030946 100.000000 7.092198
60 0.000609 0.041079 200.000000 6.622517
60 0.000416 0.040652 300.000000 6.976744
60 0.000438 0.032219 400.000000 7.393715
60 0.000619 0.036841 500.000000 6.631300
60 0.000566 0.058549 600.000000 6.872852
70 0.000846 0.037091 100.000000 7.142857
70 0.000577 0.039127 200.000000 6.644518
70 0.000391 0.035836 300.000000 6.928406
70 0.000416 0.031292 400.000000 7.421150
70 0.000644 0.038673 500.000000 6.657790
70 0.000566 0.060793 600.000000 6.864988
80 0.000842 0.038455 100.000000 7.142857
80 0.000597 0.036220 200.000000 6.688963
80 0.000369 0.032543 300.000000 6.912442
80 0.000438 0.030878 400.000000 7.434944
80 0.000642 0.041588 500.000000 6.675568
80 0.000565 0.064010 600.000000 6.857143
90 0.000763 0.035369 100.000000 7.142857
90 0.000572 0.029082 200.000000 6.711410
90 0.000369 0.026916 300.000000 6.928406
90 0.000463 0.030163 400.000000 7.421150
90 0.000657 0.044391 500.000000 6.702413
90 0.000569 0.067908 600.000000 6.841505
100 0.000623 0.033065 100.000000 7.092198
100 0.000550 0.025092 200.000000 6.756757
100 0.000385 0.023999 300.000000 6.960557
100 0.000453 0.030945 400.000000 7.259528
100 0.000661 0.047906 500.000000 6.720430
100 0.000570 0.071225 600.000000 6.825939
110 0.000635 0.036683 100.000000 7.092198
110 0.000574 0.029069 200.000000 6.802721
110 0.000444 0.024525 300.000000 6.976744
110 0.000692 0.024540 400.000000 6.201550
110 0.000662 0.050700 500.000000 6.747638
110 0.000557 0.073909 600.000000 6.795017
120 0.000561 0.034570 100.000000 7.142857
120 0.000543 0.029327 200.000000 6.872852
120 0.000408 0.022987 300.000000 7.025761
120 0.000708 0.023299 400.000000 6.201550
120 0.000643 0.053561 500.000000 6.784261
120 0.000543 0.076036 600.000000 6.764374
130 0.000509 0.029917 100.000000 7.352941
130 0.000526 0.027599 200.000000 6.993007
130 0.000402 0.022409 300.000000 7.092198
130 0.000719 0.024653 400.000000 6.240250
130 0.000639 0.055970 500.000000 6.830601
130 0.000545 0.078082 600.000000 6.703911
140 0.000517 0.024672 100.000000 7.575758
140 0.000516 0.027021 200.000000 7.142857
140 0.000417 0.021671 300.000000 7.177033
140 0.000727 0.026138 400.000000 6.289308
140 0.000646 0.058552 500.000000 6.887053
140 0.000549 0.080553 600.000000 6.637168
150 0.000499 0.017977 100.000000 7.692307
150 0.000491 0.024622 200.000000 7.220217
150 0.000455 0.019977 300.000000 7.246377
150 0.000746 0.028289 400.000000 6.339144
150 0.000656 0.062059 500.000000 6.925208
150 0.000554 0.083258 600.000000 6.578948
160 0.000506 0.021196 100.000000 7.692307
160 0.000492 0.024625 200.000000 7.272727
160 0.000448 0.020307 300.000000 7.299270
160 0.000738 0.031254 400.000000 6.379585
160 0.000648 0.064442 500.000000 6.954103
160 0.000632 0.085301 600.000000 6.514658
170 0.000435 0.020870 100.000000 7.142857
170 0.000424 0.025529 200.000000 7.272727
170 0.000477 0.021020 300.000000 7.352941
170 0.000756 0.035544 400.000000 6.410256
170 0.000666 0.067737 500.000000 6.954103
180 0.000445 0.008400 100.000000 6.329114
180 0.000334 0.018403 200.000000 7.194244
180 0.000513 0.022404 300.000000 7.389163
180 0.000794 0.041151 400.000000 6.451613
180 0.000713 0.074005 500.000000 6.915629
190 0.000524 0.009456 100.000000 6.172840
190 0.000376 0.019871 200.000000 7.042253
190 0.000519 0.025461 300.000000 7.444169
190 0.000788 0.045300 400.000000 6.482982
190 0.000715 0.077164 500.000000 6.849315
200 0.000532 0.008971 100.000000 6.134969
200 0.000438 0.018707 200.000000 6.849315
200 0.000527 0.029477 300.000000 7.462687
200 0.000803 0.049460 400.000000 6.514658
200 0.000706 0.079598 500.000000 6.811989
210 0.000486 0.007251 100.000000 6.172840
210 0.000436 0.015577 200.000000 6.779661
210 0.000516 0.031813 300.000000 7.481297
210 0.000848 0.053658 400.000000 6.535948
210 0.000711 0.081547 500.000000 6.793478
220 0.000589 0.009669 100.000000 6.211180
220 0.000476 0.014449 200.000000 6.779661
220 0.000582 0.036490 300.000000 7.500000
220 0.000860 0.059588 400.000000 6.557377
220 0.000726 0.084887 500.000000 6.784261
230 0.000541 0.009812 100.000000 6.289308
230 0.000510 0.013548 200.000000 6.802721
230 0.000596 0.040919 300.000000 7.500000
230 0.000873 0.064393 400.000000 6.589786
230 0.000731 0.087124 500.000000 6.775068
240 0.000586 0.012700 100.000000 6.410256
240 0.000567 0.018271 200.000000 6.849315
240 0.000570 0.045694 300.000000 7.263923
240 0.000879 0.067326 400.000000 6.622517
240 0.000732 0.088695 500.000000 6.756757
250 0.000582 0.013714 100.000000 6.493506
250 0.000672 0.019890 200.000000 6.896552
250 0.001000 0.037590 300.000000 5.940594
250 0.000888 0.070589 400.000000 6.655574
250 0.000725 0.090578 500.000000 6.729475
260 0.000577 0.014555 100.000000 6.578948
260 0.000636 0.022377 200.000000 6.920415
260 0.001042 0.037338 300.000000 5.917160
260 0.000879 0.072868 400.000000 6.688963
260 0.000716 0.092203 500.000000 6.666667
270 0.000567 0.016330 100.000000 6.666667
270 0.000649 0.024570 200.000000 6.944445
270 0.001057 0.041525 300.000000 5.928854
270 0.000881 0.077788 400.000000 6.711410
270 0.000720 0.095554 500.000000 6.476684
280 0.000538 0.016579 100.000000 6.756757
280 0.000698 0.027247 200.000000 7.017544
280 0.001072 0.046995 300.000000 5.964215
280 0.000894 0.082809 400.000000 6.745363
280 0.000725 0.098788 500.000000 6.361323
290 0.000566 0.018925 100.000000 6.849315
290 0.000718 0.031184 200.000000 7.092198
290 0.001077 0.050705 300.000000 6.024096
290 0.000892 0.086557 400.000000 6.779661
290 0.000832 0.101410 500.000000 6.297229
300 0.000570 0.024814 100.000000 7.042253
300 0.000697 0.031310 200.000000 7.246377
300 0.001068 0.050678 300.000000 6.097561
300 0.000889 0.086458 400.000000 6.825939
310 0.000475 0.025211 100.000000 7.352941
310 0.000753 0.033668 200.000000 7.434944
310 0.001079 0.053836 300.000000 6.198347
310 0.000898 0.089754 400.000000 6.896552
320 0.000451 0.028190 100.000000 7.751938
320 0.000724 0.033021 200.000000 7.662835
320 0.001069 0.053250 300.000000 6.302521
320 0.000899 0.088155 400.000000 6.980803
330 0.000363 0.022035 100.000000 8.130081
330 0.000745 0.037277 200.000000 7.905138
330 0.001084 0.058587 300.000000 6.410256
330 0.000918 0.092818 400.000000 7.042253
340 0.000311 0.020911 100.000000 8.264462
340 0.000740 0.041798 200.000000 8.097166
340 0.001086 0.063280 300.000000 6.493506
340 0.000917 0.095994 400.000000 7.054674
350 0.000379 0.023009 100.000000 8.064516
350 0.000712 0.042960 200.000000 8.230453
350 0.001064 0.064604 300.000000 6.564551
350 0.000919 0.095188 400.000000 7.029877
360 0.000584 0.023322 100.000000 7.692307
360 0.000696 0.045744 200.000000 8.298756
360 0.001065 0.067399 300.000000 6.622517
360 0.000900 0.095498 400.000000 6.980803
370 0.000626 0.023546 100.000000 7.462687
370 0.000694 0.048583 200.000000 8.333333
370 0.001132 0.072906 300.000000 6.637168
370 0.000898 0.097982 400.000000 6.956522
380 0.000726 0.023622 100.000000 7.352941
380 0.000747 0.054825 200.000000 8.298756
380 0.001136 0.080409 300.000000 6.666667
380 0.000907 0.100690 400.000000 6.920415
390 0.000829 0.027540 100.000000 7.299270
390 0.000761 0.060649 200.000000 8.163265
390 0.001149 0.088850 300.000000 6.666667
390 0.000902 0.104276 400.000000 6.872852
400 0.001165 0.034013 100.000000 7.299270
400 0.001458 0.059844 200.000000 5.714286
400 0.001177 0.100229 300.000000 6.681514
400 0.000909 0.110857 400.000000 6.802721
410 0.001280 0.043231 100.000000 7.246377
410 0.001592 0.069495 200.000000 5.617978
410 0.001196 0.109319 300.000000 6.696429
410 0.000916 0.115559 400.000000 6.677796
420 0.001329 0.054628 100.000000 7.194244
420 0.001638 0.079635 200.000000 5.602241
420 0.001205 0.119091 300.000000 6.711410
420 0.000933 0.121429 400.000000 6.369427
430 0.001488 0.066637 100.000000 7.246377
430 0.001655 0.090239 200.000000 5.633803
430 0.001210 0.129773 300.000000 6.726458
430 0.000930 0.127985 400.000000 6.211180
440 0.001485 0.075703 100.000000 7.352941
440 0.001658 0.096421 200.000000 5.681818
440 0.001217 0.134914 300.000000 6.726458
450 0.001403 0.069683 100.000000 7.575758
450 0.001604 0.089315 200.000000 5.763689
450 0.001210 0.127044 300.000000 6.726458
460 0.001357 0.072457 100.000000 7.874016
460 0.001578 0.091420 200.000000 5.847953
460 0.001189 0.127401 300.000000 6.711410
470 0.001196 0.065457 100.000000 8.196721
470 0.001492 0.084639 200.000000 5.952381
470 0.001154 0.118660 300.000000 6.711410
480 0.000996 0.050179 100.000000 8.547009
480 0.001409 0.071816 200.000000 6.060606
480 0.001101 0.104141 300.000000 6.726458
490 0.000809 0.033382 100.000000 8.928572
490 0.001326 0.060203 200.000000 6.172840
490 0.001020 0.092169 300.000000 6.756757
500 0.000810 0.035349 100.000000 9.259259
500 0.001392 0.063227 200.000000 6.250000
500 0.001024 0.093223 300.000000 6.772009
510 0.000800 0.033725 100.000000 9.433962
510 0.001398 0.065694 200.000000 6.309148
510 0.001010 0.092965 300.000000 6.772009
520 0.000839 0.030342 100.000000 9.345795
520 0.001360 0.069544 200.000000 6.349206
520 0.000966 0.094922 300.000000 6.741573
530 0.000648 0.033204 100.000000 8.196721
530 0.001328 0.073465 200.000000 6.369427
530 0.000936 0.096496 300.000000 6.666667
540 0.001879 0.014821 100.000000 4.587156
540 0.001254 0.067819 200.000000 6.410256
540 0.000846 0.090542 300.000000 6.593407
550 0.001993 0.018469 100.000000 4.545455
550 0.001250 0.072874 200.000000 6.430868
550 0.000847 0.095334 300.000000 6.396588
560 0.001973 0.028708 100.000000 4.566210
560 0.001234 0.073637 200.000000 6.472492
560 0.000820 0.097311 300.000000 6.048387
570 0.001907 0.040593 100.000000 4.587156
570 0.001207 0.076455 200.000000 6.451613
570 0.000973 0.101421 300.000000 5.847953
580 0.001880 0.054310 100.000000 4.608295
580 0.001209 0.083204 200.000000 6.349206
590 0.001852 0.064670 100.000000 4.651163
590 0.001202 0.088477 200.000000 6.134969
600 0.001903 0.077044 100.000000 4.672897
600 0.001176 0.096525 200.000000 5.988024
610 0.002122 0.083881 100.000000 4.694836
610 0.001186 0.099047 200.000000 5.934718
620 0.002075 0.088760 100.000000 4.739336
620 0.001167 0.097765 200.000000 5.899705
630 0.002108 0.097433 100.000000 4.807693
630 0.001158 0.101639 200.000000 5.899705
640 0.002110 0.091316 100.000000 4.950495
640 0.001137 0.094122 200.000000 5.952381
650 0.002408 0.111521 100.000000 5.154639
650 0.001286 0.110238 200.000000 6.060606
660 0.002497 0.115105 100.000000 5.405406
660 0.001315 0.112025 200.000000 6.230530
670 0.002267 0.108872 100.000000 5.714286
670 0.001202 0.105235 200.000000 6.430868
680 0.002115 0.109076 100.000000 6.060606
680 0.001130 0.103903 200.000000 6.644518
690 0.001983 0.108191 100.000000 6.451613
690 0.001065 0.102331 200.000000 6.849315
700 0.001872 0.106708 100.000000 6.896552
700 0.001012 0.100294 200.000000 7.092198
710 0.001791 0.106345 100.000000 7.407407
710 0.000974 0.099418 200.000000 7.352941
720 0.001710 0.104552 100.000000 8.000000
720 0.000935 0.097638 200.000000 7.633588
730 0.001451 0.073993 100.000000 8.695652
730 0.000799 0.071636 200.000000 7.936508
740 0.001182 0.030346 100.000000 9.345795
740 0.000620 0.035337 200.000000 8.163265
750 0.001085 0.013759 100.000000 10.101010
750 0.000543 0.021830 200.000000 8.333333
760 0.001016 0.018395 100.000000 10.526316
760 0.000468 0.022652 200.000000 8.333333
770 0.000886 0.019234 100.000000 10.869565
770 0.000390 0.023211 200.000000 7.843137
780 0.000867 0.019113 100.000000 10.869565
780 0.000303 0.025496 200.000000 7.067138
790 0.000762 0.015885 100.000000 10.526316
800 0.000704 0.015713 100.000000 9.433962
810 0.000615 0.013489 100.000000 8.403361
820 0.000367 0.016693 100.000000 8.000000
830 0.000274 0.018844 100.000000 7.692307
840 0.000196 0.018124 100.000000 7.352941
850 0.000260 0.017647 100.000000 6.944445
860 0.000263 0.018823 100.000000 6.134969
870 0.000455 0.019804 100.000000 5.208333
880 0.001313 0.021021 100.000000 4.807693
