0 0.000616 0.035282 100.000000 8.474576
0 0.000429 0.045953 200.000000 9.478673
0 0.000612 0.052903 300.000000 10.452962
0 0.000468 0.056382 400.000000 10.498688
0 0.000413 0.080369 500.000000 10.438414
0 0.000398 0.094755 600.000000 10.434783
0 0.000401 0.108199 700.000000 10.294118
0 0.000393 0.109953 800.000000 10.282776
10 0.000515 0.027092 100.000000 9.009009
10 0.000405 0.039261 200.000000 9.756098
10 0.000615 0.048829 300.000000 10.714286
10 0.000458 0.059010 400.000000 10.695188
10 0.000397 0.082764 500.000000 10.593221
10 0.000380 0.094693 600.000000 10.563380
10 0.000388 0.106659 700.000000 10.385756
10 0.000386 0.109042 800.000000 10.376135
20 0.000573 0.035823 100.000000 9.523809
20 0.000422 0.048059 200.000000 10.050251
20 0.000658 0.054991 300.000000 10.989011
20 0.000478 0.064347 400.000000 10.840109
20 0.000414 0.088639 500.000000 10.729613
20 0.000393 0.100774 600.000000 10.676157
20 0.000401 0.113667 700.000000 10.463378
20 0.000397 0.114223 800.000000 10.471204
30 0.000611 0.043134 100.000000 10.101010
30 0.000469 0.055227 200.000000 10.256411
30 0.000690 0.059734 300.000000 11.235955
30 0.000493 0.068952 400.000000 10.958904
30 0.000425 0.093450 500.000000 10.845987
30 0.000402 0.105527 600.000000 10.771993
30 0.000419 0.119473 700.000000 10.510510
30 0.000397 0.117903 800.000000 10.554090
40 0.000627 0.046400 100.000000 10.526316
40 0.000482 0.057968 200.000000 10.471204
40 0.000695 0.060375 300.000000 11.450381
40 0.000490 0.072566 400.000000 11.049724
40 0.000425 0.096714 500.000000 10.917030
40 0.000408 0.107729 600.000000 10.830325
40 0.000431 0.121860 700.000000 10.542169
40 0.000392 0.118870 800.000000 10.624170
50 0.000675 0.053805 100.000000 10.989011
50 0.000570 0.065502 200.000000 10.638298
50 0.000727 0.064682 300.000000 11.583012
50 0.000513 0.079312 400.000000 11.080333
50 0.000447 0.102817 500.000000 10.989011
50 0.000415 0.113444 600.000000 10.889292
50 0.000441 0.128222 700.000000 10.558069
50 0.000397 0.123054 800.000000 10.680908
60 0.000179 0.012005 100.000000 11.363636
60 0.000338 0.018376 200.000000 10.810811
60 0.000525 0.036090 300.000000 11.673152
60 0.000385 0.058749 400.000000 11.111111
60 0.000346 0.073292 500.000000 11.013216
60 0.000328 0.077951 600.000000 10.928962
60 0.000368 0.090880 700.000000 10.558069
60 0.000323 0.090672 800.000000 10.738256
70 0.000194 0.023365 100.000000 11.494253
70 0.000276 0.012539 200.000000 10.989011
70 0.000405 0.034092 300.000000 11.673152
70 0.000305 0.051716 400.000000 11.111111
70 0.000280 0.058636 500.000000 10.989011
70 0.000285 0.058835 600.000000 10.928962
70 0.000320 0.070773 700.000000 10.558069
70 0.000266 0.074508 800.000000 10.767160
80 0.000197 0.016465 100.000000 11.494253
80 0.000402 0.006400 200.000000 11.111111
80 0.000435 0.037185 300.000000 11.627907
80 0.000343 0.056103 400.000000 11.080333
80 0.000301 0.063913 500.000000 10.940919
80 0.000307 0.065521 600.000000 10.909091
80 0.000331 0.077923 700.000000 10.558069
80 0.000268 0.080237 800.000000 10.810811
90 0.000253 0.007028 100.000000 11.494253
90 0.000532 0.016379 200.000000 11.299435
90 0.000462 0.045266 300.000000 11.583012
90 0.000377 0.065661 400.000000 11.049724
90 0.000328 0.073742 500.000000 10.917030
90 0.000336 0.076527 600.000000 10.869565
90 0.000353 0.088001 700.000000 10.558069
90 0.000288 0.089655 800.000000 10.840109
100 0.000326 0.005653 100.000000 11.235955
100 0.000576 0.018497 200.000000 11.494253
100 0.000432 0.048571 300.000000 11.494253
100 0.000372 0.067060 400.000000 11.049724
100 0.000337 0.073893 500.000000 10.917030
100 0.000337 0.078038 600.000000 10.791367
100 0.000358 0.087605 700.000000 10.574018
100 0.000287 0.089906 800.000000 10.854816
110 0.000298 0.005743 100.000000 10.869565
110 0.000579 0.025418 200.000000 11.627907
110 0.000438 0.053180 300.000000 11.450381
110 0.000375 0.071282 400.000000 11.049724
110 0.000359 0.076981 500.000000 10.917030
110 0.000352 0.082938 600.000000 10.695188
110 0.000364 0.090344 700.000000 10.574018
110 0.000270 0.092937 800.000000 10.854816
120 0.000366 0.006033 100.000000 10.526316
120 0.000676 0.028721 200.000000 11.764706
120 0.000445 0.057928 300.000000 11.320755
120 0.000371 0.074085 400.000000 11.019283
120 0.000359 0.077726 500.000000 10.893247
120 0.000368 0.085203 600.000000 10.619469
120 0.000368 0.090442 700.000000 10.590015
120 0.000244 0.094455 800.000000 10.825439
130 0.000393 0.013037 100.000000 10.309278
130 0.000749 0.035967 200.000000 11.834319
130 0.000458 0.064381 300.000000 11.194030
130 0.000379 0.079667 400.000000 10.989011
130 0.000366 0.082632 500.000000 10.869565
130 0.000399 0.092264 600.000000 10.544815
130 0.000366 0.094802 700.000000 10.606061
130 0.000246 0.099192 800.000000 10.796222
140 0.000474 0.015547 100.000000 10.204082
140 0.000755 0.041505 200.000000 11.764706
140 0.000459 0.067736 300.000000 11.070110
140 0.000396 0.081229 400.000000 10.928962
140 0.000368 0.083782 500.000000 10.822511
140 0.000406 0.095492 600.000000 10.452962
140 0.000360 0.095526 700.000000 10.606061
140 0.000248 0.100564 800.000000 10.767160
150 0.000597 0.016593 100.000000 10.204082
150 0.000689 0.045131 200.000000 11.695907
150 0.000469 0.069726 300.000000 10.948905
150 0.000405 0.081658 400.000000 10.869565
150 0.000371 0.084004 500.000000 10.799136
150 0.000413 0.096983 600.000000 10.398614
150 0.000340 0.095140 700.000000 10.638298
150 0.000245 0.101240 800.000000 10.752688
160 0.000639 0.011985 100.000000 10.416667
160 0.000619 0.044929 200.000000 11.627907
160 0.000456 0.067204 300.000000 10.869565
160 0.000386 0.076766 400.000000 10.810811
160 0.000368 0.078999 500.000000 10.775862
160 0.000387 0.091768 600.000000 10.380623
160 0.000315 0.090139 700.000000 10.670732
160 0.000240 0.096985 800.000000 10.767160
170 0.000736 0.011889 100.000000 10.752688
170 0.000595 0.048716 200.000000 11.560694
170 0.000435 0.067743 300.000000 10.869565
170 0.000354 0.074435 400.000000 10.752688
170 0.000353 0.076316 500.000000 10.729613
170 0.000370 0.087814 600.000000 10.398614
170 0.000299 0.087796 700.000000 10.703364
170 0.000237 0.095542 800.000000 10.767160
180 0.000875 0.019631 100.000000 11.111111
180 0.000590 0.055536 200.000000 11.494253
180 0.000444 0.072751 300.000000 10.869565
180 0.000379 0.077627 400.000000 10.781672
180 0.000372 0.080252 500.000000 10.706638
180 0.000385 0.090202 600.000000 10.416667
180 0.000304 0.090615 700.000000 10.752688
180 0.000253 0.099254 800.000000 10.767160
190 0.000858 0.013890 100.000000 11.627907
190 0.000497 0.052540 200.000000 11.560694
190 0.000405 0.066134 300.000000 10.948905
190 0.000367 0.069932 400.000000 10.810811
190 0.000349 0.073889 500.000000 10.660981
190 0.000374 0.082280 600.000000 10.452962
190 0.000288 0.084101 700.000000 10.785825
190 0.000243 0.093187 800.000000 10.752688
200 0.000863 0.024285 100.000000 12.345679
200 0.000528 0.060308 200.000000 11.627907
200 0.000423 0.073602 300.000000 11.029411
200 0.000388 0.075903 400.000000 10.899182
200 0.000372 0.080990 500.000000 10.638298
200 0.000386 0.087457 600.000000 10.507881
200 0.000276 0.089387 700.000000 10.835914
200 0.000254 0.098916 800.000000 10.738256
210 0.000997 0.026601 100.000000 12.987013
210 0.000523 0.061965 200.000000 11.695907
210 0.000420 0.073663 300.000000 11.152416
210 0.000388 0.075499 400.000000 10.958904
210 0.000391 0.082029 500.000000 10.638298
210 0.000385 0.086752 600.000000 10.563380
210 0.000244 0.089598 700.000000 10.852714
210 0.000256 0.098540 800.000000 10.709505
220 0.001194 0.037284 100.000000 13.513514
220 0.000565 0.070607 200.000000 11.695907
220 0.000432 0.081502 300.000000 11.194030
220 0.000392 0.081824 400.000000 10.989011
220 0.000412 0.089976 500.000000 10.593221
220 0.000398 0.092212 600.000000 10.600707
220 0.000245 0.095114 700.000000 10.852714
220 0.000272 0.103445 800.000000 10.666667
230 0.001129 0.044196 100.000000 13.698630
230 0.000525 0.071006 200.000000 11.560694
230 0.000401 0.078004 300.000000 11.194030
230 0.000378 0.076912 400.000000 10.989011
230 0.000415 0.085952 500.000000 10.548523
230 0.000367 0.087401 600.000000 10.638298
230 0.000234 0.091399 700.000000 10.852714
230 0.000287 0.097042 800.000000 10.582010
240 0.001003 0.044011 100.000000 13.698630
240 0.000472 0.062498 200.000000 11.428572
240 0.000385 0.067450 300.000000 11.152416
240 0.000343 0.067236 400.000000 10.958904
240 0.000394 0.078109 500.000000 10.460251
240 0.000340 0.078157 600.000000 10.676157
240 0.000217 0.083411 700.000000 10.835914
240 0.000285 0.084991 800.000000 10.498688
250 0.000719 0.038353 100.000000 13.157895
250 0.000387 0.047453 200.000000 11.173184
250 0.000322 0.049691 300.000000 10.948905
250 0.000315 0.050651 400.000000 10.869565
250 0.000360 0.062968 500.000000 10.373444
250 0.000280 0.063806 600.000000 10.676157
250 0.000184 0.070084 700.000000 10.802469
250 0.000266 0.068272 800.000000 10.430247
260 0.000512 0.033413 100.000000 12.345679
260 0.000340 0.036450 200.000000 10.869565
260 0.000275 0.039271 300.000000 10.752688
260 0.000282 0.043063 400.000000 10.723861
260 0.000319 0.053944 500.000000 10.309278
260 0.000237 0.055426 600.000000 10.676157
260 0.000177 0.061624 700.000000 10.752688
260 0.000251 0.056603 800.000000 10.362695
270 0.000332 0.029050 100.000000 11.627907
270 0.000296 0.028011 200.000000 10.638298
270 0.000258 0.030607 300.000000 10.563380
270 0.000260 0.036570 400.000000 10.498688
270 0.000305 0.044584 500.000000 10.224949
270 0.000210 0.048436 600.000000 10.657193
270 0.000169 0.054565 700.000000 10.670732
270 0.000215 0.047847 800.000000 10.296010
280 0.000242 0.027846 100.000000 10.869565
280 0.000261 0.025872 200.000000 10.416667
280 0.000272 0.027740 300.000000 10.416667
280 0.000262 0.035681 400.000000 10.256411
280 0.000303 0.041670 500.000000 10.183299
280 0.000179 0.047523 600.000000 10.582010
280 0.000174 0.053629 700.000000 10.510510
280 0.000155 0.045743 800.000000 10.230179
290 0.000135 0.016376 100.000000 10.309278
290 0.000174 0.011814 200.000000 10.256411
290 0.000214 0.013562 300.000000 10.309278
290 0.000243 0.022275 400.000000 10.075566
290 0.000266 0.026801 500.000000 10.141988
290 0.000101 0.035225 600.000000 10.507881
290 0.000150 0.039460 700.000000 10.370370
290 0.000131 0.035478 800.000000 10.178117
300 0.000280 0.016236 100.000000 9.900990
300 0.000184 0.014406 200.000000 10.152285
300 0.000191 0.015989 300.000000 10.238908
300 0.000267 0.023294 400.000000 9.950249
300 0.000239 0.025536 500.000000 10.162601
300 0.000093 0.032332 600.000000 10.452962
300 0.000169 0.035434 700.000000 10.233918
300 0.000114 0.033534 800.000000 10.126582
310 0.000306 0.018585 100.000000 9.708738
310 0.000168 0.014051 200.000000 10.101010
310 0.000165 0.012075 300.000000 10.238908
310 0.000260 0.018083 400.000000 9.852217
310 0.000218 0.023232 500.000000 10.183299
310 0.000090 0.030321 600.000000 10.434783
310 0.000192 0.032160 700.000000 10.144928
310 0.000091 0.033123 800.000000 10.037642
320 0.000288 0.013021 100.000000 9.615385
320 0.000217 0.010966 200.000000 10.050251
320 0.000190 0.015218 300.000000 10.204082
320 0.000295 0.024646 400.000000 9.828010
320 0.000204 0.029147 500.000000 10.224949
320 0.000108 0.035153 600.000000 10.452962
320 0.000207 0.035945 700.000000 10.115607
320 0.000123 0.035410 800.000000 9.950249
330 0.000329 0.010392 100.000000 9.523809
330 0.000218 0.011149 200.000000 10.000000
330 0.000213 0.016980 300.000000 10.204082
330 0.000285 0.027162 400.000000 9.828010
330 0.000200 0.032506 500.000000 10.288066
330 0.000122 0.038224 600.000000 10.471204
330 0.000219 0.037654 700.000000 10.101010
330 0.000144 0.036481 800.000000 9.913259
340 0.000347 0.010688 100.000000 9.523809
340 0.000192 0.010502 200.000000 10.000000
340 0.000212 0.016865 300.000000 10.204082
340 0.000272 0.026428 400.000000 9.852217
340 0.000185 0.032975 500.000000 10.351967
340 0.000126 0.038125 600.000000 10.507881
340 0.000219 0.036451 700.000000 10.115607
340 0.000148 0.035871 800.000000 9.900990
350 0.000315 0.009166 100.000000 9.615385
350 0.000220 0.011595 200.000000 10.000000
350 0.000244 0.020395 300.000000 10.169492
350 0.000293 0.028361 400.000000 9.876543
350 0.000191 0.035231 500.000000 10.416667
350 0.000146 0.040087 600.000000 10.526316
350 0.000208 0.037269 700.000000 10.115607
350 0.000147 0.036147 800.000000 9.913259
360 0.000316 0.009404 100.000000 9.708738
360 0.000263 0.015881 200.000000 10.101010
360 0.000266 0.027063 300.000000 10.101010
360 0.000320 0.032436 400.000000 9.925558
360 0.000204 0.038836 500.000000 10.482181
360 0.000160 0.044195 600.000000 10.489511
360 0.000194 0.039556 700.000000 10.130246
360 0.000159 0.037108 800.000000 9.925558
370 0.000281 0.010189 100.000000 9.900990
370 0.000295 0.016742 200.000000 10.152285
370 0.000282 0.029267 300.000000 10.033444
370 0.000326 0.032695 400.000000 9.975062
370 0.000175 0.040154 500.000000 10.504202
370 0.000165 0.045112 600.000000 10.434783
370 0.000151 0.039765 700.000000 10.130246
370 0.000158 0.036940 800.000000 9.937888
380 0.000263 0.009740 100.000000 10.000000
380 0.000287 0.017175 200.000000 10.204082
380 0.000331 0.030232 300.000000 9.966778
380 0.000329 0.032535 400.000000 10.025063
380 0.000132 0.041075 500.000000 10.504202
380 0.000172 0.045234 600.000000 10.380623
380 0.000152 0.039725 700.000000 10.130246
380 0.000150 0.036782 800.000000 9.950249
390 0.000253 0.010689 100.000000 10.101010
390 0.000274 0.018713 200.000000 10.256411
390 0.000338 0.031349 300.000000 9.933775
390 0.000328 0.032452 400.000000 10.101010
390 0.000117 0.040604 500.000000 10.526316
390 0.000180 0.044469 600.000000 10.327023
390 0.000151 0.039136 700.000000 10.130246
390 0.000141 0.036391 800.000000 9.962640
400 0.000280 0.009825 100.000000 10.309278
400 0.000326 0.022077 200.000000 10.362695
400 0.000400 0.035615 300.000000 9.900990
400 0.000320 0.034096 400.000000 10.178117
400 0.000128 0.041647 500.000000 10.548523
400 0.000211 0.044718 600.000000 10.256411
400 0.000151 0.040623 700.000000 10.130246
400 0.000146 0.037072 800.000000 9.987515
410 0.000349 0.008326 100.000000 10.416667
410 0.000327 0.022268 200.000000 10.416667
410 0.000404 0.034215 300.000000 9.868421
410 0.000310 0.033238 400.000000 10.256411
410 0.000127 0.040850 500.000000 10.570825
410 0.000233 0.042606 600.000000 10.204082
410 0.000131 0.040724 700.000000 10.086455
410 0.000138 0.036885 800.000000 10.025063
420 0.000309 0.007752 100.000000 10.416667
420 0.000300 0.018158 200.000000 10.471204
420 0.000392 0.028343 300.000000 9.868421
420 0.000268 0.032302 400.000000 10.335917
420 0.000112 0.039488 500.000000 10.593221
420 0.000227 0.039951 600.000000 10.186757
420 0.000130 0.039653 700.000000 10.000000
420 0.000125 0.036219 800.000000 10.050251
430 0.000269 0.008535 100.000000 10.416667
430 0.000306 0.017431 200.000000 10.526316
430 0.000369 0.026050 300.000000 9.868421
430 0.000236 0.033041 400.000000 10.443864
430 0.000107 0.039329 500.000000 10.638298
430 0.000223 0.039084 600.000000 10.169492
430 0.000149 0.038963 700.000000 9.957326
430 0.000118 0.035901 800.000000 10.075566
440 0.000276 0.008890 100.000000 10.309278
440 0.000313 0.018471 200.000000 10.471204
440 0.000349 0.024943 300.000000 9.900990
440 0.000208 0.034086 400.000000 10.498688
440 0.000118 0.039094 500.000000 10.660981
440 0.000224 0.038199 600.000000 10.186757
440 0.000154 0.038251 700.000000 9.929078
440 0.000109 0.035730 800.000000 10.113780
450 0.000294 0.010581 100.000000 10.309278
450 0.000321 0.021606 200.000000 10.416667
450 0.000362 0.025951 300.000000 9.933775
450 0.000211 0.035825 400.000000 10.582010
450 0.000137 0.039681 500.000000 10.683761
450 0.000217 0.038069 600.000000 10.186757
450 0.000151 0.037812 700.000000 9.929078
450 0.000110 0.035882 800.000000 10.139417
460 0.000335 0.010589 100.000000 10.309278
460 0.000333 0.022910 200.000000 10.256411
460 0.000369 0.026188 300.000000 9.933775
460 0.000206 0.037993 400.000000 10.638298
460 0.000149 0.041544 500.000000 10.638298
460 0.000195 0.039309 600.000000 10.169492
460 0.000158 0.037801 700.000000 9.929078
460 0.000115 0.036194 800.000000 10.178117
470 0.000400 0.010193 100.000000 10.309278
470 0.000358 0.024383 200.000000 10.050251
470 0.000370 0.027300 300.000000 9.966778
470 0.000176 0.040213 400.000000 10.638298
470 0.000155 0.042854 500.000000 10.526316
470 0.000152 0.040226 600.000000 10.152285
470 0.000160 0.037702 700.000000 9.929078
470 0.000130 0.036284 800.000000 10.204082
480 0.000378 0.010197 100.000000 10.204082
480 0.000404 0.023933 200.000000 9.852217
480 0.000373 0.029320 300.000000 10.000000
480 0.000126 0.042699 400.000000 10.610080
480 0.000165 0.044501 500.000000 10.416667
480 0.000156 0.041119 600.000000 10.118044
480 0.000156 0.037981 700.000000 9.915014
480 0.000137 0.036169 800.000000 10.230179
490 0.000390 0.012802 100.000000 10.204082
490 0.000455 0.026410 200.000000 9.708738
490 0.000366 0.032147 300.000000 10.067114
490 0.000115 0.043957 400.000000 10.582010
490 0.000178 0.045633 500.000000 10.288066
490 0.000157 0.041790 600.000000 10.101010
490 0.000151 0.038152 700.000000 9.929078
490 0.000146 0.036037 800.000000 10.256411
500 0.000382 0.011030 100.000000 10.309278
500 0.000466 0.023861 200.000000 9.569378
500 0.000332 0.034650 300.000000 10.135135
500 0.000117 0.044131 400.000000 10.554090
500 0.000231 0.044369 500.000000 10.183299
500 0.000140 0.042102 600.000000 10.050251
500 0.000147 0.037628 700.000000 9.929078
500 0.000150 0.035047 800.000000 10.296010
510 0.000341 0.009915 100.000000 10.309278
510 0.000448 0.020704 200.000000 9.523809
510 0.000301 0.036290 300.000000 10.204082
510 0.000108 0.043340 400.000000 10.582010
510 0.000241 0.042061 500.000000 10.101010
510 0.000129 0.041059 600.000000 9.950249
510 0.000133 0.036550 700.000000 9.957326
510 0.000147 0.033571 800.000000 10.322580
520 0.000405 0.011343 100.000000 10.416667
520 0.000449 0.022209 200.000000 9.523809
520 0.000248 0.038365 300.000000 10.344828
520 0.000098 0.043463 400.000000 10.638298
520 0.000231 0.041585 500.000000 10.101010
520 0.000154 0.040272 600.000000 9.868421
520 0.000133 0.036098 700.000000 10.000000
520 0.000148 0.032927 800.000000 10.376135
530 0.000391 0.009892 100.000000 10.526316
530 0.000405 0.024142 200.000000 9.569378
530 0.000222 0.040103 300.000000 10.452962
530 0.000110 0.043077 400.000000 10.695188
530 0.000244 0.040431 500.000000 10.121457
530 0.000163 0.039067 600.000000 9.852217
530 0.000119 0.036047 700.000000 10.043041
530 0.000141 0.033300 800.000000 10.430247
540 0.000424 0.014967 100.000000 10.526316
540 0.000426 0.028941 200.000000 9.661836
540 0.000237 0.044092 300.000000 10.563380
540 0.000132 0.046661 400.000000 10.723861
540 0.000262 0.042589 500.000000 10.121457
540 0.000178 0.040684 600.000000 9.852217
540 0.000125 0.037884 700.000000 10.086455
540 0.000146 0.035099 800.000000 10.471204
550 0.000398 0.012512 100.000000 10.309278
550 0.000408 0.027567 200.000000 9.708738
550 0.000213 0.043058 300.000000 10.676157
550 0.000135 0.043977 400.000000 10.723861
550 0.000226 0.039961 500.000000 10.121457
550 0.000163 0.037916 600.000000 9.852217
550 0.000119 0.035828 700.000000 10.115607
550 0.000151 0.033202 800.000000 10.512484
560 0.000393 0.012100 100.000000 9.900990
560 0.000402 0.030641 200.000000 9.708738
560 0.000211 0.044690 300.000000 10.714286
560 0.000137 0.045003 400.000000 10.610080
560 0.000177 0.040511 500.000000 10.101010
560 0.000172 0.036633 600.000000 9.852217
560 0.000138 0.034921 700.000000 10.144928
560 0.000158 0.032677 800.000000 10.540184
570 0.000418 0.012484 100.000000 9.523809
570 0.000378 0.032398 200.000000 9.756098
570 0.000140 0.044536 300.000000 10.676157
570 0.000135 0.042447 400.000000 10.471204
570 0.000145 0.038699 500.000000 10.080646
570 0.000162 0.035207 600.000000 9.836065
570 0.000141 0.034066 700.000000 10.189228
570 0.000153 0.032320 800.000000 10.582010
580 0.000465 0.013401 100.000000 9.259259
580 0.000383 0.034390 200.000000 9.852217
580 0.000132 0.043847 300.000000 10.676157
580 0.000137 0.041375 400.000000 10.362695
580 0.000152 0.037426 500.000000 10.060362
580 0.000158 0.034112 600.000000 9.836065
580 0.000154 0.032794 700.000000 10.218978
580 0.000160 0.031692 800.000000 10.610080
590 0.000594 0.015829 100.000000 9.009009
590 0.000366 0.037477 200.000000 9.950249
590 0.000120 0.043579 300.000000 10.638298
590 0.000179 0.040559 400.000000 10.204082
590 0.000144 0.038055 500.000000 10.020041
590 0.000147 0.035382 600.000000 9.852217
590 0.000152 0.034144 700.000000 10.248902
590 0.000152 0.033088 800.000000 10.638298
600 0.000609 0.021161 100.000000 8.771930
600 0.000342 0.040753 200.000000 10.050251
600 0.000133 0.043645 300.000000 10.600707
600 0.000256 0.039450 400.000000 10.075566
600 0.000129 0.038748 500.000000 9.920635
600 0.000146 0.035924 600.000000 9.868421
600 0.000155 0.034688 700.000000 10.294118
600 0.000152 0.034334 800.000000 10.680908
610 0.000627 0.023113 100.000000 8.695652
610 0.000282 0.041982 200.000000 10.152285
610 0.000133 0.041276 300.000000 10.638298
610 0.000266 0.036773 400.000000 10.000000
610 0.000136 0.037309 500.000000 9.803922
610 0.000128 0.035865 600.000000 9.884679
610 0.000144 0.034441 700.000000 10.324484
610 0.000156 0.034097 800.000000 10.709505
620 0.000542 0.024192 100.000000 8.695652
620 0.000210 0.040276 200.000000 10.309278
620 0.000127 0.036975 300.000000 10.676157
620 0.000257 0.033190 400.000000 9.975062
620 0.000150 0.034444 500.000000 9.708738
620 0.000110 0.034357 600.000000 9.933775
620 0.000132 0.032906 700.000000 10.370370
620 0.000160 0.032438 800.000000 10.752688
630 0.000467 0.028103 100.000000 8.771930
630 0.000185 0.041189 200.000000 10.471204
630 0.000129 0.036298 300.000000 10.752688
630 0.000260 0.032699 400.000000 10.000000
630 0.000160 0.034212 500.000000 9.708738
630 0.000102 0.034670 600.000000 9.966778
630 0.000133 0.033021 700.000000 10.432191
630 0.000167 0.033048 800.000000 10.796222
640 0.000479 0.028691 100.000000 8.928572
640 0.000168 0.039567 200.000000 10.638298
640 0.000107 0.033672 300.000000 10.791367
640 0.000236 0.030813 400.000000 10.025063
640 0.000148 0.031828 500.000000 9.727627
640 0.000105 0.032262 600.000000 10.033444
640 0.000151 0.030822 700.000000 10.479042
640 0.000181 0.031784 800.000000 10.854816
650 0.000484 0.029407 100.000000 9.174312
650 0.000174 0.039492 200.000000 10.869565
650 0.000117 0.033457 300.000000 10.869565
650 0.000216 0.031566 400.000000 10.075566
650 0.000155 0.032046 500.000000 9.765625
650 0.000112 0.033009 600.000000 10.101010
650 0.000156 0.032220 700.000000 10.558069
650 0.000185 0.034219 800.000000 10.914052
660 0.000519 0.031977 100.000000 9.433962
660 0.000194 0.040258 200.000000 11.111111
660 0.000132 0.033793 300.000000 10.830325
660 0.000172 0.033491 400.000000 10.126582
660 0.000162 0.033147 500.000000 9.803922
660 0.000122 0.034562 600.000000 10.169492
660 0.000156 0.034196 700.000000 10.622155
660 0.000184 0.036316 800.000000 10.989011
670 0.000494 0.029391 100.000000 9.803922
670 0.000162 0.037028 200.000000 11.235955
670 0.000135 0.029573 300.000000 10.830325
670 0.000117 0.032029 400.000000 10.178117
670 0.000152 0.032025 500.000000 9.861933
670 0.000131 0.033520 600.000000 10.256411
670 0.000156 0.033678 700.000000 10.703364
670 0.000187 0.036893 800.000000 11.065007
680 0.000413 0.022535 100.000000 10.101010
680 0.000218 0.027742 200.000000 11.363636
680 0.000141 0.022379 300.000000 10.791367
680 0.000127 0.027637 400.000000 10.230179
680 0.000144 0.029288 500.000000 9.920635
680 0.000147 0.031394 600.000000 10.327023
680 0.000173 0.033637 700.000000 10.769231
680 0.000197 0.039825 800.000000 11.126565
690 0.000425 0.024204 100.000000 10.526316
690 0.000261 0.026094 200.000000 11.494253
690 0.000155 0.021883 300.000000 10.714286
690 0.000138 0.027720 400.000000 10.256411
690 0.000147 0.029898 500.000000 9.960159
690 0.000159 0.031879 600.000000 10.398614
690 0.000182 0.035025 700.000000 10.835914
690 0.000208 0.042184 800.000000 11.188811
700 0.000229 0.017202 100.000000 10.869565
700 0.000324 0.016697 200.000000 11.560694
700 0.000164 0.018639 300.000000 10.638298
700 0.000144 0.025918 400.000000 10.282776
700 0.000148 0.028518 500.000000 10.020041
700 0.000183 0.031187 600.000000 10.471204
700 0.000202 0.036954 700.000000 10.903427
700 0.000225 0.047061 800.000000 11.251758
710 0.000194 0.015961 100.000000 11.363636
710 0.000332 0.016618 200.000000 11.695907
710 0.000227 0.018603 300.000000 10.526316
710 0.000156 0.026725 400.000000 10.230179
710 0.000154 0.029784 500.000000 10.060362
710 0.000190 0.032768 600.000000 10.544815
710 0.000210 0.039564 700.000000 10.971786
710 0.000235 0.050779 800.000000 11.315417
720 0.000175 0.013742 100.000000 11.764706
720 0.000334 0.017468 200.000000 11.834319
720 0.000249 0.020128 300.000000 10.489511
720 0.000176 0.026265 400.000000 10.126582
720 0.000156 0.029829 500.000000 10.121457
720 0.000195 0.033107 600.000000 10.619469
720 0.000216 0.040951 700.000000 11.023623
720 0.000251 0.053292 800.000000 11.379801
730 0.000212 0.015943 100.000000 12.195122
730 0.000339 0.019063 200.000000 11.904762
730 0.000245 0.021756 300.000000 10.452962
730 0.000175 0.026268 400.000000 10.000000
730 0.000156 0.031137 500.000000 10.162601
730 0.000196 0.034840 600.000000 10.676157
730 0.000234 0.042689 700.000000 11.093502
730 0.000254 0.056112 800.000000 11.428572
740 0.000259 0.016280 100.000000 12.658228
740 0.000288 0.020854 200.000000 11.976048
740 0.000256 0.022931 300.000000 10.416667
740 0.000169 0.026034 400.000000 9.925558
740 0.000151 0.030745 500.000000 10.204082
740 0.000193 0.034419 600.000000 10.714286
740 0.000237 0.042589 700.000000 11.128776
740 0.000257 0.056581 800.000000 11.477762
750 0.000295 0.014975 100.000000 12.987013
750 0.000230 0.023510 200.000000 11.976048
750 0.000240 0.024951 300.000000 10.416667
750 0.000171 0.026586 400.000000 9.900990
750 0.000158 0.030905 500.000000 10.245902
750 0.000209 0.035310 600.000000 10.771993
750 0.000247 0.044695 700.000000 11.164274
750 0.000269 0.059306 800.000000 11.527377
760 0.000399 0.012972 100.000000 13.157895
760 0.000221 0.027426 200.000000 11.764706
760 0.000189 0.027342 300.000000 10.344828
760 0.000180 0.026600 400.000000 9.876543
760 0.000187 0.031190 500.000000 10.288066
760 0.000232 0.037900 600.000000 10.810811
760 0.000260 0.049078 700.000000 11.217949
760 0.000279 0.065449 800.000000 11.560694
770 0.000528 0.014707 100.000000 12.987013
770 0.000199 0.030678 200.000000 11.363636
770 0.000179 0.029737 300.000000 10.273973
770 0.000182 0.027125 400.000000 9.852217
770 0.000220 0.030845 500.000000 10.309278
770 0.000246 0.038797 600.000000 10.849910
770 0.000270 0.051694 700.000000 11.235955
770 0.000290 0.068568 800.000000 11.594203
780 0.000748 0.018727 100.000000 12.658228
780 0.000188 0.035375 200.000000 10.928962
780 0.000193 0.030948 300.000000 10.169492
780 0.000192 0.027952 400.000000 9.803922
780 0.000246 0.031149 500.000000 10.330579
780 0.000264 0.040900 600.000000 10.869565
780 0.000280 0.055355 700.000000 11.272141
780 0.000307 0.073390 800.000000 11.611031
790 0.000719 0.024508 100.000000 12.195122
790 0.000169 0.032483 200.000000 10.416667
790 0.000200 0.030596 300.000000 10.033444
790 0.000189 0.028591 400.000000 9.779951
790 0.000253 0.031663 500.000000 10.351967
790 0.000268 0.041705 600.000000 10.869565
790 0.000286 0.056582 700.000000 11.272141
790 0.000314 0.074118 800.000000 11.627907
800 0.000647 0.030673 100.000000 11.764706
800 0.000246 0.031480 200.000000 9.950249
800 0.000217 0.029825 300.000000 9.740260
800 0.000188 0.028902 400.000000 9.732360
800 0.000250 0.031779 500.000000 10.373444
800 0.000268 0.041892 600.000000 10.889292
800 0.000297 0.057665 700.000000 11.290322
800 0.000314 0.075959 800.000000 11.594203
810 0.000495 0.028248 100.000000 11.363636
810 0.000315 0.026218 200.000000 9.661836
810 0.000187 0.027569 300.000000 9.375000
810 0.000169 0.030040 400.000000 9.732360
810 0.000229 0.031664 500.000000 10.373444
810 0.000268 0.039247 600.000000 10.889292
810 0.000288 0.054170 700.000000 11.308562
810 0.000301 0.072427 800.000000 11.477762
820 0.000284 0.027670 100.000000 11.111111
820 0.000344 0.027338 200.000000 9.478673
820 0.000168 0.027749 300.000000 9.202454
820 0.000134 0.029061 400.000000 9.708738
820 0.000211 0.027582 500.000000 10.373444
820 0.000259 0.033516 600.000000 10.889292
820 0.000287 0.048822 700.000000 11.308562
820 0.000281 0.065766 800.000000 11.220197
830 0.000168 0.029957 100.000000 10.752688
830 0.000275 0.031009 200.000000 9.345795
830 0.000154 0.028098 300.000000 9.118541
830 0.000148 0.027695 400.000000 9.708738
830 0.000230 0.026771 500.000000 10.395010
830 0.000266 0.034334 600.000000 10.909091
830 0.000291 0.051038 700.000000 11.326860
830 0.000278 0.063898 800.000000 11.080333
840 0.000146 0.025978 100.000000 10.204082
840 0.000152 0.034057 200.000000 9.259259
840 0.000158 0.029219 300.000000 9.063444
840 0.000179 0.027618 400.000000 9.732360
840 0.000231 0.025754 500.000000 10.416667
840 0.000263 0.032945 600.000000 10.928962
840 0.000290 0.049483 700.000000 11.363636
840 0.000272 0.058580 800.000000 11.004127
850 0.000300 0.016500 100.000000 9.708738
850 0.000154 0.036854 200.000000 9.216590
850 0.000183 0.034881 300.000000 9.063444
850 0.000185 0.032399 400.000000 9.803922
850 0.000219 0.027402 500.000000 10.482181
850 0.000251 0.030047 600.000000 10.989011
850 0.000288 0.044403 700.000000 11.419250
850 0.000273 0.051350 800.000000 10.943913
860 0.000487 0.019113 100.000000 9.433962
860 0.000233 0.041082 200.000000 9.216590
860 0.000202 0.041331 300.000000 9.090909
860 0.000202 0.037594 400.000000 9.876543
860 0.000215 0.030258 500.000000 10.548523
860 0.000249 0.027938 600.000000 11.049724
860 0.000292 0.039561 700.000000 11.475410
870 0.000557 0.020500 100.000000 9.009009
870 0.000240 0.043250 200.000000 9.174312
870 0.000205 0.042013 300.000000 9.146341
870 0.000239 0.036681 400.000000 9.950249
870 0.000236 0.029427 500.000000 10.615711
870 0.000269 0.029773 600.000000 11.111111
870 0.000314 0.043578 700.000000 11.513158
880 0.000769 0.018534 100.000000 8.695652
880 0.000189 0.043878 200.000000 9.009009
880 0.000199 0.040650 300.000000 9.174312
880 0.000251 0.033601 400.000000 10.025063
880 0.000246 0.027626 500.000000 10.683761
880 0.000286 0.032242 600.000000 11.173184
880 0.000326 0.048271 700.000000 11.551155
890 0.000803 0.024047 100.000000 8.403361
890 0.000203 0.042407 200.000000 8.733624
890 0.000196 0.039595 300.000000 9.202454
890 0.000264 0.031706 400.000000 10.075566
890 0.000266 0.027614 500.000000 10.729613
890 0.000316 0.036787 600.000000 11.235955
890 0.000335 0.054694 700.000000 11.532125
900 0.000820 0.030381 100.000000 8.264462
900 0.000281 0.041220 200.000000 8.510638
900 0.000183 0.040326 300.000000 9.230769
900 0.000263 0.032610 400.000000 10.126582
900 0.000292 0.029933 500.000000 10.775862
900 0.000317 0.041738 600.000000 11.278195
900 0.000334 0.060731 700.000000 11.382113
910 0.000787 0.034884 100.000000 8.130081
910 0.000283 0.037413 200.000000 8.403361
910 0.000183 0.036729 300.000000 9.287926
910 0.000269 0.030530 400.000000 10.178117
910 0.000310 0.032462 500.000000 10.822511
910 0.000337 0.048266 600.000000 11.320755
910 0.000333 0.066576 700.000000 11.182109
920 0.000597 0.035952 100.000000 8.130081
920 0.000253 0.031838 200.000000 8.403361
920 0.000205 0.032055 300.000000 9.345795
920 0.000299 0.031208 400.000000 10.256411
920 0.000326 0.040126 500.000000 10.869565
920 0.000349 0.058571 600.000000 11.385200
920 0.000329 0.073138 700.000000 11.093502
930 0.000457 0.040796 100.000000 8.264462
930 0.000272 0.032458 200.000000 8.474576
930 0.000255 0.032897 300.000000 9.463722
930 0.000311 0.034279 400.000000 10.362695
930 0.000335 0.044557 500.000000 10.989011
930 0.000357 0.063992 600.000000 11.472276
930 0.000333 0.075184 700.000000 11.093502
940 0.000295 0.045351 100.000000 8.403361
940 0.000272 0.032833 200.000000 8.583691
940 0.000289 0.032256 300.000000 9.615385
940 0.000318 0.034290 400.000000 10.498688
940 0.000339 0.045902 500.000000 11.086474
940 0.000358 0.065283 600.000000 11.583012
940 0.000330 0.073601 700.000000 11.111111
950 0.000382 0.041035 100.000000 8.620689
950 0.000295 0.031459 200.000000 8.695652
950 0.000330 0.032880 300.000000 9.771987
950 0.000341 0.039970 400.000000 10.638298
950 0.000355 0.055040 500.000000 11.210762
950 0.000380 0.075031 600.000000 11.695907
950 0.000336 0.079992 700.000000 11.111111
960 0.000444 0.037560 100.000000 8.849558
960 0.000319 0.031452 200.000000 8.849558
960 0.000377 0.034821 300.000000 9.900990
960 0.000365 0.044516 400.000000 10.781672
960 0.000370 0.061522 500.000000 11.337869
960 0.000398 0.081939 600.000000 11.811024
960 0.000343 0.084095 700.000000 11.111111
970 0.000458 0.033917 100.000000 9.009009
970 0.000323 0.028552 200.000000 8.968610
970 0.000404 0.033835 300.000000 10.067114
970 0.000392 0.047165 400.000000 10.899182
970 0.000393 0.066332 500.000000 11.467890
970 0.000410 0.087449 600.000000 11.928430
980 0.000490 0.029569 100.000000 9.259259
980 0.000328 0.026540 200.000000 9.132421
980 0.000430 0.034769 300.000000 10.238908
980 0.000402 0.050043 400.000000 11.080333
980 0.000405 0.070901 500.000000 11.627907
980 0.000426 0.092605 600.000000 12.048193
990 0.000693 0.019673 100.000000 9.345795
990 0.000389 0.026197 200.000000 9.302325
990 0.000483 0.043697 300.000000 10.452962
990 0.000452 0.064525 400.000000 11.235955
990 0.000450 0.088427 500.000000 11.764706
990 0.000458 0.110464 600.000000 12.145749
1000 0.000737 0.021314 100.000000 9.174312
1000 0.000415 0.029444 200.000000 9.478673
1000 0.000501 0.049295 300.000000 10.600707
1000 0.000472 0.070331 400.000000 11.363636
1000 0.000472 0.094130 500.000000 11.904762
1000 0.000456 0.115837 600.000000 12.244898
1010 0.000631 0.028076 100.000000 8.849558
1010 0.000431 0.034176 200.000000 9.615385
1010 0.000507 0.054806 300.000000 10.752688
1010 0.000514 0.075966 400.000000 11.494253
1010 0.000485 0.099942 500.000000 12.019231
1010 0.000456 0.121287 600.000000 12.244898
1020 0.000563 0.031552 100.000000 8.620689
1020 0.000427 0.039253 200.000000 9.756098
1020 0.000497 0.060150 300.000000 10.909091
1020 0.000513 0.082277 400.000000 11.594203
1020 0.000488 0.105243 500.000000 12.135922
1020 0.000453 0.126335 600.000000 12.121212
1030 0.000535 0.033350 100.000000 8.547009
1030 0.000475 0.043746 200.000000 9.852217
1030 0.000515 0.065646 300.000000 11.029411
1030 0.000530 0.088523 400.000000 11.695907
1030 0.000508 0.111498 500.000000 12.224939
1030 0.000428 0.129237 600.000000 11.904762
1040 0.000460 0.029589 100.000000 8.547009
1040 0.000463 0.039971 200.000000 10.000000
1040 0.000506 0.061708 300.000000 11.152416
1040 0.000508 0.084972 400.000000 11.799410
1040 0.000494 0.107588 500.000000 12.315271
1040 0.000401 0.119439 600.000000 11.787819
1050 0.000332 0.023276 100.000000 8.620689
1050 0.000454 0.032317 200.000000 10.152285
1050 0.000475 0.053614 300.000000 11.278195
1050 0.000471 0.076858 400.000000 11.904762
1050 0.000467 0.099263 500.000000 12.406948
1050 0.000386 0.106609 600.000000 11.741683
1060 0.000291 0.014200 100.000000 8.620689
1060 0.000330 0.015359 200.000000 10.309278
1060 0.000359 0.027931 300.000000 11.406844
1060 0.000373 0.047893 400.000000 12.048193
1060 0.000390 0.069858 500.000000 12.500000
1060 0.000332 0.075044 600.000000 11.673152
1070 0.000230 0.013556 100.000000 8.695652
1070 0.000387 0.011813 200.000000 10.471204
1070 0.000383 0.028369 300.000000 11.538462
1070 0.000383 0.050359 400.000000 12.158054
1070 0.000407 0.072402 500.000000 12.594459
1070 0.000331 0.074031 600.000000 11.583012
1080 0.000203 0.011393 100.000000 8.849558
1080 0.000415 0.013236 200.000000 10.638298
1080 0.000412 0.032661 300.000000 11.673152
1080 0.000404 0.055782 400.000000 12.269938
1080 0.000413 0.077034 500.000000 12.722647
1090 0.000189 0.014633 100.000000 9.009009
1090 0.000413 0.010712 200.000000 10.869565
1090 0.000394 0.028942 300.000000 11.857708
1090 0.000399 0.052260 400.000000 12.422360
1090 0.000417 0.073227 500.000000 12.820513
1100 0.000221 0.021832 100.000000 9.345795
1100 0.000391 0.012097 200.000000 11.173184
1100 0.000386 0.025955 300.000000 12.096774
1100 0.000395 0.048846 400.000000 12.618297
1100 0.000414 0.069856 500.000000 12.953368
1110 0.000212 0.023959 100.000000 9.803922
1110 0.000421 0.012166 200.000000 11.494253
1110 0.000393 0.025521 300.000000 12.345679
1110 0.000425 0.048549 400.000000 12.861736
1110 0.000417 0.070031 500.000000 13.089005
1120 0.000215 0.016914 100.000000 10.309278
1120 0.000448 0.015815 200.000000 11.904762
1120 0.000449 0.034996 300.000000 12.658228
1120 0.000444 0.059550 400.000000 13.071896
1120 0.000424 0.080294 500.000000 13.192612
1130 0.000279 0.009433 100.000000 10.869565
1130 0.000480 0.027082 200.000000 12.269938
1130 0.000503 0.049093 300.000000 12.931034
1130 0.000470 0.072887 400.000000 13.333333
1130 0.000433 0.093217 500.000000 13.192612
1140 0.000360 0.012916 100.000000 11.235955
1140 0.000495 0.034673 200.000000 12.578616
1140 0.000518 0.057449 300.000000 13.157895
1140 0.000485 0.081178 400.000000 13.513514
1140 0.000419 0.100210 500.000000 12.987013
1150 0.000508 0.016120 100.000000 11.627907
1150 0.000537 0.041490 200.000000 12.820513
1150 0.000543 0.065214 300.000000 13.333333
1150 0.000516 0.088563 400.000000 13.651877
1150 0.000411 0.102462 500.000000 12.787724
1160 0.000570 0.019154 100.000000 11.904762
1160 0.000561 0.044173 200.000000 13.071896
1160 0.000539 0.068756 300.000000 13.513514
1160 0.000509 0.091598 400.000000 13.793103
1160 0.000401 0.099804 500.000000 12.658228
1170 0.000760 0.022860 100.000000 12.345679
1170 0.000612 0.049560 200.000000 13.333333
1170 0.000546 0.075043 300.000000 13.698630
1170 0.000519 0.097714 400.000000 13.937283
1170 0.000402 0.099985 500.000000 12.562814
1180 0.000750 0.022402 100.000000 12.658228
1180 0.000586 0.046702 200.000000 13.513514
1180 0.000516 0.071845 300.000000 13.824884
1180 0.000506 0.092859 400.000000 14.084507
1180 0.000381 0.090894 500.000000 12.406948
1190 0.000785 0.025080 100.000000 12.987013
1190 0.000593 0.046415 200.000000 13.793103
1190 0.000524 0.072197 300.000000 13.953488
1190 0.000499 0.092293 400.000000 14.184397
1200 0.000781 0.026042 100.000000 13.333333
1200 0.000584 0.047253 200.000000 13.888889
1200 0.000515 0.071225 300.000000 14.150944
1200 0.000499 0.091043 400.000000 14.234876
1210 0.000711 0.024274 100.000000 13.698630
1210 0.000564 0.044568 200.000000 14.084507
1210 0.000527 0.068931 300.000000 14.218010
1210 0.000481 0.087858 400.000000 14.234876
1220 0.000710 0.027887 100.000000 13.888889
1220 0.000622 0.048617 200.000000 14.184397
1220 0.000533 0.071867 300.000000 14.354067
1220 0.000478 0.090989 400.000000 13.937283
1230 0.000628 0.026133 100.000000 14.084507
1230 0.000593 0.048069 200.000000 14.184397
1230 0.000529 0.070696 300.000000 14.423077
1230 0.000448 0.088586 400.000000 13.245033
1240 0.000637 0.023929 100.000000 14.084507
1240 0.000555 0.046722 200.000000 14.285714
1240 0.000520 0.068476 300.000000 14.492754
1240 0.000429 0.079594 400.000000 12.861736
1250 0.000478 0.017247 100.000000 14.285714
1250 0.000447 0.040017 200.000000 14.285714
1250 0.000447 0.059883 300.000000 14.492754
1250 0.000379 0.064375 400.000000 12.578616
1260 0.000421 0.014724 100.000000 14.285714
1260 0.000396 0.034776 200.000000 14.285714
1260 0.000422 0.053335 300.000000 14.492754
1260 0.000357 0.053703 400.000000 12.195122
1270 0.000437 0.013928 100.000000 14.285714
1270 0.000392 0.034578 200.000000 14.388489
1270 0.000421 0.051856 300.000000 14.492754
1280 0.000547 0.017307 100.000000 14.285714
1280 0.000433 0.039568 200.000000 14.388489
1280 0.000437 0.055870 300.000000 14.354067
1290 0.000574 0.020349 100.000000 14.084507
1290 0.000450 0.041072 200.000000 14.388489
1290 0.000427 0.058022 300.000000 13.888889
1300 0.000602 0.029279 100.000000 14.084507
1300 0.000507 0.048344 200.000000 14.388489
1300 0.000422 0.062528 300.000000 12.931034
1310 0.000512 0.029488 100.000000 14.084507
1310 0.000458 0.044174 200.000000 14.492754
1310 0.000421 0.051987 300.000000 12.345679
1320 0.000424 0.021381 100.000000 14.084507
1320 0.000440 0.036749 200.000000 14.492754
1320 0.000449 0.042980 300.000000 11.952191
1330 0.000396 0.019373 100.000000 14.084507
1330 0.000492 0.034378 200.000000 14.492754
1330 0.000458 0.039818 300.000000 11.494253
1340 0.000434 0.018714 100.000000 14.285714
1340 0.000530 0.034124 200.000000 14.492754
1350 0.000580 0.021722 100.000000 14.285714
1350 0.000595 0.039477 200.000000 14.285714
1360 0.000464 0.017069 100.000000 14.285714
1360 0.000532 0.035681 200.000000 13.513514
1370 0.000481 0.015939 100.000000 14.492754
1370 0.000601 0.034456 200.000000 12.195122
1380 0.000454 0.015883 100.000000 14.492754
1380 0.000616 0.029759 200.000000 11.494253
1390 0.000476 0.020169 100.000000 14.492754
1390 0.000603 0.028793 200.000000 10.989011
1400 0.000651 0.018965 100.000000 14.492754
1410 0.000668 0.016730 100.000000 14.492754
1420 0.000673 0.013830 100.000000 13.888889
1430 0.000641 0.019630 100.000000 12.048193
1440 0.001076 0.019876 100.000000 10.101010
1450 0.001117 0.024506 100.000000 9.174312
1460 0.001117 0.032877 100.000000 8.547009
