0 0.000727 0.049176 100.000000 7.692307
0 0.000791 0.058909 200.000000 7.782101
0 0.000540 0.061788 300.000000 7.772021
0 0.000451 0.065081 400.000000 8.130081
0 0.000437 0.081413 500.000000 8.000000
0 0.000358 0.099931 600.000000 7.947020
0 0.000269 0.112354 700.000000 8.495146
0 0.000247 0.094477 800.000000 8.501594
10 0.000637 0.033309 100.000000 8.196721
10 0.000758 0.048386 200.000000 8.000000
10 0.000521 0.053121 300.000000 7.936508
10 0.000430 0.055710 400.000000 8.264462
10 0.000420 0.070913 500.000000 7.961783
10 0.000336 0.089260 600.000000 8.032128
10 0.000261 0.102161 700.000000 8.578431
10 0.000226 0.085592 800.000000 8.574491
20 0.000635 0.027848 100.000000 8.620689
20 0.000739 0.044318 200.000000 8.130081
20 0.000513 0.048931 300.000000 8.064516
20 0.000410 0.050842 400.000000 8.385744
20 0.000411 0.066148 500.000000 7.911392
20 0.000325 0.084277 600.000000 8.108109
20 0.000256 0.096825 700.000000 8.663366
20 0.000218 0.080266 800.000000 8.629990
30 0.000612 0.024774 100.000000 8.928572
30 0.000718 0.041633 200.000000 8.230453
30 0.000503 0.046331 300.000000 8.130081
30 0.000386 0.048059 400.000000 8.456659
30 0.000408 0.063356 500.000000 7.861635
30 0.000308 0.081251 600.000000 8.174387
30 0.000255 0.093243 700.000000 8.728180
30 0.000213 0.075660 800.000000 8.648648
40 0.000638 0.021498 100.000000 9.009009
40 0.000725 0.036787 200.000000 8.230453
40 0.000495 0.039797 300.000000 8.174387
40 0.000372 0.040680 400.000000 8.510638
40 0.000396 0.056479 500.000000 7.836991
40 0.000295 0.074009 600.000000 8.230453
40 0.000249 0.085730 700.000000 8.771930
40 0.000193 0.067428 800.000000 8.519702
50 0.000657 0.020850 100.000000 9.090909
50 0.000743 0.038032 200.000000 8.163265
50 0.000482 0.038722 300.000000 8.174387
50 0.000360 0.037706 400.000000 8.528785
50 0.000354 0.053460 500.000000 7.824726
50 0.000279 0.070922 600.000000 8.275862
50 0.000248 0.082435 700.000000 8.793970
50 0.000161 0.062814 800.000000 8.281573
60 0.000823 0.019521 100.000000 9.090909
60 0.000727 0.037084 200.000000 8.130081
60 0.000488 0.034674 300.000000 8.196721
60 0.000349 0.032583 400.000000 8.510638
60 0.000335 0.048392 500.000000 7.836991
60 0.000270 0.066056 600.000000 8.321775
60 0.000243 0.077210 700.000000 8.760951
60 0.000154 0.057459 800.000000 8.255934
70 0.000986 0.021882 100.000000 9.174312
70 0.000726 0.035228 200.000000 8.130081
70 0.000460 0.029933 300.000000 8.241758
70 0.000353 0.028380 400.000000 8.474576
70 0.000329 0.044700 500.000000 7.861635
70 0.000267 0.062978 600.000000 8.368201
70 0.000258 0.072356 700.000000 8.695652
70 0.000151 0.052946 800.000000 8.255934
80 0.000947 0.020791 100.000000 9.174312
80 0.000700 0.032527 200.000000 8.097166
80 0.000423 0.027734 300.000000 8.264462
80 0.000352 0.029012 400.000000 8.456659
80 0.000312 0.045490 500.000000 7.886436
80 0.000243 0.063313 600.000000 8.426967
80 0.000257 0.069324 700.000000 8.663366
80 0.000134 0.050221 800.000000 8.255934
90 0.000981 0.021794 100.000000 8.928572
90 0.000641 0.029979 200.000000 8.000000
90 0.000388 0.023186 300.000000 8.241758
90 0.000340 0.024182 400.000000 8.403361
90 0.000296 0.040733 500.000000 7.898894
90 0.000221 0.057986 600.000000 8.462624
90 0.000235 0.060177 700.000000 8.631319
90 0.000124 0.044175 800.000000 8.255934
100 0.001179 0.026440 100.000000 8.620689
100 0.000642 0.029677 200.000000 7.905138
100 0.000392 0.018985 300.000000 8.219178
100 0.000334 0.022101 400.000000 8.333333
100 0.000296 0.039447 500.000000 7.911392
100 0.000224 0.056099 600.000000 8.498584
100 0.000205 0.054745 700.000000 8.610086
100 0.000128 0.041768 800.000000 8.247422
110 0.001134 0.027889 100.000000 8.333333
110 0.000580 0.028266 200.000000 7.843137
110 0.000359 0.017255 300.000000 8.219178
110 0.000327 0.022450 400.000000 8.281573
110 0.000290 0.040062 500.000000 7.923930
110 0.000217 0.054760 600.000000 8.547009
110 0.000167 0.050148 700.000000 8.610086
110 0.000127 0.039022 800.000000 8.247422
120 0.000979 0.029456 100.000000 8.000000
120 0.000536 0.031691 200.000000 7.812500
120 0.000361 0.026789 300.000000 8.241758
120 0.000342 0.038293 400.000000 8.230453
120 0.000299 0.056034 500.000000 7.949126
120 0.000223 0.068824 600.000000 8.583691
120 0.000183 0.058452 700.000000 8.620689
120 0.000118 0.044706 800.000000 8.238929
130 0.001044 0.026547 100.000000 7.751938
130 0.000491 0.030200 200.000000 7.782101
130 0.000370 0.027794 300.000000 8.264462
130 0.000378 0.041129 400.000000 7.968128
130 0.000289 0.059071 500.000000 7.987220
130 0.000214 0.069946 600.000000 8.633094
130 0.000182 0.055911 700.000000 8.620689
130 0.000115 0.042914 800.000000 8.213552
140 0.000821 0.023253 100.000000 7.575758
140 0.000450 0.028630 200.000000 7.751938
140 0.000346 0.031378 300.000000 8.287292
140 0.000394 0.047817 400.000000 7.619048
140 0.000283 0.065484 500.000000 8.025682
140 0.000208 0.073749 600.000000 8.683068
140 0.000188 0.055420 700.000000 8.599508
140 0.000119 0.041990 800.000000 8.113590
150 0.000835 0.025734 100.000000 7.462687
150 0.000447 0.031255 200.000000 7.751938
150 0.000342 0.035430 300.000000 8.310249
150 0.000395 0.052293 400.000000 7.561437
150 0.000284 0.069285 500.000000 8.064516
150 0.000213 0.076500 600.000000 8.708273
150 0.000167 0.054793 700.000000 8.413462
160 0.000845 0.016775 100.000000 7.352941
160 0.000421 0.016712 200.000000 7.751938
160 0.000328 0.022877 300.000000 8.310249
160 0.000328 0.043898 400.000000 7.547170
160 0.000242 0.060174 500.000000 8.116883
160 0.000192 0.065656 600.000000 8.720930
160 0.000135 0.043972 700.000000 8.158508
170 0.000659 0.011887 100.000000 7.246377
170 0.000341 0.010940 200.000000 7.782101
170 0.000325 0.022234 300.000000 8.287292
170 0.000289 0.043348 400.000000 7.561437
170 0.000213 0.056511 500.000000 8.169934
170 0.000186 0.057462 600.000000 8.670520
170 0.000129 0.036170 700.000000 8.130081
180 0.000465 0.012811 100.000000 7.194244
180 0.000274 0.011276 200.000000 7.812500
180 0.000330 0.025910 300.000000 8.241758
180 0.000287 0.047128 400.000000 7.575758
180 0.000196 0.059245 500.000000 8.223684
180 0.000199 0.056884 600.000000 8.595988
180 0.000129 0.034766 700.000000 8.130081
190 0.000409 0.012597 100.000000 7.194244
190 0.000271 0.010315 200.000000 7.843137
190 0.000337 0.027230 300.000000 8.219178
190 0.000288 0.047723 400.000000 7.619048
190 0.000172 0.059404 500.000000 8.291874
190 0.000220 0.054118 600.000000 8.571428
190 0.000126 0.032779 700.000000 8.139535
200 0.000344 0.013474 100.000000 7.194244
200 0.000297 0.010093 200.000000 7.874016
200 0.000358 0.028407 300.000000 8.219178
200 0.000284 0.048799 400.000000 7.648183
200 0.000141 0.058907 500.000000 8.347245
200 0.000212 0.050164 600.000000 8.571428
200 0.000137 0.030199 700.000000 8.149011
210 0.000254 0.013164 100.000000 7.194244
210 0.000343 0.018074 200.000000 7.968128
210 0.000383 0.039886 300.000000 8.219178
210 0.000316 0.059013 400.000000 7.707129
210 0.000152 0.067224 500.000000 8.417508
210 0.000220 0.054890 600.000000 8.583691
210 0.000146 0.033542 700.000000 8.168028
220 0.000295 0.013758 100.000000 7.299270
220 0.000397 0.023776 200.000000 8.032128
220 0.000418 0.046518 300.000000 8.219178
220 0.000336 0.065014 400.000000 7.751938
220 0.000164 0.071096 500.000000 8.503402
220 0.000217 0.055911 600.000000 8.608321
220 0.000148 0.034695 700.000000 8.196721
230 0.000338 0.017218 100.000000 7.352941
230 0.000426 0.028753 200.000000 8.130081
230 0.000424 0.050771 300.000000 8.241758
230 0.000355 0.068190 400.000000 7.812500
230 0.000177 0.073085 500.000000 8.576329
230 0.000216 0.055273 600.000000 8.645534
230 0.000155 0.034530 700.000000 8.225616
240 0.000307 0.018524 100.000000 7.462687
240 0.000409 0.028776 200.000000 8.264462
240 0.000423 0.049326 300.000000 8.264462
240 0.000337 0.066194 400.000000 7.889546
240 0.000176 0.070138 500.000000 8.665511
240 0.000215 0.051259 600.000000 8.695652
240 0.000144 0.031916 700.000000 8.244994
250 0.000227 0.013592 100.000000 7.633588
250 0.000445 0.024253 200.000000 8.403361
250 0.000457 0.045663 300.000000 8.241758
250 0.000331 0.062110 400.000000 7.968128
250 0.000167 0.064466 500.000000 8.741259
250 0.000220 0.044683 600.000000 8.746356
250 0.000156 0.027414 700.000000 8.274232
260 0.000341 0.012573 100.000000 7.751938
260 0.000480 0.028152 200.000000 8.510638
260 0.000483 0.050326 300.000000 7.853403
260 0.000332 0.067058 400.000000 8.032128
260 0.000164 0.067582 500.000000 8.833922
260 0.000227 0.045506 600.000000 8.771930
260 0.000163 0.028451 700.000000 8.264462
270 0.000267 0.011268 100.000000 7.874016
270 0.000433 0.025737 200.000000 8.620689
270 0.000468 0.047869 300.000000 7.633588
270 0.000308 0.063712 400.000000 8.113590
270 0.000156 0.063192 500.000000 8.912656
270 0.000225 0.040805 600.000000 8.784773
270 0.000152 0.025697 700.000000 8.196721
280 0.000288 0.011722 100.000000 7.936508
280 0.000415 0.026727 200.000000 8.733624
280 0.000454 0.049376 300.000000 7.575758
280 0.000295 0.063254 400.000000 8.196721
280 0.000155 0.061637 500.000000 8.976661
280 0.000204 0.038165 600.000000 8.670520
290 0.000359 0.012035 100.000000 8.064516
290 0.000476 0.032873 200.000000 8.810573
290 0.000447 0.056583 300.000000 7.575758
290 0.000293 0.068938 400.000000 8.264462
290 0.000158 0.065475 500.000000 9.025270
290 0.000193 0.039096 600.000000 8.321775
300 0.000377 0.014633 100.000000 8.196721
300 0.000535 0.035612 200.000000 8.888889
300 0.000398 0.060259 300.000000 7.614213
300 0.000282 0.070595 400.000000 8.350731
300 0.000165 0.066123 500.000000 9.041592
300 0.000183 0.038528 600.000000 8.275862
310 0.000376 0.014110 100.000000 8.333333
310 0.000513 0.036408 200.000000 8.849558
310 0.000380 0.059910 300.000000 7.653061
310 0.000262 0.068639 400.000000 8.438819
310 0.000195 0.062042 500.000000 8.976661
310 0.000177 0.035529 600.000000 8.275862
320 0.000471 0.015354 100.000000 8.403361
320 0.000521 0.040303 200.000000 8.810573
320 0.000379 0.062738 300.000000 7.692307
320 0.000235 0.070473 400.000000 8.528785
320 0.000240 0.060561 500.000000 8.896797
320 0.000173 0.034628 600.000000 8.287292
330 0.000546 0.021561 100.000000 8.547009
330 0.000558 0.048099 200.000000 8.810573
330 0.000400 0.068984 300.000000 7.751938
330 0.000180 0.075788 400.000000 8.602151
330 0.000259 0.061993 500.000000 8.880995
330 0.000181 0.036195 600.000000 8.310249
340 0.000618 0.022020 100.000000 8.620689
340 0.000564 0.047317 200.000000 8.771930
340 0.000368 0.066539 300.000000 7.812500
340 0.000137 0.071515 400.000000 8.695652
340 0.000238 0.055141 500.000000 8.896797
340 0.000195 0.032156 600.000000 8.321775
350 0.000601 0.018156 100.000000 8.771930
350 0.000512 0.046442 200.000000 8.733624
350 0.000377 0.064368 300.000000 7.853403
350 0.000150 0.067530 400.000000 8.791209
350 0.000224 0.049304 500.000000 8.896797
350 0.000169 0.028184 600.000000 8.344924
360 0.000569 0.015232 100.000000 8.928572
360 0.000499 0.042153 200.000000 8.733624
360 0.000373 0.059060 300.000000 7.915567
360 0.000153 0.060730 400.000000 8.869180
360 0.000205 0.041771 500.000000 8.928572
360 0.000160 0.023785 600.000000 8.356546
370 0.000582 0.019197 100.000000 9.090909
370 0.000521 0.045893 200.000000 8.658009
370 0.000364 0.061380 300.000000 7.978724
370 0.000148 0.061329 400.000000 8.968610
370 0.000214 0.040411 500.000000 8.960573
370 0.000164 0.023188 600.000000 8.368201
380 0.000689 0.022736 100.000000 9.174312
380 0.000602 0.047890 200.000000 8.510638
380 0.000371 0.063382 300.000000 8.042895
380 0.000158 0.061354 400.000000 9.049774
380 0.000227 0.038806 500.000000 8.976661
380 0.000166 0.022450 600.000000 8.379889
390 0.000687 0.020283 100.000000 9.345795
390 0.000567 0.044212 200.000000 7.692307
390 0.000339 0.058114 300.000000 8.130081
390 0.000154 0.054368 400.000000 9.153318
390 0.000210 0.031810 500.000000 8.992805
390 0.000155 0.018550 600.000000 8.321775
400 0.000562 0.021063 100.000000 9.523809
400 0.000533 0.043804 200.000000 7.407407
400 0.000302 0.055478 300.000000 8.196721
400 0.000145 0.049136 400.000000 9.216590
400 0.000206 0.026981 500.000000 8.944544
400 0.000129 0.015837 600.000000 8.064516
410 0.000571 0.024959 100.000000 9.615385
410 0.000507 0.048367 200.000000 7.326007
410 0.000291 0.057498 300.000000 8.287292
410 0.000150 0.049577 400.000000 9.280743
410 0.000159 0.025553 500.000000 8.445946
420 0.000723 0.026431 100.000000 9.523809
420 0.000410 0.051118 200.000000 7.299270
420 0.000263 0.056539 300.000000 8.379889
420 0.000138 0.046680 400.000000 9.237875
420 0.000164 0.022961 500.000000 8.278146
430 0.000643 0.028326 100.000000 9.259259
430 0.000375 0.049961 200.000000 7.326007
430 0.000221 0.054098 300.000000 8.450705
430 0.000178 0.041288 400.000000 9.090909
430 0.000150 0.019693 500.000000 8.250825
440 0.000574 0.026378 100.000000 9.090909
440 0.000341 0.045662 200.000000 7.352941
440 0.000175 0.049046 300.000000 8.547009
440 0.000209 0.033665 400.000000 8.968610
440 0.000137 0.015453 500.000000 8.237232
450 0.000549 0.025206 100.000000 8.928572
450 0.000298 0.041608 200.000000 7.380074
450 0.000137 0.043558 300.000000 8.645534
450 0.000186 0.026136 400.000000 8.928572
450 0.000140 0.011759 500.000000 8.237232
460 0.000512 0.028833 100.000000 8.620689
460 0.000289 0.041470 200.000000 7.434944
460 0.000138 0.041007 300.000000 8.720930
460 0.000160 0.022498 400.000000 8.908686
460 0.000137 0.010447 500.000000 8.237232
470 0.000474 0.024605 100.000000 8.474576
470 0.000300 0.035397 200.000000 7.462687
470 0.000174 0.032813 300.000000 8.823529
470 0.000123 0.015667 400.000000 8.908686
470 0.000122 0.008172 500.000000 8.237232
480 0.000520 0.030189 100.000000 8.196721
480 0.000273 0.038341 200.000000 7.490637
480 0.000171 0.032380 300.000000 8.902077
480 0.000133 0.013841 400.000000 8.908686
480 0.000142 0.007848 500.000000 8.223684
490 0.000497 0.021903 100.000000 7.518797
490 0.000239 0.027654 200.000000 7.547170
490 0.000227 0.021740 300.000000 8.982036
490 0.000112 0.009491 400.000000 8.888889
490 0.000133 0.010345 500.000000 8.183306
500 0.000533 0.018883 100.000000 6.134969
500 0.000246 0.024946 200.000000 7.604563
500 0.000260 0.020232 300.000000 9.063444
500 0.000114 0.011522 400.000000 8.830022
500 0.000128 0.013058 500.000000 8.012820
510 0.000569 0.025883 100.000000 5.917160
510 0.000255 0.029852 200.000000 7.692307
510 0.000226 0.022538 300.000000 9.118541
510 0.000093 0.010390 400.000000 8.438819
520 0.000341 0.023508 100.000000 5.847953
520 0.000222 0.026351 200.000000 7.782101
520 0.000234 0.023700 300.000000 9.118541
520 0.000091 0.014130 400.000000 8.000000
530 0.000322 0.015393 100.000000 5.917160
530 0.000250 0.023684 200.000000 7.936508
530 0.000234 0.032091 300.000000 9.063444
530 0.000062 0.020702 400.000000 7.984032
540 0.000338 0.017800 100.000000 6.024096
540 0.000272 0.023538 200.000000 8.097166
540 0.000195 0.029682 300.000000 8.955224
540 0.000086 0.018516 400.000000 8.016032
550 0.000373 0.015900 100.000000 6.134969
550 0.000338 0.023608 200.000000 8.264462
550 0.000193 0.031912 300.000000 8.902077
550 0.000116 0.020336 400.000000 8.032128
560 0.000349 0.012226 100.000000 6.250000
560 0.000415 0.019636 200.000000 8.438819
560 0.000166 0.031595 300.000000 8.902077
560 0.000128 0.021805 400.000000 8.064516
570 0.000332 0.012188 100.000000 6.369427
570 0.000424 0.019453 200.000000 8.620689
570 0.000148 0.030058 300.000000 8.928572
570 0.000132 0.022214 400.000000 8.097166
580 0.000355 0.013768 100.000000 6.535948
580 0.000421 0.018661 200.000000 8.810573
580 0.000094 0.026411 300.000000 8.982036
580 0.000137 0.020522 400.000000 8.146640
590 0.000319 0.009104 100.000000 6.666667
590 0.000445 0.019342 200.000000 9.009009
590 0.000059 0.029251 300.000000 9.036144
590 0.000151 0.023752 400.000000 8.179959
600 0.000332 0.011163 100.000000 6.849315
600 0.000466 0.022929 200.000000 9.216590
600 0.000089 0.030298 300.000000 9.118541
600 0.000173 0.024321 400.000000 8.213552
610 0.000363 0.012634 100.000000 7.092198
610 0.000489 0.028412 200.000000 9.478673
610 0.000064 0.032812 300.000000 9.230769
610 0.000187 0.026953 400.000000 8.264462
620 0.000371 0.014541 100.000000 7.407407
620 0.000515 0.032929 200.000000 9.852217
620 0.000086 0.035990 300.000000 9.404388
620 0.000204 0.028728 400.000000 8.333333
630 0.000400 0.016458 100.000000 7.936508
630 0.000539 0.036711 200.000000 10.256411
630 0.000095 0.037847 300.000000 9.615385
630 0.000217 0.029902 400.000000 8.438819
640 0.000424 0.018595 100.000000 8.547009
640 0.000547 0.038987 200.000000 10.752688
640 0.000100 0.038701 300.000000 9.868421
640 0.000207 0.030571 400.000000 8.565310
650 0.000450 0.020285 100.000000 9.174312
650 0.000566 0.040853 200.000000 11.235955
650 0.000114 0.038912 300.000000 10.101010
650 0.000208 0.030746 400.000000 8.658009
660 0.000468 0.020835 100.000000 9.803922
660 0.000567 0.042185 200.000000 11.764706
660 0.000115 0.038847 300.000000 10.309278
660 0.000229 0.030759 400.000000 8.658009
670 0.000499 0.019896 100.000000 10.416667
670 0.000511 0.043038 200.000000 12.195122
670 0.000139 0.037545 300.000000 10.309278
670 0.000261 0.029963 400.000000 8.179959
680 0.000457 0.019373 100.000000 10.989011
680 0.000465 0.043379 200.000000 12.500000
680 0.000228 0.036563 300.000000 9.554140
690 0.000333 0.009745 100.000000 11.494253
690 0.000350 0.028921 200.000000 12.578616
690 0.000208 0.026431 300.000000 9.063444
700 0.000267 0.010150 100.000000 11.904762
700 0.000218 0.031904 200.000000 12.048193
700 0.000209 0.025527 300.000000 8.982036
710 0.000446 0.008083 100.000000 12.345679
710 0.000120 0.032583 200.000000 11.494253
710 0.000256 0.025151 300.000000 8.928572
720 0.000697 0.006592 100.000000 12.820513
720 0.000094 0.032421 200.000000 11.173184
720 0.000277 0.025634 300.000000 8.875740
730 0.000754 0.008532 100.000000 13.333333
730 0.000024 0.033428 200.000000 10.989011
730 0.000289 0.026799 300.000000 8.849558
740 0.000798 0.019302 100.000000 13.698630
740 0.000167 0.036494 200.000000 10.928962
740 0.000307 0.029474 300.000000 8.797654
750 0.000775 0.025471 100.000000 14.084507
750 0.000211 0.035286 200.000000 10.810811
750 0.000340 0.030884 300.000000 8.695652
760 0.000788 0.027573 100.000000 14.285714
760 0.000263 0.033460 200.000000 10.526316
760 0.000362 0.034413 300.000000 8.356546
770 0.000603 0.031208 100.000000 14.084507
770 0.000336 0.034661 200.000000 8.771930
780 0.000364 0.036385 100.000000 12.500000
780 0.000362 0.034880 200.000000 8.000000
790 0.000521 0.029812 100.000000 10.416667
790 0.000477 0.038459 200.000000 7.782101
800 0.000766 0.028255 100.000000 9.523809
800 0.000549 0.049353 200.000000 7.604563
810 0.000841 0.038905 100.000000 9.009009
810 0.000563 0.054111 200.000000 7.434944
820 0.001010 0.048367 100.000000 8.620689
820 0.000636 0.060724 200.000000 7.246377
830 0.001147 0.060667 100.000000 8.064516
830 0.000658 0.069894 200.000000 6.756757
840 0.001002 0.064681 100.000000 6.097561
850 0.001011 0.064965 100.000000 5.780347
860 0.000899 0.043828 100.000000 5.847953
870 0.000923 0.028827 100.000000 5.988024
880 0.000949 0.023619 100.000000 6.097561
890 0.001011 0.027321 100.000000 6.211180
900 0.000991 0.031492 100.000000 6.250000
910 0.000904 0.030094 100.000000 6.289308
920 0.000662 0.025571 100.000000 6.289308
930 0.000666 0.026632 100.000000 6.250000
940 0.000694 0.032005 100.000000 6.134969
950 0.000721 0.037209 100.000000 5.813953
960 0.000754 0.035408 100.000000 4.807693
