1 0 0 0 0 1 0 0 0 0 1 0
1 0.000794443 0.000951631 -0.000688657 -0.000790341 0.999993 -0.00433897 -0.00261813 -0.000954943 0.00433817 0.999995 0.985799
0.999998 -0.00192751 0.00146887 0.00715355 0.00193467 0.999986 -0.00495995 -0.00475333 -0.00145928 0.00496285 0.999987 1.94264
0.999996 -0.00357477 0.00167813 0.00659819 0.0035763 0.999996 -0.000980814 -0.00362279 -0.00167448 0.000986841 1 2.91333
0.999981 -0.00643932 -0.000168349 0.0259459 0.0064396 0.999966 0.0052891 -0.00610773 0.000134362 -0.00528994 0.999987 3.87996
0.999955 -0.00975344 -0.00160156 0.0265755 0.00976185 0.999941 0.00537923 -0.00326158 0.00154915 -0.00539457 0.999991 4.84983
0.999921 -0.0123042 -0.0034036 0.0323249 0.0123134 0.999922 0.00289686 7.0364e-05 0.00336768 -0.00293839 0.999993 5.81693
0.999908 -0.0130694 -0.00445697 0.0327659 0.0130675 0.999918 -0.000450612 0.000824499 0.0044626 0.000392294 0.999997 6.75947
0.999905 -0.012907 -0.00550163 0.0254733 0.0129023 0.999918 -0.000782129 0.00175117 0.00551123 0.000711223 0.999989 7.70194
0.999896 -0.0127628 -0.0072324 0.0213144 0.0127723 0.999921 0.00126612 0.0015676 0.00721579 -0.00135843 0.999981 8.64774
0.99988 -0.0127262 -0.00924046 0.0253925 0.0127638 0.999912 0.00408951 0.00543532 0.00918757 -0.00420682 0.999954 9.59984
0.999858 -0.0132071 -0.010833 0.0131134 0.01327 0.999898 0.00574997 0.00859905 0.0107561 -0.00589296 0.999932 10.5493
0.999828 -0.0145092 -0.0119226 0.00934683 0.0145883 0.999875 0.00664631 0.0122676 0.0118244 -0.00681909 0.999912 11.4833
0.999811 -0.0147096 -0.0130869 -0.000222554 0.0147991 0.99987 0.00677245 0.0175621 0.0129857 -0.00696487 0.9999 12.4219
0.999788 -0.0152392 -0.0141254 -0.0101796 0.0153152 0.999872 0.00533753 0.0245656 0.014042 -0.00555273 0.999891 13.3528
0.99975 -0.0158373 -0.016057 -0.0233341 0.0158891 0.999871 0.00310692 0.0344035 0.0160057 -0.00336126 0.999874 14.2961
0.99969 -0.0170172 -0.018414 -0.0277183 0.0170583 0.999855 0.00211624 0.0330146 0.0183751 -0.00242968 0.999833 15.2095
0.999659 -0.016632 -0.0203915 -0.045157 0.0166713 0.999862 0.00175362 0.029613 0.0203596 -0.00209294 0.999799 16.1408
0.999636 -0.0151484 -0.0225127 -0.0613591 0.0151697 0.999887 0.000806958 0.03278 0.0224978 -0.0011481 0.999752 17.0562
0.999597 -0.0136391 -0.0251031 -0.0782036 0.0136697 0.999907 0.00104957 0.0335875 0.0250865 -0.00139231 0.999692 17.965
0.999526 -0.0141099 -0.0275491 -0.0918094 0.0141796 0.999899 0.00236502 0.0295667 0.0275127 -0.00275451 0.999624 18.8673
0.999481 -0.0135219 -0.0294211 -0.118624 0.013642 0.999901 0.00388479 0.0298976 0.0293659 -0.00428414 0.999568 19.7941
0.999451 -0.0130679 -0.03059 -0.152432 0.0132435 0.9999 0.00557112 0.0210582 0.0305139 -0.00597319 0.999524 20.6907
0.999361 -0.0140864 -0.0330183 -0.172741 0.0142703 0.999886 0.00533912 0.0266035 0.0329394 -0.00580691 0.999448 21.5896
0.999315 -0.0141431 -0.0343567 -0.212768 0.0143289 0.999886 0.00519177 0.0279537 0.0342791 -0.00568049 0.999405 22.4888
0.999314 -0.013906 -0.0344687 -0.262943 0.0140962 0.999889 0.00528142 0.0365255 0.0343916 -0.00576368 0.9994 23.3703
0.99927 -0.0136186 -0.0358685 -0.29592 0.0138776 0.999883 0.00701323 0.0441524 0.0357684 -0.00750589 0.999344 24.2502
0.999193 -0.0146563 -0.0375524 -0.320564 0.0150213 0.999845 0.0094618 0.0530946 0.0374079 -0.0100183 0.999259 25.1225
0.999111 -0.0144577 -0.0397829 -0.340217 0.0149055 0.999833 0.0110117 0.058114 0.0396167 -0.0115949 0.99916 25.989
0.999045 -0.0137812 -0.0416161 -0.365276 0.0142048 0.999853 0.00990616 0.0641281 0.0414735 -0.0104879 0.999095 26.8468
0.998957 -0.011949 -0.044259 -0.387059 0.0122872 0.999902 0.00740036 0.0696252 0.0441658 -0.00793646 0.999005 27.6795
0.998864 -0.0114328 -0.046431 -0.412434 0.0117103 0.999918 0.00571253 0.0752417 0.0463619 -0.00624983 0.998917 28.5024
0.998817 -0.0106058 -0.0476254 -0.44937 0.0108789 0.999934 0.0055024 0.0782838 0.0475634 -0.00601414 0.998864 29.3295
0.998758 -0.0106823 -0.0488122 -0.492378 0.0109529 0.999929 0.00528515 0.0777603 0.0487524 -0.00581332 0.998807 30.128
0.998675 -0.0101056 -0.0506372 -0.534726 0.0103396 0.999945 0.00437737 0.0799149 0.0505898 -0.00489528 0.998723 30.9221
0.9986 -0.00977269 -0.0521228 -0.586413 0.0100075 0.999944 0.00424876 0.0856257 0.0520784 -0.00476455 0.998645 31.6988
0.998481 -0.00953152 -0.0544172 -0.624102 0.00982509 0.999944 0.00514822 0.0953891 0.0543651 -0.00567517 0.99852 32.484
0.998399 -0.00975917 -0.0558403 -0.676776 0.0102072 0.999921 0.00774758 0.0964589 0.0557604 -0.00830529 0.998423 33.237
0.998268 -0.00831107 -0.0583901 -0.716525 0.00884126 0.999927 0.00884389 0.105903 0.0583123 -0.00934495 0.998271 34.0001
0.998133 -0.00679914 -0.0608077 -0.756403 0.00734182 0.99994 0.00871339 0.116605 0.0607447 -0.00914374 0.998126 34.7525
0.998012 -0.00413242 -0.0630027 -0.802648 0.00463476 0.999965 0.00784403 0.123849 0.0629681 -0.00812063 0.998 35.4963
0.997891 -0.00264965 -0.0649652 -0.853777 0.00312699 0.999973 0.00725675 0.127079 0.0649442 -0.0074447 0.997876 36.2152
0.997796 -0.00197854 -0.0664621 -0.905325 0.00254204 0.999968 0.00840783 0.133878 0.0664432 -0.00855824 0.997773 36.9325
0.997762 -0.000380955 -0.0669668 -0.963958 0.00107556 0.999951 0.0103465 0.14053 0.0669595 -0.0103956 0.997717 37.6485
0.997767 0.00219295 -0.0669024 -1.01965 -0.00146666 0.999946 0.0109149 0.144821 0.0669226 -0.0107923 0.997719 38.343
0.99781 0.00528745 -0.0660318 -1.06993 -0.00471666 0.999955 0.00880882 0.150289 0.0660753 -0.00847819 0.997794 39.0225
0.997889 0.0066059 -0.0647583 -1.11092 -0.0062312 0.999969 0.00599904 0.151936 0.0647957 -0.00558275 0.997904 39.7131
0.998037 0.00693419 -0.0623461 -1.16069 -0.00665951 0.999972 0.00462581 0.153726 0.0623763 -0.00420156 0.99806 40.3711
0.998209 0.00816368 -0.0594351 -1.19619 -0.00787007 0.999962 0.0051857 0.163583 0.0594749 -0.00470855 0.998239 41.0509
0.998318 0.0128071 -0.0566707 -1.23092 -0.0123869 0.999899 0.00777292 0.168252 0.0567644 -0.00705793 0.998378 41.7236
0.998504 0.0168399 -0.0522408 -1.28226 -0.0162661 0.99981 0.0114078 0.169552 0.0524227 -0.0105409 0.998591 42.3453
0.998602 0.0217597 -0.0483328 -1.31252 -0.0211949 0.999705 0.0121818 0.178839 0.0485835 -0.0111404 0.998773 42.975
0.998798 0.0257826 -0.0419384 -1.35768 -0.0253062 0.999617 0.0118713 0.193895 0.042228 -0.0107957 0.999072 43.5718
0.998943 0.0297311 -0.0352891 -1.3978 -0.0292514 0.999478 0.0140565 0.19827 0.0356882 -0.0130094 0.999294 44.1396
0.999018 0.0342425 -0.0284646 -1.42259 -0.0338139 0.999318 0.0154346 0.203273 0.0289732 -0.014457 0.999498 44.7077
0.999075 0.0379695 -0.0206589 -1.45286 -0.037671 0.999188 0.0146858 0.212857 0.0211992 -0.013894 0.999696 45.2503
0.999071 0.0410061 -0.014054 -1.45197 -0.0407915 0.99906 0.0152786 0.209826 0.0146667 -0.0146912 0.999808 45.7769
0.998954 0.0454838 -0.00630173 -1.46712 -0.0453886 0.998867 0.0146259 0.220348 0.0069592 -0.0143246 0.999888 46.3003
0.998796 0.0493196 0.00111081 -1.47163 -0.0493298 0.998728 0.0112541 0.235073 -0.000555125 -0.0112955 0.999961 46.7942
0.998646 0.051338 0.00944177 -1.47446 -0.0514146 0.99865 0.00798899 0.24101 -0.00901972 -0.00846373 0.999939 47.2627
0.998551 0.0512974 0.0170873 -1.46052 -0.0514369 0.998654 0.00777472 0.24717 -0.0166663 -0.00864248 0.999849 47.6865
0.998399 0.0508191 0.0252509 -1.45071 -0.0510609 0.998661 0.00901612 0.250761 -0.0247601 -0.010291 0.999658 48.0872
0.998044 0.0529393 0.0337058 -1.446 -0.0532795 0.998545 0.00926629 0.262979 -0.0331674 -0.011044 0.999417 48.4809
0.997505 0.0562435 0.0429035 -1.43829 -0.0566787 0.998359 0.00901862 0.272333 -0.0423278 -0.0114277 0.99906 48.8553
0.996825 0.0610272 0.0514576 -1.41863 -0.061547 0.998076 0.00857784 0.274179 -0.0508365 -0.0117177 0.998669 49.1736
0.996076 0.0647259 0.060582 -1.40493 -0.0652784 0.997851 0.00721384 0.306784 -0.059987 -0.0111402 0.998164 49.5128
0.995362 0.0643555 0.0718054 -1.42446 -0.0650561 0.997862 0.00745484 0.312923 -0.0711739 -0.0120915 0.997428 49.8226
0.99436 0.0640614 0.0846794 -1.44207 -0.0647919 0.997891 0.00592091 0.298616 -0.084124 -0.0113744 0.996416 50.0883
0.993352 0.0638849 0.0960737 -1.3791 -0.0644879 0.997921 0.00316904 0.258878 -0.0956742 -0.0093435 0.995412 50.3342
0.991782 0.0650199 0.110308 -1.36459 -0.0653713 0.997871 -0.000417156 0.248367 -0.110103 -0.00679775 0.993926 50.6068
0.989897 0.0659048 0.1258 -1.32591 -0.0661084 0.997818 -0.00256959 0.249173 -0.125698 -0.00577288 0.992099 50.8718
0.987505 0.067739 0.142373 -1.28607 -0.0678691 0.997697 -0.00393466 0.250617 -0.142314 -0.0057777 0.989834 51.1383
0.984791 0.0681007 0.160037 -1.25463 -0.0680545 0.997675 -0.00578266 0.259631 -0.160061 -0.00519664 0.987141 51.4342
0.981699 0.0673649 0.178207 -1.19842 -0.0671297 0.997727 -0.00734662 0.265596 -0.178299 -0.00475159 0.983995 51.7009
0.978169 0.0664435 0.197065 -1.121 -0.0662091 0.997785 -0.00779019 0.261972 -0.197149 -0.00542762 0.980409 51.9257
0.973972 0.0663913 0.216802 -1.04103 -0.0660679 0.997786 -0.00874104 0.25357 -0.216905 -0.00581103 0.976207 52.1774
0.96886 0.0686479 0.238039 -0.962169 -0.0676507 0.997645 -0.01237 0.274933 -0.238329 -0.00411909 0.971229 52.4932
0.963139 0.0699708 0.259812 -0.854174 -0.0685169 0.997552 -0.0146549 0.272533 -0.260206 -0.00368773 0.96558 52.7386
0.956091 0.0708165 0.284507 -0.767601 -0.0692719 0.997491 -0.0155048 0.263278 -0.284892 -0.00488461 0.958604 52.9917
0.948034 0.0731289 0.309714 -0.658314 -0.0717301 0.997307 -0.0159144 0.249651 -0.310048 -0.00712963 0.950732 53.2258
0.940847 0.0750667 0.330528 -0.413579 -0.0729564 0.997172 -0.0188087 0.269472 -0.331006 -0.00641832 0.943667 53.4116
0.930466 0.0755304 0.358568 -0.283101 -0.0731736 0.997126 -0.0201574 0.26362 -0.359064 -0.00748334 0.933324 53.6636
0.918771 0.0740142 0.387888 -0.127765 -0.0708457 0.997248 -0.0224877 0.255703 -0.388485 -0.00681947 0.921492 53.9059
0.905035 0.0715188 0.419346 0.046802 -0.0669855 0.997439 -0.0255449 0.248984 -0.420103 -0.00497244 0.907512 54.1341
0.889029 0.0702333 0.452514 0.231868 -0.0638379 0.997543 -0.029413 0.231506 -0.453465 -0.00273892 0.891336 54.3662
0.870277 0.0723849 0.487282 0.404426 -0.0634944 0.997391 -0.0347636 0.22539 -0.488529 -0.000687161 0.872606 54.6079
0.849885 0.0741325 0.521799 0.60735 -0.0630567 0.997265 -0.0389832 0.208873 -0.52326 0.000227806 0.852241 54.8345
0.829674 0.0772268 0.552935 0.942939 -0.0649898 0.997031 -0.0417364 0.171484 -0.554519 -0.00130927 0.832226 54.9957
0.806446 0.0817213 0.585698 1.25895 -0.0684258 0.996664 -0.044852 0.160482 -0.587408 -0.00390643 0.809352 55.1744
0.780318 0.0863346 0.619446 1.57874 -0.072086 0.996259 -0.0480467 0.14548 -0.621279 -0.00716338 0.783619 55.384
0.750112 0.0881271 0.655476 1.86769 -0.072148 0.996088 -0.0513621 0.135817 -0.657435 -0.00876409 0.75354 55.6047
0.716034 0.0846833 0.692953 2.12806 -0.0679428 0.996378 -0.0515578 0.100437 -0.694808 -0.0101661 0.71919 55.8059
0.679037 0.084176 0.729321 2.43781 -0.0660522 0.996399 -0.0535076 0.0835406 -0.731194 -0.0118398 0.682156 56.028
0.638787 0.0834791 0.764878 2.73577 -0.0641861 0.996435 -0.055146 0.0573186 -0.766754 -0.0138701 0.641865 56.2348
0.594754 0.0846875 0.799492 3.15227 -0.061374 0.996336 -0.059886 0.0501667 -0.801629 -0.0134507 0.597776 56.4803
0.548334 0.0845308 0.832011 3.55893 -0.0584416 0.996341 -0.0627107 0.0365014 -0.834266 -0.0142397 0.551266 56.7077
0.502081 0.0820269 0.860975 4.0138 -0.0557921 0.996509 -0.0624082 -0.00392812 -0.863084 -0.0167016 0.504908 56.9182
0.453838 0.0798708 0.887532 4.47694 -0.0557326 0.996593 -0.0611868 -0.041682 -0.889393 -0.0216978 0.456741 57.1246
0.404351 0.0804187 0.911108 4.91884 -0.0582144 0.996392 -0.0621133 -0.0544029 -0.912808 -0.0279238 0.407576 57.3085
0.356609 0.0813838 0.930747 5.43314 -0.0553785 0.996311 -0.0659012 -0.0696008 -0.932675 -0.0280439 0.3598 57.4794
0.312559 0.0773372 0.94679 5.90038 -0.044023 0.99681 -0.0668926 -0.107581 -0.948934 -0.0207724 0.31497 57.5543
0.270609 0.0698884 0.960189 6.38861 -0.0309486 0.997501 -0.0638837 -0.156048 -0.96225 -0.0124309 0.272097 57.6198
0.230706 0.0695364 0.970579 6.92271 -0.0213791 0.997591 -0.0663916 -0.171824 -0.972844 -0.00543318 0.23164 57.6772
0.193465 0.0705944 0.978607 7.49811 -0.0179147 0.997519 -0.0684193 -0.207719 -0.981005 -0.0042965 0.194252 57.7699
0.162799 0.0699943 0.984215 8.03013 -0.00972447 0.997572 -0.0693372 -0.255643 -0.986664 0.00171703 0.163088 57.7966
0.1355 0.0675313 0.988513 8.5797 -0.00289006 0.997721 -0.0677662 -0.300073 -0.990833 0.00632359 0.13539 57.818
0.111225 0.065386 0.991685 9.18045 0.00442896 0.997818 -0.0662888 -0.33604 -0.993841 0.0117649 0.110696 57.8623
0.0913632 0.0642922 0.993781 9.76187 0.00849689 0.997853 -0.0653387 -0.366911 -0.995842 0.0144116 0.090624 57.8969
0.0756586 0.065412 0.995031 10.3635 0.0112134 0.997757 -0.0664456 -0.405797 -0.997128 0.0161844 0.0747588 57.9306
0.0637527 0.064915 0.995896 10.9604 0.0114269 0.997795 -0.0657725 -0.445208 -0.997963 0.0155709 0.062874 57.9389
0.0522741 0.0653094 0.996541 11.6018 0.0119436 0.997774 -0.0660191 -0.491466 -0.998619 0.0153529 0.0513815 57.971
0.0445505 0.0679283 0.996738 12.2336 0.0165972 0.997525 -0.0687257 -0.527157 -0.998933 0.0196025 0.0433167 57.9732
0.0374024 0.0692742 0.996945 12.8617 0.0210791 0.997347 -0.0700953 -0.565787 -0.999136 0.0236357 0.0358468 58.0009
0.0329112 0.0681864 0.997173 13.5208 0.0215071 0.997418 -0.068915 -0.611221 -0.99929 0.023712 0.0313638 58.016
0.0285537 0.065603 0.997484 14.1988 0.0190974 0.997654 -0.0661632 -0.65049 -0.999469 0.0209378 0.0272378 58.0574
0.0262554 0.0581654 0.998006 14.8719 0.0171994 0.998159 -0.0586289 -0.69494 -0.99957 0.018702 0.025211 58.073
0.0259119 0.0525631 0.99833 15.5538 0.0184562 0.998451 -0.0530509 -0.729577 -0.999553 0.0197991 0.0249056 58.075
0.0263682 0.0495132 0.998469 16.2751 0.0212107 0.998546 -0.0500794 -0.767317 -0.99949 0.0224963 0.0252841 58.0769
0.0258043 0.0513692 0.998397 16.9916 0.0243953 0.99838 -0.0520013 -0.806887 -0.999429 0.0256969 0.0245134 58.1057
0.0264238 0.0584781 0.997983 17.7287 0.0254369 0.997953 -0.0591519 -0.841799 -0.99939 0.0269462 0.0248867 58.1263
0.0292905 0.0665987 0.997401 18.4693 0.0263018 0.997412 -0.0673745 -0.87401 -0.999285 0.0282058 0.0274671 58.1384
0.0300851 0.0668552 0.997355 19.1909 0.02742 0.997359 -0.0676849 -0.917227 -0.999234 0.0293812 0.0281769 58.1854
0.0311188 0.0624692 0.997614 19.962 0.0264737 0.997675 -0.0633015 -0.958055 -0.999225 0.0283793 0.0293968 58.2274
0.0328099 0.0561071 0.997933 20.7195 0.0258441 0.998072 -0.0569669 -1.00309 -0.999191 0.027657 0.0313009 58.2689
0.0352292 0.0550206 0.997916 21.5066 0.0235053 0.998194 -0.0558683 -1.03886 -0.999162 0.0254234 0.0338764 58.309
0.0379264 0.0596627 0.997547 22.2321 0.0312117 0.997689 -0.0608602 -1.08625 -0.998858 0.0334403 0.0359811 58.3436
0.0417272 0.0656014 0.997027 22.973 0.0329967 0.99724 -0.0669992 -1.11965 -0.998644 0.0356928 0.0394515 58.361
0.0437256 0.0662245 0.996896 23.7284 0.027053 0.997388 -0.0674461 -1.16398 -0.998741 0.0299153 0.0418242 58.4165
0.0475092 0.0628912 0.996943 24.5026 0.0226617 0.997725 -0.0640232 -1.2079 -0.998674 0.0256327 0.0459799 58.4541
0.0510527 0.058843 0.997011 25.2484 0.0272726 0.99784 -0.0602908 -1.25596 -0.998388 0.0302662 0.0493418 58.5026
0.0553085 0.0599769 0.996726 25.9623 0.0321959 0.997601 -0.0618197 -1.29678 -0.998012 0.0355077 0.0532495 58.508
0.0577267 0.064455 0.996302 26.7454 0.031227 0.997342 -0.0663341 -1.34996 -0.997909 0.0349378 0.0555648 58.5676
0.0601523 0.0648043 0.996142 27.5144 0.0277674 0.997429 -0.0665681 -1.40348 -0.997865 0.0316627 0.0582026 58.6531
0.0636921 0.0638697 0.995976 28.3114 0.0268096 0.997515 -0.0656852 -1.45794 -0.997675 0.0308825 0.0618254 58.7144
0.0680652 0.0604584 0.995907 29.058 0.0309531 0.997588 -0.0626793 -1.50279 -0.997264 0.0350904 0.0660342 58.743
0.0716531 0.0603914 0.995652 29.8057 0.0354733 0.997414 -0.0630535 -1.55384 -0.996864 0.039834 0.0693292 58.7897
0.074443 0.060828 0.99543 30.6188 0.0382715 0.997263 -0.0638057 -1.60549 -0.996555 0.042844 0.0719158 58.8661
0.0785413 0.0609837 0.995095 31.3783 0.0388259 0.997217 -0.0641804 -1.64309 -0.99622 0.0436732 0.0759585 58.9
0.0830676 0.0597732 0.994813 32.1479 0.0403672 0.997215 -0.0632919 -1.68263 -0.995788 0.0454127 0.080428 58.948
0.0868058 0.0587129 0.994544 32.9235 0.0423695 0.997177 -0.0625684 -1.72892 -0.995389 0.0475666 0.0840764 59.0114
0.0903641 0.059578 0.994191 33.745 0.0409374 0.997179 -0.0634821 -1.76362 -0.995126 0.0464334 0.0876751 59.0795
0.0938999 0.0618045 0.993711 34.529 0.037812 0.997168 -0.0655941 -1.80446 -0.994928 0.0437306 0.0912997 59.1506
0.0958396 0.0612623 0.993576 35.289 0.0396105 0.997116 -0.0653054 -1.85899 -0.994667 0.0456123 0.0931412 59.2454
0.0981304 0.0606097 0.993379 36.0351 0.0376062 0.997242 -0.0645623 -1.90835 -0.994528 0.0436895 0.0955833 59.3247
0.101229 0.0607757 0.993072 36.8315 0.036189 0.997283 -0.0647266 -1.95665 -0.994263 0.0424878 0.0987593 59.4019
0.10395 0.0603607 0.992804 37.6213 0.0327892 0.997445 -0.0640781 -2.01766 -0.994107 0.0392111 0.101707 59.4933
0.108821 0.0627904 0.992143 38.3919 0.031292 0.997329 -0.0665551 -2.05799 -0.993627 0.0382863 0.10657 59.5507
0.111267 0.065915 0.991657 39.2066 0.0300614 0.997158 -0.0696557 -2.11514 -0.993401 0.0375581 0.108971 59.6731
0.115918 0.0674976 0.991029 39.9631 0.0297439 0.997043 -0.0713903 -2.1744 -0.992873 0.03775 0.113572 59.7334
0.117326 0.0702548 0.990662 40.7534 0.0236311 0.997056 -0.073509 -2.22173 -0.992878 0.0320322 0.115322 59.8616
0.120974 0.0693493 0.990299 41.5429 0.0197296 0.99723 -0.0722492 -2.27734 -0.992519 0.0282763 0.119275 59.9478
0.123947 0.0696847 0.989896 42.3092 0.0217681 0.997141 -0.0729225 -2.3335 -0.992116 0.0305839 0.122077 60.0479
0.128251 0.0707446 0.989286 43.1186 0.0212605 0.997066 -0.0740617 -2.39072 -0.991574 0.0305288 0.126375 60.1502
0.131371 0.0715102 0.988808 43.9273 0.0174205 0.997116 -0.0744276 -2.44615 -0.991246 0.0270002 0.129748 60.2784
0.135232 0.0691548 0.98847 44.7221 0.0164429 0.997307 -0.0720272 -2.5023 -0.990738 0.0259913 0.133735 60.3959
0.14081 0.0685787 0.987718 45.5205 0.0168229 0.997329 -0.0716469 -2.56341 -0.989961 0.026702 0.139281 60.4966
0.146724 0.0719485 0.986631 46.3251 0.0132412 0.99716 -0.0746902 -2.62353 -0.98915 0.0240208 0.145359 60.6097
0.151878 0.0806533 0.985164 47.1389 0.011618 0.996493 -0.0833742 -2.68289 -0.988399 0.0241055 0.150409 60.7601
0.159713 0.0859751 0.98349 47.9392 0.0098662 0.996054 -0.088681 -2.73522 -0.987177 0.0238649 0.158238 60.8887
0.165726 0.0893968 0.982175 48.7663 0.00521547 0.995833 -0.0915224 -2.80049 -0.986227 0.0202874 0.164568 61.0629
0.172974 0.0881626 0.981049 49.5989 0.00148235 0.996005 -0.089773 -2.86688 -0.984985 0.0169812 0.172155 61.2229
0.180446 0.0861491 0.979869 50.4157 0.00144163 0.996177 -0.0878508 -2.93801 -0.983653 0.0172623 0.17963 61.3826
0.187049 0.0828858 0.978922 51.2262 0.00101499 0.996462 -0.0845694 -3.00203 -0.982408 0.0168108 0.186305 61.5517
0.195721 0.0771023 0.977691 52.0599 -0.0010045 0.996965 -0.0784241 -3.07189 -0.980732 0.0143645 0.195201 61.7032
0.202784 0.0695459 0.976825 52.8954 -0.00316494 0.997562 -0.0703695 -3.13458 -0.979277 0.0111769 0.202511 61.8894
0.209508 0.0665984 0.975603 53.7402 -0.0034118 0.997767 -0.0673816 -3.2047 -0.977872 0.010786 0.209263 62.0941
0.21698 0.0677327 0.973896 54.5328 -0.00453281 0.997693 -0.0683822 -3.27505 -0.976225 0.0104218 0.216788 62.2583
0.220667 0.0740482 0.972602 55.3405 -0.00336293 0.997214 -0.0751615 -3.33013 -0.975411 0.0133124 0.220297 62.493
0.225084 0.0781509 0.971277 56.15 -0.00445379 0.996896 -0.0791849 -3.38053 -0.974391 0.0134961 0.224734 62.7069
0.229698 0.0812257 0.969934 56.9408 -0.00602654 0.996659 -0.0820389 -3.44532 -0.973312 0.0129964 0.229416 62.9057
0.237021 0.0813242 0.968172 57.7228 -0.00817059 0.996667 -0.0817222 -3.49919 -0.971533 0.0114581 0.236896 63.0728
0.245623 0.0784439 0.966257 58.4953 -0.00401911 0.996842 -0.0799081 -3.55077 -0.969427 0.0157411 0.245158 63.213
0.250301 0.071847 0.965577 59.2579 -0.00335341 0.997346 -0.0733462 -3.60768 -0.968226 0.0151189 0.249877 63.4088
0.253446 0.0657213 0.965186 60.0368 -0.00484557 0.997811 -0.0666736 -3.66596 -0.967409 0.0122186 0.253205 63.6323
0.256513 0.0621267 0.964622 60.7937 -0.00874314 0.998088 -0.0619614 -3.72556 -0.966566 0.00745852 0.256564 63.8537
0.260105 0.0619798 0.963662 61.516 -0.0101262 0.998107 -0.0614652 -3.77562 -0.965597 0.00622652 0.260236 64.0477
0.263554 0.064747 0.962549 62.2464 -0.0118469 0.997935 -0.0638877 -3.8151 -0.964636 0.00543288 0.263775 64.2397
0.264212 0.0687505 0.962086 62.9544 -0.0160017 0.99768 -0.0669031 -3.86775 -0.964403 0.00227902 0.264695 64.4578
0.267729 0.072751 0.960825 63.65 -0.0170748 0.997396 -0.0707668 -3.91681 -0.963409 0.00253853 0.268273 64.6377
0.270989 0.0779877 0.959494 64.3457 -0.0174647 0.996997 -0.0761068 -3.96642 -0.962495 0.00386418 0.271533 64.8266
0.272711 0.0799728 0.958848 65.0264 -0.0164246 0.996829 -0.0784737 -4.01421 -0.962022 0.00564976 0.273158 65.0211
0.27413 0.0805614 0.95839 65.717 -0.0191243 0.996794 -0.0783231 -4.06038 -0.961576 0.00313939 0.274787 65.2283
0.274068 0.0772585 0.958683 66.3619 -0.0189007 0.997057 -0.0749516 -4.1138 -0.961592 0.00241926 0.27472 65.4215
0.274148 0.0750493 0.958832 67.0211 -0.0191891 0.997228 -0.0725717 -4.16493 -0.961569 0.00149341 0.274824 65.6185
0.275063 0.0738807 0.958664 67.6616 -0.0177558 0.997313 -0.0717684 -4.20746 -0.961329 0.00271602 0.275634 65.786
0.273995 0.0723908 0.959082 68.3053 -0.017622 0.997423 -0.0702543 -4.25948 -0.961644 0.00234543 0.27456 65.9705
0.273483 0.0732369 0.959166 68.9346 -0.0184449 0.997363 -0.070898 -4.30582 -0.961767 0.00169465 0.274111 66.1375
0.271303 0.0760409 0.959565 69.5572 -0.0192045 0.997153 -0.0735936 -4.35265 -0.962378 0.00153525 0.271986 66.319
0.268674 0.0798716 0.959995 70.1515 -0.017546 0.996847 -0.0780308 -4.3979 -0.963139 0.0041178 0.269227 66.4871
0.266554 0.080331 0.960547 70.7548 -0.0149686 0.996795 -0.0792125 -4.4391 -0.96378 0.0067332 0.266898 66.6574
0.263358 0.0790189 0.961538 71.3415 -0.0160245 0.996911 -0.0775406 -4.48671 -0.964632 0.00500984 0.26381 66.8316
0.261104 0.0756612 0.962421 71.9242 -0.0164405 0.997177 -0.0739371 -4.53767 -0.965247 0.00347952 0.261607 66.9875
0.258375 0.0716915 0.963463 72.502 -0.0164503 0.997476 -0.0698146 -4.58827 -0.965972 0.00218623 0.258902 67.1524
0.256668 0.0703977 0.964014 73.0556 -0.0131511 0.997558 -0.0693494 -4.63611 -0.966486 0.00511858 0.256965 67.2847
0.25555 0.0713193 0.964245 73.6035 -0.00909556 0.997461 -0.0713694 -4.67653 -0.966822 0.00946477 0.255549 67.4112
0.25263 0.0725885 0.964921 74.1417 -0.00508965 0.997321 -0.0736972 -4.71932 -0.967628 0.0137032 0.252321 67.5478
0.250712 0.0743668 0.965285 74.6777 -0.00557269 0.997192 -0.0753817 -4.75623 -0.968115 0.0135163 0.250423 67.6862
0.248565 0.0766111 0.965665 75.2141 -0.00607343 0.997025 -0.0775397 -4.80336 -0.968674 0.0134052 0.24829 67.8397
0.24735 0.074752 0.966122 75.7753 -0.00481195 0.997154 -0.0759252 -4.85371 -0.968984 0.0141276 0.247006 67.9837
0.248097 0.071688 0.966164 76.3355 0.00109421 0.997292 -0.0742823 -4.91034 -0.968813 0.0194823 0.247345 68.1167
0.251351 0.0689354 0.965523 76.9049 0.0058155 0.997388 -0.0727286 -4.95555 -0.967948 0.0238913 0.250294 68.2333
0.253492 0.067414 0.965071 77.4577 0.00842444 0.997435 -0.071891 -5.00335 -0.967381 0.0263494 0.252271 68.3679
0.257045 0.06682 0.964171 78.0292 0.00625721 0.997523 -0.0708038 -5.04808 -0.96645 0.0242285 0.25599 68.5287
0.261036 0.0670716 0.963084 78.6043 0.00519366 0.997529 -0.0708819 -5.09299 -0.965399 0.0235001 0.260039 68.7247
0.267465 0.0657263 0.961409 79.1771 0.00687319 0.997568 -0.0701148 -5.12667 -0.963618 0.0253569 0.266362 68.8909
0.273951 0.0662942 0.959545 79.7778 0.00512706 0.997564 -0.0703885 -5.16205 -0.961813 0.0241982 0.27294 69.1062
0.282633 0.0636549 0.957199 80.3584 0.00598442 0.997715 -0.0681205 -5.2028 -0.959283 0.0249774 0.281603 69.2746
0.291212 0.063482 0.954637 80.9544 0.0020397 0.997812 -0.0669786 -5.25131 -0.956738 0.021448 0.29044 69.4736
0.301151 0.0624823 0.951615 81.5265 0.00112362 0.997882 -0.0658802 -5.29664 -0.953652 0.0209052 0.300439 69.6474
0.310853 0.0660178 0.948252 82.1225 -0.00403728 0.997728 -0.0681422 -5.33789 -0.950532 0.0173499 0.310406 69.8511
0.318806 0.0688777 0.945404 82.6727 -0.00728428 0.997561 -0.0702259 -5.35997 -0.947869 0.0154983 0.318525 70.0629
0.328417 0.0716822 0.9419 83.3357 -0.0101884 0.997388 -0.0723561 -5.39519 -0.944563 0.0141629 0.328281 70.3739
0.339546 0.0739726 0.937768 83.95 -0.0116842 0.997214 -0.074436 -5.42918 -0.940595 0.0143141 0.339458 70.5717
0.348872 0.0750026 0.934255 84.59 -0.0142933 0.997162 -0.0747189 -5.46753 -0.937149 0.0127103 0.348943 70.8393
0.359345 0.0750652 0.930275 85.2248 -0.0154066 0.997158 -0.074516 -5.51943 -0.933157 0.0124413 0.359474 71.0861
0.369633 0.0758079 0.926171 85.8746 -0.0192678 0.997137 -0.0739303 -5.56425 -0.929066 0.00947859 0.370022 71.362
0.379499 0.0709458 0.922563 86.5345 -0.0187087 0.997497 -0.0690176 -5.60589 -0.925083 0.00892908 0.379868 71.6528
0.391274 0.0638772 0.918146 87.2014 -0.0149095 0.997958 -0.0630797 -5.64512 -0.920244 0.0109889 0.391412 71.9068
0.401413 0.0591927 0.914081 87.8571 -0.0130023 0.998237 -0.0589376 -5.68743 -0.915887 0.0117698 0.401466 72.2034
0.411588 0.0556323 0.909765 88.5559 -0.0132809 0.998457 -0.0550512 -5.7264 -0.911366 0.0105721 0.411674 72.5305
0.420398 0.0520455 0.905947 89.2394 -0.00672632 0.998565 -0.0542504 -5.76815 -0.907398 0.0167092 0.420135 72.8463
0.428409 0.0466354 0.902477 89.9254 -4.07563e-05 0.998731 -0.0515938 -5.79103 -0.903679 0.0220617 0.427849 73.1706
0.435338 0.0363119 0.899636 90.6378 0.0101836 0.998985 -0.0452551 -5.82413 -0.900293 0.0288579 0.434515 73.4977
0.442291 0.0317141 0.896409 91.3613 0.0153528 0.999026 -0.0429236 -5.85417 -0.896835 0.0327416 0.441353 73.8392
0.448703 0.0316269 0.893226 92.0573 0.0173828 0.998935 -0.0441077 -5.88951 -0.893598 0.0353126 0.447664 74.1985
0.456684 0.03672 0.888972 92.7938 0.0193951 0.998565 -0.0512142 -5.94025 -0.889515 0.0406243 0.455295 74.5557
0.46207 0.0399958 0.886049 93.4591 0.0235636 0.998141 -0.05735 -5.98164 -0.88662 0.0473722 0.460255 74.931
0.466949 0.0424113 0.883372 94.2051 0.0217585 0.998062 -0.0594235 -6.02071 -0.884117 0.0469621 0.4651 75.344
0.471674 0.0448599 0.880741 94.8844 0.0145295 0.998239 -0.0586321 -6.05713 -0.881743 0.0404466 0.470177 75.7059
0.475503 0.0491662 0.878446 95.625 0.0080837 0.998218 -0.0602499 -6.10343 -0.879779 0.0357442 0.474236 76.1431
0.478666 0.0519443 0.87657 96.3454 0.00735574 0.998041 -0.0631657 -6.16127 -0.878057 0.0366782 0.477332 76.5869
0.482792 0.0564798 0.87403 97.0963 0.00457422 0.997815 -0.0670107 -6.21175 -0.875827 0.0363441 0.481458 77.0563
0.485887 0.0612483 0.871985 97.7876 0.00134501 0.997554 -0.0708243 -6.23746 -0.874111 0.0355808 0.484601 77.4741
0.489832 0.0605098 0.869834 98.4324 2.26939e-06 0.997661 -0.0694089 -6.27546 -0.87192 0.0339948 0.488666 77.8321
0.494131 0.0573517 0.867606 99.1151 0.00119421 0.997842 -0.0666472 -6.32994 -0.869477 0.0339639 0.49298 78.2271
0.497146 0.053486 0.866142 99.6916 0.00163326 0.998114 -0.062579 -6.37945 -0.86777 0.0325195 0.496102 78.5319
0.501231 0.0534777 0.863775 100.331 0.000781267 0.998125 -0.0622556 -6.4112 -0.865408 0.0318743 0.500233 78.9027
0.504972 0.0562021 0.861418 100.958 -0.00120982 0.997995 -0.0644083 -6.44154 -0.863246 0.0314765 0.503999 79.2715
0.507674 0.0564294 0.859815 101.552 -0.000249833 0.997927 -0.0653529 -6.48906 -0.861644 0.0329582 0.506619 79.6235
0.507077 0.0547915 0.860271 102.129 0.00183467 0.997978 -0.0646481 -6.53073 -0.862009 0.0343539 0.505923 80.0204
0.509613 0.0535802 0.858848 102.747 0.00395192 0.997967 -0.064611 -6.5735 -0.86049 0.0363154 0.508348 80.3762
0.511628 0.0534628 0.857656 103.33 0.00327397 0.998005 -0.0641694 -6.61067 -0.859312 0.0356327 0.510404 80.7277
0.514405 0.0525801 0.856046 103.902 0.00496213 0.997984 -0.0642862 -6.64951 -0.857626 0.0373116 0.513089 81.0457
0.516855 0.0547838 0.854434 104.46 0.00446288 0.997835 -0.0666827 -6.68329 -0.856173 0.0382722 0.515463 81.3817
0.519457 0.0549459 0.852843 105.005 0.00773936 0.997655 -0.0689958 -6.71533 -0.854557 0.0424351 0.517794 81.7026
0.521508 0.0540596 0.851649 105.551 0.00883095 0.997665 -0.068741 -6.77294 -0.853311 0.0433631 0.519786 82.0641
0.524306 0.0522553 0.850041 106.082 0.0115926 0.997653 -0.068486 -6.81675 -0.851548 0.0457557 0.52245 82.394
0.528886 0.0511616 0.847269 106.611 0.0128311 0.997656 -0.0682574 -6.85738 -0.848708 0.0469645 0.526962 82.6834
0.531355 0.0505417 0.845761 107.138 0.0140734 0.997623 -0.0684651 -6.90108 -0.847133 0.0482753 0.529361 83.0486
0.535135 0.050333 0.843386 107.629 0.0130423 0.997683 -0.0678221 -6.94849 -0.844782 0.0472863 0.53321 83.3221
0.53857 0.0501417 0.84121 108.138 0.0135774 0.997651 -0.0681659 -6.99846 -0.842576 0.0481267 0.536602 83.6449
0.542729 0.0513819 0.838456 108.64 0.0127529 0.997579 -0.0693933 -7.04196 -0.839925 0.0483471 0.540731 83.9705
0.547088 0.0511375 0.835635 109.144 0.0155404 0.99741 -0.0712182 -7.07625 -0.837037 0.0519414 0.544854 84.3049
0.551902 0.0542604 0.832262 109.627 0.012953 0.997274 -0.073613 -7.12798 -0.83392 0.0514 0.549666 84.6202
0.557448 0.0600612 0.828162 110.109 0.0101198 0.996884 -0.0791158 -7.16335 -0.830259 0.0524764 0.555079 84.9529
0.563481 0.0670609 0.823525 110.586 0.00505161 0.996474 -0.0846055 -7.20676 -0.826228 0.0518264 0.561125 85.2894
0.569411 0.0732642 0.818913 111.055 -6.87325e-05 0.996097 -0.0890754 -7.2517 -0.822165 0.0506568 0.567169 85.6312
0.575625 0.0774175 0.814165 111.531 -0.00377103 0.995822 -0.0920293 -7.30401 -0.817821 0.049897 0.573481 85.9858
0.58093 0.0783965 0.810301 112.017 -0.0081011 0.99593 -0.0905551 -7.34841 -0.814027 0.0460348 0.579175 86.357
0.586364 0.0780084 0.806406 112.502 -0.0139544 0.996251 -0.0862302 -7.3902 -0.810047 0.0393031 0.585218 86.729
0.592159 0.0760767 0.802358 112.992 -0.0202351 0.996697 -0.0795759 -7.44015 -0.805685 0.0308798 0.591714 87.1086
0.597444 0.0750789 0.798511 113.484 -0.0262671 0.996974 -0.0740904 -7.48207 -0.801605 0.0232849 0.597569 87.5117
0.604785 0.0735699 0.79312 113.987 -0.0290076 0.997172 -0.0703849 -7.52252 -0.795978 0.0195562 0.60518 87.8699
0.611003 0.0774023 0.787965 114.487 -0.034891 0.996943 -0.0708804 -7.5712 -0.790989 0.0158102 0.611796 88.2745
0.617214 0.0813895 0.782715 114.996 -0.0386833 0.996645 -0.0731377 -7.61274 -0.785965 0.0148588 0.618262 88.6934
0.62361 0.0845765 0.777281 115.503 -0.0414669 0.996379 -0.0751533 -7.65224 -0.780768 0.0146299 0.624819 89.0987
0.629245 0.0867673 0.772491 116.022 -0.0438377 0.996204 -0.0761932 -7.69757 -0.776093 0.0140752 0.630629 89.546
0.63604 0.0876765 0.766796 116.553 -0.0471083 0.996154 -0.0748318 -7.74533 -0.770351 0.0114689 0.637682 89.9896
0.641799 0.0898213 0.761738 117.087 -0.0526255 0.996003 -0.0731137 -7.78873 -0.765191 0.00683307 0.643932 90.4772
0.649127 0.0881184 0.755703 117.621 -0.0540876 0.996171 -0.0697051 -7.84382 -0.758896 0.00436913 0.651365 90.9167
0.656737 0.0858656 0.749359 118.178 -0.0543428 0.99637 -0.0665512 -7.89291 -0.752286 0.00298034 0.65899 91.4156
0.663779 0.0860034 0.743117 118.73 -0.0547092 0.996359 -0.0664512 -7.93162 -0.746071 0.00344947 0.666025 91.9256
0.67095 0.0882659 0.736378 119.284 -0.0597258 0.996165 -0.0649941 -7.98798 -0.739223 -0.000376847 0.673618 92.4574
0.679639 0.0888019 0.728305 119.852 -0.0600059 0.99612 -0.0654678 -8.0232 -0.731237 0.000787999 0.682286 92.9643
0.686548 0.0898089 0.721667 120.416 -0.0619295 0.996027 -0.0650444 -8.05771 -0.724576 -4.02534e-05 0.68935 93.5129
0.691134 0.0884209 0.717452 120.977 -0.0615901 0.996155 -0.0634458 -8.10414 -0.720246 -0.000341944 0.693878 94.08
0.695084 0.0872489 0.71377 121.557 -0.0601138 0.996255 -0.0632476 -8.13792 -0.71655 0.00105086 0.697692 94.6452
0.699302 0.0847506 0.709941 122.145 -0.0565917 0.996466 -0.0632189 -8.17493 -0.712732 0.0040284 0.701582 95.205
0.702368 0.0806495 0.707388 122.736 -0.0511589 0.99678 -0.0628563 -8.22128 -0.710114 0.00795429 0.704199 95.8059
0.706714 0.0735845 0.703822 123.344 -0.0435508 0.997289 -0.0605442 -8.27457 -0.706312 0.0121307 0.707955 96.3802
0.710927 0.0673964 0.700189 123.957 -0.0377774 0.99769 -0.0576843 -8.31886 -0.702393 0.0145526 0.711796 96.978
0.714662 0.0615933 0.696916 124.577 -0.032298 0.998033 -0.0550932 -8.36542 -0.698881 0.0168588 0.715198 97.5869
0.717691 0.0600499 0.693929 125.176 -0.0321094 0.998138 -0.0531749 -8.40987 -0.695766 0.0158758 0.718248 98.2156
0.72027 0.0613834 0.69114 125.779 -0.0329137 0.998054 -0.0543491 -8.45437 -0.693075 0.0163928 0.720838 98.8584
0.723275 0.0659037 0.687572 126.386 -0.0382965 0.997802 -0.0553627 -8.49796 -0.689643 0.0137054 0.724174 99.5234
0.725253 0.0694131 0.685144 126.994 -0.0444508 0.997625 -0.0540263 -8.54075 -0.687211 0.00872286 0.726564 100.224
0.728553 0.0660982 0.681956 127.599 -0.0444155 0.997868 -0.0492758 -8.58274 -0.683693 0.00560575 0.7299 100.855
0.73258 0.0640728 0.677831 128.223 -0.0475436 0.99802 -0.0429638 -8.61436 -0.679188 -0.000756078 0.734122 101.526
0.735701 0.0584861 0.674941 128.832 -0.0467599 0.998344 -0.0355489 -8.65029 -0.675837 -0.00541112 0.737182 102.199
0.739727 0.054459 0.670875 129.448 -0.0446167 0.99857 -0.031873 -8.6785 -0.671599 -0.00635867 0.741044 102.892
0.743946 0.0507931 0.666474 130.052 -0.0386549 0.99878 -0.0329788 -8.70606 -0.66727 -0.00123286 0.744966 103.563
0.748374 0.0469711 0.66179 130.65 -0.0283815 0.998919 -0.0388128 -8.73401 -0.662845 0.0102588 0.748842 104.233
0.752419 0.0477467 0.657125 131.255 -0.0224677 0.998721 -0.0468503 -8.76511 -0.658456 0.0204805 0.752492 104.96
0.758123 0.0475269 0.650559 131.886 -0.0191453 0.998609 -0.0506514 -8.79777 -0.652007 0.0259385 0.757922 105.679
0.764651 0.042848 0.643187 132.531 -0.0161519 0.998822 -0.0473461 -8.832 -0.644391 0.0258081 0.764404 106.402
0.76993 0.0374839 0.637212 133.153 -0.0113863 0.998997 -0.0450165 -8.86538 -0.638208 0.0273975 0.769528 107.169
0.775467 0.0333731 0.630682 133.746 -0.00713705 0.999076 -0.0441005 -8.92074 -0.631507 0.0296902 0.774947 107.808
0.778835 0.0341026 0.626499 134.336 -0.00505765 0.998908 -0.0480958 -8.98051 -0.627401 0.0342828 0.778098 108.607
0.783252 0.0351568 0.620895 134.936 -0.00525174 0.998814 -0.0499399 -9.01037 -0.621849 0.0358469 0.782466 109.315
0.785605 0.0322941 0.618091 135.52 -0.00335412 0.998922 -0.047938 -9.06295 -0.618921 0.0355796 0.784807 110.079
0.788085 0.0261103 0.615203 136.114 0.00105527 0.999118 -0.0437658 -9.09474 -0.615737 0.0351324 0.78732 110.795
0.789609 0.0222141 0.613416 136.72 0.00433203 0.999196 -0.0417701 -9.12163 -0.613798 0.0356317 0.788818 111.56
0.791159 0.0174105 0.611556 137.33 0.00839701 0.999268 -0.0393214 -9.14796 -0.611728 0.0362365 0.79039 112.299
0.791268 0.0168233 0.611444 137.921 0.00829275 0.999314 -0.0382358 -9.1815 -0.611614 0.0353177 0.790526 113.088
0.791178 0.0175299 0.611528 138.507 0.00684274 0.999351 -0.03751 -9.21356 -0.611724 0.0338536 0.790499 113.846
0.790758 0.0198754 0.612015 139.09 0.00478856 0.999321 -0.0386494 -9.25317 -0.612314 0.0334856 0.790066 114.609
0.789809 0.0238298 0.613082 139.67 0.000899307 0.999276 -0.0400088 -9.2829 -0.613527 0.0321429 0.789171 115.353
0.78817 0.0286284 0.615001 140.254 -0.00382319 0.999206 -0.041623 -9.32443 -0.615649 0.0304477 0.787595 116.098
0.786842 0.0311498 0.616557 140.857 -0.00732256 0.9992 -0.0411465 -9.3553 -0.617282 0.0278536 0.7864 116.882
0.785155 0.033412 0.618604 141.452 -0.0105668 0.999203 -0.0405661 -9.39669 -0.619409 0.0253075 0.784823 117.628
0.783472 0.0332254 0.620727 142.052 -0.0119518 0.999262 -0.0384115 -9.43353 -0.621485 0.0226684 0.783251 118.361
0.781397 0.0322464 0.623406 142.648 -0.0135859 0.999387 -0.0346746 -9.47441 -0.624085 0.018619 0.781299 119.115
0.780006 0.0283428 0.62532 143.263 -0.00969955 0.999475 -0.0332122 -9.50302 -0.625872 0.0198334 0.779829 119.827
0.778294 0.0321717 0.627278 143.865 -0.0105603 0.999297 -0.0381583 -9.54092 -0.628007 0.0230678 0.778031 120.53
0.775495 0.0422888 0.630127 144.457 -0.0166689 0.998852 -0.0465298 -9.58227 -0.631309 0.0255728 0.775268 121.265
0.771786 0.0485726 0.634224 145.052 -0.0192359 0.998487 -0.0530707 -9.62211 -0.635782 0.0287528 0.771498 122.052
0.76965 0.0482346 0.636834 145.638 -0.021852 0.998624 -0.0492373 -9.65859 -0.638268 0.0239722 0.769604 122.694
0.766432 0.0474086 0.640772 146.271 -0.0251104 0.998804 -0.0438724 -9.69844 -0.642024 0.0175295 0.766652 123.462
0.76339 0.0456776 0.644512 146.874 -0.0269777 0.998959 -0.0388536 -9.7396 -0.645547 0.0122666 0.763787 124.182
0.760221 0.0454895 0.648268 147.489 -0.0264386 0.998967 -0.039103 -9.77475 -0.649316 0.0125823 0.760587 124.923
0.758219 0.0438328 0.650715 148.11 -0.0247021 0.99903 -0.0385222 -9.80627 -0.651705 0.0131277 0.758526 125.6
0.756012 0.0426462 0.653371 148.728 -0.0208698 0.99902 -0.0410684 -9.83815 -0.65442 0.0174066 0.75611 126.289
0.75328 0.0412689 0.656594 149.348 -0.0172007 0.999001 -0.0430667 -9.8739 -0.657646 0.0211403 0.7532 126.973
0.749965 0.0412168 0.660392 149.969 -0.0142429 0.998914 -0.0461792 -9.91105 -0.661515 0.0252203 0.749688 127.663
0.746057 0.0414665 0.664783 150.583 -0.0145813 0.998912 -0.0459551 -9.94859 -0.665898 0.0245841 0.745813 128.361
0.741598 0.043766 0.669613 151.2 -0.0172223 0.998862 -0.0462217 -9.98297 -0.670812 0.0227392 0.741462 129.063
0.736002 0.0434024 0.675777 151.798 -0.0165833 0.998875 -0.0461033 -10.0208 -0.676949 0.0227181 0.735859 129.735
0.730042 0.0461932 0.682032 152.41 -0.0198926 0.998805 -0.0463644 -10.0691 -0.683296 0.0202744 0.730044 130.408
0.724729 0.0529552 0.687181 153.06 -0.023439 0.998438 -0.0522314 -10.1066 -0.6888 0.0217396 0.724805 131.108
0.722424 0.0583816 0.689159 153.753 -0.0259442 0.998096 -0.0573641 -10.1387 -0.691132 0.0235558 0.722519 131.758
0.71709 0.0605588 0.694529 154.408 -0.0257004 0.997916 -0.0604874 -10.1768 -0.696672 0.025518 0.71712 132.427
0.710903 0.0567627 0.701176 155.065 -0.0274836 0.9983 -0.0529591 -10.2184 -0.702925 0.0183722 0.71121 133.083
0.704949 0.0541019 0.707375 155.74 -0.0333678 0.99859 -0.0431314 -10.2542 -0.708637 0.00679576 0.705729 133.762
0.69819 0.0499438 0.714347 156.417 -0.0331525 0.998831 -0.0374391 -10.2921 -0.715315 0.00245234 0.698988 134.435
0.690961 0.0517915 0.721214 157.095 -0.0384956 0.998729 -0.0348493 -10.3239 -0.722028 -0.00368955 0.692046 135.119
0.683624 0.0529016 0.728092 157.775 -0.0372703 0.998682 -0.037576 -10.3529 -0.729053 -0.00145289 0.684652 135.756
0.677166 0.0525015 0.734132 158.443 -0.0323785 0.99869 -0.0415652 -10.3925 -0.735276 0.00437022 0.67795 136.344
0.67036 0.0598178 0.739795 159.146 -0.0316814 0.998228 -0.0520133 -10.4409 -0.741526 0.0114245 0.671027 136.985
0.663023 0.0607895 0.746302 159.879 -0.0278734 0.99809 -0.0565457 -10.4705 -0.748237 0.016682 0.663424 137.646
0.656602 0.0562618 0.752309 160.613 -0.0250319 0.998375 -0.0528242 -10.5218 -0.753989 0.015847 0.656904 138.281
0.649791 0.0503239 0.758618 161.342 -0.0212661 0.998697 -0.0480443 -10.5709 -0.759971 0.0150787 0.649988 138.896
0.642862 0.0495323 0.76455 162.071 -0.0211649 0.998759 -0.0469174 -10.6196 -0.765856 0.013974 0.643074 139.529
0.636026 0.05085 0.770164 162.779 -0.0228607 0.998709 -0.0470707 -10.6722 -0.771485 0.0123248 0.636342 140.117
0.629384 0.0494543 0.775691 163.536 -0.0189509 0.998738 -0.0483059 -10.6993 -0.777029 0.0156969 0.629492 140.776
0.623321 0.0442431 0.780886 164.242 -0.0147183 0.998965 -0.0448604 -10.7328 -0.781982 0.0164617 0.623303 141.363
0.618304 0.0405915 0.785058 164.947 -0.0136865 0.999156 -0.0408896 -10.7877 -0.78598 0.0145314 0.618304 141.926
0.613817 0.0392596 0.788642 165.684 -0.0149389 0.999241 -0.0381262 -10.8307 -0.789461 0.011614 0.613914 142.522
0.609662 0.0412457 0.791754 166.454 -0.0147255 0.999148 -0.0407184 -10.857 -0.792684 0.0131597 0.609718 143.132
0.605189 0.0438159 0.79505 167.115 -0.0140333 0.998994 -0.0443841 -10.8938 -0.796117 0.0156962 0.605173 143.641
0.601922 0.0494489 0.797189 167.82 -0.0145831 0.998682 -0.0509435 -10.9273 -0.798581 0.0190324 0.601818 144.184
0.597974 0.0522344 0.799983 168.537 -0.0166458 0.998547 -0.0527675 -10.9645 -0.801499 0.0182301 0.597953 144.773
0.595699 0.0474407 0.80197 169.237 -0.0163108 0.998847 -0.0469789 -11.0105 -0.803201 0.0148985 0.595756 145.277
0.593826 0.0394161 0.803798 169.951 -0.0131555 0.999221 -0.0392902 -11.054 -0.804643 0.0127501 0.59386 145.802
0.591971 0.0332975 0.805436 170.659 -0.00840917 0.999434 -0.0351447 -11.0984 -0.806076 0.0140253 0.591884 146.297
0.589484 0.0311463 0.807351 171.35 -0.00328776 0.999419 -0.0361657 -11.134 -0.80793 0.0186569 0.589224 146.802
0.588255 0.0330986 0.808164 172.029 -0.00221114 0.999308 -0.0393253 -11.1717 -0.808832 0.0213394 0.587894 147.269
0.586812 0.0402752 0.808897 172.71 -0.00471163 0.998996 -0.0463328 -11.207 -0.809867 0.0233691 0.586393 147.764
0.585557 0.0481841 0.809365 173.374 -0.00587443 0.998544 -0.0552041 -11.2454 -0.810769 0.0275636 0.58496 148.236
0.584817 0.0487867 0.809873 174.042 -0.00221294 0.998364 -0.0585541 -11.2854 -0.811319 0.0324425 0.58395 148.68
0.582775 0.0424224 0.811693 174.704 -0.00254181 0.998813 -0.0503849 -11.3273 -0.812789 0.0272926 0.582163 149.151
0.582106 0.0358054 0.8125 175.367 -0.0101621 0.999354 -0.0367693 -11.3683 -0.813207 0.0131395 0.582075 149.567
0.578755 0.033137 0.814994 176.025 -0.0176054 0.999532 -0.0281462 -11.4029 -0.81547 0.00193563 0.579043 150.09
0.576607 0.0352852 0.816435 176.666 -0.0193593 0.999459 -0.0295329 -11.434 -0.81695 0.00121676 0.57696 150.563
0.575931 0.0376172 0.816801 177.294 -0.0158586 0.999355 -0.0348501 -11.4422 -0.817504 0.00711186 0.576129 150.964
0.574468 0.0390866 0.81777 177.926 -0.0145181 0.999273 -0.0375732 -11.4692 -0.818556 0.00970507 0.574599 151.401
0.573755 0.038134 0.818307 178.553 -0.014252 0.999315 -0.0365843 -11.4873 -0.819063 0.00932165 0.57388 151.807
0.57255 0.0370631 0.819209 179.171 -0.0146009 0.999364 -0.0350191 -11.5168 -0.819898 0.00808193 0.572709 152.223
0.571208 0.0360107 0.820184 179.777 -0.0150092 0.999414 -0.0334348 -11.5535 -0.820828 0.00678169 0.571389 152.631
0.569149 0.0361458 0.821616 180.381 -0.013699 0.999397 -0.0344874 -11.5821 -0.822279 0.00836617 0.569282 153.037
0.566549 0.0371235 0.823362 180.975 -0.0130653 0.99935 -0.0360762 -11.6139 -0.824086 0.00967518 0.566642 153.433
0.563509 0.0388989 0.825371 181.564 -0.0133133 0.999276 -0.0380153 -11.6406 -0.826163 0.0104266 0.563599 153.823
0.559858 0.0407284 0.82776 182.141 -0.0135082 0.999195 -0.0400351 -11.6688 -0.828641 0.0112261 0.559934 154.208
0.556316 0.0429721 0.830034 182.745 -0.0136269 0.999086 -0.0426009 -11.6952 -0.831017 0.0123819 0.556375 154.588
0.55075 0.0458855 0.833577 183.325 -0.0125889 0.998919 -0.0466769 -11.7197 -0.834734 0.015207 0.55071 154.988
0.544983 0.0482762 0.837232 183.914 -0.0108453 0.99875 -0.0505401 -11.7448 -0.838535 0.0184562 0.544808 155.366
0.539165 0.0510162 0.84082 184.522 -0.0126497 0.998631 -0.0524871 -11.7746 -0.842261 0.0176567 0.539051 155.748
0.533285 0.0530788 0.84444 185.131 -0.0171222 0.998589 -0.0519649 -11.807 -0.845916 0.0132469 0.533426 156.13
0.527082 0.0549831 0.8482 185.74 -0.0209531 0.998532 -0.0517149 -11.8387 -0.849713 0.00948 0.52744 156.514
0.519865 0.0558152 0.852592 186.315 -0.0210869 0.998484 -0.0525182 -11.8666 -0.85414 0.00931779 0.52024 156.906
0.512832 0.0581226 0.856686 186.919 -0.0220068 0.998357 -0.0545682 -11.9087 -0.858365 0.00912599 0.513249 157.279
0.505682 0.0626832 0.86061 187.551 -0.0250753 0.998092 -0.0579727 -11.9504 -0.862507 0.00773009 0.506276 157.656
0.498091 0.0673087 0.864675 188.18 -0.0275347 0.997798 -0.0618176 -11.9686 -0.866846 0.00697723 0.498829 158.033
0.49179 0.0702245 0.868045 188.844 -0.0291551 0.997599 -0.0641974 -12.0091 -0.870375 0.00625851 0.492645 158.396
0.48434 0.0721778 0.872062 189.496 -0.0297216 0.997463 -0.066057 -12.0583 -0.874533 0.00607014 0.485239 158.768
0.477574 0.0733853 0.875687 190.17 -0.0309114 0.997379 -0.0667351 -12.1122 -0.878196 0.00479716 0.47858 159.127
0.469345 0.0742648 0.88005 190.825 -0.0277173 0.997295 -0.0693841 -12.144 -0.882739 0.0081676 0.470118 159.498
0.462151 0.0747187 0.88381 191.543 -0.0270121 0.997253 -0.0701942 -12.1746 -0.886536 0.00856146 0.462891 159.866
0.453772 0.0725658 0.888321 192.244 -0.025987 0.997423 -0.0682109 -12.214 -0.890897 0.00786243 0.454474 160.241
0.44642 0.0705069 0.892204 192.974 -0.0278109 0.99759 -0.064929 -12.2639 -0.894535 0.00416751 0.447298 160.606
0.440432 0.0669392 0.89545 193.715 -0.0274094 0.997847 -0.0611197 -12.3045 -0.897526 0.00237055 0.441305 160.964
0.433491 0.0632425 0.899098 194.428 -0.023679 0.998078 -0.0587975 -12.341 -0.900992 0.0041932 0.434149 161.325
0.42735 0.0574113 0.902424 195.173 -0.0240748 0.998443 -0.0521265 -12.3803 -0.903924 0.00054571 0.428055 161.688
0.419506 0.0539731 0.906317 195.926 -0.0243147 0.998634 -0.0482261 -12.4051 -0.907575 -0.00181082 0.420241 162.067
0.413445 0.0539946 0.909089 196.693 -0.0201252 0.998632 -0.0501675 -12.428 -0.910465 0.00244077 0.413956 162.428
0.407667 0.0619338 0.9112 197.436 -0.0155231 0.99812 -0.0609079 -12.45 -0.91315 0.0106803 0.40786 162.744
0.40267 0.0717586 0.91269 198.261 -0.0107566 0.997322 -0.0736731 -12.4931 -0.915442 0.0198421 0.402354 163.154
0.394131 0.0789383 0.915832 199.123 -0.00526703 0.996581 -0.083643 -12.5354 -0.919191 0.0281364 0.393199 163.579
0.385491 0.0748263 0.919834 199.965 0.00260102 0.996713 -0.0821764 -12.5808 -0.922868 0.0340632 0.384021 163.984
0.377052 0.0674156 0.923909 200.808 0.00998033 0.997093 -0.07684 -12.6311 -0.92629 0.038186 0.375284 164.372
0.3692 0.0629752 0.927375 201.649 0.0113987 0.997419 -0.0722759 -12.6898 -0.92944 0.0372468 0.367523 164.747
0.361988 0.0704812 0.929689 202.463 0.00627326 0.99703 -0.0780406 -12.7524 -0.932314 0.0340748 0.360474 165.11
0.356101 0.0780102 0.931345 203.389 0.00270973 0.996518 -0.0845111 -12.8351 -0.934604 0.0326106 0.354645 165.5
0.352696 0.0783146 0.932626 204.246 0.000937752 0.996562 -0.0840487 -12.9209 -0.93589 0.0305119 0.351413 165.811
0.348261 0.0731052 0.934703 205.093 -0.00137201 0.997094 -0.0774797 -12.9958 -0.937558 0.0256937 0.347345 166.13
0.343187 0.0696917 0.936848 205.944 -0.00400545 0.997444 -0.0727425 -13.0692 -0.939411 0.0212061 0.342592 166.44
0.337004 0.071436 0.938951 206.823 -0.00667496 0.997375 -0.0734911 -13.1403 -0.941642 0.0184927 0.336594 166.775
0.330916 0.0751254 0.940835 207.713 -0.00759741 0.997108 -0.0769567 -13.2017 -0.943782 0.0183131 0.330534 167.107
0.322819 0.0747371 0.943666 208.585 -0.00301543 0.997057 -0.0779396 -13.2615 -0.946618 0.0223079 0.322093 167.444
0.317197 0.0735653 0.945672 209.499 0.00148994 0.99705 -0.078072 -13.3293 -0.948511 0.0261671 0.316158 167.768
0.319662 0.0725964 0.944908 210.572 0.00411159 0.997049 -0.0779992 -13.3962 -0.947685 0.0288108 0.31842 168.01
0.320189 0.0715298 0.944818 211.512 0.00739533 0.997032 -0.0779984 -13.4631 -0.94748 0.0319543 0.318713 168.262
0.320578 0.0705439 0.944753 212.508 0.00908104 0.997052 -0.0775365 -13.5402 -0.94734 0.0334278 0.318992 168.535
0.317483 0.0703381 0.945823 213.438 0.00738809 0.997137 -0.0766441 -13.595 -0.948389 0.0313139 0.316059 168.868
0.315813 0.0690632 0.946467 214.43 0.00669282 0.997265 -0.0750094 -13.662 -0.948959 0.0300158 0.314487 169.181
0.316221 0.0669378 0.946491 215.345 0.00280709 0.997544 -0.0714957 -13.7577 -0.948834 0.0252588 0.315261 169.464
0.317214 0.0690946 0.945997 216.295 0.000255901 0.997442 -0.0729442 -13.833 -0.948515 0.023374 0.316385 169.753
0.316965 0.0702466 0.946001 217.208 -0.000938616 0.997383 -0.0737567 -13.9004 -0.948591 0.0224845 0.316205 170.054
0.314808 0.0701637 0.946718 218.127 -0.000499871 0.997381 -0.0737579 -13.9673 -0.949319 0.0227395 0.314016 170.376
0.314198 0.068617 0.947043 219.067 -0.000524719 0.997504 -0.0721082 -14.041 -0.949513 0.0221533 0.313452 170.678
0.311715 0.0631622 0.948239 219.976 0.00099058 0.997871 -0.0668002 -14.1095 -0.95034 0.0217548 0.310988 170.996
0.3094 0.0618668 0.949081 221.084 0.00650386 0.997826 -0.0671733 -14.144 -0.951067 0.0269494 0.308327 171.393
0.309894 0.0638527 0.948791 222.026 0.00472291 0.997733 -0.0686953 -14.1938 -0.950925 0.0257615 0.308889 171.666
0.308531 0.0715702 0.948684 222.997 0.00456351 0.997149 -0.0767194 -14.242 -0.951362 0.0279931 0.307327 171.998
0.305526 0.0731197 0.949537 223.901 0.00458108 0.997029 -0.0782571 -14.3187 -0.952339 0.028252 0.304283 172.304
0.301912 0.0742926 0.950601 224.763 0.00283468 0.99699 -0.0788271 -14.3936 -0.95349 0.026487 0.300794 172.611
0.300096 0.070248 0.951484 225.74 0.00122577 0.997362 -0.0740279 -14.4682 -0.954075 0.0233746 0.299218 172.904
0.299719 0.0636109 0.95207 226.706 0.00182147 0.997841 -0.0672512 -14.5456 -0.954184 0.0218843 0.298958 173.175
0.295665 0.060674 0.953528 227.667 0.00220348 0.99804 -0.064196 -14.5954 -0.955455 0.0210744 0.294954 173.478
0.292747 0.0618373 0.954354 228.622 -0.000156473 0.998017 -0.0646272 -14.6504 -0.956349 0.018764 0.292179 173.757
0.289518 0.0631771 0.955251 229.56 -0.000471354 0.997934 -0.0658635 -14.7065 -0.957338 0.0186115 0.288951 174.029
0.285782 0.0636776 0.956343 230.484 -0.00018211 0.997901 -0.0663991 -14.7668 -0.958454 0.0187954 0.285197 174.309
0.281392 0.0633113 0.957669 231.399 -0.00105836 0.997947 -0.0656696 -14.8226 -0.959759 0.0174584 0.280884 174.588
0.27768 0.0625571 0.958801 232.323 -0.000850933 0.998001 -0.0648771 -14.8777 -0.960834 0.0171934 0.277182 174.855
0.273897 0.0624178 0.9599 233.254 -0.0023556 0.99804 -0.0642323 -14.9328 -0.961924 0.0153252 0.273511 175.126
0.270455 0.0632494 0.96082 234.168 -0.00407186 0.998013 -0.0645606 -14.9945 -0.962886 0.0135431 0.270179 175.379
0.266558 0.0645124 0.961827 235.091 -0.00678805 0.997966 -0.0650618 -15.0478 -0.963963 0.0108077 0.266458 175.64
0.262112 0.0647633 0.963031 236.058 -0.00975839 0.997981 -0.0644667 -15.0983 -0.965152 0.00749487 0.26222 175.919
0.258111 0.0663455 0.964004 236.986 -0.0145264 0.997901 -0.0647956 -15.1552 -0.966175 0.00271576 0.258537 176.186
0.256668 0.0713641 0.964031 237.894 -0.0194031 0.997559 -0.068689 -15.2098 -0.96647 -0.00107902 0.257431 176.417
0.253961 0.0774055 0.964282 238.821 -0.0226068 0.997104 -0.0740929 -15.2572 -0.967121 -0.00298692 0.254979 176.666
0.251632 0.0802215 0.964662 239.742 -0.0248382 0.996874 -0.0764303 -15.311 -0.967669 -0.00473157 0.252844 176.904
0.248839 0.0778124 0.965584 240.659 -0.0262332 0.997052 -0.0735944 -15.3777 -0.968361 -0.00702105 0.250151 177.15
0.24403 0.074812 0.967042 241.572 -0.0263003 0.997272 -0.0705222 -15.4397 -0.96957 -0.00822721 0.245338 177.411
0.240582 0.0717127 0.968145 242.495 -0.0258845 0.997496 -0.067461 -15.5006 -0.970455 -0.00883381 0.241841 177.653
0.235965 0.0717016 0.969278 243.446 -0.0257183 0.997495 -0.0675364 -15.5537 -0.971583 -0.00899502 0.237225 177.899
0.230754 0.0710515 0.970584 244.326 -0.0253271 0.99754 -0.0670101 -15.6164 -0.972854 -0.00912294 0.231993 178.148
0.226351 0.074326 0.971371 245.261 -0.0263706 0.997295 -0.0701731 -15.6593 -0.973851 -0.00973498 0.227707 178.373
0.223303 0.0781134 0.971786 246.23 -0.0269572 0.997007 -0.0739534 -15.7108 -0.974547 -0.00968598 0.224749 178.571
0.218967 0.0725997 0.973193 247.147 -0.0173468 0.997469 -0.0705161 -15.7682 -0.97574 -0.00144496 0.219681 178.762
0.215441 0.0676204 0.974344 248.069 -0.0173739 0.997816 -0.0654149 -15.8267 -0.976534 -0.00283943 0.216154 178.953
0.210883 0.0688208 0.97525 248.974 -0.0167675 0.997735 -0.0667903 -15.8904 -0.977529 -0.00227146 0.211569 179.143
0.207073 0.0812654 0.975116 249.87 -0.0155024 0.9968 -0.0797879 -15.9488 -0.978376 0.00140086 0.20768 179.328
0.202704 0.093496 0.974934 250.758 -0.0142712 0.995719 -0.0925307 -16.0107 -0.9793 0.00483924 0.20318 179.499
0.196386 0.0980952 0.975781 251.641 -0.0158159 0.995281 -0.09688 -16.0804 -0.980571 0.00358871 0.197022 179.691
0.192665 0.0935135 0.976963 252.521 -0.0193417 0.995731 -0.0915034 -16.151 -0.981235 -0.00126954 0.193662 179.837
0.184537 0.0884406 0.979015 253.4 -0.0216259 0.996181 -0.0859226 -16.2109 -0.982759 -0.0053201 0.185758 180.045
0.179597 0.0850395 0.980224 254.317 -0.0229606 0.996462 -0.0822495 -16.2722 -0.983634 -0.00773737 0.180926 180.221
0.172985 0.0850954 0.981418 255.233 -0.0264941 0.996416 -0.0817336 -16.3492 -0.984739 -0.0118665 0.174634 180.409
0.167386 0.0835871 0.982508 256.1 -0.0297932 0.996488 -0.0797087 -16.4133 -0.985603 -0.0159316 0.169303 180.539
0.158545 0.0795612 0.984319 256.991 -0.0339174 0.996713 -0.0751076 -16.4849 -0.986942 -0.02148 0.160738 180.715
0.152249 0.0750559 0.985658 257.867 -0.0355296 0.997001 -0.0704398 -16.5722 -0.987867 -0.0242966 0.154474 180.851
0.145288 0.0764233 0.986615 258.773 -0.0320181 0.996969 -0.0725185 -16.6329 -0.989047 -0.021056 0.147311 180.993
0.139459 0.0805539 0.987117 259.64 -0.0295865 0.9967 -0.0771638 -16.6852 -0.989951 -0.0184457 0.141399 181.112
0.13462 0.0816909 0.987706 260.532 -0.0273911 0.996639 -0.0787046 -16.7573 -0.990695 -0.0164623 0.136423 181.222
0.129287 0.0809266 0.988473 261.422 -0.0271311 0.996701 -0.0780598 -16.8064 -0.991403 -0.016728 0.131074 181.335
0.123909 0.0788522 0.989338 262.347 -0.0283026 0.996829 -0.0759129 -16.8651 -0.992068 -0.0185976 0.125767 181.452
0.117942 0.0775262 0.990164 263.251 -0.0257698 0.996973 -0.074998 -16.9303 -0.992855 -0.0166725 0.119602 181.565
0.112295 0.0807213 0.990573 264.058 -0.0236897 0.996746 -0.0785472 -16.9742 -0.993571 -0.0146493 0.113862 181.688
0.106103 0.0847969 0.990913 264.965 -0.0247766 0.996397 -0.0826221 -17.0301 -0.994218 -0.0157863 0.107842 181.816
0.104957 0.0863396 0.990903 265.932 -0.0222624 0.996298 -0.0844596 -17.1016 -0.994408 -0.0131987 0.106512 181.877
0.101637 0.084832 0.99138 266.833 -0.0166218 0.996487 -0.0835741 -17.1695 -0.994855 -0.00798628 0.102712 181.978
0.0994093 0.0825024 0.991801 267.715 -0.015603 0.996682 -0.0813526 -17.2354 -0.995106 -0.00739215 0.100388 182.07
0.0979294 0.0812962 0.992051 268.598 -0.0144413 0.996793 -0.0802686 -17.2984 -0.995263 -0.00646817 0.0988109 182.151
0.0945875 0.0811851 0.992382 269.504 -0.0132535 0.996802 -0.0802917 -17.3512 -0.995609 -0.00556257 0.0953833 182.264
0.0946094 0.0819292 0.992319 270.404 -0.0107496 0.996758 -0.0812799 -17.4307 -0.995631 -0.00297998 0.0952052 182.335
0.0938334 0.0830937 0.992296 271.284 -0.00892152 0.99666 -0.082624 -17.501 -0.995728 -0.00110506 0.0942836 182.427
0.0936977 0.0841636 0.99222 272.141 -0.00582173 0.996576 -0.0839923 -17.5691 -0.995759 0.00209032 0.0938885 182.521
0.0949553 0.0849016 0.992038 273.011 -0.00458898 0.996502 -0.0848531 -17.6399 -0.995652 0.00349922 0.095035 182.601
0.0964401 0.0850832 0.991879 273.886 -0.0034405 0.996488 -0.0851532 -17.7097 -0.995509 0.00479622 0.0964155 182.682
0.0979665 0.0848571 0.99175 274.746 -0.00151342 0.996487 -0.085122 -17.782 -0.995369 0.00683219 0.0977729 182.772
0.0997237 0.083884 0.991657 275.588 -0.00141191 0.996577 -0.0841675 -17.8475 -0.99519 0.00698965 0.0995218 182.865
0.101507 0.0820583 0.991631 276.431 -0.00023068 0.996713 -0.0824644 -17.9129 -0.995015 0.00813567 0.101214 182.961
0.104157 0.079041 0.991602 277.271 -0.000210002 0.996964 -0.0794562 -17.9782 -0.994739 0.00806364 0.103878 183.06
0.106496 0.0766641 0.991541 278.096 -0.00139164 0.997154 -0.0769579 -18.0341 -0.994492 0.00680955 0.10632 183.164
0.109396 0.0744734 0.991392 278.895 -0.00215221 0.997331 -0.0746921 -18.099 -0.994173 0.00603356 0.109284 183.266
0.113941 0.0748919 0.990848 279.702 -0.0070364 0.997311 -0.0745804 -18.1613 -0.993643 0.00152014 0.114181 183.356
0.119353 0.0761502 0.990114 280.476 -0.00951364 0.99722 -0.0755601 -18.2211 -0.992983 -0.000404227 0.119765 183.436
0.122368 0.0756215 0.989789 281.221 -0.00935785 0.997256 -0.0750447 -18.279 -0.99262 -8.45927e-05 0.122759 183.552
0.125669 0.073758 0.989514 281.976 -0.0100184 0.997399 -0.0730838 -18.3304 -0.992199 -0.000732023 0.126098 183.652
0.129381 0.0709647 0.989243 282.716 -0.0121283 0.997595 -0.0699873 -18.3839 -0.991701 -0.00294802 0.129948 183.749
0.133416 0.0693384 0.98882 283.43 -0.014608 0.997702 -0.0680009 -18.4364 -0.991131 -0.00537485 0.134139 183.841
0.138156 0.0705799 0.988084 284.18 -0.0134585 0.997621 -0.0693889 -18.4824 -0.990499 -0.00371687 0.138794 183.939
0.14209 0.0713172 0.987473 284.863 -0.0129879 0.997574 -0.0701888 -18.5365 -0.989949 -0.0028547 0.142687 184.048
0.145878 0.0726602 0.986823 285.557 -0.0130015 0.997477 -0.0715321 -18.5929 -0.989396 -0.00240038 0.14647 184.144
0.148658 0.0753527 0.986205 286.224 -0.0138709 0.997278 -0.0741187 -18.6456 -0.988971 -0.00266365 0.149314 184.26
0.151129 0.0760602 0.985778 286.883 -0.0169638 0.997212 -0.0743513 -18.6921 -0.988547 -0.00549041 0.152013 184.378
0.154801 0.0768511 0.985145 287.536 -0.0192205 0.997141 -0.0747776 -18.7368 -0.987938 -0.00736105 0.15585 184.481
0.157697 0.0759938 0.984755 288.14 -0.0204888 0.997196 -0.0736825 -18.7918 -0.987454 -0.00856088 0.158826 184.595
0.160709 0.0752628 0.984323 288.748 -0.0211107 0.997248 -0.0728156 -18.8407 -0.986956 -0.00907916 0.161869 184.702
0.165208 0.0762234 0.983506 289.357 -0.0224955 0.997166 -0.0735131 -18.885 -0.986183 -0.00998317 0.166467 184.79
0.168544 0.0790469 0.982716 289.94 -0.0258113 0.996917 -0.0757737 -18.9353 -0.985537 -0.0125949 0.170076 184.897
0.170096 0.0779876 0.982536 290.516 -0.0270169 0.996983 -0.0744672 -18.9866 -0.985238 -0.0138812 0.171703 185.015
0.173171 0.0784755 0.98196 291.08 -0.0283301 0.99693 -0.0746879 -19.0253 -0.984668 -0.0148857 0.174875 185.12
0.175657 0.0776499 0.981585 291.623 -0.0304338 0.996961 -0.0734302 -19.0714 -0.984163 -0.0169767 0.177498 185.228
0.177534 0.0784862 0.981183 292.163 -0.0302845 0.996905 -0.0742769 -19.1045 -0.983834 -0.0165278 0.179373 185.339
0.18065 0.0797137 0.980514 292.695 -0.0313198 0.996798 -0.0752772 -19.1439 -0.983231 -0.0171125 0.182579 185.441
0.182812 0.0812085 0.97999 293.221 -0.0312893 0.996684 -0.0767676 -19.1787 -0.982835 -0.016629 0.184758 185.548
0.18586 0.0819519 0.979356 293.747 -0.0302671 0.996648 -0.0776649 -19.2212 -0.982293 -0.0152093 0.187727 185.647
0.188618 0.0830874 0.978732 294.245 -0.0319441 0.996533 -0.0784551 -19.268 -0.981716 -0.0164663 0.190628 185.736
0.189702 0.0846703 0.978388 294.765 -0.032486 0.996399 -0.0799403 -19.2956 -0.981487 -0.0166208 0.19178 185.854
0.191812 0.0861844 0.977844 295.273 -0.0332843 0.996261 -0.0812915 -19.3357 -0.981052 -0.0169535 0.193973 185.95
0.193346 0.0871724 0.977456 295.763 -0.0339311 0.996172 -0.0821401 -19.3793 -0.980727 -0.017286 0.195573 186.041
0.193746 0.088012 0.977301 296.274 -0.0332078 0.996112 -0.0831356 -19.4179 -0.980675 -0.0163462 0.195924 186.15
0.194101 0.0883951 0.977196 296.766 -0.0338274 0.996071 -0.0833935 -19.4544 -0.980582 -0.0168705 0.196338 186.238
0.193653 0.0879498 0.977325 297.292 -0.0353631 0.996079 -0.0826433 -19.4904 -0.980618 -0.018556 0.196013 186.344
0.192397 0.0873503 0.977628 297.806 -0.035556 0.996125 -0.0820159 -19.5165 -0.980858 -0.0189817 0.194766 186.451
0.191126 0.087898 0.977829 298.331 -0.0342425 0.996101 -0.0828604 -19.5572 -0.981156 -0.0176454 0.193399 186.547
0.189845 0.0905929 0.977833 298.848 -0.0312028 0.995915 -0.0862209 -19.5969 -0.981504 -0.0141437 0.191906 186.636
0.189046 0.0944776 0.97762 299.398 -0.0253676 0.995627 -0.0913253 -19.6374 -0.981829 -0.00753526 0.190625 186.725
0.188018 0.0992419 0.977347 299.952 -0.0229224 0.995182 -0.0966541 -19.6746 -0.982084 -0.00423266 0.189397 186.811
0.187257 0.102705 0.977136 300.514 -0.0238717 0.99483 -0.100003 -19.7147 -0.982211 -0.00459963 0.18875 186.893
0.184943 0.1034 0.977503 301.087 -0.0240743 0.994756 -0.100681 -19.755 -0.98264 -0.00491452 0.186473 187.004
0.184832 0.0999468 0.977884 301.648 -0.0192912 0.995121 -0.0980758 -19.8142 -0.982772 -0.000737526 0.185867 187.088
0.182214 0.0945198 0.978914 302.223 -0.0098014 0.995622 -0.0943196 -19.8667 -0.983396 0.00758761 0.182354 187.205
0.180603 0.0942253 0.979243 302.846 -0.00885346 0.995645 -0.0941843 -19.9112 -0.983706 0.00833822 0.180661 187.295
0.178256 0.0981537 0.979284 303.466 -0.0135853 0.995291 -0.0972958 -19.9572 -0.984076 0.00403644 0.178762 187.399
0.177119 0.100057 0.979301 304.09 -0.0162061 0.99511 -0.0987552 -20.0101 -0.984248 0.00161982 0.177884 187.5
0.175597 0.09882 0.979697 304.721 -0.0121245 0.995218 -0.0982232 -20.0511 -0.984574 0.00536597 0.175968 187.608
0.175252 0.0971673 0.979927 305.338 -0.00694242 0.995346 -0.0974677 -20.0963 -0.984691 0.0102762 0.175121 187.714
0.1728 0.0975602 0.980321 305.981 -0.00555728 0.99529 -0.0980813 -20.1478 -0.985129 0.0114961 0.17254 187.835
0.169407 0.0996419 0.980706 306.64 -0.00948556 0.995127 -0.0994814 -20.1979 -0.985693 0.00754854 0.169537 187.97
0.167193 0.102322 0.980809 307.312 -0.0111526 0.99486 -0.101898 -20.2522 -0.986048 0.00609464 0.167488 188.09
0.164937 0.105848 0.980819 307.996 -0.013029 0.994504 -0.105147 -20.3069 -0.986409 0.00456249 0.165422 188.218
0.163387 0.10847 0.98079 308.77 -0.0115219 0.994209 -0.108046 -20.3648 -0.98668 0.00634956 0.163704 188.346
0.161307 0.107119 0.981284 309.481 -0.0144902 0.994375 -0.106179 -20.4382 -0.986988 0.00290777 0.161965 188.48
0.159201 0.108413 0.981484 310.222 -0.0186154 0.994233 -0.106812 -20.4904 -0.987255 -0.00126827 0.160316 188.61
0.156146 0.108841 0.981934 310.927 -0.019237 0.99419 -0.107154 -20.5683 -0.98774 -0.00215762 0.157346 188.745
0.153987 0.114168 0.981664 311.663 -0.0153822 0.993587 -0.113152 -20.6364 -0.988139 0.00232145 0.154772 188.873
0.153148 0.1209 0.980995 312.437 -0.0141792 0.99279 -0.120154 -20.7014 -0.988293 0.0044911 0.153772 188.982
0.152426 0.125106 0.980574 313.221 -0.0144275 0.99226 -0.124365 -20.7757 -0.988395 0.00480692 0.153068 189.098
0.151832 0.122437 0.981011 313.977 -0.010703 0.992583 -0.122238 -20.8597 -0.988542 0.00805888 0.15203 189.21
0.151344 0.115753 0.98189 314.767 -0.00520926 0.993327 -0.11631 -20.9522 -0.988653 0.0124839 0.150953 189.316
0.149816 0.111937 0.982574 315.535 -0.00130899 0.993731 -0.113021 -21.0444 -0.988906 0.0156437 0.149038 189.43
0.145788 0.112853 0.98307 316.306 0.000825217 0.993587 -0.114194 -21.1239 -0.989501 0.0174549 0.144778 189.588
0.143055 0.114916 0.983238 317.097 0.00168008 0.993348 -0.116355 -21.2057 -0.989906 0.0182944 0.141926 189.738
0.143062 0.115671 0.983143 317.924 0.00240532 0.993232 -0.117219 -21.3017 -0.989896 0.0191297 0.141834 189.845
0.143937 0.114431 0.983166 318.737 0.00219689 0.993394 -0.115956 -21.3985 -0.989777 0.0188474 0.14275 189.942
0.144622 0.112646 0.983266 319.544 0.00260734 0.99358 -0.114222 -21.4838 -0.98967 0.0190777 0.143418 190.052
0.145149 0.111331 0.983343 320.375 0.00322084 0.993734 -0.112995 -21.5732 -0.989598 0.0195652 0.143896 190.177
0.14607 0.110565 0.983289 321.217 0.00380061 0.993794 -0.112323 -21.6622 -0.989453 0.0201388 0.144761 190.308
0.14715 0.108575 0.983354 322.034 0.00345924 0.994038 -0.110285 -21.7455 -0.989302 0.0196269 0.145912 190.436
0.149138 0.106679 0.98326 322.899 0.00446297 0.994211 -0.108556 -21.8366 -0.988994 0.0205727 0.147816 190.569
0.152795 0.104558 0.982929 323.757 0.00599118 0.994415 -0.106724 -21.9346 -0.988433 0.0221919 0.151329 190.673
0.151943 0.103392 0.983182 324.643 0.00671729 0.994513 -0.105634 -22.0313 -0.988555 0.0226487 0.150432 190.866
0.152952 0.103246 0.983042 325.52 0.00741851 0.994523 -0.105618 -22.1217 -0.988396 0.0234433 0.151363 191.029
0.157955 0.102224 0.982356 326.371 0.0100246 0.99454 -0.105115 -22.1981 -0.987584 0.0264444 0.156083 191.121
0.160503 0.100793 0.982093 327.27 0.0119455 0.994643 -0.104045 -22.2833 -0.987155 0.0284263 0.158452 191.271
0.162662 0.101147 0.981699 328.213 0.0139154 0.994529 -0.104786 -22.3491 -0.986772 0.0306981 0.16038 191.46
0.16764 0.101794 0.980799 329.103 0.0149926 0.994418 -0.105784 -22.434 -0.985926 0.0324328 0.165191 191.577
0.170919 0.101978 0.980209 330.006 0.0161412 0.994337 -0.106274 -22.522 -0.985342 0.0339783 0.168319 191.728
0.174946 0.103514 0.979343 330.93 0.0160447 0.994167 -0.107961 -22.604 -0.984639 0.0345948 0.172277 191.877
0.177442 0.105137 0.978716 331.844 0.013894 0.994042 -0.109314 -22.6923 -0.984224 0.0329877 0.174937 192.048
0.179007 0.106893 0.978246 332.75 0.0125061 0.993894 -0.110904 -22.7767 -0.98396 0.0320815 0.176589 192.231
0.181847 0.107659 0.977636 333.715 0.00978564 0.993874 -0.11128 -22.8731 -0.983471 0.0297958 0.179692 192.397
0.183346 0.10656 0.977479 334.653 0.00942721 0.99401 -0.110144 -22.9689 -0.983196 0.0294044 0.181254 192.578
0.185427 0.104333 0.977325 335.598 0.00906724 0.994256 -0.107873 -23.0604 -0.982809 0.0288574 0.183427 192.756
0.187393 0.101802 0.97722 336.551 0.0085749 0.994546 -0.105266 -23.1524 -0.982441 0.0281007 0.185508 192.922
0.188967 0.101362 0.976961 337.481 0.0103989 0.994529 -0.105209 -23.2434 -0.982123 0.0300331 0.18689 193.097
0.190365 0.10352 0.976466 338.42 0.012737 0.99422 -0.1079 -23.3365 -0.981825 0.032972 0.187956 193.27
0.190204 0.103453 0.976502 339.327 0.0112553 0.994271 -0.10754 -23.4207 -0.981876 0.0314379 0.18796 193.462
0.189313 0.101685 0.976861 340.262 0.00870083 0.99455 -0.105227 -23.5199 -0.982073 0.0284154 0.187405 193.668
0.18762 0.100836 0.977277 341.172 0.00550255 0.994727 -0.103705 -23.6088 -0.982423 0.0248278 0.186086 193.877
0.187228 0.10284 0.977143 342.131 0.00337161 0.994571 -0.105335 -23.6947 -0.982505 0.0230119 0.185874 194.078
0.188253 0.103515 0.976875 343.062 0.00348184 0.994487 -0.106065 -23.791 -0.982311 0.0233618 0.186865 194.246
0.189399 0.103762 0.976627 343.976 0.00349952 0.994461 -0.10635 -23.8864 -0.982088 0.0235561 0.187997 194.409
0.189696 0.104193 0.976524 344.909 0.00192092 0.994448 -0.106491 -23.9846 -0.982037 0.0220704 0.188453 194.595
0.190341 0.104189 0.976399 345.837 0.00219553 0.994442 -0.106557 -24.0875 -0.981911 0.0224219 0.189064 194.772
0.193285 0.103505 0.975895 346.74 0.00147289 0.994524 -0.105785 -24.1888 -0.981339 0.0218779 0.192084 194.903
0.194618 0.101815 0.975807 347.685 0.00290399 0.994671 -0.104378 -24.2812 -0.981071 0.0231431 0.193294 195.08
0.194567 0.103377 0.975654 348.596 0.00230588 0.994516 -0.105848 -24.3661 -0.981083 0.0228379 0.193272 195.275
0.194771 0.105976 0.975335 349.482 0.00267091 0.994223 -0.108577 -24.4518 -0.981042 0.0237483 0.193372 195.452
0.196373 0.108062 0.974788 350.434 0.00540953 0.993913 -0.111284 -24.5345 -0.980712 0.0271194 0.194602 195.634
0.1985 0.104179 0.974778 351.344 0.00822574 0.994262 -0.107952 -24.6258 -0.980263 0.0294413 0.196512 195.803
0.201648 0.100767 0.974493 352.271 0.0100666 0.994567 -0.104939 -24.7221 -0.979607 0.0309627 0.199546 195.971
0.205438 0.101233 0.973649 353.156 0.0142147 0.994361 -0.106401 -24.8243 -0.978764 0.0356927 0.202848 196.134
0.210255 0.106255 0.972089 354.083 0.0200491 0.99354 -0.112948 -24.9119 -0.977642 0.0432278 0.206773 196.298
0.214891 0.108163 0.97086 355.008 0.0233014 0.993138 -0.115818 -25.0105 -0.976558 0.0475025 0.210901 196.473
0.218393 0.107285 0.97018 355.902 0.0264717 0.993063 -0.115787 -25.113 -0.975704 0.0509587 0.214043 196.669
0.220225 0.106783 0.969818 356.775 0.0275809 0.993051 -0.11562 -25.2092 -0.975258 0.0522019 0.215754 196.884
0.222761 0.109401 0.968952 357.688 0.0280579 0.992696 -0.118545 -25.3081 -0.974676 0.0535828 0.218069 197.1
0.225776 0.109112 0.968283 358.566 0.0278031 0.992723 -0.118365 -25.4081 -0.973983 0.0536358 0.221103 197.312
0.230205 0.106275 0.967562 359.488 0.0268879 0.993089 -0.115489 -25.5044 -0.972981 0.0525906 0.225759 197.516
0.236469 0.102186 0.966486 360.383 0.0248051 0.993637 -0.111142 -25.6044 -0.971524 0.050246 0.232432 197.695
0.239717 0.101011 0.965814 361.284 0.0226188 0.993865 -0.109571 -25.7045 -0.970789 0.0481009 0.235962 197.94
0.244892 0.100581 0.964557 362.17 0.0201916 0.994001 -0.108794 -25.7979 -0.969544 0.0461099 0.241393 198.153
0.250188 0.100357 0.963224 363.067 0.0185588 0.994077 -0.108406 -25.8843 -0.968231 0.0449877 0.246842 198.382
0.255306 0.100749 0.961836 363.956 0.0166269 0.994094 -0.108557 -25.9799 -0.966922 0.043699 0.252122 198.635
0.262174 0.101785 0.959883 364.825 0.0122004 0.994135 -0.108764 -26.0988 -0.965145 0.0402165 0.259395 198.843
0.270081 0.103237 0.957531 365.705 0.00972256 0.994035 -0.109932 -26.1858 -0.962994 0.0389924 0.267464 199.101
0.278222 0.104767 0.955032 366.59 0.0063847 0.993952 -0.11091 -26.2814 -0.960698 0.0369464 0.275867 199.375
0.287522 0.105293 0.952214 367.514 0.00474672 0.993913 -0.111355 -26.3787 -0.95797 0.0365295 0.285265 199.663
0.296786 0.105523 0.949344 368.427 0.0031885 0.993903 -0.111487 -26.4757 -0.955142 0.0361062 0.294634 199.954
0.308146 0.104535 0.945829 369.326 0.00119806 0.994045 -0.110273 -26.5875 -0.95155 0.035106 0.306176 200.219
0.319684 0.103622 0.942093 370.19 -0.000918041 0.99418 -0.109053 -26.6987 -0.947728 0.0339891 0.317908 200.457
0.32621 0.104264 0.939783 371.095 -0.00118557 0.994088 -0.109896 -26.7695 -0.945509 0.0347282 0.324391 200.811
0.332978 0.104646 0.937361 371.984 -0.00355276 0.994099 -0.109732 -26.8653 -0.943132 0.0331995 0.331372 201.123
0.339484 0.103545 0.935157 372.821 -0.00445452 0.994234 -0.108489 -26.9735 -0.94082 0.0326584 0.337972 201.423
0.344959 0.104201 0.93307 373.697 -0.0052269 0.994161 -0.109105 -27.0705 -0.93881 0.0327514 0.343474 201.746
0.349012 0.104214 0.931565 374.552 -0.00609494 0.994175 -0.108954 -27.1569 -0.937315 0.0323424 0.347596 202.084
0.354131 0.104458 0.929598 375.437 -0.00751468 0.994173 -0.108865 -27.2525 -0.935373 0.031559 0.352835 202.41
0.358041 0.104941 0.92805 376.299 -0.00734241 0.994095 -0.109596 -27.3356 -0.933895 0.0324197 0.356676 202.754
0.362378 0.105575 0.926289 377.187 -0.00798763 0.994026 -0.110184 -27.4286 -0.932205 0.0325214 0.361037 203.104
0.36627 0.105543 0.924766 378.072 -0.00889346 0.994043 -0.109947 -27.5199 -0.930684 0.0320399 0.365006 203.458
0.3705 0.104389 0.923207 378.933 -0.00935621 0.99418 -0.108674 -27.6127 -0.928995 0.0316179 0.3693 203.813
0.37423 0.102786 0.921886 379.782 -0.0104065 0.994386 -0.106665 -27.7113 -0.927496 0.030318 0.373176 204.181
0.377697 0.100928 0.920672 380.672 -0.00997964 0.994573 -0.10495 -27.8005 -0.926086 0.0304434 0.376632 204.563
0.38133 0.0988299 0.919407 381.514 -0.0105407 0.994813 -0.102584 -27.8931 -0.924599 0.0294214 0.38037 204.942
0.384436 0.0979134 0.918207 382.403 -0.0120788 0.994954 -0.101055 -27.977 -0.923285 0.0277508 0.383655 205.335
0.389821 0.0985754 0.915867 383.269 -0.0124588 0.994873 -0.101797 -28.0626 -0.921026 0.0282662 0.389025 205.682
0.395512 0.101675 0.91308 384.123 -0.0144276 0.994568 -0.104514 -28.1559 -0.91856 0.0281555 0.394804 206.037
0.39973 0.105885 0.910756 385.039 -0.0171379 0.994136 -0.108077 -28.2353 -0.916688 0.0275882 0.399172 206.43
0.404182 0.107317 0.908628 385.936 -0.0181982 0.993989 -0.109319 -28.3115 -0.914711 0.0276422 0.403678 206.813
0.40804 0.104679 0.907204 386.773 -0.0199718 0.99433 -0.10577 -28.3922 -0.912964 0.025035 0.407787 207.19
0.410728 0.102841 0.906211 387.614 -0.0225551 0.994609 -0.102667 -28.474 -0.911694 0.021722 0.410806 207.573
0.413807 0.104523 0.904608 388.44 -0.0271886 0.994501 -0.102494 -28.5727 -0.91018 0.0178139 0.414341 207.935
0.414846 0.110161 0.903471 389.276 -0.0308228 0.993929 -0.107053 -28.6617 -0.909586 0.0165577 0.415691 208.333
0.416122 0.114593 0.902324 390.089 -0.0322031 0.993399 -0.11133 -28.7502 -0.90896 0.0172661 0.417034 208.716
0.417608 0.114926 0.901603 390.92 -0.0342989 0.99341 -0.110757 -28.8514 -0.908197 0.0153241 0.418765 209.084
0.419617 0.110928 0.901165 391.739 -0.0375026 0.993914 -0.104904 -28.9583 -0.907148 0.0102214 0.421191 209.443
0.421021 0.107324 0.900954 392.536 -0.0405794 0.994365 -0.0995028 -29.0529 -0.906361 0.0053292 0.422969 209.811
0.420948 0.105653 0.901179 393.337 -0.0426945 0.994539 -0.0966773 -29.1415 -0.906302 0.00221973 0.423126 210.205
0.421546 0.104874 0.900999 394.107 -0.0427756 0.994641 -0.095775 -29.2251 -0.906015 0.00182985 0.423738 210.565
0.421453 0.106057 0.900894 394.922 -0.0429678 0.994495 -0.0969974 -29.3025 -0.906052 0.00216949 0.423657 210.942
0.421552 0.106956 0.900752 395.716 -0.0439734 0.99442 -0.0975134 -29.384 -0.905955 0.00149503 0.423868 211.316
0.422044 0.10213 0.901072 396.464 -0.0383976 0.994895 -0.0948007 -29.463 -0.905984 0.00540911 0.423777 211.676
0.422532 0.100253 0.901063 397.261 -0.0366546 0.995099 -0.0935413 -29.5398 -0.905824 0.00649202 0.4241 212.037
0.422499 0.102669 0.900799 398.025 -0.0377652 0.994836 -0.0956954 -29.6225 -0.905799 0.00641026 0.424159 212.399
0.42338 0.107333 0.89985 398.871 -0.0357448 0.994324 -0.101797 -29.6897 -0.905464 0.0109296 0.424777 212.764
0.424178 0.111217 0.898994 399.646 -0.0352125 0.993847 -0.106359 -29.7699 -0.905116 0.0134559 0.425448 213.126
0.425617 0.110277 0.898438 400.434 -0.036728 0.993995 -0.104621 -29.8564 -0.904376 0.0115261 0.427074 213.468
0.426844 0.107024 0.898241 401.219 -0.036314 0.994343 -0.101239 -29.9392 -0.903817 0.0105916 0.42828 213.827
0.428259 0.106739 0.897611 401.994 -0.0368223 0.994397 -0.100695 -30.0245 -0.903125 0.0100669 0.429752 214.19
0.428115 0.108343 0.897478 402.812 -0.0369926 0.9942 -0.102395 -30.1055 -0.903188 0.0106338 0.429604 214.585
0.42921 0.110675 0.896677 403.624 -0.0359918 0.993933 -0.105465 -30.1928 -0.902705 0.0129887 0.430551 214.965
0.42942 0.111571 0.896459 404.432 -0.0352321 0.993798 -0.10683 -30.2772 -0.902636 0.0142872 0.430651 215.365
0.428978 0.11048 0.896812 405.247 -0.0352058 0.993945 -0.105619 -30.3608 -0.902846 0.0137304 0.43023 215.776
0.429061 0.108165 0.89705 406.083 -0.0348025 0.994192 -0.103253 -30.4402 -0.902824 0.0130792 0.430296 216.189
0.430319 0.107531 0.896529 406.913 -0.0324257 0.994241 -0.1037 -30.5274 -0.902313 0.0155477 0.431287 216.583
0.432064 0.107329 0.89571 407.74 -0.0285411 0.994169 -0.105381 -30.6132 -0.901614 0.019962 0.432568 216.98
0.431393 0.10657 0.896127 408.584 -0.025006 0.994192 -0.106207 -30.6998 -0.902037 0.0234012 0.431511 217.417
0.431337 0.105169 0.896316 409.425 -0.0230072 0.994288 -0.105614 -30.7832 -0.90212 0.0249274 0.431253 217.846
0.433278 0.103171 0.895617 410.298 -0.0174717 0.994365 -0.106107 -30.8796 -0.901311 0.0303164 0.432596 218.252
0.432084 0.101646 0.896363 411.111 -0.0133819 0.994388 -0.106332 -30.9641 -0.901957 0.0339411 0.430979 218.694
0.431832 0.09993 0.896684 411.954 -0.0157867 0.994694 -0.103263 -31.0474 -0.902036 0.0304267 0.431075 219.119
0.431771 0.0948234 0.897261 412.773 -0.0178976 0.995311 -0.0965937 -31.1433 -0.902028 0.0256409 0.431404 219.532
0.432478 0.0904989 0.897375 413.61 -0.0179667 0.995785 -0.0917774 -31.2353 -0.901686 0.0235598 0.432237 219.949
0.43432 0.0909028 0.896437 414.436 -0.0167479 0.995686 -0.0928734 -31.3269 -0.900825 0.0253163 0.433928 220.335
0.434965 0.0928635 0.895932 415.218 -0.0168341 0.995499 -0.0950241 -31.4103 -0.900511 0.0262402 0.434526 220.738
0.436657 0.0939957 0.894983 416.075 -0.015716 0.995322 -0.0968865 -31.5023 -0.899715 0.0282326 0.436049 221.137
0.437674 0.0921737 0.894683 416.947 -0.0143338 0.995486 -0.0955604 -31.5877 -0.89924 0.02899 0.436976 221.549
0.439958 0.0888204 0.893896 417.771 -0.0121644 0.995746 -0.0929738 -31.6773 -0.898162 0.0300222 0.439123 221.93
0.440757 0.0875156 0.893638 418.575 -0.0133701 0.995932 -0.0909527 -31.7607 -0.897749 0.0281296 0.440089 222.326
0.441038 0.0884711 0.893399 419.395 -0.0148261 0.995862 -0.0913194 -31.8433 -0.897591 0.0270217 0.440482 222.723
0.441943 0.0880535 0.892997 420.173 -0.0151198 0.995925 -0.0907333 -31.9267 -0.897138 0.0265867 0.441428 223.103
0.440514 0.0864154 0.893862 420.956 -0.0146396 0.996068 -0.0891024 -32.0012 -0.897854 0.0261568 0.440003 223.508
0.439865 0.0839223 0.894421 421.726 -0.0133364 0.996287 -0.0869357 -32.074 -0.898187 0.0263011 0.439307 223.891
0.439714 0.0819698 0.894673 422.499 -0.0139528 0.996481 -0.0844606 -32.1539 -0.898256 0.0246472 0.439267 224.263
0.439057 0.0819912 0.894999 423.242 -0.0144186 0.996504 -0.0842312 -32.2208 -0.898567 0.0240672 0.43866 224.625
0.436942 0.083633 0.895878 423.972 -0.0134553 0.996317 -0.0864674 -32.2883 -0.899615 0.0257183 0.436414 225.005
0.435137 0.0872989 0.89641 424.736 -0.0141636 0.995991 -0.0901358 -32.3663 -0.900476 0.026514 0.434584 225.383
0.435127 0.0929477 0.895845 425.472 -0.016165 0.995458 -0.095452 -32.4395 -0.900449 0.0270438 0.43461 225.728
0.435463 0.0976634 0.895181 426.208 -0.0182775 0.995016 -0.099678 -32.5079 -0.900244 0.0270339 0.435032 226.058
0.435099 0.0985204 0.895264 426.927 -0.0179031 0.994901 -0.100805 -32.5856 -0.90043 0.0278236 0.434601 226.412
0.434446 0.0947791 0.895984 427.662 -0.019193 0.995361 -0.0959986 -32.67 -0.900717 0.0244992 0.434203 226.754
0.434274 0.090836 0.896477 428.43 -0.0193142 0.995768 -0.0915611 -32.7433 -0.9008 0.02244 0.434147 227.093
0.432645 0.0887311 0.897477 429.125 -0.0177549 0.995955 -0.0899223 -32.8157 -0.901616 0.0229592 0.432424 227.46
0.432933 0.0890106 0.897307 429.858 -0.0162213 0.995876 -0.0909824 -32.89 -0.901505 0.0248254 0.432548 227.79
0.43331 0.0908185 0.896947 430.57 -0.0163809 0.995704 -0.0929183 -32.9565 -0.901322 0.0255586 0.432889 228.126
0.43262 0.0914827 0.897211 431.256 -0.0159036 0.995614 -0.0938682 -33.0278 -0.901662 0.0263316 0.432133 228.477
0.432107 0.0912573 0.897484 431.949 -0.0142036 0.995598 -0.0944091 -33.0949 -0.901937 0.0280357 0.431454 228.823
0.432556 0.0912139 0.897269 432.641 -0.0138151 0.995579 -0.0945683 -33.1713 -0.901727 0.0285011 0.43186 229.158
0.432482 0.0921397 0.897214 433.357 -0.0125718 0.99545 -0.0961823 -33.2418 -0.901781 0.0303053 0.431626 229.501
0.432229 0.0935116 0.897191 434.049 -0.014882 0.995369 -0.0965954 -33.3173 -0.901867 0.0283905 0.431575 229.848
0.43225 0.0935728 0.897177 434.754 -0.0147581 0.995367 -0.0967179 -33.3825 -0.901858 0.0285538 0.431582 230.188
0.432369 0.0934239 0.897132 435.467 -0.0155493 0.995398 -0.0961836 -33.4418 -0.901789 0.0276284 0.431788 230.537
0.432578 0.0928258 0.897095 436.169 -0.0149354 0.995451 -0.0958155 -33.4982 -0.901698 0.0280376 0.431951 230.892
0.434661 0.0913453 0.896239 436.87 -0.0150732 0.995597 -0.0941825 -33.563 -0.900695 0.0274195 0.43408 231.225
0.434892 0.0885278 0.896411 437.554 -0.0140427 0.995863 -0.0915514 -33.6394 -0.900599 0.0272152 0.43429 231.588
0.437284 0.0865601 0.895439 438.244 -0.0138036 0.996042 -0.0895652 -33.7176 -0.899445 0.0267964 0.436703 231.917
0.437849 0.0866672 0.895154 438.916 -0.0159614 0.996101 -0.0886478 -33.7901 -0.899135 0.0245147 0.437475 232.266
0.439107 0.0874765 0.894458 439.581 -0.018057 0.996062 -0.0885699 -33.865 -0.898483 0.0227325 0.438912 232.606
0.440967 0.0888747 0.893407 440.226 -0.0183798 0.995936 -0.090017 -33.9205 -0.897565 0.0232627 0.440758 232.926
0.443973 0.0881682 0.891984 440.897 -0.0187293 0.995999 -0.0891483 -33.9903 -0.896075 0.0228653 0.4438 233.251
0.447403 0.0876706 0.890321 441.546 -0.0192679 0.996062 -0.0884155 -34.0474 -0.894356 0.0223916 0.447278 233.544
0.450624 0.0872758 0.88873 442.172 -0.0196137 0.996094 -0.087895 -34.0961 -0.892728 0.0221686 0.450526 233.83
0.452604 0.0867559 0.887779 442.802 -0.0196703 0.996148 -0.0873331 -34.1566 -0.891727 0.0220533 0.452515 234.137
0.455013 0.0869661 0.886522 443.402 -0.0201171 0.996126 -0.0874138 -34.211 -0.890489 0.0219326 0.454949 234.429
0.455353 0.0874139 0.886308 444.002 -0.0209075 0.996104 -0.0875173 -34.2636 -0.890298 0.0213098 0.455355 234.747
0.457842 0.0861686 0.885145 444.617 -0.0191506 0.996173 -0.0870931 -34.3292 -0.889061 0.0229162 0.45769 235.041
0.458499 0.0857576 0.884847 445.184 -0.0174089 0.99617 -0.0875421 -34.3722 -0.888758 0.024722 0.458183 235.348
0.460046 0.0862379 0.883996 445.767 -0.0178826 0.996127 -0.0878923 -34.4288 -0.887951 0.0246184 0.459755 235.639
0.461751 0.0876972 0.882965 446.359 -0.0195468 0.996026 -0.0887209 -34.4809 -0.887028 0.0236965 0.461578 235.932
0.462774 0.0890759 0.88229 446.914 -0.0211479 0.995922 -0.0894779 -34.5261 -0.886461 0.022742 0.462719 236.222
0.464148 0.0911874 0.881355 447.449 -0.0233748 0.995764 -0.090731 -34.5568 -0.885685 0.0215002 0.46426 236.495
0.464323 0.0934123 0.881027 447.995 -0.0264001 0.995597 -0.0916685 -34.5926 -0.88551 0.0192981 0.464692 236.782
0.465542 0.0941314 0.880311 448.506 -0.028566 0.995569 -0.091366 -34.6397 -0.884806 0.0173777 0.466113 237.051
0.465529 0.0942558 0.880301 448.999 -0.030927 0.995595 -0.0902679 -34.6871 -0.884729 0.0147916 0.466342 237.327
0.466083 0.0928728 0.880157 449.486 -0.0310999 0.995741 -0.088617 -34.7431 -0.884435 0.0139207 0.466931 237.596
0.465834 0.0936316 0.880207 449.96 -0.0318697 0.995673 -0.0890703 -34.7788 -0.884534 0.0134344 0.466751 237.866
0.466134 0.0946152 0.879945 450.427 -0.031675 0.995571 -0.0902859 -34.8276 -0.884384 0.0142035 0.467013 238.116
0.46731 0.0970034 0.879059 450.906 -0.0324126 0.995331 -0.0926261 -34.8851 -0.883736 0.0147867 0.468221 238.358
0.467258 0.099009 0.878865 451.309 -0.0325085 0.995121 -0.09484 -34.9374 -0.883761 0.0157349 0.468143 238.595
0.468482 0.100449 0.878049 451.778 -0.0328898 0.994968 -0.0962994 -34.9906 -0.883099 0.0162296 0.469375 238.836
0.46916 0.100284 0.877707 452.189 -0.0309728 0.994949 -0.0971414 -35.0383 -0.882807 0.01838 0.469842 239.067
0.469682 0.0986774 0.877613 452.59 -0.0289349 0.99508 -0.096424 -35.0919 -0.882599 0.0198886 0.470176 239.285
0.469038 0.0979265 0.878039 453.029 -0.0296472 0.99518 -0.0951715 -35.1328 -0.882918 0.0185974 0.469627 239.517
0.467591 0.0975016 0.878861 453.42 -0.0310721 0.995257 -0.0939071 -35.1718 -0.883636 0.0165963 0.468353 239.74
0.46605 0.096516 0.879786 453.779 -0.0312944 0.995369 -0.092636 -35.2204 -0.884443 0.0156309 0.466859 239.945
0.46424 0.0962049 0.88078 454.13 -0.0313319 0.995404 -0.0922353 -35.2532 -0.885392 0.0152173 0.465072 240.157
0.462883 0.0962788 0.881481 454.501 -0.0317676 0.995408 -0.0920582 -35.2866 -0.886087 0.0146002 0.463764 240.364
0.460812 0.0962733 0.882572 454.837 -0.0323768 0.995422 -0.091703 -35.3213 -0.887147 0.0136778 0.46177 240.565
0.459851 0.0959356 0.883108 455.181 -0.0320606 0.995453 -0.0914641 -35.3469 -0.887655 0.0137376 0.460785 240.748
0.458572 0.0943716 0.883945 455.503 -0.0310789 0.995601 -0.090194 -35.3935 -0.888355 0.013883 0.45944 240.934
0.456743 0.0936539 0.884965 455.761 -0.030044 0.995661 -0.0898812 -35.4183 -0.88933 0.0144552 0.457525 241.091
0.455168 0.0935214 0.885792 456.063 -0.0306938 0.995687 -0.0893768 -35.4478 -0.890118 0.0134879 0.456028 241.266
0.453264 0.0940171 0.886712 456.344 -0.0320006 0.995659 -0.0892291 -35.4732 -0.89104 0.01206 0.454256 241.442
0.452272 0.0939926 0.887224 456.621 -0.0331163 0.995674 -0.0886257 -35.5086 -0.891503 0.0106968 0.453383 241.584
0.451278 0.0942127 0.887705 456.926 -0.0327417 0.99565 -0.0890432 -35.535 -0.892021 0.0111095 0.452352 241.734
0.449907 0.0951724 0.8883 457.222 -0.0321219 0.995545 -0.0904189 -35.5545 -0.892736 0.0121415 0.450915 241.892
0.448595 0.0963796 0.888832 457.491 -0.0312588 0.995414 -0.0921791 -35.575 -0.893426 0.0135583 0.449503 242.05
0.447857 0.0971603 0.88912 457.782 -0.0312489 0.995331 -0.0930516 -35.5968 -0.893797 0.0138848 0.448757 242.211
0.447809 0.0963135 0.889236 458.02 -0.0312816 0.995422 -0.0920805 -35.6265 -0.893819 0.0134088 0.448725 242.32
0.447512 0.0963338 0.889382 458.257 -0.0321358 0.99543 -0.0916755 -35.6471 -0.893938 0.0124402 0.448518 242.46
0.448293 0.0959892 0.889027 458.508 -0.0327295 0.995475 -0.0909975 -35.6771 -0.893525 0.0116875 0.44936 242.593
0.4489 0.0958332 0.888736 458.756 -0.0339478 0.995502 -0.0902239 -35.7071 -0.893174 0.0103267 0.45009 242.735
0.451211 0.096748 0.887469 458.984 -0.0350942 0.995422 -0.090693 -35.7114 -0.891967 0.00976828 0.452493 242.819
0.452788 0.0971602 0.886617 459.243 -0.0360409 0.995385 -0.0906988 -35.7364 -0.891127 0.00910902 0.454155 242.983
0.455806 0.0975031 0.885035 459.488 -0.0357247 0.995347 -0.0912763 -35.7487 -0.889602 0.00997838 0.457119 243.137
0.460119 0.097442 0.882804 459.686 -0.0348576 0.995334 -0.0917203 -35.7532 -0.887413 0.0114255 0.461321 243.272
0.466212 0.0982807 0.879508 459.97 -0.0358662 0.995255 -0.0922213 -35.7825 -0.884187 0.0114416 0.467473 243.465
0.474954 0.0989067 0.87475 460.208 -0.0374381 0.995194 -0.0922236 -35.8085 -0.879459 0.0110487 0.476323 243.599
0.483969 0.100239 0.869639 460.479 -0.0390048 0.995065 -0.0930073 -35.8348 -0.874459 0.0110844 0.485433 243.789
0.493608 0.100894 0.864132 460.698 -0.0392291 0.994979 -0.0937897 -35.8434 -0.869048 0.0123918 0.495032 243.966
0.506083 0.100979 0.856879 460.929 -0.0406395 0.994974 -0.0932701 -35.8605 -0.861781 0.0123709 0.507581 244.131
0.520792 0.102786 0.847805 461.195 -0.0438933 0.994796 -0.0936723 -35.8847 -0.852814 0.0115665 0.522531 244.309
0.536216 0.104916 0.83787 461.46 -0.0476423 0.994587 -0.0940714 -35.9037 -0.842999 0.0105167 0.538242 244.527
0.548957 0.107019 0.82931 461.607 -0.0491857 0.994347 -0.095787 -35.9224 -0.834668 0.0117886 0.551049 244.798
0.566302 0.108918 0.817317 461.871 -0.0507008 0.99412 -0.0973714 -35.9551 -0.822911 0.0136948 0.568417 245.003
0.584268 0.1095 0.804487 462.137 -0.0517116 0.994026 -0.0977716 -35.9887 -0.810185 0.0155186 0.586361 245.223
0.601528 0.112017 0.79132 462.362 -0.0575194 0.993786 -0.0969772 -36.0264 -0.797065 0.0128105 0.604148 245.43
0.613304 0.116865 0.781514 462.624 -0.0628864 0.993242 -0.0992056 -36.0492 -0.787623 0.011693 0.616423 245.691
0.618159 0.122893 0.77676 462.855 -0.0695748 0.992544 -0.101689 -36.0611 -0.783264 0.0088108 0.622011 245.898
0.617168 0.124766 0.777238 463.088 -0.0716334 0.992319 -0.102442 -36.0874 -0.783849 0.00754544 0.621279 246.105
0.612957 0.126003 0.780373 463.311 -0.0728536 0.992174 -0.103002 -36.1134 -0.787043 0.0062774 0.617251 246.284
0.606164 0.125954 0.78566 463.571 -0.0720399 0.992179 -0.103511 -36.1547 -0.792351 0.00614402 0.610414 246.435
0.595489 0.126207 0.79375 463.813 -0.0685908 0.992129 -0.106314 -36.1593 -0.800714 0.00885864 0.599375 246.557
0.582231 0.125285 0.803662 464.039 -0.0644331 0.992218 -0.108031 -36.186 -0.810742 0.0111135 0.585696 246.701
0.566075 0.123476 0.815408 464.269 -0.0592139 0.992417 -0.109197 -36.2174 -0.822501 0.0135225 0.56902 246.843
0.54753 0.123123 0.828017 464.509 -0.0556985 0.992445 -0.110771 -36.2416 -0.835195 0.0145279 0.550184 246.986
0.529844 0.121822 0.839647 464.763 -0.054137 0.992634 -0.10988 -36.306 -0.846636 0.0127556 0.53247 247.103
0.511126 0.122024 0.851133 465.012 -0.0532836 0.992625 -0.110341 -36.3347 -0.858114 0.0110439 0.5138 247.221
0.492733 0.121739 0.86196 465.27 -0.0509141 0.992665 -0.111118 -36.357 -0.868953 0.0108585 0.495261 247.346
0.476205 0.120559 0.871357 465.527 -0.0459672 0.992774 -0.112266 -36.3848 -0.878387 0.0134046 0.478257 247.449
0.460833 0.119413 0.879746 465.791 -0.0395032 0.992847 -0.114095 -36.4076 -0.886863 0.0178172 0.462206 247.565
0.446795 0.118643 0.887057 466.05 -0.0349939 0.992884 -0.1152 -36.4327 -0.894204 0.0204249 0.447725 247.673
0.43422 0.118755 0.89327 466.306 -0.0347943 0.992906 -0.11511 -36.4631 -0.900387 0.0188931 0.435231 247.782
0.424792 0.117244 0.897985 466.571 -0.0334035 0.99309 -0.113889 -36.4903 -0.904924 0.0183791 0.425736 247.896
0.416426 0.114477 0.902257 466.821 -0.0315532 0.993424 -0.111505 -36.518 -0.908872 0.0179548 0.417264 248
0.410311 0.113115 0.905219 467.065 -0.0300624 0.993571 -0.110558 -36.5464 -0.911698 0.0181455 0.411041 248.1
0.407941 0.1129 0.906323 467.3 -0.0290681 0.993588 -0.11071 -36.5767 -0.912794 0.0188083 0.408574 248.216
0.410972 0.113438 0.904879 467.523 -0.0289859 0.993507 -0.111414 -36.5998 -0.911437 0.0195544 0.411559 248.311
0.417576 0.112571 0.901964 467.736 -0.0274097 0.993562 -0.111337 -36.616 -0.908478 0.0217588 0.417939 248.403
0.426774 0.110514 0.897899 467.936 -0.0258255 0.993746 -0.110065 -36.6422 -0.904241 0.0237784 0.426921 248.508
0.438093 0.110244 0.892472 468.122 -0.0279794 0.993798 -0.109051 -36.6609 -0.898747 0.022793 0.438423 248.614
0.450111 0.112866 0.886134 468.297 -0.0338962 0.993581 -0.109364 -36.6783 -0.892583 0.0191844 0.451004 248.736
0.462231 0.115621 0.879522 468.455 -0.039612 0.993322 -0.109788 -36.6981 -0.886131 0.0158987 0.46368 248.85
0.474743 0.116049 0.872768 468.602 -0.0433999 0.993304 -0.1085 -36.721 -0.879312 0.0136281 0.476553 248.961
0.488276 0.114525 0.86548 468.746 -0.0453313 0.993497 -0.105916 -36.7323 -0.871773 0.0124748 0.490242 249.061
0.502457 0.112297 0.857613 468.88 -0.0442116 0.993725 -0.104248 -36.7469 -0.863736 0.0144597 0.504213 249.151
0.516362 0.110287 0.849585 468.988 -0.0348031 0.993713 -0.10787 -36.7475 -0.855932 0.0261206 0.516897 249.232
0.531993 0.112296 0.83961 469.098 -0.0308804 0.993234 -0.113308 -36.7592 -0.846455 0.0343438 0.531801 249.3
0.545718 0.114441 0.83047 469.199 -0.0335583 0.992976 -0.114809 -36.7708 -0.837572 0.0347717 0.545662 249.395
0.558303 0.117211 0.821667 469.295 -0.0429215 0.992879 -0.112503 -36.785 -0.828804 0.0275371 0.559291 249.495
0.570609 0.118366 0.813006 469.383 -0.0493537 0.992867 -0.10994 -36.7886 -0.820021 0.0225981 0.57231 249.586
0.582375 0.118167 0.804644 469.468 -0.0524872 0.992935 -0.107864 -36.7977 -0.811507 0.0205783 0.58439 249.668
0.593522 0.11707 0.796625 469.547 -0.0527696 0.993049 -0.106648 -36.805 -0.803375 0.0212508 0.5955 249.739
0.604305 0.116525 0.78855 469.625 -0.0530845 0.993093 -0.106104 -36.8042 -0.795272 0.0222536 0.606238 249.804
0.613838 0.116739 0.781128 469.694 -0.0545613 0.993067 -0.105566 -36.8078 -0.787841 0.0221715 0.615873 249.887
0.623239 0.115565 0.773817 469.757 -0.0544792 0.99319 -0.104485 -36.8118 -0.780428 0.0229561 0.625207 249.954
0.632474 0.113519 0.766602 469.825 -0.0541263 0.993415 -0.102479 -36.8169 -0.772992 0.0233118 0.63437 250.012
0.639516 0.114063 0.760647 469.883 -0.0560559 0.993372 -0.101868 -36.8195 -0.767034 0.0225018 0.641585 250.064
0.645671 0.118632 0.754734 469.925 -0.0627242 0.992913 -0.10244 -36.8287 -0.761345 0.0187935 0.64845 250.134
0.652847 0.126214 0.747286 469.956 -0.0726714 0.992063 -0.104106 -36.8362 -0.754306 0.0136553 0.656746 250.199
0.658058 0.13165 0.741765 469.989 -0.0792591 0.991391 -0.10567 -36.8381 -0.7491 0.0107392 0.662737 250.253
0.661642 0.130992 0.73868 470.015 -0.0791918 0.991477 -0.104926 -36.8431 -0.745941 0.010923 0.666282 250.301
0.667939 0.125665 0.73393 470.057 -0.0749409 0.992141 -0.101705 -36.8463 -0.740754 0.0129243 0.672014 250.33
0.672993 0.121085 0.730066 470.099 -0.0699568 0.992662 -0.100187 -36.8426 -0.736653 0.0163478 0.676427 250.359
0.676298 0.11983 0.72722 470.128 -0.0694296 0.99281 -0.0990573 -36.8416 -0.733673 0.0164937 0.679661 250.396
0.680615 0.121845 0.722837 470.152 -0.0733071 0.992606 -0.0983324 -36.841 -0.729288 0.0139334 0.684415 250.435
0.684219 0.124776 0.718932 470.169 -0.0780881 0.992278 -0.0979309 -36.8415 -0.725412 0.0108596 0.688583 250.474
0.686688 0.127773 0.716038 470.189 -0.0820377 0.99192 -0.0983664 -36.8426 -0.722636 0.00880225 0.691519 250.51
