0 0.001103 0.066011 100.000000 6.289308
0 0.000441 0.081499 200.000000 6.666667
0 0.000593 0.088906 300.000000 7.194244
0 0.000313 0.103587 400.000000 7.326007
0 0.000113 0.098680 500.000000 7.610350
10 0.000275 0.076486 100.000000 6.211180
10 0.000198 0.049779 200.000000 6.666667
10 0.000246 0.045164 300.000000 7.194244
10 0.000178 0.033142 400.000000 7.312614
10 0.000206 0.036960 500.000000 7.598784
20 0.000359 0.080642 100.000000 6.134969
20 0.000237 0.055072 200.000000 6.666667
20 0.000229 0.049273 300.000000 7.211538
20 0.000190 0.037635 400.000000 7.312614
20 0.000217 0.041634 500.000000 7.575758
30 0.000551 0.076811 100.000000 5.988024
30 0.000291 0.054165 200.000000 6.688963
30 0.000209 0.048400 300.000000 7.228916
30 0.000198 0.038596 400.000000 7.326007
30 0.000211 0.042395 500.000000 7.564297
40 0.000530 0.069702 100.000000 5.882353
40 0.000291 0.048179 200.000000 6.711410
40 0.000230 0.043589 300.000000 7.246377
40 0.000189 0.036159 400.000000 7.352941
40 0.000224 0.039182 500.000000 7.552870
50 0.000304 0.057541 100.000000 5.882353
50 0.000216 0.038562 200.000000 6.779661
50 0.000224 0.036302 300.000000 7.299270
50 0.000175 0.030486 400.000000 7.380074
50 0.000281 0.032481 500.000000 7.530120
60 0.000169 0.046811 100.000000 5.988024
60 0.000220 0.030920 200.000000 6.872852
60 0.000218 0.031246 300.000000 7.371007
60 0.000156 0.024078 400.000000 7.448790
60 0.000405 0.029060 500.000000 7.496252
70 0.000093 0.040633 100.000000 6.211180
70 0.000188 0.030799 200.000000 7.042253
70 0.000217 0.031607 300.000000 7.481297
70 0.000161 0.022109 400.000000 7.532957
70 0.000539 0.034561 500.000000 7.485030
80 0.000082 0.040760 100.000000 6.451613
80 0.000165 0.032162 200.000000 7.220217
80 0.000197 0.032456 300.000000 7.614213
80 0.000160 0.020296 400.000000 7.633588
80 0.000589 0.039415 500.000000 7.507507
90 0.000146 0.039375 100.000000 6.711410
90 0.000143 0.030632 200.000000 7.380074
90 0.000183 0.032794 300.000000 7.751938
90 0.000143 0.019663 400.000000 7.736944
90 0.000610 0.043724 500.000000 7.507507
100 0.000277 0.029070 100.000000 6.896552
100 0.000120 0.025182 200.000000 7.490637
100 0.000178 0.035452 300.000000 7.853403
100 0.000113 0.028047 400.000000 7.812500
100 0.000636 0.048117 500.000000 7.440476
110 0.000162 0.022598 100.000000 6.896552
110 0.000134 0.026956 200.000000 7.547170
110 0.000222 0.040816 300.000000 7.915567
110 0.000116 0.036888 400.000000 7.874016
120 0.000136 0.027632 100.000000 6.849315
120 0.000166 0.027485 200.000000 7.547170
120 0.000257 0.042616 300.000000 7.915567
120 0.000127 0.038515 400.000000 7.920792
130 0.000150 0.026134 100.000000 6.849315
130 0.000211 0.022476 200.000000 7.575758
130 0.000230 0.038862 300.000000 7.832898
130 0.000149 0.033137 400.000000 7.936508
140 0.000201 0.017718 100.000000 6.896552
140 0.000328 0.017169 200.000000 7.604563
140 0.000250 0.033350 300.000000 7.751938
140 0.000175 0.026717 400.000000 7.968128
150 0.000237 0.011100 100.000000 6.944445
150 0.000402 0.015101 200.000000 7.662835
150 0.000241 0.027149 300.000000 7.731959
150 0.000183 0.020147 400.000000 7.984032
160 0.000251 0.015145 100.000000 7.042253
160 0.000373 0.018229 200.000000 7.722008
160 0.000224 0.015027 300.000000 7.731959
160 0.000212 0.009204 400.000000 8.016032
170 0.000251 0.011418 100.000000 7.092198
170 0.000414 0.020606 200.000000 7.782101
170 0.000220 0.020506 300.000000 7.731959
170 0.000217 0.014171 400.000000 8.016032
180 0.000271 0.018658 100.000000 7.194244
180 0.000397 0.026685 200.000000 7.843137
180 0.000205 0.024857 300.000000 7.772021
180 0.000206 0.014560 400.000000 8.032128
190 0.000412 0.031223 100.000000 7.352941
190 0.000471 0.039403 200.000000 7.936508
190 0.000225 0.041121 300.000000 7.832898
190 0.000184 0.027415 400.000000 8.048289
200 0.000592 0.046655 100.000000 7.575758
200 0.000475 0.053643 200.000000 8.064516
200 0.000242 0.055552 300.000000 7.915567
200 0.000177 0.040192 400.000000 8.097166
210 0.000622 0.048829 100.000000 7.812500
210 0.000452 0.052850 200.000000 8.196721
210 0.000243 0.051448 300.000000 8.000000
210 0.000214 0.034822 400.000000 8.113590
220 0.000546 0.044966 100.000000 7.936508
220 0.000424 0.048638 200.000000 8.264462
220 0.000235 0.045633 300.000000 8.042895
220 0.000330 0.032903 400.000000 8.064516
230 0.000434 0.032720 100.000000 8.000000
230 0.000363 0.039145 200.000000 8.298756
230 0.000238 0.031710 300.000000 8.086253
230 0.000680 0.048841 400.000000 7.858546
240 0.000363 0.028010 100.000000 8.064516
240 0.000307 0.037837 200.000000 8.368201
240 0.000229 0.025394 300.000000 8.130081
240 0.000803 0.067832 400.000000 7.648183
250 0.000313 0.030429 100.000000 8.196721
250 0.000327 0.046872 200.000000 8.438819
250 0.000205 0.036251 300.000000 8.196721
260 0.000329 0.040070 100.000000 8.264462
260 0.000396 0.058558 200.000000 8.510638
260 0.000191 0.047624 300.000000 8.287292
270 0.000301 0.038127 100.000000 8.333333
270 0.000300 0.054493 200.000000 8.474576
270 0.000182 0.042126 300.000000 8.333333
280 0.000414 0.034809 100.000000 8.403361
280 0.000312 0.051571 200.000000 8.298756
280 0.000181 0.038715 300.000000 8.356546
290 0.000899 0.039406 100.000000 8.403361
290 0.000342 0.058535 200.000000 8.163265
290 0.000156 0.043967 300.000000 8.356546
300 0.000903 0.032686 100.000000 8.474576
300 0.000319 0.044100 200.000000 8.097166
300 0.000208 0.028998 300.000000 8.356546
310 0.000766 0.033227 100.000000 8.474576
310 0.000208 0.028081 200.000000 8.064516
310 0.000236 0.011055 300.000000 8.333333
320 0.000624 0.037888 100.000000 8.474576
320 0.000184 0.024751 200.000000 8.032128
320 0.000232 0.007066 300.000000 8.310249
330 0.000456 0.043326 100.000000 8.547009
330 0.000154 0.026702 200.000000 8.064516
330 0.000228 0.017279 300.000000 8.264462
340 0.000286 0.035628 100.000000 8.474576
340 0.000164 0.013926 200.000000 8.032128
340 0.000352 0.028582 300.000000 8.152174
350 0.000232 0.035091 100.000000 8.474576
350 0.000175 0.008470 200.000000 8.064516
350 0.000771 0.062004 300.000000 7.894737
360 0.000318 0.043432 100.000000 8.547009
360 0.000202 0.017864 200.000000 8.097166
360 0.001024 0.092629 300.000000 7.556675
370 0.000390 0.058808 100.000000 8.620689
370 0.000177 0.032329 200.000000 8.163265
380 0.000619 0.072037 100.000000 8.620689
380 0.000133 0.044067 200.000000 8.230453
390 0.000302 0.053682 100.000000 8.403361
390 0.000188 0.024770 200.000000 8.298756
400 0.000316 0.027767 100.000000 8.000000
400 0.000332 0.009243 200.000000 8.298756
410 0.000539 0.025972 100.000000 7.751938
410 0.000586 0.050242 200.000000 8.264462
420 0.000704 0.041649 100.000000 7.633588
420 0.000671 0.067008 200.000000 8.264462
430 0.000861 0.047109 100.000000 7.575758
430 0.000671 0.074790 200.000000 8.196721
440 0.000671 0.043500 100.000000 7.575758
440 0.000600 0.072246 200.000000 8.130081
450 0.000522 0.036195 100.000000 7.575758
450 0.000553 0.066146 200.000000 8.032128
460 0.000465 0.034366 100.000000 7.575758
460 0.000767 0.086538 200.000000 7.843137
470 0.000429 0.032627 100.000000 7.575758
470 0.001479 0.141897 200.000000 7.407407
480 0.000401 0.030896 100.000000 7.633588
480 0.001729 0.185791 200.000000 6.896552
490 0.000480 0.027847 100.000000 7.751938
500 0.000534 0.035268 100.000000 7.874016
510 0.000446 0.028644 100.000000 8.130081
520 0.000447 0.033774 100.000000 8.403361
530 0.000608 0.039212 100.000000 8.620689
540 0.000749 0.045793 100.000000 8.771930
550 0.000723 0.041465 100.000000 8.849558
560 0.000537 0.034538 100.000000 8.849558
570 0.000518 0.046882 100.000000 8.695652
580 0.000594 0.066922 100.000000 8.474576
590 0.001047 0.114225 100.000000 8.064516
600 0.002531 0.233965 100.000000 7.142857
610 0.003124 0.329763 100.000000 6.172840
