0 0.001000 0.095502 100.000000 9.009009
0 0.000878 0.077411 200.000000 7.604563
0 0.000668 0.105064 300.000000 7.142857
0 0.000792 0.091430 400.000000 6.884682
0 0.000681 0.049883 500.000000 7.267442
0 0.000594 0.066778 600.000000 7.263923
0 0.000468 0.064138 700.000000 7.179487
0 0.000431 0.052325 800.000000 7.299270
10 0.000639 0.040404 100.000000 8.849558
10 0.000723 0.049274 200.000000 7.722008
10 0.000548 0.072270 300.000000 7.075472
10 0.000703 0.057914 400.000000 6.932409
10 0.000611 0.036931 500.000000 7.309941
10 0.000539 0.060222 600.000000 7.281553
10 0.000415 0.051301 700.000000 7.194244
10 0.000377 0.036592 800.000000 7.326007
20 0.000850 0.033677 100.000000 8.196721
20 0.000704 0.047159 200.000000 7.782101
20 0.000569 0.067294 300.000000 7.025761
20 0.000715 0.049195 400.000000 6.956522
20 0.000600 0.037738 500.000000 7.342144
20 0.000533 0.060338 600.000000 7.290401
20 0.000414 0.048842 700.000000 7.201646
20 0.000372 0.034543 800.000000 7.346189
30 0.000934 0.033660 100.000000 7.751938
30 0.000672 0.047654 200.000000 7.751938
30 0.000602 0.063931 300.000000 7.009346
30 0.000710 0.041289 400.000000 6.968641
30 0.000586 0.040156 500.000000 7.363770
30 0.000533 0.060916 600.000000 7.290401
30 0.000410 0.046145 700.000000 7.179487
30 0.000372 0.032985 800.000000 7.352941
40 0.000955 0.042128 100.000000 7.518797
40 0.000618 0.045383 200.000000 7.692307
40 0.000564 0.057416 300.000000 6.993007
40 0.000679 0.030485 400.000000 6.956522
40 0.000557 0.044196 500.000000 7.363770
40 0.000521 0.062408 600.000000 7.263923
40 0.000402 0.042223 700.000000 7.142857
40 0.000356 0.029901 800.000000 7.346189
50 0.000966 0.050358 100.000000 7.407407
50 0.000635 0.043237 200.000000 7.575758
50 0.000550 0.056230 300.000000 6.960557
50 0.000671 0.025791 400.000000 6.932409
50 0.000543 0.048866 500.000000 7.363770
50 0.000461 0.069594 600.000000 7.177033
50 0.000388 0.038517 700.000000 7.106599
50 0.000341 0.030026 800.000000 7.326007
60 0.000926 0.054627 100.000000 7.246377
60 0.000665 0.047053 200.000000 7.407407
60 0.000578 0.061524 300.000000 6.928406
60 0.000682 0.026421 400.000000 6.908463
60 0.000537 0.053775 500.000000 7.342144
60 0.000458 0.071256 600.000000 7.042253
60 0.000393 0.035457 700.000000 7.092198
60 0.000349 0.032801 800.000000 7.299270
70 0.000891 0.054651 100.000000 6.944445
70 0.000741 0.046101 200.000000 7.220217
70 0.000571 0.056701 300.000000 6.849315
70 0.000678 0.025809 400.000000 6.896552
70 0.000521 0.058167 500.000000 7.320644
70 0.000451 0.066384 600.000000 6.984866
70 0.000384 0.031746 700.000000 7.092198
70 0.000354 0.033827 800.000000 7.239819
80 0.000907 0.050395 100.000000 6.711410
80 0.000650 0.047688 200.000000 6.968641
80 0.000680 0.059879 300.000000 6.607930
80 0.000675 0.028840 400.000000 6.884682
80 0.000531 0.064369 500.000000 7.267442
80 0.000443 0.063114 600.000000 6.952491
80 0.000387 0.029633 700.000000 7.085020
80 0.000348 0.035941 800.000000 7.098492
90 0.000890 0.055861 100.000000 6.535948
90 0.000538 0.045510 200.000000 6.711410
90 0.000725 0.048104 300.000000 6.382979
90 0.000666 0.033590 400.000000 6.872852
90 0.000503 0.070801 500.000000 7.153076
90 0.000417 0.059325 600.000000 6.928406
90 0.000378 0.026907 700.000000 7.077857
90 0.000370 0.030744 800.000000 7.042253
100 0.000889 0.063959 100.000000 6.451613
100 0.000560 0.049592 200.000000 6.557377
100 0.000784 0.040729 300.000000 6.342494
100 0.000656 0.037917 400.000000 6.884682
100 0.000513 0.073063 500.000000 6.993007
100 0.000404 0.055827 600.000000 6.920415
100 0.000362 0.025016 700.000000 7.077857
100 0.000374 0.026239 800.000000 7.017544
110 0.000861 0.067844 100.000000 6.535948
110 0.000535 0.054726 200.000000 6.430868
110 0.000796 0.037826 300.000000 6.369427
110 0.000646 0.040181 400.000000 6.920415
110 0.000536 0.070956 500.000000 6.973501
110 0.000397 0.052803 600.000000 6.928406
110 0.000358 0.024093 700.000000 7.092198
110 0.000369 0.024127 800.000000 7.023705
120 0.000831 0.073388 100.000000 6.756757
120 0.000538 0.063696 200.000000 6.389776
120 0.000794 0.039295 300.000000 6.423983
120 0.000649 0.041340 400.000000 6.980803
120 0.000547 0.069623 500.000000 7.012623
120 0.000401 0.051049 600.000000 6.960557
120 0.000358 0.024662 700.000000 7.135576
120 0.000372 0.024734 800.000000 7.054674
130 0.000780 0.075644 100.000000 6.993007
130 0.000531 0.065633 200.000000 6.451613
130 0.000795 0.037628 300.000000 6.507592
130 0.000640 0.043349 400.000000 7.054674
130 0.000548 0.069281 500.000000 7.062147
130 0.000400 0.049901 600.000000 7.001167
130 0.000355 0.024380 700.000000 7.179487
130 0.000372 0.023634 800.000000 7.092198
140 0.000604 0.069506 100.000000 7.299270
140 0.000509 0.056906 200.000000 6.535948
140 0.000766 0.029557 300.000000 6.593407
140 0.000606 0.046102 400.000000 7.142857
140 0.000523 0.068739 500.000000 7.122507
140 0.000379 0.048092 600.000000 7.042253
140 0.000337 0.021746 700.000000 7.223942
140 0.000361 0.018983 800.000000 7.123775
150 0.000519 0.065689 100.000000 7.575758
150 0.000536 0.056238 200.000000 6.622517
150 0.000760 0.027348 300.000000 6.681514
150 0.000591 0.049821 400.000000 7.207207
150 0.000523 0.069816 500.000000 7.163324
150 0.000376 0.047494 600.000000 7.075472
150 0.000337 0.021445 700.000000 7.268951
150 0.000365 0.017356 800.000000 7.155635
160 0.000470 0.056462 100.000000 7.751938
160 0.000598 0.055320 200.000000 6.666667
160 0.000750 0.027215 300.000000 6.726458
160 0.000580 0.053761 400.000000 7.272727
160 0.000523 0.071377 500.000000 7.194244
160 0.000376 0.046862 600.000000 7.083825
160 0.000340 0.021992 700.000000 7.291667
160 0.000373 0.015991 800.000000 7.168459
170 0.000400 0.045373 100.000000 7.751938
170 0.000559 0.050827 200.000000 6.711410
170 0.000730 0.027197 300.000000 6.756757
170 0.000562 0.059426 400.000000 7.299270
170 0.000523 0.073380 500.000000 7.204611
170 0.000370 0.045537 600.000000 7.067138
170 0.000329 0.021861 700.000000 7.306890
170 0.000364 0.013425 800.000000 7.149240
180 0.000317 0.032910 100.000000 7.692307
180 0.000510 0.044263 200.000000 6.734007
180 0.000702 0.030236 300.000000 6.756757
180 0.000532 0.064443 400.000000 7.326007
180 0.000469 0.078641 500.000000 7.153076
180 0.000349 0.043008 600.000000 7.050529
180 0.000300 0.021708 700.000000 7.306890
180 0.000353 0.009718 800.000000 7.104796
190 0.000410 0.029558 100.000000 7.575758
190 0.000593 0.046614 200.000000 6.756757
190 0.000698 0.035003 300.000000 6.772009
190 0.000524 0.069452 400.000000 7.339449
190 0.000417 0.084349 500.000000 7.052186
190 0.000349 0.040615 600.000000 7.050529
190 0.000301 0.023223 700.000000 7.306890
190 0.000362 0.009456 800.000000 7.073386
200 0.000498 0.028911 100.000000 7.518797
200 0.000586 0.046456 200.000000 6.779661
200 0.000698 0.039788 300.000000 6.802721
200 0.000511 0.072665 400.000000 7.366483
200 0.000423 0.082077 500.000000 6.983240
200 0.000346 0.038092 600.000000 7.067138
200 0.000304 0.024686 700.000000 7.299270
200 0.000377 0.010178 800.000000 7.073386
210 0.000628 0.023909 100.000000 7.407407
210 0.000563 0.040593 200.000000 6.756757
210 0.000694 0.043800 300.000000 6.849315
210 0.000489 0.075059 400.000000 7.393715
210 0.000413 0.077970 500.000000 6.973501
210 0.000335 0.035446 600.000000 7.092198
210 0.000306 0.025857 700.000000 7.276507
210 0.000374 0.011491 800.000000 7.079646
220 0.000444 0.022845 100.000000 7.299270
220 0.000589 0.038328 200.000000 6.666667
220 0.000675 0.047228 300.000000 6.896552
220 0.000484 0.077101 400.000000 7.407407
220 0.000395 0.073993 500.000000 6.983240
220 0.000330 0.033059 600.000000 7.117438
220 0.000265 0.027479 700.000000 7.209063
220 0.000360 0.012979 800.000000 7.098492
230 0.000437 0.017725 100.000000 7.142857
230 0.000673 0.036499 200.000000 6.493506
230 0.000643 0.051045 300.000000 6.944445
230 0.000471 0.078952 400.000000 7.393715
230 0.000372 0.069486 500.000000 6.993007
230 0.000321 0.030870 600.000000 7.142857
230 0.000283 0.024176 700.000000 7.142857
230 0.000354 0.015052 800.000000 7.117438
240 0.000265 0.017529 100.000000 6.849315
240 0.000724 0.033486 200.000000 6.309148
240 0.000642 0.056987 300.000000 6.976744
240 0.000443 0.082833 400.000000 7.339449
240 0.000355 0.068134 500.000000 7.002801
240 0.000316 0.030554 600.000000 7.159904
240 0.000298 0.022209 700.000000 7.113821
240 0.000346 0.018349 800.000000 7.130125
250 0.000330 0.017703 100.000000 6.711410
250 0.000851 0.039443 200.000000 6.269592
250 0.000652 0.062438 300.000000 7.009346
250 0.000462 0.087305 400.000000 7.168459
250 0.000347 0.067666 500.000000 7.012623
250 0.000316 0.030661 600.000000 7.177033
250 0.000315 0.021458 700.000000 7.099391
250 0.000350 0.021240 800.000000 7.136485
260 0.000356 0.020485 100.000000 6.369427
260 0.000894 0.044005 200.000000 6.250000
260 0.000650 0.068475 300.000000 7.025761
260 0.000503 0.087814 400.000000 7.079646
260 0.000346 0.065980 500.000000 7.002801
260 0.000315 0.030067 600.000000 7.185629
260 0.000316 0.019767 700.000000 7.092198
260 0.000348 0.024310 800.000000 7.142857
270 0.000382 0.025236 100.000000 5.952381
270 0.000876 0.045848 200.000000 6.269592
270 0.000639 0.072876 300.000000 7.042253
270 0.000518 0.086086 400.000000 7.054674
270 0.000342 0.062499 500.000000 6.983240
270 0.000301 0.027665 600.000000 7.194244
270 0.000321 0.017237 700.000000 7.092198
270 0.000350 0.027004 800.000000 7.149240
280 0.000627 0.033808 100.000000 5.813953
280 0.000924 0.048832 200.000000 6.269592
280 0.000635 0.077459 300.000000 7.075472
280 0.000535 0.087112 400.000000 7.054674
280 0.000353 0.060446 500.000000 6.973501
280 0.000312 0.025922 600.000000 7.202881
280 0.000344 0.015447 700.000000 7.092198
280 0.000357 0.029563 800.000000 7.162041
290 0.000798 0.042875 100.000000 5.813953
290 0.000916 0.051408 200.000000 6.289308
290 0.000631 0.082258 300.000000 7.109005
290 0.000551 0.089304 400.000000 7.054674
290 0.000363 0.058815 500.000000 6.954103
290 0.000326 0.024909 600.000000 7.211538
290 0.000365 0.013731 700.000000 7.085020
290 0.000365 0.032448 800.000000 7.174888
300 0.000794 0.047510 100.000000 5.882353
300 0.000913 0.053409 200.000000 6.309148
300 0.000624 0.086392 300.000000 7.142857
300 0.000566 0.091625 400.000000 7.054674
300 0.000372 0.056173 500.000000 6.925208
300 0.000320 0.024235 600.000000 7.228916
300 0.000361 0.012006 700.000000 7.056452
300 0.000363 0.034753 800.000000 7.194244
310 0.000812 0.050545 100.000000 5.952381
310 0.000918 0.056386 200.000000 6.349206
310 0.000618 0.090555 300.000000 7.194244
310 0.000516 0.098918 400.000000 7.005254
310 0.000368 0.053461 500.000000 6.925208
310 0.000310 0.024226 600.000000 7.237636
310 0.000368 0.011393 700.000000 7.014028
310 0.000368 0.037173 800.000000 7.213706
320 0.001062 0.052398 100.000000 6.024096
320 0.000921 0.061726 200.000000 6.389776
320 0.000616 0.096143 300.000000 7.228916
320 0.000462 0.105366 400.000000 6.908463
320 0.000370 0.051021 500.000000 6.934813
320 0.000311 0.024517 600.000000 7.246377
320 0.000372 0.012617 700.000000 7.000000
320 0.000368 0.039663 800.000000 7.239819
330 0.001118 0.051074 100.000000 6.097561
330 0.000944 0.068003 200.000000 6.451613
330 0.000613 0.100930 300.000000 7.281553
330 0.000476 0.104557 400.000000 6.849315
330 0.000370 0.048648 500.000000 6.963789
330 0.000308 0.024396 600.000000 7.255139
330 0.000399 0.014150 700.000000 7.000000
330 0.000367 0.042466 800.000000 7.259528
340 0.001113 0.040972 100.000000 6.134969
340 0.000923 0.073746 200.000000 6.535948
340 0.000581 0.102768 300.000000 7.334963
340 0.000453 0.099951 400.000000 6.837607
340 0.000354 0.046563 500.000000 7.002801
340 0.000301 0.025183 600.000000 7.246377
340 0.000395 0.016633 700.000000 7.021063
340 0.000356 0.044422 800.000000 7.292616
350 0.001110 0.036359 100.000000 6.097561
350 0.000932 0.078985 200.000000 6.622517
350 0.000584 0.106238 300.000000 7.389163
350 0.000451 0.097722 400.000000 6.872852
350 0.000356 0.044662 500.000000 7.042253
350 0.000283 0.026859 600.000000 7.211538
350 0.000389 0.018436 700.000000 7.042253
350 0.000358 0.046837 800.000000 7.319304
360 0.001244 0.038975 100.000000 6.024096
360 0.000940 0.081858 200.000000 6.711410
360 0.000604 0.109021 300.000000 7.425743
360 0.000451 0.094009 400.000000 6.908463
360 0.000363 0.041773 500.000000 7.092198
360 0.000284 0.026919 600.000000 7.142857
360 0.000393 0.019348 700.000000 7.070707
360 0.000361 0.048424 800.000000 7.352941
370 0.001380 0.039000 100.000000 5.882353
370 0.000956 0.084638 200.000000 6.825939
370 0.000617 0.112476 300.000000 7.462687
370 0.000452 0.091162 400.000000 6.944445
370 0.000370 0.039635 500.000000 7.142857
370 0.000311 0.023637 600.000000 7.125891
370 0.000399 0.020286 700.000000 7.106599
370 0.000364 0.049955 800.000000 7.393715
380 0.001469 0.035680 100.000000 5.780347
380 0.000956 0.084308 200.000000 6.944445
380 0.000592 0.111794 300.000000 7.481297
380 0.000436 0.085680 400.000000 7.005254
380 0.000365 0.035271 500.000000 7.183908
380 0.000330 0.020639 600.000000 7.134364
380 0.000393 0.020689 700.000000 7.142857
380 0.000359 0.050421 800.000000 7.434944
390 0.001437 0.037817 100.000000 5.780347
390 0.000887 0.079816 200.000000 7.042253
390 0.000505 0.103599 300.000000 7.425743
390 0.000386 0.074796 400.000000 7.042253
390 0.000331 0.029738 500.000000 7.235890
390 0.000325 0.017410 600.000000 7.151371
390 0.000368 0.021261 700.000000 7.172131
390 0.000340 0.049516 800.000000 7.469655
400 0.001446 0.048181 100.000000 5.847953
400 0.000829 0.081409 200.000000 7.168459
400 0.000518 0.100622 300.000000 7.299270
400 0.000356 0.070695 400.000000 7.079646
400 0.000313 0.028645 500.000000 7.278020
400 0.000323 0.016961 600.000000 7.168459
400 0.000357 0.023356 700.000000 7.201646
400 0.000329 0.050491 800.000000 7.504691
410 0.001461 0.053884 100.000000 5.988024
410 0.000819 0.083887 200.000000 7.272727
410 0.000541 0.097949 300.000000 7.299270
410 0.000347 0.067841 400.000000 7.130125
410 0.000309 0.026934 500.000000 7.320644
410 0.000321 0.015714 600.000000 7.194244
410 0.000354 0.024537 700.000000 7.238883
410 0.000324 0.051391 800.000000 7.547170
420 0.001474 0.053712 100.000000 6.172840
420 0.000811 0.085254 200.000000 7.434944
420 0.000562 0.095749 300.000000 7.371007
420 0.000347 0.065777 400.000000 7.194244
420 0.000307 0.025392 500.000000 7.385524
420 0.000319 0.014263 600.000000 7.237636
420 0.000352 0.025772 700.000000 7.276507
420 0.000319 0.052462 800.000000 7.590133
430 0.001447 0.053954 100.000000 6.410256
430 0.000809 0.085983 200.000000 7.633588
430 0.000570 0.093548 300.000000 7.444169
430 0.000345 0.063509 400.000000 7.259528
430 0.000298 0.023542 500.000000 7.451565
430 0.000324 0.012971 600.000000 7.281553
430 0.000353 0.026736 700.000000 7.322176
430 0.000316 0.053112 800.000000 7.640879
440 0.001399 0.056636 100.000000 6.622517
440 0.000764 0.086150 200.000000 7.782101
440 0.000567 0.088558 300.000000 7.518797
440 0.000335 0.059925 400.000000 7.299270
440 0.000285 0.021535 500.000000 7.507507
440 0.000320 0.012091 600.000000 7.326007
440 0.000345 0.027601 700.000000 7.368421
440 0.000308 0.053311 800.000000 7.684918
450 0.001287 0.055023 100.000000 6.711410
450 0.000666 0.080025 200.000000 7.874016
450 0.000520 0.076214 300.000000 7.556675
450 0.000298 0.050927 400.000000 7.312614
450 0.000263 0.016235 500.000000 7.541478
450 0.000313 0.009542 600.000000 7.343941
450 0.000324 0.028284 700.000000 7.391764
450 0.000285 0.051813 800.000000 7.707129
460 0.001165 0.053852 100.000000 6.756757
460 0.000587 0.075078 200.000000 7.936508
460 0.000477 0.066368 300.000000 7.556675
460 0.000267 0.042674 400.000000 7.285975
460 0.000239 0.011092 500.000000 7.564297
460 0.000312 0.007241 600.000000 7.334963
460 0.000310 0.029236 700.000000 7.415254
460 0.000262 0.050574 800.000000 7.722008
470 0.001194 0.063145 100.000000 6.756757
470 0.000590 0.082429 200.000000 7.968128
470 0.000495 0.071093 300.000000 7.518797
470 0.000283 0.041404 400.000000 7.233273
470 0.000231 0.010155 500.000000 7.552870
470 0.000316 0.007347 600.000000 7.272727
470 0.000312 0.032565 700.000000 7.423118
470 0.000272 0.053596 800.000000 7.707129
480 0.001109 0.070252 100.000000 6.756757
480 0.000548 0.083700 200.000000 8.000000
480 0.000372 0.078761 300.000000 7.352941
480 0.000270 0.037406 400.000000 7.194244
480 0.000217 0.009815 500.000000 7.541478
480 0.000308 0.009782 600.000000 7.202881
480 0.000310 0.034370 700.000000 7.438895
480 0.000251 0.055133 800.000000 7.670182
490 0.000997 0.073626 100.000000 6.756757
490 0.000487 0.079853 200.000000 8.000000
490 0.000347 0.078040 300.000000 7.142857
490 0.000281 0.032974 400.000000 7.194244
490 0.000240 0.009693 500.000000 7.530120
490 0.000310 0.011802 600.000000 7.168459
490 0.000295 0.034435 700.000000 7.446808
490 0.000230 0.054382 800.000000 7.490637
500 0.001009 0.077099 100.000000 6.896552
500 0.000459 0.082062 200.000000 8.064516
500 0.000371 0.075047 300.000000 7.075472
500 0.000281 0.030304 400.000000 7.233273
500 0.000250 0.011938 500.000000 7.507507
500 0.000327 0.013585 600.000000 7.168459
500 0.000294 0.036089 700.000000 7.470651
500 0.000230 0.056072 800.000000 7.462687
510 0.001007 0.074628 100.000000 7.092198
510 0.000462 0.079855 200.000000 8.163265
510 0.000363 0.070781 300.000000 7.125891
510 0.000286 0.026801 400.000000 7.285975
510 0.000242 0.015353 500.000000 7.473842
510 0.000317 0.014070 600.000000 7.202881
510 0.000293 0.036165 700.000000 7.510730
510 0.000238 0.056118 800.000000 7.483630
520 0.000966 0.077645 100.000000 7.352941
520 0.000457 0.081631 200.000000 8.298756
520 0.000359 0.069222 300.000000 7.194244
520 0.000297 0.025961 400.000000 7.366483
520 0.000208 0.019122 500.000000 7.429420
520 0.000303 0.015212 600.000000 7.255139
520 0.000290 0.036909 700.000000 7.559395
520 0.000246 0.056930 800.000000 7.511737
530 0.000933 0.078864 100.000000 7.692307
530 0.000466 0.084402 200.000000 8.438819
530 0.000373 0.067807 300.000000 7.281553
530 0.000321 0.024749 400.000000 7.448790
530 0.000220 0.019576 500.000000 7.407407
530 0.000300 0.016072 600.000000 7.299270
530 0.000285 0.036849 700.000000 7.616975
530 0.000252 0.056843 800.000000 7.554296
540 0.000916 0.077168 100.000000 8.064516
540 0.000458 0.083433 200.000000 8.583691
540 0.000369 0.063882 300.000000 7.389163
540 0.000328 0.022248 400.000000 7.532957
540 0.000228 0.017455 500.000000 7.429420
540 0.000292 0.016282 600.000000 7.352941
540 0.000279 0.036885 700.000000 7.667032
540 0.000262 0.056226 800.000000 7.597341
550 0.000792 0.066238 100.000000 8.474576
550 0.000385 0.072700 200.000000 8.695652
550 0.000318 0.053867 300.000000 7.481297
550 0.000308 0.017065 400.000000 7.619048
550 0.000219 0.014822 500.000000 7.462687
550 0.000267 0.016047 600.000000 7.407407
550 0.000257 0.034861 700.000000 7.726269
550 0.000250 0.052933 800.000000 7.640879
560 0.000589 0.047734 100.000000 8.849558
560 0.000280 0.056151 200.000000 8.620689
560 0.000253 0.040209 300.000000 7.556675
560 0.000267 0.010740 400.000000 7.692307
560 0.000211 0.011869 500.000000 7.485030
560 0.000233 0.015660 600.000000 7.453416
560 0.000232 0.031905 700.000000 7.777778
560 0.000227 0.048010 800.000000 7.677543
570 0.000385 0.028111 100.000000 9.090909
570 0.000290 0.036745 200.000000 8.264462
570 0.000215 0.026564 300.000000 7.594937
570 0.000227 0.008245 400.000000 7.722008
570 0.000183 0.010962 500.000000 7.485030
570 0.000197 0.015747 600.000000 7.481297
570 0.000197 0.028913 700.000000 7.812500
570 0.000206 0.042358 800.000000 7.707129
580 0.000283 0.026022 100.000000 9.259259
580 0.000386 0.033023 200.000000 8.097166
580 0.000198 0.022843 300.000000 7.575758
580 0.000237 0.010391 400.000000 7.736944
580 0.000167 0.013072 500.000000 7.473842
580 0.000181 0.016412 600.000000 7.490637
580 0.000180 0.028754 700.000000 7.829978
580 0.000200 0.041425 800.000000 7.722008
590 0.000294 0.028818 100.000000 9.345795
590 0.000426 0.030217 200.000000 8.032128
590 0.000198 0.021524 300.000000 7.537688
590 0.000230 0.011857 400.000000 7.751938
590 0.000171 0.014723 500.000000 7.473842
590 0.000192 0.017952 600.000000 7.500000
590 0.000179 0.030520 700.000000 7.856341
590 0.000213 0.044041 800.000000 7.729469
600 0.000221 0.029304 100.000000 9.433962
600 0.000423 0.029525 200.000000 8.000000
600 0.000203 0.018703 300.000000 7.481297
600 0.000220 0.013284 400.000000 7.751938
600 0.000154 0.015332 500.000000 7.462687
600 0.000189 0.018838 600.000000 7.509387
600 0.000171 0.030538 700.000000 7.865169
600 0.000219 0.043536 800.000000 7.744434
610 0.000244 0.030576 100.000000 9.523809
610 0.000462 0.024895 200.000000 7.968128
610 0.000213 0.016440 300.000000 7.425743
610 0.000222 0.013885 400.000000 7.766990
610 0.000155 0.015194 500.000000 7.418397
610 0.000204 0.020533 600.000000 7.528231
610 0.000177 0.032666 700.000000 7.856341
610 0.000234 0.046213 800.000000 7.759457
620 0.000229 0.030888 100.000000 9.615385
620 0.000372 0.025959 200.000000 7.874016
620 0.000231 0.014779 300.000000 7.352941
620 0.000206 0.013946 400.000000 7.766990
620 0.000147 0.016145 500.000000 7.331378
620 0.000199 0.021967 600.000000 7.537688
620 0.000182 0.034072 700.000000 7.838746
620 0.000239 0.047587 800.000000 7.774539
630 0.000162 0.027273 100.000000 9.615385
630 0.000185 0.032874 200.000000 7.518797
630 0.000217 0.015307 300.000000 7.334963
630 0.000184 0.014501 400.000000 7.736944
630 0.000166 0.015637 500.000000 7.256894
630 0.000199 0.023237 600.000000 7.556675
630 0.000151 0.036032 700.000000 7.751938
630 0.000236 0.049147 800.000000 7.782101
640 0.000125 0.025138 100.000000 9.615385
640 0.000163 0.029375 200.000000 7.220217
640 0.000190 0.017487 300.000000 7.317073
640 0.000173 0.015136 400.000000 7.692307
640 0.000193 0.015748 500.000000 7.225433
640 0.000189 0.024073 600.000000 7.566204
640 0.000137 0.036044 700.000000 7.559395
640 0.000233 0.049316 800.000000 7.797271
650 0.000133 0.026928 100.000000 9.433962
650 0.000191 0.027722 200.000000 7.092198
650 0.000188 0.020787 300.000000 7.334963
650 0.000140 0.014408 400.000000 7.547170
650 0.000182 0.016589 500.000000 7.215007
650 0.000179 0.025153 600.000000 7.575758
650 0.000138 0.036074 700.000000 7.526882
650 0.000227 0.049168 800.000000 7.804878
660 0.000089 0.031942 100.000000 9.174312
660 0.000185 0.028198 200.000000 7.042253
660 0.000201 0.021199 300.000000 7.334963
660 0.000134 0.013273 400.000000 7.285975
660 0.000184 0.017416 500.000000 7.215007
660 0.000178 0.026822 600.000000 7.585335
660 0.000161 0.037335 700.000000 7.518797
660 0.000226 0.051389 800.000000 7.812500
670 0.000220 0.044879 100.000000 8.403361
670 0.000211 0.028604 200.000000 6.993007
670 0.000221 0.021610 300.000000 7.334963
670 0.000158 0.016026 400.000000 7.194244
670 0.000166 0.019461 500.000000 7.204611
670 0.000170 0.028217 600.000000 7.604563
670 0.000176 0.038173 700.000000 7.518797
670 0.000221 0.052688 800.000000 7.820137
680 0.000411 0.048007 100.000000 7.407407
680 0.000243 0.027624 200.000000 6.968641
680 0.000251 0.023114 300.000000 7.334963
680 0.000146 0.019529 400.000000 7.142857
680 0.000171 0.021402 500.000000 7.204611
680 0.000174 0.030548 600.000000 7.614213
680 0.000189 0.040430 700.000000 7.526882
680 0.000228 0.055113 800.000000 7.835455
690 0.000597 0.047284 100.000000 7.042253
690 0.000231 0.026602 200.000000 6.896552
690 0.000261 0.023514 300.000000 7.317073
690 0.000154 0.021250 400.000000 7.117438
690 0.000175 0.023008 500.000000 7.194244
690 0.000166 0.032098 600.000000 7.633588
690 0.000195 0.042253 700.000000 7.534984
690 0.000233 0.057434 800.000000 7.843137
700 0.000594 0.043424 100.000000 6.944445
700 0.000207 0.025017 200.000000 6.802721
700 0.000228 0.022939 300.000000 7.317073
700 0.000166 0.021431 400.000000 7.092198
700 0.000191 0.024006 500.000000 7.204611
700 0.000169 0.033907 600.000000 7.643312
700 0.000213 0.044733 700.000000 7.543103
700 0.000236 0.060291 800.000000 7.858546
710 0.000658 0.036668 100.000000 6.849315
710 0.000196 0.022664 200.000000 6.711410
710 0.000210 0.022791 300.000000 7.299270
710 0.000179 0.019902 400.000000 7.054674
710 0.000212 0.025390 500.000000 7.204611
710 0.000171 0.035703 600.000000 7.633588
710 0.000234 0.047626 700.000000 7.543103
710 0.000246 0.063861 800.000000 7.858546
720 0.000609 0.027067 100.000000 6.666667
720 0.000225 0.021072 200.000000 6.578948
720 0.000209 0.021976 300.000000 7.281553
720 0.000177 0.020071 400.000000 6.944445
720 0.000213 0.026803 500.000000 7.215007
720 0.000185 0.037439 600.000000 7.604563
720 0.000248 0.049707 700.000000 7.551240
720 0.000244 0.066296 800.000000 7.858546
730 0.000241 0.033564 100.000000 6.211180
730 0.000250 0.022439 200.000000 6.514658
730 0.000195 0.020930 300.000000 7.246377
730 0.000189 0.020163 400.000000 6.837607
730 0.000224 0.028055 500.000000 7.225433
730 0.000169 0.039909 600.000000 7.537688
730 0.000253 0.052506 700.000000 7.559395
730 0.000249 0.069410 800.000000 7.858546
740 0.000193 0.040047 100.000000 5.780347
740 0.000229 0.023068 200.000000 6.514658
740 0.000194 0.019347 300.000000 7.194244
740 0.000247 0.019464 400.000000 6.791172
740 0.000225 0.029075 500.000000 7.235890
740 0.000145 0.041555 600.000000 7.299270
740 0.000261 0.055060 700.000000 7.575758
740 0.000252 0.072266 800.000000 7.850834
750 0.000280 0.039959 100.000000 5.649717
750 0.000230 0.024044 200.000000 6.535948
750 0.000178 0.019035 300.000000 7.109005
750 0.000258 0.019811 400.000000 6.779661
750 0.000231 0.030623 500.000000 7.256894
750 0.000162 0.043322 600.000000 7.263923
750 0.000265 0.057770 700.000000 7.592191
750 0.000257 0.075225 800.000000 7.850834
760 0.000284 0.039978 100.000000 5.649717
760 0.000240 0.025340 200.000000 6.578948
760 0.000128 0.018461 300.000000 6.896552
760 0.000238 0.021374 400.000000 6.802721
760 0.000226 0.032868 500.000000 7.288630
760 0.000176 0.044441 600.000000 7.272727
760 0.000259 0.058956 700.000000 7.616975
760 0.000246 0.075809 800.000000 7.843137
770 0.000294 0.036672 100.000000 5.714286
770 0.000258 0.024259 200.000000 6.666667
770 0.000180 0.017593 300.000000 6.787330
770 0.000238 0.023784 400.000000 6.837607
770 0.000218 0.034826 500.000000 7.331378
770 0.000198 0.045382 600.000000 7.299270
770 0.000257 0.060314 700.000000 7.650273
770 0.000230 0.076838 800.000000 7.835455
780 0.000259 0.031505 100.000000 5.813953
780 0.000269 0.018096 200.000000 6.756757
780 0.000211 0.015305 300.000000 6.802721
780 0.000244 0.023472 400.000000 6.884682
780 0.000225 0.035716 500.000000 7.385524
780 0.000210 0.046772 600.000000 7.334963
780 0.000261 0.062588 700.000000 7.692307
780 0.000251 0.078689 800.000000 7.835455
790 0.000208 0.027597 100.000000 5.988024
790 0.000257 0.012148 200.000000 6.896552
790 0.000226 0.013243 300.000000 6.849315
790 0.000258 0.021758 400.000000 6.956522
790 0.000238 0.035950 500.000000 7.462687
790 0.000225 0.048121 600.000000 7.389163
790 0.000267 0.064530 700.000000 7.751938
790 0.000447 0.080510 800.000000 7.820137
800 0.000254 0.028846 100.000000 6.211180
800 0.000236 0.009185 200.000000 7.042253
800 0.000243 0.011974 300.000000 6.928406
800 0.000258 0.022321 400.000000 7.042253
800 0.000236 0.037191 500.000000 7.541478
800 0.000228 0.049075 600.000000 7.453416
800 0.000264 0.065286 700.000000 7.812500
800 0.000684 0.079763 800.000000 7.812500
810 0.000200 0.038186 100.000000 6.451613
810 0.000183 0.017741 200.000000 7.194244
810 0.000242 0.016381 300.000000 7.009346
810 0.000244 0.024891 400.000000 7.117438
810 0.000217 0.039199 500.000000 7.621951
810 0.000215 0.049545 600.000000 7.518797
810 0.000247 0.064639 700.000000 7.865169
810 0.000953 0.076679 800.000000 7.797271
820 0.000228 0.051929 100.000000 6.578948
820 0.000158 0.030210 200.000000 7.326007
820 0.000246 0.027930 300.000000 7.075472
820 0.000232 0.029994 400.000000 7.168459
820 0.000196 0.041958 500.000000 7.692307
820 0.000200 0.050843 600.000000 7.566204
820 0.000235 0.064385 700.000000 7.918552
820 0.000989 0.075572 800.000000 7.766990
830 0.000336 0.069972 100.000000 6.666667
830 0.000153 0.044969 200.000000 7.407407
830 0.000265 0.041834 300.000000 7.109005
830 0.000227 0.036792 400.000000 7.207207
830 0.000180 0.045497 500.000000 7.739938
830 0.000190 0.052728 600.000000 7.604563
830 0.000224 0.065123 700.000000 7.954545
830 0.000997 0.077084 800.000000 7.759457
840 0.000406 0.081497 100.000000 6.622517
840 0.000164 0.051995 200.000000 7.462687
840 0.000270 0.048667 300.000000 7.109005
840 0.000218 0.041952 400.000000 7.246377
840 0.000166 0.048528 500.000000 7.776050
840 0.000189 0.054791 600.000000 7.633588
840 0.000217 0.066598 700.000000 7.981756
840 0.001018 0.081308 800.000000 7.759457
850 0.000416 0.088175 100.000000 6.535948
850 0.000145 0.055720 200.000000 7.490637
850 0.000295 0.052969 300.000000 7.109005
850 0.000215 0.045412 400.000000 7.272727
850 0.000150 0.050299 500.000000 7.788162
850 0.000199 0.056137 600.000000 7.653061
850 0.000214 0.067310 700.000000 8.009153
850 0.001016 0.085713 800.000000 7.774539
860 0.000478 0.095024 100.000000 6.451613
860 0.000170 0.062021 200.000000 7.518797
860 0.000308 0.054917 300.000000 7.058824
860 0.000205 0.049740 400.000000 7.299270
860 0.000141 0.051401 500.000000 7.800312
860 0.000195 0.056660 600.000000 7.672634
860 0.000206 0.066762 700.000000 8.027523
860 0.001019 0.088446 800.000000 7.797271
870 0.000404 0.081760 100.000000 6.410256
870 0.000206 0.052166 200.000000 7.575758
870 0.000278 0.046015 300.000000 7.009346
870 0.000195 0.047888 400.000000 7.352941
870 0.000145 0.050316 500.000000 7.812500
870 0.000208 0.056561 600.000000 7.712082
870 0.000209 0.067384 700.000000 8.055236
870 0.001024 0.091892 800.000000 7.835455
880 0.000332 0.045883 100.000000 6.578948
880 0.000196 0.027060 200.000000 7.722008
880 0.000253 0.029308 300.000000 7.009346
880 0.000231 0.040423 400.000000 7.421150
880 0.000160 0.047084 500.000000 7.836991
880 0.000242 0.056432 600.000000 7.772021
880 0.000237 0.070117 700.000000 8.101851
880 0.001031 0.097683 800.000000 7.881773
890 0.000299 0.021648 100.000000 6.802721
890 0.000190 0.018086 200.000000 7.843137
890 0.000276 0.018966 300.000000 7.042253
890 0.000275 0.033009 400.000000 7.504691
890 0.000180 0.044655 500.000000 7.849294
890 0.000279 0.057636 600.000000 7.832898
890 0.000272 0.074581 700.000000 8.149011
890 0.001030 0.105127 800.000000 7.928642
900 0.000279 0.026202 100.000000 7.042253
900 0.000188 0.021806 200.000000 8.000000
900 0.000282 0.016693 300.000000 7.109005
900 0.000279 0.030156 400.000000 7.604563
900 0.000161 0.043608 500.000000 7.776050
900 0.000287 0.057855 600.000000 7.894737
900 0.000278 0.075223 700.000000 8.206330
900 0.001023 0.107507 800.000000 7.984032
910 0.000301 0.028751 100.000000 7.352941
910 0.000204 0.021070 200.000000 8.163265
910 0.000297 0.019305 300.000000 7.177033
910 0.000263 0.032058 400.000000 7.692307
910 0.000167 0.043695 500.000000 7.704160
910 0.000284 0.057788 600.000000 7.957560
910 0.000271 0.074401 700.000000 8.254717
910 0.001021 0.108301 800.000000 8.032128
920 0.000227 0.026104 100.000000 7.575758
920 0.000169 0.014641 200.000000 8.196721
920 0.000309 0.017989 300.000000 7.228916
920 0.000257 0.033248 400.000000 7.751938
920 0.000158 0.044449 500.000000 7.692307
920 0.000282 0.058863 600.000000 8.010681
920 0.000265 0.074966 700.000000 8.293839
920 0.001017 0.111388 800.000000 8.072654
930 0.000185 0.023205 100.000000 7.751938
930 0.000121 0.013652 200.000000 8.000000
930 0.000323 0.018457 300.000000 7.263923
930 0.000267 0.034956 400.000000 7.812500
930 0.000182 0.046583 500.000000 7.692307
930 0.000282 0.061232 600.000000 8.053691
930 0.000269 0.077385 700.000000 8.303678
930 0.001021 0.117731 800.000000 8.105370
940 0.000217 0.018564 100.000000 7.874016
940 0.000175 0.018273 200.000000 7.547170
940 0.000336 0.021375 300.000000 7.281553
940 0.000275 0.037306 400.000000 7.858546
940 0.000210 0.049126 500.000000 7.704160
940 0.000287 0.064600 600.000000 8.086253
940 0.000258 0.080852 700.000000 8.284023
940 0.001030 0.126164 800.000000 8.121827
950 0.000298 0.015287 100.000000 7.936508
950 0.000330 0.013156 200.000000 7.380074
950 0.000350 0.023221 300.000000 7.317073
950 0.000283 0.039709 400.000000 7.905138
950 0.000248 0.051617 500.000000 7.727975
950 0.000293 0.068467 600.000000 8.108109
950 0.000276 0.084276 700.000000 8.225616
950 0.001039 0.133964 800.000000 8.146640
960 0.000304 0.019552 100.000000 8.064516
960 0.000341 0.015587 200.000000 7.326007
960 0.000370 0.019625 300.000000 7.334963
960 0.000306 0.040813 400.000000 7.936508
960 0.000276 0.054598 500.000000 7.751938
960 0.000306 0.072654 600.000000 8.141112
960 0.000820 0.086697 700.000000 8.083141
960 0.001028 0.143202 800.000000 8.163265
970 0.000329 0.019979 100.000000 8.130081
970 0.000407 0.012428 200.000000 7.299270
970 0.000378 0.023749 300.000000 7.352941
970 0.000302 0.043783 400.000000 8.000000
970 0.000287 0.057766 500.000000 7.776050
970 0.000312 0.075627 600.000000 8.174387
970 0.001134 0.089406 700.000000 7.954545
970 0.001041 0.150865 800.000000 8.188332
980 0.000375 0.021427 100.000000 8.264462
980 0.000392 0.011517 200.000000 7.299270
980 0.000372 0.026392 300.000000 7.389163
980 0.000289 0.045498 400.000000 8.048289
980 0.000292 0.059421 500.000000 7.812500
980 0.000316 0.077591 600.000000 8.207934
980 0.001146 0.094239 700.000000 7.927520
980 0.001040 0.156064 800.000000 8.213552
990 0.000311 0.022862 100.000000 8.403361
990 0.000390 0.011868 200.000000 7.352941
990 0.000376 0.028800 300.000000 7.444169
990 0.000280 0.047172 400.000000 8.097166
990 0.000302 0.061259 500.000000 7.849294
990 0.000317 0.079141 600.000000 8.253095
990 0.001153 0.098275 700.000000 7.945517
990 0.001037 0.161570 800.000000 8.238929
1000 0.000285 0.024084 100.000000 8.620689
1000 0.000455 0.013160 200.000000 7.380074
1000 0.000373 0.032251 300.000000 7.500000
1000 0.000267 0.048561 400.000000 8.146640
1000 0.000312 0.062186 500.000000 7.898894
1000 0.000313 0.079643 600.000000 8.298756
1000 0.001149 0.102075 700.000000 7.972665
1000 0.001037 0.166283 800.000000 8.264462
1010 0.000283 0.026188 100.000000 8.849558
1010 0.000470 0.009660 200.000000 7.380074
1010 0.000375 0.034251 300.000000 7.575758
1010 0.000261 0.049307 400.000000 8.196721
1010 0.000317 0.063326 500.000000 7.949126
1010 0.000314 0.080841 600.000000 8.333333
1010 0.001147 0.105403 700.000000 8.018328
1010 0.001034 0.171166 800.000000 8.290155
1020 0.000229 0.023627 100.000000 9.090909
1020 0.000483 0.007890 200.000000 7.352941
1020 0.000365 0.037046 300.000000 7.653061
1020 0.000266 0.050668 400.000000 8.230453
1020 0.000323 0.064596 500.000000 8.000000
1020 0.000306 0.081335 600.000000 8.379889
1020 0.001146 0.109610 700.000000 8.055236
1020 0.001035 0.176077 800.000000 8.324662
1030 0.000125 0.018895 100.000000 9.174312
1030 0.000491 0.009515 200.000000 7.220217
1030 0.000385 0.039923 300.000000 7.731959
1030 0.000263 0.053708 400.000000 8.213552
1030 0.000330 0.068148 500.000000 8.038586
1030 0.000306 0.084564 600.000000 8.415147
1030 0.001154 0.116892 700.000000 8.092485
1030 0.001040 0.185211 800.000000 8.342023
1040 0.000108 0.017353 100.000000 9.174312
1040 0.000473 0.018342 200.000000 7.092198
1040 0.000382 0.043182 300.000000 7.772021
1040 0.000197 0.055644 400.000000 7.968128
1040 0.000333 0.070962 500.000000 8.064516
1040 0.000312 0.087066 600.000000 8.415147
1040 0.001149 0.123094 700.000000 8.120649
1040 0.001039 0.192299 800.000000 8.350731
1050 0.000198 0.024331 100.000000 8.849558
1050 0.000527 0.027596 200.000000 7.042253
1050 0.000377 0.047439 300.000000 7.792208
1050 0.000213 0.058269 400.000000 7.707129
1050 0.000337 0.073850 500.000000 8.090615
1050 0.000310 0.089744 600.000000 8.403361
1050 0.001154 0.130446 700.000000 8.139535
1050 0.001046 0.200026 800.000000 8.359457
1060 0.000235 0.055338 100.000000 7.812500
1060 0.000531 0.035967 200.000000 6.993007
1060 0.000385 0.052046 300.000000 7.812500
1060 0.000250 0.062390 400.000000 7.648183
1060 0.000339 0.077298 500.000000 8.103727
1060 0.000309 0.092817 600.000000 8.368201
1060 0.001162 0.141086 700.000000 8.139535
1060 0.001048 0.210412 800.000000 8.359457
1070 0.000628 0.048005 100.000000 6.944445
1070 0.000552 0.041958 200.000000 6.993007
1070 0.000377 0.056385 300.000000 7.832898
1070 0.000289 0.065099 400.000000 7.648183
1070 0.000330 0.079882 500.000000 8.116883
1070 0.000277 0.093860 600.000000 8.310249
1070 0.001167 0.148789 700.000000 8.158508
1070 0.001045 0.219383 800.000000 8.368201
1080 0.000800 0.050474 100.000000 6.666667
1080 0.000554 0.045278 200.000000 6.993007
1080 0.000380 0.060963 300.000000 7.874016
1080 0.000305 0.069440 400.000000 7.648183
1080 0.000329 0.084093 500.000000 8.130081
1080 0.000716 0.094595 600.000000 8.141112
1080 0.001178 0.159932 700.000000 8.168028
1080 0.001053 0.229690 800.000000 8.385744
1090 0.000987 0.051162 100.000000 6.535948
1090 0.000589 0.050070 200.000000 6.993007
1090 0.000399 0.066916 300.000000 7.915567
1090 0.000333 0.075844 400.000000 7.662835
1090 0.000344 0.090199 500.000000 8.156607
1090 0.001320 0.098916 600.000000 7.926024
1090 0.001193 0.174229 700.000000 8.177570
1090 0.001064 0.244103 800.000000 8.394544
1100 0.001018 0.053086 100.000000 6.493506
1100 0.000608 0.055850 200.000000 6.993007
1100 0.000396 0.071907 300.000000 7.936508
1100 0.000352 0.081143 400.000000 7.677543
1100 0.000356 0.095362 500.000000 8.183306
1100 0.001345 0.108932 600.000000 7.863696
1100 0.001196 0.186648 700.000000 8.187135
1100 0.001066 0.255694 800.000000 8.403361
1110 0.000938 0.057747 100.000000 6.451613
1110 0.000581 0.060757 200.000000 6.993007
1110 0.000373 0.072650 300.000000 7.978724
1110 0.000364 0.081773 400.000000 7.707129
1110 0.000353 0.096460 500.000000 8.196721
1110 0.001344 0.115640 600.000000 7.853403
1110 0.001189 0.192310 700.000000 8.196721
1110 0.001060 0.259859 800.000000 8.394544
1120 0.001065 0.060282 100.000000 6.329114
1120 0.000558 0.065424 200.000000 7.042253
1120 0.000331 0.072297 300.000000 7.957560
1120 0.000363 0.080996 400.000000 7.722008
1120 0.000345 0.094415 500.000000 8.223684
1120 0.001342 0.118986 600.000000 7.874016
1120 0.001185 0.195759 700.000000 8.206330
1120 0.001050 0.262971 800.000000 8.324662
1130 0.001113 0.044649 100.000000 6.060606
1130 0.000575 0.070708 200.000000 7.067138
1130 0.000365 0.076955 300.000000 7.936508
1130 0.000396 0.087224 400.000000 7.751938
1130 0.000357 0.101044 500.000000 8.237232
1130 0.001342 0.132206 600.000000 7.894737
1130 0.001188 0.209536 700.000000 8.206330
1130 0.001019 0.268189 800.000000 8.179959
1140 0.001076 0.039619 100.000000 5.847953
1140 0.000613 0.072878 200.000000 7.142857
1140 0.000348 0.081122 300.000000 7.874016
1140 0.000414 0.092801 400.000000 7.782101
1140 0.000370 0.107341 500.000000 8.250825
1140 0.001346 0.143782 600.000000 7.926024
1140 0.001188 0.219843 700.000000 8.225616
1140 0.001021 0.268783 800.000000 8.154943
1150 0.001018 0.044280 100.000000 5.747127
1150 0.000578 0.071701 200.000000 7.194244
1150 0.000276 0.079824 300.000000 7.500000
1150 0.000416 0.092760 400.000000 7.827789
1150 0.000372 0.107140 500.000000 8.278146
1150 0.001318 0.148150 600.000000 7.957560
1150 0.001171 0.222370 700.000000 8.244994
1150 0.001006 0.260195 800.000000 8.163265
1160 0.001087 0.048479 100.000000 5.780347
1160 0.000576 0.072828 200.000000 7.299270
1160 0.000302 0.081318 300.000000 7.352941
1160 0.000420 0.094579 400.000000 7.874016
1160 0.000373 0.108635 500.000000 8.291874
1160 0.001312 0.153842 600.000000 8.000000
1160 0.001166 0.228166 700.000000 8.274232
1160 0.000999 0.255926 800.000000 8.179959
1170 0.001034 0.048028 100.000000 5.917160
1170 0.000540 0.069708 200.000000 7.434944
1170 0.000292 0.077919 300.000000 7.389163
1170 0.000407 0.090240 400.000000 7.968128
1170 0.000365 0.104889 500.000000 8.347245
1170 0.001319 0.152867 600.000000 8.064516
1170 0.001167 0.228081 700.000000 8.323424
1170 0.000998 0.250423 800.000000 8.230453
1180 0.001081 0.049160 100.000000 6.097561
1180 0.000586 0.076109 200.000000 7.604563
1180 0.000343 0.086680 300.000000 7.500000
1180 0.000441 0.100293 400.000000 8.064516
1180 0.000388 0.116152 500.000000 8.417508
1180 0.001326 0.166026 600.000000 8.130081
1180 0.001175 0.238959 700.000000 8.383233
1180 0.001006 0.254011 800.000000 8.281573
1190 0.001127 0.055307 100.000000 6.369427
1190 0.000633 0.082286 200.000000 7.843137
1190 0.000384 0.094744 300.000000 7.614213
1190 0.000464 0.108606 400.000000 8.196721
1190 0.000404 0.125584 500.000000 8.503402
1190 0.001338 0.176486 600.000000 8.207934
1190 0.001180 0.247554 700.000000 8.454106
1190 0.001016 0.256968 800.000000 8.342023
1200 0.001093 0.052873 100.000000 6.666667
1200 0.000597 0.078752 200.000000 8.064516
1200 0.000382 0.090329 300.000000 7.731959
1200 0.000455 0.104584 400.000000 8.316009
1200 0.000380 0.121225 500.000000 8.576329
1200 0.001329 0.173764 600.000000 8.287292
1200 0.001172 0.244549 700.000000 8.526188
1200 0.001009 0.251105 800.000000 8.412198
1210 0.001055 0.041515 100.000000 6.896552
1210 0.000586 0.069885 200.000000 8.264462
1210 0.000420 0.081751 300.000000 7.853403
1210 0.000465 0.098768 400.000000 8.421053
1210 0.000354 0.116498 500.000000 8.605852
1210 0.001303 0.165642 600.000000 8.368201
1210 0.001143 0.234538 700.000000 8.588957
1210 0.000986 0.237001 800.000000 8.465609
1220 0.000942 0.035123 100.000000 7.092198
1220 0.000549 0.061045 200.000000 8.438819
1220 0.000423 0.072133 300.000000 7.936508
1220 0.000456 0.090573 400.000000 8.510638
1220 0.000346 0.107940 500.000000 8.591065
1220 0.001295 0.158732 600.000000 8.426967
1220 0.001136 0.227855 700.000000 8.641975
1220 0.000979 0.226252 800.000000 8.519702
1230 0.000875 0.029807 100.000000 7.246377
1230 0.000516 0.052930 200.000000 8.620689
1230 0.000416 0.063255 300.000000 8.021390
1230 0.000436 0.082319 400.000000 8.583691
1230 0.000856 0.097874 500.000000 8.460237
1230 0.001296 0.154947 600.000000 8.474576
1230 0.001134 0.224961 700.000000 8.695652
1230 0.000986 0.218865 800.000000 8.556149
1240 0.000853 0.026661 100.000000 7.407407
1240 0.000479 0.049342 200.000000 8.733624
1240 0.000423 0.059310 300.000000 8.086253
1240 0.000433 0.078589 400.000000 8.658009
1240 0.001464 0.093312 500.000000 8.278146
1240 0.001297 0.156534 600.000000 8.510638
1240 0.001132 0.227760 700.000000 8.728180
1240 0.000990 0.214191 800.000000 8.592911
1250 0.000834 0.025831 100.000000 7.462687
1250 0.000466 0.048067 200.000000 8.849558
1250 0.000437 0.059366 300.000000 8.152174
1250 0.000436 0.079958 400.000000 8.714597
1250 0.001486 0.097515 500.000000 8.196721
1250 0.001297 0.162052 600.000000 8.534851
1250 0.001130 0.233146 700.000000 8.750000
1250 0.000993 0.210624 800.000000 8.629990
1260 0.000800 0.029227 100.000000 7.575758
1260 0.000430 0.042408 200.000000 8.968610
1260 0.000422 0.053167 300.000000 8.196721
1260 0.000419 0.073158 400.000000 8.752735
1260 0.001508 0.093687 500.000000 8.183306
1260 0.001295 0.165929 600.000000 8.559201
1260 0.001130 0.239164 700.000000 8.760951
1260 0.000990 0.208282 800.000000 8.648648
1270 0.000585 0.024909 100.000000 7.692307
1270 0.000353 0.035079 200.000000 9.049774
1270 0.000404 0.050315 300.000000 8.241758
1270 0.000401 0.072909 400.000000 8.810573
1270 0.001567 0.092884 500.000000 8.223684
1270 0.001352 0.154114 600.000000 8.583691
1270 0.001169 0.230419 700.000000 8.739077
1270 0.001024 0.195774 800.000000 8.686211
1280 0.000629 0.032423 100.000000 7.936508
1280 0.000341 0.042433 200.000000 9.132421
1280 0.000432 0.058037 300.000000 8.333333
1280 0.000407 0.079631 400.000000 8.888889
1280 0.001583 0.098621 500.000000 8.278146
1280 0.001361 0.158443 600.000000 8.633094
1280 0.001157 0.234182 700.000000 8.674102
1280 0.001025 0.193785 800.000000 8.724100
1290 0.000639 0.044632 100.000000 8.264462
1290 0.000379 0.051814 200.000000 9.259259
1290 0.000467 0.066940 300.000000 8.450705
1290 0.000408 0.087924 400.000000 8.968610
1290 0.001591 0.106437 500.000000 8.347245
1290 0.001368 0.167203 600.000000 8.683068
1290 0.001140 0.237771 700.000000 8.599508
1290 0.001027 0.194526 800.000000 8.771930
1300 0.000616 0.051900 100.000000 8.620689
1300 0.000396 0.057667 200.000000 9.389671
1300 0.000467 0.072005 300.000000 8.595988
1300 0.000404 0.092424 400.000000 9.070294
1300 0.001608 0.110317 500.000000 8.431704
1300 0.001385 0.173150 600.000000 8.746356
1300 0.001146 0.239841 700.000000 8.599508
1300 0.001037 0.195393 800.000000 8.830022
1310 0.000484 0.043496 100.000000 9.090909
1310 0.000327 0.048601 200.000000 9.478673
1310 0.000417 0.063033 300.000000 8.720930
1310 0.000376 0.082591 400.000000 9.174312
1310 0.001617 0.102989 500.000000 8.517887
1310 0.001387 0.174459 600.000000 8.810573
1310 0.001156 0.238542 700.000000 8.631319
1310 0.001039 0.195347 800.000000 8.879024
1320 0.000354 0.032280 100.000000 9.433962
1320 0.000215 0.040524 200.000000 9.009009
1320 0.000376 0.053188 300.000000 8.849558
1320 0.000345 0.072762 400.000000 9.237875
1320 0.001629 0.098696 500.000000 8.591065
1320 0.001399 0.180565 600.000000 8.862629
1320 0.001171 0.239260 700.000000 8.663366
1320 0.001045 0.197630 800.000000 8.928572
1330 0.000189 0.020801 100.000000 9.708738
1330 0.000148 0.027845 200.000000 8.510638
1330 0.000326 0.039595 300.000000 8.928572
1330 0.000294 0.057879 400.000000 9.280743
1330 0.001634 0.090168 500.000000 8.650519
1330 0.001409 0.183349 600.000000 8.888889
1330 0.001172 0.233555 700.000000 8.684863
1330 0.001052 0.196788 800.000000 8.958567
1340 0.000183 0.020116 100.000000 9.900990
1340 0.000151 0.028777 200.000000 8.403361
1340 0.000333 0.041752 300.000000 8.982036
1340 0.000298 0.060386 400.000000 9.259259
1340 0.001642 0.096943 500.000000 8.680555
1340 0.001410 0.191072 600.000000 8.915304
1340 0.001170 0.229457 700.000000 8.706468
1340 0.001055 0.196619 800.000000 8.988764
1350 0.000254 0.021052 100.000000 10.101010
1350 0.000199 0.031059 200.000000 8.368201
1350 0.000355 0.047404 300.000000 9.036144
1350 0.000286 0.066953 400.000000 9.195402
1350 0.001644 0.109626 500.000000 8.695652
1350 0.001404 0.203104 600.000000 8.928572
1350 0.001167 0.227139 700.000000 8.728180
1350 0.001061 0.197954 800.000000 8.998875
1360 0.000281 0.027000 100.000000 10.204082
1360 0.000270 0.035718 200.000000 8.403361
1360 0.000373 0.054758 300.000000 9.063444
1360 0.000375 0.074873 400.000000 9.009009
1360 0.001652 0.121161 500.000000 8.726004
1360 0.001405 0.214723 600.000000 8.955224
1360 0.001177 0.225994 700.000000 8.750000
1360 0.001070 0.199761 800.000000 9.019166
1370 0.000268 0.027500 100.000000 10.526316
1370 0.000285 0.035235 200.000000 8.438819
1370 0.000367 0.055004 300.000000 9.118541
1370 0.001763 0.077290 400.000000 8.639309
1370 0.001665 0.132547 500.000000 8.741259
1370 0.001413 0.228501 600.000000 8.968610
1370 0.001193 0.226167 700.000000 8.771930
1370 0.001073 0.203088 800.000000 9.029346
1380 0.000268 0.030122 100.000000 10.638298
1380 0.000309 0.038275 200.000000 8.474576
1380 0.000377 0.058661 300.000000 9.174312
1380 0.001966 0.078100 400.000000 8.385744
1380 0.001663 0.143842 500.000000 8.756567
1380 0.001407 0.239718 600.000000 8.982036
1380 0.001195 0.224235 700.000000 8.793970
1380 0.001068 0.204837 800.000000 9.039548
1390 0.000150 0.023182 100.000000 10.869565
1390 0.000315 0.032338 200.000000 8.474576
1390 0.000356 0.053155 300.000000 9.202454
1390 0.002016 0.071539 400.000000 8.333333
1390 0.001659 0.154267 500.000000 8.771930
1390 0.001406 0.252007 600.000000 8.982036
1390 0.001194 0.223788 700.000000 8.816121
1390 0.001065 0.208247 800.000000 9.039548
1400 0.000202 0.025291 100.000000 10.752688
1400 0.000344 0.032853 200.000000 8.510638
1400 0.000347 0.052474 300.000000 9.230769
1400 0.002011 0.072002 400.000000 8.333333
1400 0.001664 0.164176 500.000000 8.771930
1400 0.001399 0.262577 600.000000 8.902077
1400 0.001189 0.221663 700.000000 8.827238
1400 0.001071 0.210785 800.000000 9.029346
1410 0.000158 0.025626 100.000000 10.416667
1410 0.000381 0.028960 200.000000 8.510638
1410 0.000331 0.049213 300.000000 9.202454
1410 0.002009 0.075133 400.000000 8.350731
1410 0.001659 0.178828 500.000000 8.756567
1410 0.001346 0.270560 600.000000 8.633094
1410 0.001174 0.221648 700.000000 8.838384
1410 0.001069 0.214626 800.000000 8.958567
1420 0.000334 0.040627 100.000000 9.615385
1420 0.000381 0.034512 200.000000 8.510638
1420 0.000331 0.053734 300.000000 9.174312
1420 0.002019 0.084740 400.000000 8.368201
1420 0.001664 0.192267 500.000000 8.741259
1420 0.001350 0.269952 600.000000 8.534851
1420 0.001179 0.221212 700.000000 8.838384
1420 0.001051 0.215589 800.000000 8.048289
1430 0.000346 0.048501 100.000000 7.575758
1430 0.000398 0.034535 200.000000 8.510638
1430 0.000335 0.054847 300.000000 9.118541
1430 0.002029 0.099437 400.000000 8.385744
1430 0.001678 0.212627 500.000000 8.726004
1430 0.001355 0.270744 600.000000 8.510638
1430 0.001190 0.224590 700.000000 8.849558
1430 0.001042 0.211426 800.000000 7.976072
1440 0.000237 0.037643 100.000000 7.194244
1440 0.000411 0.037665 200.000000 8.510638
1440 0.000334 0.058118 300.000000 9.036144
1440 0.002048 0.114479 400.000000 8.385744
1440 0.001687 0.229903 500.000000 8.710801
1440 0.001356 0.268361 600.000000 8.510638
1440 0.001199 0.227000 700.000000 8.849558
1440 0.001062 0.203343 800.000000 7.960199
1450 0.000177 0.028612 100.000000 7.092198
1450 0.000411 0.040578 200.000000 8.510638
1450 0.000296 0.062109 300.000000 8.849558
1450 0.002060 0.132184 400.000000 8.385744
1450 0.001684 0.247267 500.000000 8.710801
1450 0.001361 0.266872 600.000000 8.522727
1450 0.001208 0.229925 700.000000 8.849558
1450 0.001067 0.194290 800.000000 7.960199
1460 0.000262 0.026364 100.000000 6.993007
1460 0.000402 0.042624 200.000000 8.510638
1460 0.001383 0.068139 300.000000 8.379889
1460 0.002074 0.150471 400.000000 8.385744
1460 0.001689 0.265822 500.000000 8.710801
1460 0.001375 0.266458 600.000000 8.522727
1460 0.001218 0.233801 700.000000 8.838384
1460 0.001075 0.184924 800.000000 7.960199
1470 0.000334 0.024445 100.000000 6.944445
1470 0.000434 0.047047 200.000000 8.510638
1470 0.002606 0.069327 300.000000 7.853403
1470 0.002069 0.173152 400.000000 8.368201
1470 0.001686 0.286809 500.000000 8.695652
1470 0.001391 0.266488 600.000000 8.522727
1470 0.001212 0.237708 700.000000 8.827238
1470 0.001073 0.175395 800.000000 7.960199
1480 0.000479 0.027588 100.000000 6.896552
1480 0.000467 0.054402 200.000000 8.510638
1480 0.002677 0.076950 300.000000 7.712082
1480 0.002069 0.193747 400.000000 8.350731
1480 0.001685 0.305743 500.000000 8.665511
1480 0.001388 0.265314 600.000000 8.534851
1480 0.001212 0.240988 700.000000 8.816121
1480 0.001089 0.165140 800.000000 7.952286
1490 0.000556 0.026168 100.000000 6.944445
1490 0.000465 0.055375 200.000000 8.547009
1490 0.002682 0.084905 300.000000 7.731959
1490 0.002084 0.216080 400.000000 8.350731
1490 0.001685 0.325278 500.000000 8.605852
1490 0.001390 0.267589 600.000000 8.547009
1490 0.001224 0.246506 700.000000 8.805032
1490 0.001105 0.158383 800.000000 7.960199
1500 0.000650 0.030999 100.000000 7.042253
1500 0.000471 0.056969 200.000000 8.620689
1500 0.002671 0.095365 300.000000 7.772021
1500 0.002068 0.227540 400.000000 8.385744
1500 0.001629 0.332426 500.000000 8.417508
1500 0.001372 0.265032 600.000000 8.583691
1500 0.001213 0.247780 700.000000 8.793970
1500 0.001108 0.151008 800.000000 7.976072
1510 0.000643 0.035775 100.000000 7.194244
1510 0.000426 0.055462 200.000000 8.695652
1510 0.002694 0.102195 300.000000 7.853403
1510 0.002085 0.240757 400.000000 8.421053
1510 0.001620 0.336049 500.000000 8.305648
1510 0.001378 0.265995 600.000000 8.633094
1510 0.001225 0.251645 700.000000 8.728180
1510 0.001120 0.146017 800.000000 8.000000
1520 0.000701 0.047615 100.000000 7.462687
1520 0.000468 0.063208 200.000000 8.849558
1520 0.002732 0.120221 300.000000 7.957560
1520 0.002110 0.260033 400.000000 8.492569
1520 0.001645 0.343510 500.000000 8.319468
1520 0.001394 0.270470 600.000000 8.683068
1520 0.001225 0.254529 700.000000 7.856341
1520 0.001136 0.142201 800.000000 8.032128
1530 0.000814 0.064449 100.000000 7.874016
1530 0.000531 0.073854 200.000000 9.090909
1530 0.002717 0.135661 300.000000 8.108109
1530 0.002103 0.273241 400.000000 8.602151
1530 0.001644 0.345394 500.000000 8.389262
1530 0.001393 0.271370 600.000000 8.771930
1530 0.001208 0.252701 700.000000 7.865169
1530 0.001140 0.138771 800.000000 8.080808
1540 0.000930 0.078842 100.000000 8.403361
1540 0.000584 0.084747 200.000000 9.433962
1540 0.002708 0.148640 300.000000 8.287292
1540 0.002094 0.282419 400.000000 8.752735
1540 0.001638 0.347658 500.000000 8.503402
1540 0.001387 0.272451 600.000000 8.875740
1540 0.001200 0.251217 700.000000 7.918552
1540 0.001142 0.137029 800.000000 8.146640
1550 0.000901 0.079431 100.000000 9.009009
1550 0.000568 0.082937 200.000000 9.756098
1550 0.002705 0.150556 300.000000 8.474576
1550 0.002099 0.284527 400.000000 8.908686
1550 0.001638 0.345469 500.000000 8.605852
1550 0.001390 0.272040 600.000000 8.982036
1550 0.001195 0.249209 700.000000 7.972665
1550 0.001140 0.135469 800.000000 8.213552
1560 0.000886 0.074462 100.000000 9.615385
1560 0.000541 0.080096 200.000000 10.050251
1560 0.002710 0.153740 300.000000 8.645534
1560 0.002102 0.289518 400.000000 9.029346
1560 0.001635 0.342458 500.000000 8.710801
1560 0.001395 0.271505 600.000000 9.077156
1560 0.001194 0.246662 700.000000 8.027523
1560 0.001142 0.133054 800.000000 8.273009
1570 0.000901 0.074601 100.000000 10.000000
1570 0.000546 0.084892 200.000000 10.204082
1570 0.002739 0.163369 300.000000 8.771930
1570 0.002123 0.299790 400.000000 9.111617
1570 0.001642 0.339785 500.000000 8.771930
1570 0.001408 0.272573 600.000000 9.146341
1570 0.001214 0.242333 700.000000 8.055236
1570 0.001160 0.128431 800.000000 8.307373
1580 0.000837 0.065891 100.000000 10.416667
1580 0.000514 0.079761 200.000000 10.256411
1580 0.002750 0.172778 300.000000 8.849558
1580 0.002126 0.308945 400.000000 9.174312
1580 0.001642 0.334389 500.000000 8.818342
1580 0.001417 0.273168 600.000000 9.188361
1580 0.001225 0.234870 700.000000 8.073818
1580 0.001165 0.123701 800.000000 8.342023
1590 0.000695 0.056461 100.000000 10.526316
1590 0.000396 0.071469 200.000000 10.050251
1590 0.002752 0.181637 300.000000 8.902077
1590 0.002110 0.317942 400.000000 9.216590
1590 0.001636 0.327306 500.000000 8.865249
1590 0.001411 0.273070 600.000000 9.216590
1590 0.001219 0.225265 700.000000 8.092485
1590 0.001169 0.117348 800.000000 8.359457
1600 0.000548 0.048013 100.000000 10.752688
1600 0.001573 0.068279 200.000000 9.389671
1600 0.002787 0.198948 300.000000 8.928572
1600 0.002129 0.336423 400.000000 9.237875
1600 0.001660 0.326006 500.000000 8.880995
1600 0.001427 0.277178 600.000000 9.230769
1600 0.001228 0.217508 700.000000 8.111239
1600 0.001181 0.111086 800.000000 8.368201
1610 0.000524 0.044595 100.000000 10.752688
1610 0.003923 0.064576 200.000000 8.474576
1610 0.002790 0.218950 300.000000 8.928572
1610 0.002128 0.354498 400.000000 9.237875
1610 0.001669 0.322775 500.000000 8.912656
1610 0.001419 0.279888 600.000000 9.230769
1610 0.001225 0.206078 700.000000 8.111239
1610 0.001186 0.104575 800.000000 8.368201
1620 0.000503 0.043573 100.000000 10.869565
1620 0.003993 0.061859 200.000000 8.163265
1620 0.002778 0.242889 300.000000 8.928572
1620 0.002120 0.374303 400.000000 9.237875
1620 0.001668 0.320830 500.000000 8.928572
1620 0.001415 0.282931 600.000000 9.230769
1620 0.001234 0.194953 700.000000 8.111239
1620 0.001187 0.098527 800.000000 8.359457
1630 0.000389 0.034835 100.000000 10.869565
1630 0.004024 0.066649 200.000000 8.130081
1630 0.002783 0.263633 300.000000 8.928572
1630 0.002117 0.393481 400.000000 9.153318
1630 0.001661 0.319046 500.000000 8.944544
1630 0.001415 0.287409 600.000000 9.202454
1630 0.001248 0.184926 700.000000 8.111239
1630 0.001190 0.093735 800.000000 8.359457
1640 0.000309 0.026072 100.000000 10.869565
1640 0.004019 0.086615 200.000000 8.163265
1640 0.002768 0.286955 300.000000 8.902077
1640 0.002053 0.408055 400.000000 8.849558
1640 0.001635 0.316693 500.000000 8.944544
1640 0.001403 0.290617 600.000000 9.146341
1640 0.001249 0.174504 700.000000 8.111239
1640 0.001176 0.089923 800.000000 8.368201
1650 0.000232 0.029614 100.000000 10.752688
1650 0.004060 0.120256 200.000000 8.163265
1650 0.002792 0.312793 300.000000 8.875740
1650 0.002024 0.413577 400.000000 8.547009
1650 0.001634 0.318636 500.000000 8.960573
1650 0.001411 0.296557 600.000000 8.862629
1650 0.001264 0.165369 700.000000 8.101851
1650 0.001176 0.087452 800.000000 8.368201
1660 0.000274 0.032962 100.000000 10.526316
1660 0.004058 0.154574 200.000000 8.196721
1660 0.002804 0.343319 300.000000 8.823529
1660 0.002032 0.410811 400.000000 8.492569
1660 0.001641 0.319978 500.000000 8.960573
1660 0.001370 0.291505 600.000000 7.812500
1660 0.001270 0.156131 700.000000 8.101851
1660 0.001171 0.085677 800.000000 8.359457
1670 0.000196 0.037912 100.000000 10.204082
1670 0.004119 0.194892 200.000000 8.196721
1670 0.002831 0.376090 300.000000 8.797654
1670 0.002033 0.409623 400.000000 8.474576
1670 0.001665 0.324561 500.000000 8.960573
1670 0.001389 0.282255 600.000000 7.782101
1670 0.001292 0.147146 700.000000 8.101851
1670 0.001169 0.085260 800.000000 8.342023
1680 0.000238 0.043307 100.000000 9.708738
1680 0.004163 0.236366 200.000000 8.196721
1680 0.002850 0.407571 300.000000 8.797654
1680 0.002048 0.409569 400.000000 8.492569
1680 0.001691 0.330303 500.000000 8.960573
1680 0.001408 0.270995 600.000000 7.772021
1680 0.001312 0.138241 700.000000 8.101851
1680 0.001167 0.087212 800.000000 8.324662
1690 0.001593 0.053888 100.000000 8.620689
1690 0.004200 0.276731 200.000000 8.196721
1690 0.002857 0.438778 300.000000 8.797654
1690 0.002056 0.408611 400.000000 8.492569
1690 0.001707 0.335115 500.000000 8.960573
1690 0.001420 0.259746 600.000000 7.782101
1690 0.001335 0.129312 700.000000 8.101851
1690 0.001165 0.091006 800.000000 8.324662
1700 0.007837 0.058267 100.000000 6.993007
1700 0.004196 0.321121 200.000000 8.163265
1700 0.002849 0.471335 300.000000 8.771930
1700 0.002078 0.406289 400.000000 8.510638
1700 0.001694 0.338157 500.000000 8.944544
1700 0.001414 0.243459 600.000000 7.772021
1700 0.001337 0.119051 700.000000 8.092485
1700 0.001156 0.095949 800.000000 8.324662
1710 0.007973 0.046680 100.000000 6.493506
1710 0.004172 0.354249 200.000000 8.163265
1710 0.002831 0.497291 300.000000 8.746356
1710 0.002072 0.402054 400.000000 8.510638
1710 0.001685 0.341707 500.000000 8.928572
1710 0.001420 0.230619 600.000000 7.772021
1710 0.001339 0.111887 700.000000 8.083141
1710 0.001157 0.101646 800.000000 8.324662
1720 0.008092 0.098140 100.000000 6.410256
1720 0.004200 0.399059 200.000000 8.130081
1720 0.002843 0.528393 300.000000 8.670520
1720 0.002077 0.403324 400.000000 8.528785
1720 0.001695 0.348037 500.000000 8.912656
1720 0.001449 0.218983 600.000000 7.772021
1720 0.001352 0.105120 700.000000 8.073818
1720 0.001154 0.108032 800.000000 8.324662
1730 0.008115 0.157127 100.000000 6.451613
1730 0.004192 0.433533 200.000000 8.097166
1730 0.002771 0.549323 300.000000 8.310249
1730 0.002052 0.400964 400.000000 8.547009
1730 0.001690 0.353318 500.000000 8.849558
1730 0.001458 0.206706 600.000000 7.761966
1730 0.001343 0.101588 700.000000 8.083141
1730 0.001145 0.114818 800.000000 8.307373
1740 0.008113 0.219996 100.000000 6.535948
1740 0.004197 0.469106 200.000000 8.097166
1740 0.002708 0.554596 300.000000 8.000000
1740 0.002043 0.400747 400.000000 8.565310
1740 0.001693 0.357640 500.000000 8.635578
1740 0.001465 0.196431 600.000000 7.772021
1740 0.001337 0.099179 700.000000 8.092485
1740 0.001145 0.122747 800.000000 8.307373
1750 0.008241 0.286477 100.000000 6.622517
1750 0.004256 0.508587 200.000000 8.130081
1750 0.002754 0.559324 300.000000 7.957560
1750 0.002072 0.406630 400.000000 8.602151
1750 0.001670 0.358874 500.000000 7.429420
1750 0.001492 0.188752 600.000000 7.782101
1750 0.001348 0.097625 700.000000 8.101851
1750 0.001178 0.130031 800.000000 8.316009
1760 0.008266 0.349510 100.000000 6.711410
1760 0.004273 0.543758 200.000000 8.163265
1760 0.002737 0.553740 300.000000 7.957560
1760 0.002085 0.408540 400.000000 8.639309
1760 0.001664 0.349863 500.000000 7.407407
1760 0.001507 0.179370 600.000000 7.792208
1760 0.001345 0.098193 700.000000 8.111239
1760 0.001208 0.138099 800.000000 8.333333
1770 0.008260 0.403114 100.000000 6.849315
1770 0.004265 0.573861 200.000000 8.230453
1770 0.002715 0.547479 300.000000 8.021390
1770 0.002084 0.409459 400.000000 8.695652
1770 0.001670 0.337892 500.000000 7.418397
1770 0.001509 0.171045 600.000000 7.822686
1770 0.001331 0.098487 700.000000 8.120649
1770 0.001207 0.144028 800.000000 8.359457
1780 0.008229 0.457812 100.000000 6.993007
1780 0.004226 0.600496 200.000000 8.333333
1780 0.002694 0.541140 300.000000 8.108109
1780 0.002085 0.409228 400.000000 8.752735
1780 0.001663 0.326288 500.000000 7.462687
1780 0.001509 0.163176 600.000000 7.863696
1780 0.001313 0.100947 700.000000 8.149011
1780 0.001205 0.151384 800.000000 8.394544
1790 0.007907 0.476881 100.000000 7.246377
1790 0.004046 0.596750 200.000000 8.510638
1790 0.002578 0.517266 300.000000 8.219178
1790 0.002004 0.394743 400.000000 8.849558
1790 0.001607 0.304925 500.000000 7.507507
1790 0.001473 0.154384 600.000000 7.915567
1790 0.001279 0.106850 700.000000 8.187135
1790 0.001164 0.158546 800.000000 8.438819
1800 0.007563 0.480045 100.000000 7.575758
1800 0.003867 0.583244 200.000000 8.733624
1800 0.002461 0.492892 300.000000 8.356546
1800 0.001927 0.381281 400.000000 8.948545
1800 0.001539 0.288908 500.000000 7.575758
1800 0.001422 0.147318 600.000000 7.968128
1800 0.001219 0.109051 700.000000 8.235294
1800 0.001122 0.159533 800.000000 8.483563
1810 0.005912 0.357921 100.000000 7.936508
1810 0.003015 0.440632 200.000000 8.968610
1810 0.001920 0.376374 300.000000 8.522727
1810 0.001503 0.305638 400.000000 9.090909
1810 0.001221 0.238844 500.000000 7.656968
1810 0.001159 0.137825 600.000000 8.042895
1810 0.000993 0.115640 700.000000 8.303678
1810 0.000929 0.151255 800.000000 8.547009
1820 0.003973 0.207038 100.000000 8.474576
1820 0.002027 0.271202 200.000000 9.259259
1820 0.001276 0.238860 300.000000 8.695652
1820 0.001023 0.204834 400.000000 9.237875
1820 0.000859 0.168391 500.000000 7.739938
1820 0.000862 0.114783 600.000000 8.119080
1820 0.000740 0.114339 700.000000 8.373206
1820 0.000709 0.141920 800.000000 8.620689
1830 0.002217 0.058400 100.000000 9.009009
1830 0.001114 0.102015 200.000000 9.615385
1830 0.000625 0.099966 300.000000 8.902077
1830 0.000524 0.096113 400.000000 9.411765
1830 0.000490 0.091123 500.000000 7.836991
1830 0.000553 0.080732 600.000000 8.207934
1830 0.000479 0.095036 700.000000 8.454106
1830 0.000475 0.116507 800.000000 8.686211
1840 0.000800 0.022187 100.000000 9.615385
1840 0.000417 0.025090 200.000000 9.950249
1840 0.000284 0.023191 300.000000 9.090909
1840 0.000301 0.036061 400.000000 9.569378
1840 0.000350 0.057924 500.000000 7.923930
1840 0.000428 0.076899 600.000000 8.275862
1840 0.000384 0.100364 700.000000 8.526188
1840 0.000350 0.120811 800.000000 8.752735
1850 0.000655 0.019888 100.000000 10.204082
1850 0.000367 0.024218 200.000000 10.256411
1850 0.000280 0.021786 300.000000 9.287926
1850 0.000288 0.037766 400.000000 9.708738
1850 0.000335 0.059871 500.000000 8.000000
1850 0.000427 0.079536 600.000000 8.344924
1850 0.000381 0.102481 700.000000 8.599508
1850 0.000340 0.122240 800.000000 8.820287
1860 0.000524 0.019135 100.000000 10.638298
1860 0.000327 0.026857 200.000000 10.471204
1860 0.000291 0.023881 300.000000 9.433962
1860 0.000291 0.042653 400.000000 9.803922
1860 0.000339 0.064036 500.000000 8.064516
1860 0.000427 0.083976 600.000000 8.403361
1860 0.000376 0.106491 700.000000 8.652658
1870 0.000349 0.020397 100.000000 10.869565
1870 0.000293 0.026095 200.000000 10.526316
1870 0.000326 0.032867 300.000000 9.523809
1870 0.000316 0.053898 400.000000 9.828010
1870 0.000351 0.072790 500.000000 8.090615
1870 0.000440 0.092086 600.000000 8.426967
1870 0.000379 0.113632 700.000000 8.674102
1880 0.000274 0.026116 100.000000 10.869565
1880 0.000305 0.026036 200.000000 10.101010
1880 0.000365 0.045529 300.000000 9.523809
1880 0.000357 0.065591 400.000000 9.779951
1880 0.000399 0.081792 500.000000 8.077544
1880 0.000457 0.100628 600.000000 8.426967
1880 0.000375 0.120763 700.000000 8.663366
1890 0.000263 0.035660 100.000000 10.526316
1890 0.000335 0.025657 200.000000 9.009009
1890 0.000384 0.053486 300.000000 9.523809
1890 0.000367 0.074429 400.000000 9.501187
1890 0.000427 0.088102 500.000000 8.064516
1890 0.000478 0.107630 600.000000 8.415147
1890 0.000382 0.126551 700.000000 8.631319
1900 0.000271 0.036335 100.000000 10.309278
1900 0.000327 0.028981 200.000000 8.771930
1900 0.000417 0.057940 300.000000 9.523809
1900 0.000341 0.080821 400.000000 7.648183
1900 0.000463 0.092576 500.000000 8.038586
1900 0.000479 0.112700 600.000000 8.403361
1900 0.000390 0.131676 700.000000 8.620689
1910 0.000334 0.032666 100.000000 10.204082
1910 0.000392 0.035729 200.000000 8.733624
1910 0.000422 0.061972 300.000000 9.493670
1910 0.000400 0.085981 400.000000 7.561437
1910 0.000478 0.095819 500.000000 8.038586
1910 0.000473 0.116105 600.000000 8.379889
1910 0.000395 0.135749 700.000000 8.610086
1920 0.000354 0.028018 100.000000 10.101010
1920 0.000486 0.047187 200.000000 8.733624
1920 0.000463 0.070625 300.000000 9.493670
1920 0.000468 0.094098 400.000000 7.561437
1920 0.000500 0.103075 500.000000 8.038586
1920 0.000468 0.122334 600.000000 8.356546
1920 0.000390 0.141406 700.000000 8.620689
1930 0.000309 0.024529 100.000000 10.101010
1930 0.000559 0.058222 200.000000 8.733624
1930 0.000480 0.079044 300.000000 9.493670
1930 0.000486 0.099679 400.000000 7.561437
1930 0.000522 0.109193 500.000000 8.038586
1930 0.000478 0.128606 600.000000 8.344924
1930 0.000398 0.147318 700.000000 8.620689
1940 0.000299 0.022028 100.000000 10.204082
1940 0.000575 0.063702 200.000000 8.771930
1940 0.000488 0.084527 300.000000 9.493670
1940 0.000498 0.101833 400.000000 7.561437
1940 0.000543 0.113126 500.000000 8.038586
1940 0.000475 0.132660 600.000000 8.356546
1940 0.000394 0.151028 700.000000 8.631319
1950 0.000279 0.019034 100.000000 10.101010
1950 0.000579 0.064698 200.000000 8.849558
1950 0.000480 0.086738 300.000000 9.493670
1950 0.000493 0.101326 400.000000 7.575758
1950 0.000540 0.114846 500.000000 8.038586
1950 0.000467 0.134752 600.000000 8.368201
1950 0.000384 0.152926 700.000000 8.631319
1960 0.000303 0.019580 100.000000 10.000000
1960 0.000583 0.065803 200.000000 8.888889
1960 0.000479 0.087954 300.000000 9.493670
1960 0.000483 0.101384 400.000000 7.575758
1960 0.000550 0.116998 500.000000 8.038586
1960 0.000465 0.137456 600.000000 8.368201
1970 0.000459 0.026920 100.000000 9.433962
1970 0.000588 0.067701 200.000000 8.928572
1970 0.000493 0.090544 300.000000 9.433962
1970 0.000498 0.102291 400.000000 7.575758
1970 0.000547 0.119518 500.000000 8.051530
1970 0.000439 0.139282 600.000000 8.368201
1980 0.000724 0.034262 100.000000 8.000000
1980 0.000593 0.070463 200.000000 9.009009
1980 0.000489 0.094365 300.000000 9.287926
1980 0.000522 0.104535 400.000000 7.590133
1980 0.000554 0.123322 500.000000 8.064516
1980 0.000438 0.142363 600.000000 8.356546
1990 0.000645 0.031993 100.000000 7.575758
1990 0.000617 0.074662 200.000000 9.049774
1990 0.000462 0.098522 300.000000 7.109005
1990 0.000539 0.107813 400.000000 7.590133
1990 0.000562 0.127581 500.000000 8.077544
1990 0.000445 0.145899 600.000000 8.368201
2000 0.000694 0.044517 100.000000 7.518797
2000 0.000632 0.078754 200.000000 9.090909
2000 0.000463 0.103420 300.000000 6.976744
2000 0.000568 0.109881 400.000000 7.604563
2000 0.000558 0.130076 500.000000 8.077544
2000 0.000450 0.149296 600.000000 8.368201
2010 0.000891 0.065449 100.000000 7.518797
2010 0.000658 0.088171 200.000000 9.132421
2010 0.000595 0.112392 300.000000 6.944445
2010 0.000614 0.116946 400.000000 7.619048
2010 0.000564 0.136443 500.000000 8.064516
2010 0.000462 0.155764 600.000000 8.379889
2020 0.001040 0.085036 100.000000 7.575758
2020 0.000692 0.098195 200.000000 9.174312
2020 0.000657 0.120945 300.000000 6.944445
2020 0.000628 0.124983 400.000000 7.619048
2020 0.000569 0.143282 500.000000 8.051530
2020 0.000460 0.162510 600.000000 8.391608
2030 0.001117 0.098491 100.000000 7.633588
2030 0.000703 0.107446 200.000000 9.132421
2030 0.000659 0.124198 300.000000 6.944445
2030 0.000649 0.130295 400.000000 7.619048
2030 0.000567 0.149400 500.000000 8.038586
2030 0.000463 0.167195 600.000000 8.403361
2040 0.001110 0.104577 100.000000 7.692307
2040 0.000700 0.112121 200.000000 9.132421
2040 0.000673 0.124676 300.000000 6.944445
2040 0.000656 0.133352 400.000000 7.619048
2040 0.000562 0.152779 500.000000 8.051530
2040 0.000453 0.170568 600.000000 8.403361
2050 0.001167 0.111521 100.000000 7.751938
2050 0.000701 0.118609 200.000000 9.132421
2050 0.000665 0.127522 300.000000 6.960557
2050 0.000675 0.138555 400.000000 7.619048
2050 0.000567 0.158402 500.000000 8.064516
2060 0.001219 0.114267 100.000000 7.936508
2060 0.000728 0.122173 200.000000 9.174312
2060 0.000672 0.128545 300.000000 6.993007
2060 0.000689 0.141977 400.000000 7.633588
2060 0.000565 0.161546 500.000000 8.090615
2070 0.001228 0.113947 100.000000 8.196721
2070 0.000742 0.121595 200.000000 9.302325
2070 0.000675 0.128640 300.000000 7.058824
2070 0.000697 0.143880 400.000000 7.707129
2070 0.000549 0.164225 500.000000 8.130081
2080 0.001293 0.122425 100.000000 8.620689
2080 0.000783 0.130254 200.000000 9.478673
2080 0.000721 0.135417 300.000000 7.142857
2080 0.000720 0.150808 400.000000 7.797271
2080 0.000557 0.170686 500.000000 8.196721
2090 0.001253 0.119098 100.000000 9.259259
2090 0.000757 0.127165 200.000000 9.756098
2090 0.000733 0.134601 300.000000 7.263923
2090 0.000732 0.151300 400.000000 7.905138
2090 0.000559 0.171390 500.000000 8.291874
2100 0.001228 0.118792 100.000000 9.900990
2100 0.000753 0.127078 200.000000 9.950249
2100 0.000742 0.134501 300.000000 7.389163
2100 0.000729 0.151777 400.000000 8.016032
2100 0.000559 0.171548 500.000000 8.389262
2110 0.001207 0.117830 100.000000 10.526316
2110 0.000717 0.127126 200.000000 9.950249
2110 0.000740 0.134669 300.000000 7.500000
2110 0.000742 0.153211 400.000000 8.113590
2110 0.000557 0.172959 500.000000 8.460237
2120 0.001097 0.106949 100.000000 10.989011
2120 0.000597 0.116185 200.000000 6.872852
2120 0.000706 0.127579 300.000000 7.556675
2120 0.000703 0.147710 400.000000 8.179959
2120 0.000536 0.166963 500.000000 8.517887
2130 0.000751 0.071137 100.000000 11.235955
2130 0.000450 0.087691 200.000000 6.688963
2130 0.000643 0.101675 300.000000 7.594937
2130 0.000614 0.125032 400.000000 8.196721
2130 0.000498 0.145512 500.000000 8.532423
2140 0.000554 0.045939 100.000000 11.363636
2140 0.000521 0.072818 200.000000 6.644518
2140 0.000610 0.089732 300.000000 7.614213
2140 0.000559 0.115236 400.000000 8.179959
2140 0.000476 0.135675 500.000000 8.547009
2150 0.000473 0.030019 100.000000 11.363636
2150 0.000526 0.065523 200.000000 6.622517
2150 0.000577 0.083942 300.000000 7.614213
2150 0.000514 0.109990 400.000000 8.146640
2150 0.000446 0.129391 500.000000 8.547009
2160 0.000439 0.028837 100.000000 11.235955
2160 0.000501 0.063102 200.000000 6.622517
2160 0.000589 0.084475 300.000000 7.594937
2160 0.000489 0.110534 400.000000 8.130081
2160 0.000434 0.128077 500.000000 8.547009
2170 0.000345 0.030611 100.000000 11.111111
2170 0.000484 0.063695 200.000000 6.600660
2170 0.000580 0.085376 300.000000 7.575758
2170 0.000466 0.109645 400.000000 8.130081
2170 0.000400 0.125442 500.000000 8.547009
2180 0.000282 0.031159 100.000000 10.869565
2180 0.000435 0.063572 200.000000 6.578948
2180 0.000584 0.086388 300.000000 7.537688
2180 0.000456 0.109971 400.000000 8.113590
2190 0.000349 0.035480 100.000000 10.526316
2190 0.000441 0.065270 200.000000 6.557377
2190 0.000594 0.090028 300.000000 7.518797
2190 0.000421 0.112532 400.000000 8.097166
2200 0.000422 0.046980 100.000000 9.900990
2200 0.000537 0.071995 200.000000 6.535948
2200 0.000606 0.097922 300.000000 7.518797
2200 0.000414 0.119018 400.000000 8.064516
2210 0.000267 0.057039 100.000000 4.926108
2210 0.000545 0.073297 200.000000 6.514658
2210 0.000607 0.099792 300.000000 7.518797
2210 0.000417 0.119471 400.000000 8.032128
2220 0.000242 0.054605 100.000000 4.694836
2220 0.000601 0.075022 200.000000 6.493506
2220 0.000584 0.100683 300.000000 7.481297
2220 0.000474 0.119116 400.000000 8.016032
2230 0.000615 0.065800 100.000000 4.651163
2230 0.000660 0.079515 200.000000 6.493506
2230 0.000568 0.102781 300.000000 7.444169
2230 0.000472 0.119098 400.000000 8.032128
2240 0.000704 0.072627 100.000000 4.651163
2240 0.000671 0.081361 200.000000 6.493506
2240 0.000541 0.102922 300.000000 7.407407
2240 0.000466 0.117370 400.000000 8.032128
2250 0.000709 0.075518 100.000000 4.651163
2250 0.000685 0.083413 200.000000 6.514658
2250 0.000510 0.103957 300.000000 7.425743
2250 0.000456 0.117074 400.000000 8.048289
2260 0.000711 0.078668 100.000000 4.672897
2260 0.000723 0.089037 200.000000 6.493506
2260 0.000514 0.108568 300.000000 7.444169
2260 0.000438 0.120988 400.000000 8.048289
2270 0.000686 0.086735 100.000000 4.672897
2270 0.000761 0.096187 200.000000 6.493506
2270 0.000536 0.115600 300.000000 7.444169
2280 0.000638 0.082304 100.000000 4.716981
2280 0.000749 0.093351 200.000000 6.514658
2280 0.000490 0.110983 300.000000 7.481297
2290 0.000653 0.079716 100.000000 4.761905
2290 0.000733 0.091575 200.000000 6.578948
2290 0.000441 0.107935 300.000000 7.500000
2300 0.000728 0.080658 100.000000 4.854369
2300 0.000724 0.091600 200.000000 6.688963
2300 0.000438 0.107740 300.000000 7.556675
2310 0.000801 0.083408 100.000000 5.000000
2310 0.000780 0.094842 200.000000 6.825939
2310 0.000458 0.110643 300.000000 7.672634
2320 0.000841 0.084981 100.000000 5.181347
2320 0.000787 0.097183 200.000000 7.017544
2320 0.000473 0.113379 300.000000 7.812500
2330 0.000933 0.090426 100.000000 5.434783
2330 0.000823 0.103169 200.000000 7.246377
2330 0.000504 0.119734 300.000000 8.000000
2340 0.000970 0.093668 100.000000 5.747127
2340 0.000841 0.106349 200.000000 7.518797
2340 0.000517 0.122990 300.000000 8.219178
2350 0.000972 0.094314 100.000000 6.097561
2350 0.000841 0.106662 200.000000 7.812500
2350 0.000517 0.123211 300.000000 8.450705
2360 0.000972 0.094472 100.000000 6.493506
2360 0.000841 0.106565 200.000000 8.130081
2360 0.000517 0.123068 300.000000 8.695652
2370 0.000979 0.095360 100.000000 6.944445
2370 0.000848 0.108012 200.000000 8.438819
2370 0.000519 0.123725 300.000000 8.955224
2380 0.000984 0.095921 100.000000 7.462687
2380 0.000850 0.108436 200.000000 8.810573
2380 0.000521 0.124114 300.000000 9.230769
2390 0.000975 0.095016 100.000000 8.064516
2390 0.000847 0.107266 200.000000 9.216590
2390 0.000518 0.122882 300.000000 9.523809
2400 0.000986 0.094753 100.000000 8.771930
2400 0.000853 0.108150 200.000000 9.661836
2400 0.000522 0.124010 300.000000 9.836065
2410 0.000954 0.091532 100.000000 9.345795
2410 0.000835 0.107262 200.000000 10.050251
2410 0.000509 0.123103 300.000000 10.101010
2420 0.001071 0.087891 100.000000 9.900990
2420 0.000847 0.110918 200.000000 10.362695
2420 0.000531 0.127858 300.000000 10.309278
2430 0.001038 0.084153 100.000000 10.309278
2430 0.000792 0.111470 200.000000 10.526316
2430 0.000584 0.128013 300.000000 10.452962
2440 0.000914 0.066042 100.000000 10.526316
2440 0.000655 0.091860 200.000000 10.582010
2440 0.000518 0.106741 300.000000 10.526316
2450 0.000820 0.056709 100.000000 10.638298
2450 0.000554 0.082699 200.000000 10.471204
2450 0.000487 0.094878 300.000000 10.563380
2460 0.000944 0.061632 100.000000 10.638298
2460 0.000529 0.087620 200.000000 10.471204
2460 0.000463 0.097422 300.000000 10.563380
2470 0.000964 0.066431 100.000000 10.526316
2470 0.000495 0.087812 200.000000 10.471204
2470 0.000437 0.095590 300.000000 10.563380
2480 0.000992 0.067986 100.000000 10.416667
2480 0.000500 0.087685 200.000000 10.526316
2490 0.000937 0.063337 100.000000 10.416667
2490 0.000440 0.081922 200.000000 10.526316
2500 0.000836 0.059069 100.000000 10.526316
2500 0.000324 0.075047 200.000000 10.471204
2510 0.000770 0.056472 100.000000 10.638298
2510 0.000286 0.070367 200.000000 10.416667
2520 0.000631 0.050544 100.000000 10.638298
2520 0.000307 0.061070 200.000000 10.416667
2530 0.000492 0.047552 100.000000 10.416667
2530 0.000422 0.052885 200.000000 10.416667
2540 0.000307 0.047692 100.000000 10.204082
2540 0.000431 0.044062 200.000000 10.416667
2550 0.000293 0.043249 100.000000 10.101010
2550 0.000407 0.035275 200.000000 10.416667
2560 0.000248 0.033855 100.000000 10.204082
2560 0.000406 0.027749 200.000000 10.471204
2570 0.000296 0.030924 100.000000 10.309278
2570 0.000349 0.026111 200.000000 10.526316
2580 0.000271 0.032095 100.000000 10.416667
2590 0.000288 0.048108 100.000000 10.309278
2600 0.000225 0.059013 100.000000 10.101010
2610 0.000169 0.053369 100.000000 10.000000
2620 0.000620 0.036003 100.000000 10.101010
2630 0.000743 0.020168 100.000000 10.309278
2640 0.000935 0.018348 100.000000 10.526316
2650 0.000870 0.021527 100.000000 10.638298
2660 0.000846 0.024132 100.000000 10.638298
