0 0.000376 0.015631 100.000000 5.780347
0 0.000492 0.042656 200.000000 6.329114
0 0.000210 0.030027 300.000000 6.711410
0 0.000120 0.012430 400.000000 6.908463
0 0.000140 0.003667 500.000000 6.289308
0 0.000118 0.006479 600.000000 6.734007
10 0.000338 0.013940 100.000000 6.060606
10 0.000453 0.039681 200.000000 6.430868
10 0.000184 0.028752 300.000000 6.833713
10 0.000111 0.012512 400.000000 7.005254
10 0.000137 0.004379 500.000000 6.361323
10 0.000109 0.006023 600.000000 6.795017
20 0.000516 0.024802 100.000000 6.369427
20 0.000513 0.044089 200.000000 6.451613
20 0.000182 0.037450 300.000000 6.944445
20 0.000130 0.019340 400.000000 7.104796
20 0.000174 0.008871 500.000000 6.426735
20 0.000133 0.005209 600.000000 6.841505
30 0.000496 0.023985 100.000000 6.622517
30 0.000482 0.046778 200.000000 6.514658
30 0.000216 0.035990 300.000000 7.025761
30 0.000135 0.016698 400.000000 7.207207
30 0.000163 0.006398 500.000000 6.493506
30 0.000126 0.006486 600.000000 6.880734
40 0.000578 0.031461 100.000000 6.849315
40 0.000459 0.052126 200.000000 6.557377
40 0.000269 0.041170 300.000000 7.058824
40 0.000158 0.019596 400.000000 7.285975
40 0.000183 0.007543 500.000000 6.553080
40 0.000127 0.007073 600.000000 6.888634
50 0.000515 0.025681 100.000000 6.993007
50 0.000437 0.045190 200.000000 6.600660
50 0.000232 0.035291 300.000000 7.042253
50 0.000132 0.017424 400.000000 7.352941
50 0.000170 0.006653 500.000000 6.596306
50 0.000097 0.006710 600.000000 6.880734
60 0.000580 0.024682 100.000000 7.092198
60 0.000399 0.042431 200.000000 6.622517
60 0.000225 0.034206 300.000000 6.976744
60 0.000136 0.018974 400.000000 7.393715
60 0.000174 0.007453 500.000000 6.631300
60 0.000107 0.006172 600.000000 6.872852
70 0.000589 0.027193 100.000000 7.142857
70 0.000390 0.044905 200.000000 6.644518
70 0.000219 0.031255 300.000000 6.928406
70 0.000134 0.015817 400.000000 7.421150
70 0.000171 0.004682 500.000000 6.657790
70 0.000114 0.006804 600.000000 6.864988
80 0.000580 0.020572 100.000000 7.142857
80 0.000341 0.036455 200.000000 6.688963
80 0.000187 0.024018 300.000000 6.912442
80 0.000109 0.013468 400.000000 7.434944
80 0.000153 0.004145 500.000000 6.675568
80 0.000098 0.006008 600.000000 6.857143
90 0.000419 0.012305 100.000000 7.142857
90 0.000250 0.026814 200.000000 6.711410
90 0.000126 0.018474 300.000000 6.928406
90 0.000057 0.013230 400.000000 7.421150
90 0.000136 0.004639 500.000000 6.702413
90 0.000101 0.005054 600.000000 6.841505
100 0.000452 0.013234 100.000000 7.092198
100 0.000257 0.024661 200.000000 6.756757
100 0.000095 0.015941 300.000000 6.960557
100 0.000044 0.012019 400.000000 7.259528
100 0.000124 0.004112 500.000000 6.720430
100 0.000075 0.004959 600.000000 6.825939
110 0.000568 0.015635 100.000000 7.092198
110 0.000253 0.025591 200.000000 6.802721
110 0.000113 0.016142 300.000000 6.976744
110 0.000106 0.012581 400.000000 6.201550
110 0.000129 0.004113 500.000000 6.747638
110 0.000073 0.005194 600.000000 6.795017
120 0.000558 0.008558 100.000000 7.142857
120 0.000189 0.020251 200.000000 6.872852
120 0.000074 0.015039 300.000000 7.025761
120 0.000143 0.014658 400.000000 6.201550
120 0.000126 0.004915 500.000000 6.784261
120 0.000073 0.005113 600.000000 6.764374
130 0.000678 0.030292 100.000000 7.352941
130 0.000281 0.024978 200.000000 6.993007
130 0.000112 0.011796 300.000000 7.092198
130 0.000104 0.007436 400.000000 6.240250
130 0.000095 0.004964 500.000000 6.830601
130 0.000080 0.004904 600.000000 6.703911
140 0.000683 0.036520 100.000000 7.575758
140 0.000290 0.018228 200.000000 7.142857
140 0.000147 0.005891 300.000000 7.177033
140 0.000059 0.004071 400.000000 6.289308
140 0.000069 0.004671 500.000000 6.887053
140 0.000075 0.004441 600.000000 6.637168
150 0.000716 0.039436 100.000000 7.692307
150 0.000236 0.017871 200.000000 7.220217
150 0.000139 0.005555 300.000000 7.246377
150 0.000057 0.003555 400.000000 6.339144
150 0.000070 0.004346 500.000000 6.925208
150 0.000083 0.004203 600.000000 6.578948
160 0.000685 0.040038 100.000000 7.692307
160 0.000235 0.017772 200.000000 7.272727
160 0.000093 0.006460 300.000000 7.299270
160 0.000075 0.003979 400.000000 6.379585
160 0.000075 0.003988 500.000000 6.954103
160 0.000069 0.004114 600.000000 6.514658
170 0.000748 0.052749 100.000000 7.142857
170 0.000229 0.017072 200.000000 7.272727
170 0.000104 0.004108 300.000000 7.352941
170 0.000087 0.002787 400.000000 6.410256
170 0.000066 0.004896 500.000000 6.954103
180 0.000724 0.049328 100.000000 6.329114
180 0.000210 0.015382 200.000000 7.194244
180 0.000085 0.004285 300.000000 7.389163
180 0.000085 0.003002 400.000000 6.451613
180 0.000057 0.004661 500.000000 6.915629
190 0.000571 0.038899 100.000000 6.172840
190 0.000171 0.015117 200.000000 7.042253
190 0.000051 0.007492 300.000000 7.444169
190 0.000094 0.004893 400.000000 6.482982
190 0.000059 0.004252 500.000000 6.849315
200 0.000552 0.033397 100.000000 6.134969
200 0.000128 0.009710 200.000000 6.849315
200 0.000041 0.005466 300.000000 7.462687
200 0.000075 0.004274 400.000000 6.514658
200 0.000036 0.003775 500.000000 6.811989
210 0.000391 0.027454 100.000000 6.172840
210 0.000067 0.009468 200.000000 6.779661
210 0.000028 0.007488 300.000000 7.481297
210 0.000079 0.005643 400.000000 6.535948
210 0.000066 0.003972 500.000000 6.793478
220 0.000308 0.016437 100.000000 6.211180
220 0.000015 0.008605 200.000000 6.779661
220 0.000058 0.012374 300.000000 7.500000
220 0.000078 0.010104 400.000000 6.557377
220 0.000086 0.006274 500.000000 6.784261
230 0.000256 0.014864 100.000000 6.289308
230 0.000033 0.009855 200.000000 6.802721
230 0.000083 0.013985 300.000000 7.500000
230 0.000078 0.010298 400.000000 6.589786
230 0.000084 0.006047 500.000000 6.775068
240 0.000279 0.009263 100.000000 6.410256
240 0.000088 0.007148 200.000000 6.849315
240 0.000110 0.012433 300.000000 7.263923
240 0.000078 0.009905 400.000000 6.622517
240 0.000064 0.006450 500.000000 6.756757
250 0.000178 0.006931 100.000000 6.493506
250 0.000121 0.012890 200.000000 6.896552
250 0.000110 0.021652 300.000000 5.940594
250 0.000129 0.016233 400.000000 6.655574
250 0.000093 0.009539 500.000000 6.729475
260 0.000209 0.005752 100.000000 6.578948
260 0.000206 0.016551 200.000000 6.920415
260 0.000133 0.026710 300.000000 5.917160
260 0.000125 0.020489 400.000000 6.688963
260 0.000095 0.011670 500.000000 6.666667
270 0.000104 0.012390 100.000000 6.666667
270 0.000229 0.023835 200.000000 6.944445
270 0.000187 0.031656 300.000000 5.928854
270 0.000123 0.021500 400.000000 6.711410
270 0.000098 0.010566 500.000000 6.476684
280 0.000234 0.014774 100.000000 6.756757
280 0.000260 0.027311 200.000000 7.017544
280 0.000214 0.034086 300.000000 5.964215
280 0.000148 0.023332 400.000000 6.745363
280 0.000108 0.010854 500.000000 6.361323
290 0.000212 0.011123 100.000000 6.849315
290 0.000273 0.027192 200.000000 7.092198
290 0.000212 0.033395 300.000000 6.024096
290 0.000149 0.024752 400.000000 6.779661
290 0.000123 0.011677 500.000000 6.297229
300 0.000291 0.008221 100.000000 7.042253
300 0.000291 0.027744 200.000000 7.246377
300 0.000208 0.033979 300.000000 6.097561
300 0.000143 0.026302 400.000000 6.825939
310 0.000356 0.006511 100.000000 7.352941
310 0.000268 0.024768 200.000000 7.434944
310 0.000191 0.030933 300.000000 6.198347
310 0.000132 0.024903 400.000000 6.896552
320 0.000393 0.023385 100.000000 7.751938
320 0.000253 0.036014 200.000000 7.662835
320 0.000229 0.036327 300.000000 6.302521
320 0.000173 0.023578 400.000000 6.980803
330 0.000541 0.022250 100.000000 8.130081
330 0.000310 0.040090 200.000000 7.905138
330 0.000243 0.041134 300.000000 6.410256
330 0.000194 0.029064 400.000000 7.042253
340 0.000228 0.022985 100.000000 8.264462
340 0.000215 0.031920 200.000000 8.097166
340 0.000207 0.029947 300.000000 6.493506
340 0.000156 0.017982 400.000000 7.054674
350 0.000229 0.025656 100.000000 8.064516
350 0.000223 0.034981 200.000000 8.230453
350 0.000225 0.031026 300.000000 6.564551
350 0.000202 0.018317 400.000000 7.029877
360 0.000286 0.024955 100.000000 7.692307
360 0.000238 0.034577 200.000000 8.298756
360 0.000202 0.028495 300.000000 6.622517
360 0.000176 0.015494 400.000000 6.980803
370 0.000293 0.019599 100.000000 7.462687
370 0.000201 0.028963 200.000000 8.333333
370 0.000180 0.022257 300.000000 6.637168
370 0.000172 0.011432 400.000000 6.956522
380 0.000303 0.026614 100.000000 7.352941
380 0.000216 0.035299 200.000000 8.298756
380 0.000199 0.023069 300.000000 6.666667
380 0.000180 0.010295 400.000000 6.920415
390 0.000271 0.026183 100.000000 7.299270
390 0.000206 0.035376 200.000000 8.163265
390 0.000175 0.021304 300.000000 6.666667
390 0.000157 0.009457 400.000000 6.872852
400 0.000243 0.026177 100.000000 7.299270
400 0.000210 0.035489 200.000000 5.714286
400 0.000211 0.019495 300.000000 6.681514
400 0.000134 0.008415 400.000000 6.802721
410 0.000200 0.025465 100.000000 7.246377
410 0.000217 0.032753 200.000000 5.617978
410 0.000179 0.015950 300.000000 6.696429
410 0.000108 0.006366 400.000000 6.677796
420 0.000372 0.027127 100.000000 7.194244
420 0.000226 0.032427 200.000000 5.602241
420 0.000141 0.018255 300.000000 6.711410
420 0.000086 0.007876 400.000000 6.369427
430 0.000334 0.022986 100.000000 7.246377
430 0.000213 0.026373 200.000000 5.633803
430 0.000135 0.015459 300.000000 6.726458
430 0.000078 0.007171 400.000000 6.211180
440 0.000294 0.025163 100.000000 7.352941
440 0.000230 0.025426 200.000000 5.681818
440 0.000130 0.013843 300.000000 6.726458
450 0.000112 0.011112 100.000000 7.575758
450 0.000216 0.012168 200.000000 5.763689
450 0.000139 0.009166 300.000000 6.726458
460 0.000211 0.020677 100.000000 7.874016
460 0.000228 0.018157 200.000000 5.847953
460 0.000145 0.009486 300.000000 6.711410
470 0.000268 0.029436 100.000000 8.196721
470 0.000247 0.023850 200.000000 5.952381
470 0.000209 0.012436 300.000000 6.711410
480 0.000243 0.025452 100.000000 8.547009
480 0.000233 0.019203 200.000000 6.060606
480 0.000181 0.009566 300.000000 6.726458
490 0.000222 0.021604 100.000000 8.928572
490 0.000186 0.015839 200.000000 6.172840
490 0.000140 0.008082 300.000000 6.756757
500 0.000123 0.013819 100.000000 9.259259
500 0.000175 0.009698 200.000000 6.250000
500 0.000142 0.006681 300.000000 6.772009
510 0.000176 0.017518 100.000000 9.433962
510 0.000149 0.012997 200.000000 6.309148
510 0.000129 0.007940 300.000000 6.772009
520 0.000187 0.018598 100.000000 9.345795
520 0.000178 0.009104 200.000000 6.349206
520 0.000152 0.006029 300.000000 6.741573
530 0.000183 0.018570 100.000000 8.196721
530 0.000217 0.006533 200.000000 6.369427
530 0.000112 0.008599 300.000000 6.666667
540 0.000337 0.027659 100.000000 4.587156
540 0.000288 0.005458 200.000000 6.410256
540 0.000127 0.009064 300.000000 6.593407
550 0.000389 0.020046 100.000000 4.545455
550 0.000231 0.009707 200.000000 6.430868
550 0.000130 0.014614 300.000000 6.396588
560 0.000477 0.010656 100.000000 4.566210
560 0.000281 0.017234 200.000000 6.472492
560 0.000156 0.017965 300.000000 6.048387
570 0.000448 0.008082 100.000000 4.587156
570 0.000244 0.014919 200.000000 6.451613
570 0.000105 0.013597 300.000000 5.847953
580 0.000418 0.006925 100.000000 4.608295
580 0.000193 0.012028 200.000000 6.349206
590 0.000376 0.006371 100.000000 4.651163
590 0.000204 0.009464 200.000000 6.134969
600 0.000337 0.007965 100.000000 4.672897
600 0.000115 0.011895 200.000000 5.988024
610 0.000362 0.008866 100.000000 4.694836
610 0.000159 0.011722 200.000000 5.934718
620 0.000330 0.009865 100.000000 4.739336
620 0.000153 0.011647 200.000000 5.899705
630 0.000419 0.021996 100.000000 4.807693
630 0.000182 0.020638 200.000000 5.899705
640 0.000527 0.032114 100.000000 4.950495
640 0.000202 0.028674 200.000000 5.952381
650 0.000454 0.025093 100.000000 5.154639
650 0.000136 0.020494 200.000000 6.060606
660 0.000384 0.019063 100.000000 5.405406
660 0.000109 0.015272 200.000000 6.230530
670 0.000379 0.018584 100.000000 5.714286
670 0.000100 0.014030 200.000000 6.430868
680 0.000384 0.018572 100.000000 6.060606
680 0.000097 0.013861 200.000000 6.644518
690 0.000393 0.020467 100.000000 6.451613
690 0.000105 0.015500 200.000000 6.849315
700 0.000399 0.020634 100.000000 6.896552
700 0.000104 0.015418 200.000000 7.092198
710 0.000402 0.021154 100.000000 7.407407
710 0.000107 0.015867 200.000000 7.352941
720 0.000381 0.018691 100.000000 8.000000
720 0.000091 0.013437 200.000000 7.633588
730 0.000348 0.015613 100.000000 8.695652
730 0.000079 0.011164 200.000000 7.936508
740 0.000289 0.009531 100.000000 9.345795
740 0.000066 0.008094 200.000000 8.163265
750 0.000277 0.010187 100.000000 10.101010
750 0.000067 0.008153 200.000000 8.333333
760 0.000165 0.011956 100.000000 10.526316
760 0.000129 0.008060 200.000000 8.333333
770 0.000095 0.001361 100.000000 10.869565
770 0.000081 0.005336 200.000000 7.843137
780 0.000141 0.002146 100.000000 10.869565
780 0.000164 0.008666 200.000000 7.067138
790 0.000050 0.013809 100.000000 10.526316
800 0.000109 0.013833 100.000000 9.433962
810 0.000325 0.014836 100.000000 8.403361
820 0.000286 0.013694 100.000000 8.000000
830 0.000291 0.012196 100.000000 7.692307
840 0.000225 0.010261 100.000000 7.352941
850 0.000268 0.018609 100.000000 6.944445
860 0.000184 0.010101 100.000000 6.134969
870 0.000304 0.012535 100.000000 5.208333
880 0.000402 0.017583 100.000000 4.807693
