<<<<<<< HEAD
0 0.027845 0.175001 100.000000 8.474576
0 0.002782 0.415996 200.000000 9.478673
0 0.008428 0.996939 300.000000 10.452962
0 0.007041 0.960065 400.000000 10.498688
0 0.003738 0.910424 500.000000 10.438414
0 0.004209 1.200543 600.000000 10.434783
0 0.002647 1.096573 700.000000 10.294118
0 0.003659 1.017890 800.000000 10.282776
10 0.004829 0.190539 100.000000 9.009009
10 0.001754 0.428112 200.000000 9.756098
10 0.007521 1.049140 300.000000 10.714286
10 0.007507 0.962364 400.000000 10.695188
10 0.006161 0.963948 500.000000 10.593221
10 0.001257 1.238916 600.000000 10.563380
10 0.002613 1.106221 700.000000 10.385756
10 0.002346 0.996307 800.000000 10.376135
20 0.005297 0.216347 100.000000 9.523809
20 0.001249 0.439304 200.000000 10.050251
20 0.009283 1.104284 300.000000 10.989011
20 0.006668 0.966046 400.000000 10.840109
20 0.005941 1.023298 500.000000 10.729613
20 0.001406 1.236311 600.000000 10.676157
20 0.002706 1.069474 700.000000 10.463378
20 0.003638 1.015597 800.000000 10.471204
30 0.005402 0.239715 100.000000 10.101010
30 0.001754 0.448333 200.000000 10.256411
30 0.009336 1.173834 300.000000 11.235955
30 0.006379 0.977033 400.000000 10.958904
30 0.003140 1.087762 500.000000 10.845987
30 0.004118 1.193846 600.000000 10.771993
30 0.002469 1.117199 700.000000 10.510510
30 0.003753 1.013002 800.000000 10.554090
40 0.006873 0.284348 100.000000 10.526316
40 0.003034 0.459513 200.000000 10.471204
40 0.008284 1.211737 300.000000 11.450381
40 0.007228 0.993866 400.000000 11.049724
40 0.004470 1.160596 500.000000 10.917030
40 0.001514 1.227267 600.000000 10.830325
40 0.002621 1.118330 700.000000 10.542169
40 0.002525 0.995066 800.000000 10.624170
50 0.004728 0.289628 100.000000 10.989011
50 0.015422 0.466697 200.000000 10.638298
50 0.009034 1.221420 300.000000 11.583012
50 0.006514 1.027026 400.000000 11.080333
50 0.004097 1.176924 500.000000 10.989011
50 0.004024 1.236035 600.000000 10.889292
50 0.003050 1.151235 700.000000 10.558069
50 0.002701 1.043647 800.000000 10.680908
60 0.028167 0.482682 100.000000 11.363636
60 0.007121 0.466960 200.000000 10.810811
60 0.009542 1.201021 300.000000 11.673152
60 0.007527 1.032555 400.000000 11.111111
60 0.003663 1.142951 500.000000 11.013216
60 0.003900 1.225699 600.000000 10.928962
60 0.002684 1.126567 700.000000 10.558069
60 0.002286 1.036178 800.000000 10.738256
70 0.005016 0.545637 100.000000 11.494253
70 0.010858 0.510596 200.000000 10.989011
70 0.010125 1.199848 300.000000 11.673152
70 0.007320 1.028203 400.000000 11.111111
70 0.004201 1.248894 500.000000 10.989011
70 0.003574 1.217623 600.000000 10.928962
70 0.002742 1.093164 700.000000 10.558069
70 0.002113 1.032220 800.000000 10.767160
80 0.012244 0.466782 100.000000 11.494253
80 0.011974 0.773690 200.000000 11.111111
80 0.010384 1.313673 300.000000 11.627907
80 0.005699 1.045998 400.000000 11.080333
80 0.002732 1.456377 500.000000 10.940919
80 0.002380 1.326827 600.000000 10.909091
80 0.003235 1.186427 700.000000 10.558069
80 0.003658 1.126086 800.000000 10.810811
90 0.016164 0.579541 100.000000 11.494253
90 0.014615 1.068838 200.000000 11.299435
90 0.010346 1.285069 300.000000 11.583012
90 0.007284 0.999875 400.000000 11.049724
90 0.002569 1.607572 500.000000 10.917030
90 0.002505 1.375920 600.000000 10.869565
90 0.003098 1.229619 700.000000 10.558069
90 0.003776 1.167322 800.000000 10.840109
100 0.016371 0.650514 100.000000 11.235955
100 0.011465 1.377158 200.000000 11.494253
100 0.009657 1.299519 300.000000 11.494253
100 0.006762 1.020136 400.000000 11.049724
100 0.002683 1.676760 500.000000 10.917030
100 0.002751 1.441369 600.000000 10.791367
100 0.004169 1.331797 700.000000 10.574018
100 0.002466 1.213911 800.000000 10.854816
110 0.029121 0.726192 100.000000 10.869565
110 0.010390 1.525215 200.000000 11.627907
110 0.010030 1.274269 300.000000 11.450381
110 0.007821 1.041040 400.000000 11.049724
110 0.002548 1.672730 500.000000 10.917030
110 0.002969 1.391091 600.000000 10.695188
110 0.004253 1.327924 700.000000 10.574018
110 0.002300 1.205010 800.000000 10.854816
120 0.005056 0.582277 100.000000 10.526316
120 0.011062 1.585972 200.000000 11.764706
120 0.010340 1.210183 300.000000 11.320755
120 0.004838 1.147573 400.000000 11.019283
120 0.004920 1.701787 500.000000 10.893247
120 0.002860 1.484690 600.000000 10.619469
120 0.002782 1.355918 700.000000 10.590015
120 0.002130 1.251749 800.000000 10.825439
130 0.008123 0.546474 100.000000 10.309278
130 0.015050 1.833442 200.000000 11.834319
130 0.009901 1.234785 300.000000 11.194030
130 0.006587 1.380813 400.000000 10.989011
130 0.002707 1.765678 500.000000 10.869565
130 0.003048 1.540004 600.000000 10.544815
130 0.004011 1.398931 700.000000 10.606061
130 0.002587 1.270743 800.000000 10.796222
140 0.030297 0.563510 100.000000 10.204082
140 0.014600 1.867326 200.000000 11.764706
140 0.010030 1.309791 300.000000 11.070110
140 0.005421 1.490783 400.000000 10.928962
140 0.003020 1.744950 500.000000 10.822511
140 0.003806 1.598357 600.000000 10.452962
140 0.004012 1.398440 700.000000 10.606061
140 0.002109 1.271581 800.000000 10.767160
150 0.030217 0.567046 100.000000 10.204082
150 0.014033 1.806571 200.000000 11.695907
150 0.010070 1.245033 300.000000 10.948905
150 0.004981 1.672559 400.000000 10.869565
150 0.004270 1.787818 500.000000 10.799136
150 0.003276 1.614445 600.000000 10.398614
150 0.003801 1.463917 700.000000 10.638298
150 0.003295 1.337407 800.000000 10.752688
160 0.023886 1.043615 100.000000 10.416667
160 0.013894 1.900839 200.000000 11.627907
160 0.009100 1.407198 300.000000 10.869565
160 0.007110 1.611075 400.000000 10.810811
160 0.002754 1.524174 500.000000 10.775862
160 0.004860 1.308639 600.000000 10.380623
160 0.004470 1.215646 700.000000 10.670732
160 0.000672 1.154626 800.000000 10.767160
170 0.018417 1.336236 100.000000 10.752688
170 0.008667 1.784094 200.000000 11.560694
170 0.008081 1.360495 300.000000 10.869565
170 0.004141 1.538554 400.000000 10.752688
170 0.002300 1.198463 500.000000 10.729613
170 0.001815 0.890851 600.000000 10.398614
170 0.004049 0.880739 700.000000 10.703364
170 0.000823 0.849006 800.000000 10.767160
180 0.023194 1.795487 100.000000 11.111111
180 0.013251 1.868641 200.000000 11.494253
180 0.009098 1.401123 300.000000 10.869565
180 0.007078 1.490858 400.000000 10.781672
180 0.005348 1.092850 500.000000 10.706638
180 0.004045 0.857073 600.000000 10.416667
180 0.000901 0.798272 700.000000 10.752688
180 0.001011 0.769441 800.000000 10.767160
190 0.022242 2.269467 100.000000 11.627907
190 0.009450 1.911995 200.000000 11.560694
190 0.009707 1.436001 300.000000 10.948905
190 0.002648 1.622494 400.000000 10.810811
190 0.005037 1.175448 500.000000 10.660981
190 0.004519 0.982911 600.000000 10.452962
190 0.000868 0.934539 700.000000 10.785825
190 0.003277 0.923136 800.000000 10.752688
200 0.018703 2.689257 100.000000 12.345679
200 0.014297 1.970754 200.000000 11.627907
200 0.009559 1.472713 300.000000 11.029411
200 0.007558 1.751779 400.000000 10.899182
200 0.002962 1.368875 500.000000 10.638298
200 0.002308 1.177580 600.000000 10.507881
200 0.004333 1.154492 700.000000 10.835914
200 0.001671 1.130736 800.000000 10.738256
210 0.022747 2.962893 100.000000 12.987013
210 0.012187 2.005187 200.000000 11.695907
210 0.004859 1.580942 300.000000 11.152416
210 0.006845 1.884599 400.000000 10.958904
210 0.003614 1.530490 500.000000 10.638298
210 0.005016 1.371098 600.000000 10.563380
210 0.001207 1.265716 700.000000 10.852714
210 0.001968 1.234934 800.000000 10.709505
220 0.021452 3.426347 100.000000 13.513514
220 0.013020 2.020448 200.000000 11.695907
220 0.009105 1.840067 300.000000 11.194030
220 0.002586 2.045947 400.000000 10.989011
220 0.003614 1.693519 500.000000 10.593221
220 0.005154 1.492281 600.000000 10.600707
220 0.002138 1.363823 700.000000 10.852714
220 0.003867 1.279880 800.000000 10.666667
230 0.018833 3.692536 100.000000 13.698630
230 0.011326 2.203563 200.000000 11.560694
230 0.008386 2.061616 300.000000 11.194030
230 0.002282 1.865237 400.000000 10.989011
230 0.003143 1.507761 500.000000 10.548523
230 0.004778 1.326550 600.000000 10.638298
230 0.001862 1.219727 700.000000 10.852714
230 0.003905 1.068807 800.000000 10.582010
240 0.013796 3.606988 100.000000 13.698630
240 0.006915 2.255490 200.000000 11.428572
240 0.003745 1.633184 300.000000 11.152416
240 0.007346 1.508157 400.000000 10.958904
240 0.002251 1.114890 500.000000 10.460251
240 0.003757 0.966376 600.000000 10.676157
240 0.003496 0.893858 700.000000 10.835914
240 0.003464 0.953768 800.000000 10.498688
250 0.029060 3.725353 100.000000 13.157895
250 0.003566 2.290679 200.000000 11.173184
250 0.006925 0.811298 300.000000 10.948905
250 0.002184 1.025940 400.000000 10.869565
250 0.001898 0.552654 500.000000 10.373444
250 0.003305 0.389802 600.000000 10.676157
250 0.002693 0.319164 700.000000 10.802469
250 0.002321 0.758100 800.000000 10.430247
260 0.004024 2.434405 100.000000 12.345679
260 0.013288 1.527236 200.000000 10.869565
260 0.010352 1.850013 300.000000 10.752688
260 0.007082 1.695125 400.000000 10.723861
260 0.004378 1.153727 500.000000 10.309278
260 0.002841 0.789708 600.000000 10.676157
260 0.002806 0.595318 700.000000 10.752688
260 0.002582 1.344505 800.000000 10.362695
270 0.028976 1.937635 100.000000 11.627907
270 0.014927 1.275042 200.000000 10.638298
270 0.005492 2.345976 300.000000 10.563380
270 0.006504 1.847231 400.000000 10.498688
270 0.004622 1.218617 500.000000 10.224949
270 0.003181 0.840548 600.000000 10.657193
270 0.002540 0.659841 700.000000 10.670732
270 0.001843 1.430053 800.000000 10.296010
280 0.027980 1.689845 100.000000 10.869565
280 0.013647 1.169284 200.000000 10.416667
280 0.004894 2.228707 300.000000 10.416667
280 0.002371 1.659504 400.000000 10.256411
280 0.004166 0.975727 500.000000 10.183299
280 0.002864 0.660663 600.000000 10.582010
280 0.002878 0.493217 700.000000 10.510510
280 0.001220 1.344862 800.000000 10.230179
290 0.006004 1.117376 100.000000 10.309278
290 0.006522 0.577724 200.000000 10.256411
290 0.008724 2.724137 300.000000 10.309278
290 0.007216 1.931633 400.000000 10.075566
290 0.004577 1.392436 500.000000 10.141988
290 0.003426 1.007987 600.000000 10.507881
290 0.001907 0.824539 700.000000 10.370370
290 0.000684 1.457426 800.000000 10.178117
300 0.005552 0.960363 100.000000 9.900990
300 0.005927 0.455913 200.000000 10.152285
300 0.008565 2.807538 300.000000 10.238908
300 0.002092 1.969310 400.000000 9.950249
300 0.002919 1.375578 500.000000 10.162601
300 0.002780 0.991771 600.000000 10.452962
300 0.003292 0.790677 700.000000 10.233918
300 0.000720 1.454549 800.000000 10.126582
310 0.002072 0.992430 100.000000 9.708738
310 0.014102 0.655252 200.000000 10.101010
310 0.008081 2.519563 300.000000 10.238908
310 0.002709 1.668992 400.000000 9.852217
310 0.003451 1.116306 500.000000 10.183299
310 0.003152 0.795041 600.000000 10.434783
310 0.003974 0.842533 700.000000 10.144928
310 0.003640 1.419603 800.000000 10.037642
320 0.028583 1.088618 100.000000 9.615385
320 0.007121 1.977698 200.000000 10.050251
320 0.006587 3.021888 300.000000 10.204082
320 0.006986 2.027117 400.000000 9.828010
320 0.003758 1.449920 500.000000 10.224949
320 0.004237 1.095198 600.000000 10.452962
320 0.003797 1.235428 700.000000 10.115607
320 0.000969 1.542972 800.000000 9.950249
330 0.011121 1.071330 100.000000 9.523809
330 0.009670 3.155738 200.000000 10.000000
330 0.006520 3.109911 300.000000 10.204082
330 0.005938 2.124154 400.000000 9.828010
330 0.004113 1.509133 500.000000 10.288066
330 0.004382 1.162774 600.000000 10.471204
330 0.001346 1.433229 700.000000 10.101010
330 0.003808 1.570462 800.000000 9.913259
340 0.011464 1.214869 100.000000 9.523809
340 0.009472 3.971513 200.000000 10.000000
340 0.005691 2.969910 300.000000 10.204082
340 0.003901 1.945227 400.000000 9.852217
340 0.003184 1.330236 500.000000 10.351967
340 0.002929 1.002601 600.000000 10.507881
340 0.003473 1.565222 700.000000 10.115607
340 0.001477 1.696984 800.000000 9.900990
350 0.027257 1.308242 100.000000 9.615385
350 0.010538 4.479747 200.000000 10.000000
350 0.008553 3.080924 300.000000 10.169492
350 0.005147 2.050699 400.000000 9.876543
350 0.004449 1.438126 500.000000 10.416667
350 0.003568 1.118666 600.000000 10.526316
350 0.002903 1.722985 700.000000 10.115607
350 0.003550 1.785796 800.000000 9.913259
360 0.010080 1.278287 100.000000 9.708738
360 0.010814 4.663133 200.000000 10.101010
360 0.008021 3.195770 300.000000 10.101010
360 0.004891 2.108937 400.000000 9.925558
360 0.003716 1.505332 500.000000 10.482181
360 0.003778 1.222246 600.000000 10.489511
360 0.002395 1.681972 700.000000 10.130246
360 0.000667 1.924662 800.000000 9.925558
370 0.007610 1.214508 100.000000 9.900990
370 0.011862 4.360812 200.000000 10.152285
370 0.009312 2.950276 300.000000 10.033444
370 0.004551 1.895312 400.000000 9.975062
370 0.004734 1.338910 500.000000 10.504202
370 0.001910 1.069267 600.000000 10.434783
370 0.003287 1.637108 700.000000 10.130246
370 0.003703 2.077793 800.000000 9.937888
380 0.030330 0.702533 100.000000 10.000000
380 0.011441 4.546952 200.000000 10.204082
380 0.009977 2.864674 300.000000 9.966778
380 0.004610 1.920713 400.000000 10.025063
380 0.004700 1.359578 500.000000 10.504202
380 0.004248 1.080786 600.000000 10.380623
380 0.004395 1.624092 700.000000 10.130246
380 0.000535 2.235535 800.000000 9.950249
390 0.012065 0.046545 100.000000 10.101010
390 0.011082 4.362357 200.000000 10.256411
390 0.004862 2.785434 300.000000 9.933775
390 0.004922 1.841894 400.000000 10.101010
390 0.003116 1.293212 500.000000 10.526316
390 0.001404 0.977412 600.000000 10.327023
390 0.004105 1.622638 700.000000 10.130246
390 0.003905 2.431947 800.000000 9.962640
400 0.010429 0.665941 100.000000 10.309278
400 0.011061 4.374825 200.000000 10.362695
400 0.010125 2.664747 300.000000 9.900990
400 0.004829 1.791371 400.000000 10.178117
400 0.004239 1.254244 500.000000 10.548523
400 0.001462 0.914569 600.000000 10.256411
400 0.004220 1.557193 700.000000 10.130246
400 0.003828 2.624619 800.000000 9.987515
410 0.030306 1.812773 100.000000 10.416667
410 0.008634 4.279937 200.000000 10.416667
410 0.003827 2.569101 300.000000 9.868421
410 0.005000 1.649895 400.000000 10.256411
410 0.003805 1.132858 500.000000 10.570825
410 0.004713 0.917014 600.000000 10.204082
410 0.000947 1.512496 700.000000 10.086455
410 0.001538 2.799375 800.000000 10.025063
420 0.027674 3.502480 100.000000 10.416667
420 0.012551 4.031564 200.000000 10.471204
420 0.003902 2.342628 300.000000 9.868421
420 0.004263 1.498237 400.000000 10.335917
420 0.004698 1.042338 500.000000 10.593221
420 0.002220 1.083957 600.000000 10.186757
420 0.001968 1.551932 700.000000 10.000000
420 0.001877 2.875232 800.000000 10.050251
430 0.028187 5.208967 100.000000 10.416667
430 0.006434 4.046134 200.000000 10.526316
430 0.005089 2.232216 300.000000 9.868421
430 0.003949 1.446268 400.000000 10.443864
430 0.004781 1.002423 500.000000 10.638298
430 0.005219 1.237394 600.000000 10.169492
430 0.004095 1.598166 700.000000 9.957326
430 0.001893 2.952765 800.000000 10.075566
440 0.029693 7.207103 100.000000 10.309278
440 0.012703 3.739401 200.000000 10.471204
440 0.006099 1.989978 300.000000 9.900990
440 0.003617 1.374689 400.000000 10.498688
440 0.002780 0.972862 500.000000 10.660981
440 0.002122 1.360378 600.000000 10.186757
440 0.003838 1.669944 700.000000 9.929078
440 0.003382 2.943120 800.000000 10.113780
450 0.020143 7.890602 100.000000 10.309278
450 0.005710 3.754607 200.000000 10.416667
450 0.007530 1.971465 300.000000 9.933775
450 0.007077 1.399348 400.000000 10.582010
450 0.004906 1.012936 500.000000 10.683761
450 0.002212 1.600512 600.000000 10.186757
450 0.003425 1.855325 700.000000 9.929078
450 0.003242 2.958767 800.000000 10.139417
460 0.019520 8.284968 100.000000 10.309278
460 0.012475 3.938016 200.000000 10.256411
460 0.007614 2.135941 300.000000 9.933775
460 0.006962 1.439298 400.000000 10.638298
460 0.005249 1.014631 500.000000 10.638298
460 0.003915 1.737613 600.000000 10.169492
460 0.003599 2.067520 700.000000 9.929078
460 0.002276 2.989391 800.000000 10.178117
470 0.025051 8.256830 100.000000 10.309278
470 0.015690 3.844433 200.000000 10.050251
470 0.005008 2.090483 300.000000 9.966778
470 0.006466 1.474235 400.000000 10.638298
470 0.001450 1.075342 500.000000 10.526316
470 0.003686 1.763142 600.000000 10.152285
470 0.004351 2.259934 700.000000 9.929078
470 0.002541 2.932670 800.000000 10.204082
480 0.012873 8.189551 100.000000 10.204082
480 0.012990 3.274477 200.000000 9.852217
480 0.008555 1.988904 300.000000 10.000000
480 0.002380 1.478972 400.000000 10.610080
480 0.005617 1.149780 500.000000 10.416667
480 0.004714 1.811791 600.000000 10.118044
480 0.002358 2.453616 700.000000 9.915014
480 0.002888 2.866032 800.000000 10.230179
490 0.010227 8.108659 100.000000 10.204082
490 0.004008 3.231153 200.000000 9.708738
490 0.008149 1.912475 300.000000 10.067114
490 0.005399 1.382425 400.000000 10.582010
490 0.006091 0.921084 500.000000 10.288066
490 0.002632 1.676097 600.000000 10.101010
490 0.004403 2.635093 700.000000 9.929078
490 0.002800 2.915077 800.000000 10.256411
500 0.022476 7.247671 100.000000 10.309278
500 0.013821 2.734639 200.000000 9.569378
500 0.008887 1.677663 300.000000 10.135135
500 0.003236 1.157713 400.000000 10.554090
500 0.002764 0.828740 500.000000 10.183299
500 0.004853 1.762613 600.000000 10.050251
500 0.004171 3.112262 700.000000 9.929078
500 0.002718 3.074524 800.000000 10.296010
510 0.021746 5.452362 100.000000 10.309278
510 0.007571 1.934955 200.000000 9.523809
510 0.008924 1.051751 300.000000 10.204082
510 0.005847 0.686935 400.000000 10.582010
510 0.003032 1.051129 500.000000 10.101010
510 0.004865 1.869807 600.000000 9.950249
510 0.003722 3.451480 700.000000 9.957326
510 0.002728 3.320116 800.000000 10.322580
520 0.018193 3.780145 100.000000 10.416667
520 0.010580 1.082491 200.000000 9.523809
520 0.009461 0.450028 300.000000 10.344828
520 0.006861 0.213885 400.000000 10.638298
520 0.003089 1.340552 500.000000 10.101010
520 0.003580 2.232905 600.000000 9.868421
520 0.002166 3.848376 700.000000 10.000000
520 0.002592 3.622150 800.000000 10.376135
530 0.024385 2.032750 100.000000 10.526316
530 0.012846 0.514646 200.000000 9.569378
530 0.007742 0.321596 300.000000 10.452962
530 0.003336 0.429731 400.000000 10.695188
530 0.005025 1.328601 500.000000 10.121457
530 0.004509 2.084125 600.000000 9.852217
530 0.004157 3.753944 700.000000 10.043041
530 0.003759 3.447978 800.000000 10.430247
540 0.006274 1.038606 100.000000 10.526316
540 0.014979 1.324449 200.000000 9.661836
540 0.007817 1.013702 300.000000 10.563380
540 0.007418 0.920126 400.000000 10.723861
540 0.004045 1.825882 500.000000 10.121457
540 0.002025 2.672112 600.000000 9.852217
540 0.002110 4.295395 700.000000 10.086455
540 0.002897 3.991926 800.000000 10.471204
550 0.009717 1.304592 100.000000 10.309278
550 0.015442 1.551455 200.000000 9.708738
550 0.009284 1.217817 300.000000 10.676157
550 0.006213 1.121137 400.000000 10.723861
550 0.004219 2.099043 500.000000 10.121457
550 0.001268 2.967668 600.000000 9.852217
550 0.002716 4.337214 700.000000 10.115607
550 0.001215 4.099339 800.000000 10.512484
560 0.009799 1.247825 100.000000 9.900990
560 0.015187 1.682286 200.000000 9.708738
560 0.008054 1.233901 300.000000 10.714286
560 0.006184 1.186617 400.000000 10.610080
560 0.002621 2.279334 500.000000 10.101010
560 0.000824 3.268659 600.000000 9.852217
560 0.002883 4.322952 700.000000 10.144928
560 0.001169 4.148391 800.000000 10.540184
570 0.011318 1.569042 100.000000 9.523809
570 0.014127 1.496088 200.000000 9.756098
570 0.010264 1.153289 300.000000 10.676157
570 0.006163 1.162675 400.000000 10.471204
570 0.005781 2.356884 500.000000 10.080646
570 0.004235 3.620967 600.000000 9.836065
570 0.001957 4.324671 700.000000 10.189228
570 0.003404 4.156723 800.000000 10.582010
580 0.027707 2.488175 100.000000 9.259259
580 0.013614 1.504711 200.000000 9.852217
580 0.010453 1.180138 300.000000 10.676157
580 0.005558 1.135480 400.000000 10.362695
580 0.002042 2.434713 500.000000 10.060362
580 0.003999 4.010669 600.000000 9.836065
580 0.001022 4.393984 700.000000 10.218978
580 0.003410 4.171600 800.000000 10.610080
590 0.014868 2.573634 100.000000 9.009009
590 0.013418 1.496679 200.000000 9.950249
590 0.009750 1.200521 300.000000 10.638298
590 0.005388 1.024786 400.000000 10.204082
590 0.002225 2.385223 500.000000 10.020041
590 0.001920 4.376632 600.000000 9.852217
590 0.001362 4.503213 700.000000 10.248902
590 0.003127 4.176120 800.000000 10.638298
600 0.028653 2.539357 100.000000 8.771930
600 0.013767 1.454716 200.000000 10.050251
600 0.010055 1.196066 300.000000 10.600707
600 0.006113 0.958908 400.000000 10.075566
600 0.004411 2.371712 500.000000 9.920635
600 0.003182 4.708098 600.000000 9.868421
600 0.003789 4.581796 700.000000 10.294118
600 0.001508 4.177975 800.000000 10.680908
610 0.019990 2.335547 100.000000 8.695652
610 0.012873 1.482446 200.000000 10.152285
610 0.009371 1.225383 300.000000 10.638298
610 0.004903 1.324784 400.000000 10.000000
610 0.004599 2.582931 500.000000 9.803922
610 0.002576 4.895185 600.000000 9.884679
610 0.003234 4.668959 700.000000 10.324484
610 0.001814 4.178499 800.000000 10.709505
620 0.022920 1.969945 100.000000 8.695652
620 0.013440 1.461813 200.000000 10.309278
620 0.008241 1.240675 300.000000 10.676157
620 0.006040 1.665745 400.000000 9.975062
620 0.001690 2.936413 500.000000 9.708738
620 0.002936 5.041675 600.000000 9.933775
620 0.001527 4.688210 700.000000 10.370370
620 0.003747 4.197308 800.000000 10.752688
630 0.029508 2.058973 100.000000 8.771930
630 0.014091 1.470715 200.000000 10.471204
630 0.009661 1.257342 300.000000 10.752688
630 0.004554 2.147134 400.000000 10.000000
630 0.001508 3.224545 500.000000 9.708738
630 0.003194 5.147827 600.000000 9.966778
630 0.001374 4.716668 700.000000 10.432191
630 0.002022 4.171073 800.000000 10.796222
640 0.031222 1.969569 100.000000 8.928572
640 0.012490 1.535384 200.000000 10.638298
640 0.009749 1.321084 300.000000 10.791367
640 0.004851 2.410806 400.000000 10.025063
640 0.005753 3.408280 500.000000 9.727627
640 0.003069 5.145852 600.000000 10.033444
640 0.003541 4.764350 700.000000 10.479042
640 0.001778 4.173223 800.000000 10.854816
650 0.024358 2.131194 100.000000 9.174312
650 0.013518 1.582938 200.000000 10.869565
650 0.008923 1.368041 300.000000 10.869565
650 0.004981 2.602685 400.000000 10.075566
650 0.005185 3.619198 500.000000 9.765625
650 0.002791 5.100792 600.000000 10.101010
650 0.001490 4.787532 700.000000 10.558069
650 0.001527 4.173129 800.000000 10.914052
660 0.028919 2.436121 100.000000 9.433962
660 0.013929 1.626892 200.000000 11.111111
660 0.010232 1.457368 300.000000 10.830325
660 0.005195 2.680446 400.000000 10.126582
660 0.005246 3.888819 500.000000 9.803922
660 0.002563 5.047579 600.000000 10.169492
660 0.001497 4.789684 700.000000 10.622155
660 0.003570 4.178113 800.000000 10.989011
670 0.030086 2.019808 100.000000 9.803922
670 0.014370 1.463073 200.000000 11.235955
670 0.009741 1.357363 300.000000 10.830325
670 0.002827 2.658814 400.000000 10.178117
670 0.002121 4.086927 500.000000 9.861933
670 0.002420 4.987220 600.000000 10.256411
670 0.003519 4.732702 700.000000 10.703364
670 0.001091 4.113621 800.000000 11.065007
680 0.017949 1.301744 100.000000 10.101010
680 0.014400 1.158395 200.000000 11.363636
680 0.009445 1.155393 300.000000 10.791367
680 0.002522 2.684650 400.000000 10.230179
680 0.005766 4.287561 500.000000 9.920635
680 0.002347 4.907880 600.000000 10.327023
680 0.003790 4.650836 700.000000 10.769231
680 0.000965 4.037579 800.000000 11.126565
690 0.016008 0.861894 100.000000 10.526316
690 0.013954 0.934084 200.000000 11.494253
690 0.010428 0.820924 300.000000 10.714286
690 0.006259 2.631781 400.000000 10.256411
690 0.005299 4.567935 500.000000 9.960159
690 0.002280 4.938525 600.000000 10.398614
690 0.003608 4.610555 700.000000 10.835914
690 0.000727 4.001800 800.000000 11.188811
700 0.027678 0.937115 100.000000 10.869565
700 0.010051 0.933277 200.000000 11.560694
700 0.010452 0.526684 300.000000 10.638298
700 0.004002 2.469820 400.000000 10.282776
700 0.004230 4.787966 500.000000 10.020041
700 0.002254 4.916129 600.000000 10.471204
700 0.003371 4.507165 700.000000 10.903427
700 0.000522 3.904835 800.000000 11.251758
710 0.026580 0.944139 100.000000 11.363636
710 0.007761 0.913788 200.000000 11.695907
710 0.008804 0.589891 300.000000 10.526316
710 0.004760 2.403486 400.000000 10.230179
710 0.005737 5.027225 500.000000 10.060362
710 0.002429 4.826135 600.000000 10.544815
710 0.003868 4.347328 700.000000 10.971786
710 0.000562 3.745192 800.000000 11.315417
720 0.010017 1.021871 100.000000 11.764706
720 0.005948 0.971012 200.000000 11.834319
720 0.008953 1.228712 300.000000 10.489511
720 0.005778 2.345226 400.000000 10.126582
720 0.005645 4.967087 500.000000 10.121457
720 0.003259 4.690265 600.000000 10.619469
720 0.001505 4.101216 700.000000 11.023623
720 0.000462 3.503718 800.000000 11.379801
730 0.027437 1.350874 100.000000 12.195122
730 0.011373 1.079668 200.000000 11.904762
730 0.007910 1.774231 300.000000 10.452962
730 0.007825 2.801698 400.000000 10.000000
730 0.005916 5.223064 500.000000 10.162601
730 0.005219 4.770339 600.000000 10.676157
730 0.001531 4.102622 700.000000 11.093502
730 0.003489 3.508135 800.000000 11.428572
740 0.003003 1.257502 100.000000 12.658228
740 0.003444 1.027445 200.000000 11.976048
740 0.010388 2.751445 300.000000 10.416667
740 0.005431 3.283271 400.000000 9.925558
740 0.005499 5.295762 500.000000 10.204082
740 0.004663 4.666560 600.000000 10.714286
740 0.002044 3.925424 700.000000 11.128776
740 0.001546 3.261980 800.000000 11.477762
750 0.004557 1.245882 100.000000 12.987013
750 0.002498 0.993899 200.000000 11.976048
750 0.008877 3.327011 300.000000 10.416667
750 0.005055 3.701720 400.000000 9.900990
750 0.005182 5.409788 500.000000 10.245902
750 0.003638 4.751673 600.000000 10.771993
750 0.002243 3.940386 700.000000 11.164274
750 0.002802 3.299235 800.000000 11.527377
760 0.030252 1.243639 100.000000 13.157895
760 0.014257 1.024189 200.000000 11.764706
760 0.006593 3.765505 300.000000 10.344828
760 0.006389 4.176519 400.000000 9.876543
760 0.005682 5.425248 500.000000 10.288066
760 0.003474 4.869363 600.000000 10.810811
760 0.003715 4.008589 700.000000 11.217949
760 0.002600 3.357529 800.000000 11.560694
770 0.006246 1.189424 100.000000 12.987013
770 0.015440 1.072580 200.000000 11.363636
770 0.004518 3.977022 300.000000 10.273973
770 0.005362 4.724367 400.000000 9.852217
770 0.003867 5.421144 500.000000 10.309278
770 0.003370 4.856925 600.000000 10.849910
770 0.002032 3.959484 700.000000 11.235955
770 0.003022 3.323341 800.000000 11.594203
780 0.004882 1.148632 100.000000 12.658228
780 0.004837 0.942925 200.000000 10.928962
780 0.006738 3.874578 300.000000 10.169492
780 0.005797 5.199831 400.000000 9.803922
780 0.004637 5.378508 500.000000 10.330579
780 0.004805 4.753939 600.000000 10.869565
780 0.001970 3.863826 700.000000 11.272141
780 0.001270 3.220600 800.000000 11.611031
790 0.028744 1.198505 100.000000 12.195122
790 0.014584 1.287776 200.000000 10.416667
790 0.007254 3.729894 300.000000 10.033444
790 0.006846 5.839377 400.000000 9.779951
790 0.004847 5.566201 500.000000 10.351967
790 0.005205 4.796906 600.000000 10.869565
790 0.001755 3.915235 700.000000 11.272141
790 0.003318 3.342517 800.000000 11.627907
800 0.010368 1.077683 100.000000 11.764706
800 0.006823 2.499231 200.000000 9.950249
800 0.007531 3.877058 300.000000 9.740260
800 0.006335 6.454577 400.000000 9.732360
800 0.003883 5.718935 500.000000 10.373444
800 0.003074 4.781576 600.000000 10.889292
800 0.003362 3.916628 700.000000 11.290322
800 0.002844 3.295393 800.000000 11.594203
810 0.027992 1.035098 100.000000 11.363636
810 0.009291 3.385374 200.000000 9.661836
810 0.008694 4.184340 300.000000 9.375000
810 0.006632 6.637342 400.000000 9.732360
810 0.005514 5.706762 500.000000 10.373444
810 0.003012 4.664403 600.000000 10.889292
810 0.001869 3.778506 700.000000 11.308562
810 0.001134 3.152423 800.000000 11.477762
820 0.030495 0.930375 100.000000 11.111111
820 0.008597 4.662252 200.000000 9.478673
820 0.008512 4.711520 300.000000 9.202454
820 0.006112 6.769060 400.000000 9.708738
820 0.005486 5.626520 500.000000 10.373444
820 0.003088 4.538220 600.000000 10.889292
820 0.002310 3.642815 700.000000 11.308562
820 0.001634 3.036502 800.000000 11.220197
830 0.003258 0.878552 100.000000 10.752688
830 0.009861 5.584749 200.000000 9.345795
830 0.009250 5.298945 300.000000 9.118541
830 0.006455 6.753329 400.000000 9.708738
830 0.005357 5.671536 500.000000 10.395010
830 0.004625 4.476908 600.000000 10.909091
830 0.003571 3.586942 700.000000 11.326860
830 0.003681 3.006425 800.000000 11.080333
840 0.030261 0.917960 100.000000 10.204082
840 0.005995 5.875863 200.000000 9.259259
840 0.009583 5.923985 300.000000 9.063444
840 0.006417 6.649128 400.000000 9.732360
840 0.005641 5.656013 500.000000 10.416667
840 0.002839 4.394842 600.000000 10.928962
840 0.003805 3.546041 700.000000 11.363636
840 0.002018 2.977691 800.000000 11.004127
850 0.006975 0.837993 100.000000 9.708738
850 0.014530 5.749861 200.000000 9.216590
850 0.009430 6.469151 300.000000 9.063444
850 0.006748 6.636341 400.000000 9.803922
850 0.004875 5.589870 500.000000 10.482181
850 0.004990 4.399659 600.000000 10.989011
850 0.001973 3.510163 700.000000 11.419250
850 0.002254 3.011925 800.000000 10.943913
860 0.027717 1.162535 100.000000 9.433962
860 0.012959 5.887811 200.000000 9.216590
860 0.007144 7.085487 300.000000 9.090909
860 0.007780 6.663380 400.000000 9.876543
860 0.005826 5.570375 500.000000 10.548523
860 0.002797 4.331009 600.000000 11.049724
860 0.004000 3.519776 700.000000 11.475410
870 0.011459 2.070641 100.000000 9.009009
870 0.010906 5.741927 200.000000 9.174312
870 0.006192 7.686148 300.000000 9.146341
870 0.005308 6.850587 400.000000 9.950249
870 0.004214 5.564295 500.000000 10.615711
870 0.004616 4.369762 600.000000 11.111111
870 0.004000 3.550318 700.000000 11.513158
880 0.017514 3.427030 100.000000 8.695652
880 0.012269 5.495625 200.000000 9.009009
880 0.009836 8.262534 300.000000 9.174312
880 0.007397 6.817048 400.000000 10.025063
880 0.005734 5.481303 500.000000 10.683761
880 0.002485 4.271537 600.000000 11.173184
880 0.004434 3.511717 700.000000 11.551155
890 0.023473 5.280058 100.000000 8.403361
890 0.012456 5.521111 200.000000 8.733624
890 0.010106 8.592052 300.000000 9.202454
890 0.007047 7.035246 400.000000 10.075566
890 0.005874 5.606901 500.000000 10.729613
890 0.004698 4.462871 600.000000 11.235955
890 0.001418 3.657031 700.000000 11.532125
900 0.023587 7.056116 100.000000 8.264462
900 0.012890 6.262236 200.000000 8.510638
900 0.010021 8.932237 300.000000 9.230769
900 0.006772 7.126047 400.000000 10.126582
900 0.005748 5.675841 500.000000 10.775862
900 0.004600 4.549950 600.000000 11.278195
900 0.001769 3.760288 700.000000 11.382113
910 0.018269 9.301172 100.000000 8.130081
910 0.013150 6.941536 200.000000 8.403361
910 0.009892 8.859944 300.000000 9.287926
910 0.006791 6.901847 400.000000 10.178117
910 0.005993 5.337863 500.000000 10.822511
910 0.004682 4.172365 600.000000 11.320755
910 0.004355 3.400734 700.000000 11.182109
920 0.017024 10.789978 100.000000 8.130081
920 0.009508 7.809825 200.000000 8.403361
920 0.008678 8.908078 300.000000 9.345795
920 0.005862 7.014616 400.000000 10.256411
920 0.005246 5.307746 500.000000 10.869565
920 0.003363 4.088454 600.000000 11.385200
920 0.002300 3.342923 700.000000 11.093502
930 0.016085 11.611072 100.000000 8.264462
930 0.008765 8.592816 200.000000 8.474576
930 0.009396 8.926993 300.000000 9.463722
930 0.006106 7.093911 400.000000 10.362695
930 0.004779 5.306986 500.000000 10.989011
930 0.003692 4.098843 600.000000 11.472276
930 0.001848 3.379215 700.000000 11.093502
940 0.020512 11.821925 100.000000 8.403361
940 0.014139 9.191807 200.000000 8.583691
940 0.007435 8.921498 300.000000 9.615385
940 0.007607 7.063210 400.000000 10.498688
940 0.004833 5.248915 500.000000 11.086474
940 0.004599 4.091928 600.000000 11.583012
940 0.003825 3.394510 700.000000 11.111111
950 0.010178 12.140141 100.000000 8.620689
950 0.008077 9.794657 200.000000 8.695652
950 0.009483 8.848258 300.000000 9.771987
950 0.006385 6.991072 400.000000 10.638298
950 0.005643 5.228005 500.000000 11.210762
950 0.003406 4.008626 600.000000 11.695907
950 0.003176 3.371112 700.000000 11.111111
960 0.028250 11.770452 100.000000 8.849558
960 0.007597 10.233967 200.000000 8.849558
960 0.010344 8.795914 300.000000 9.900990
960 0.007191 6.932858 400.000000 10.781672
960 0.004692 5.149410 500.000000 11.337869
960 0.004357 4.025849 600.000000 11.811024
960 0.002773 3.351015 700.000000 11.111111
970 0.025024 10.991032 100.000000 9.009009
970 0.014438 10.805523 200.000000 8.968610
970 0.004567 8.941523 300.000000 10.067114
970 0.006276 6.934451 400.000000 10.899182
970 0.004461 5.224099 500.000000 11.467890
970 0.003491 4.065100 600.000000 11.928430
980 0.012189 10.242511 100.000000 9.259259
980 0.015480 11.321097 200.000000 9.132421
980 0.009520 8.977766 300.000000 10.238908
980 0.006445 6.951950 400.000000 11.080333
980 0.004158 5.273141 500.000000 11.627907
980 0.003419 4.192625 600.000000 12.048193
990 0.030936 9.297340 100.000000 9.345795
990 0.015557 11.739300 200.000000 9.302325
990 0.009827 8.897703 300.000000 10.452962
990 0.004621 6.878026 400.000000 11.235955
990 0.005522 5.197565 500.000000 11.764706
990 0.003317 4.201955 600.000000 12.145749
1000 0.031404 7.946090 100.000000 9.174312
1000 0.014330 11.570333 200.000000 9.478673
1000 0.009854 8.713544 300.000000 10.600707
1000 0.004000 6.643782 400.000000 11.363636
1000 0.003804 5.078058 500.000000 11.904762
1000 0.003179 4.089420 600.000000 12.244898
1010 0.030676 7.573123 100.000000 8.849558
1010 0.004115 11.548084 200.000000 9.615385
1010 0.010332 8.627816 300.000000 10.752688
1010 0.003499 6.547095 400.000000 11.494253
1010 0.003905 5.024347 500.000000 12.019231
1010 0.003108 4.085579 600.000000 12.244898
1020 0.014172 7.570830 100.000000 8.620689
1020 0.014022 11.166587 200.000000 9.756098
1020 0.009996 8.087961 300.000000 10.909091
1020 0.007124 6.046506 400.000000 11.594203
1020 0.004157 4.608932 500.000000 12.135922
1020 0.002902 3.672298 600.000000 12.121212
1030 0.027778 7.743529 100.000000 8.547009
1030 0.014735 10.853080 200.000000 9.852217
1030 0.004513 7.839537 300.000000 11.029411
1030 0.004136 5.871249 400.000000 11.695907
1030 0.006232 4.465477 500.000000 12.224939
1030 0.003855 3.640124 600.000000 11.904762
1040 0.019873 7.804313 100.000000 8.547009
1040 0.004971 10.050845 200.000000 10.000000
1040 0.007302 7.352590 300.000000 11.152416
1040 0.006566 5.317633 400.000000 11.799410
1040 0.005485 4.052540 500.000000 12.315271
1040 0.001449 3.232504 600.000000 11.787819
1050 0.021641 7.292254 100.000000 8.620689
1050 0.009549 8.846472 200.000000 10.152285
1050 0.009079 6.619352 300.000000 11.278195
1050 0.007503 4.685304 400.000000 11.904762
1050 0.006003 3.465163 500.000000 12.406948
1050 0.002113 2.842719 600.000000 11.741683
1060 0.024889 9.673838 100.000000 8.620689
1060 0.011707 9.474957 200.000000 10.309278
1060 0.003322 7.236881 300.000000 11.406844
1060 0.006257 5.327323 400.000000 12.048193
1060 0.004355 4.150553 500.000000 12.500000
1060 0.003015 3.401619 600.000000 11.673152
1070 0.003424 11.392124 100.000000 8.695652
1070 0.005630 9.403171 200.000000 10.471204
1070 0.010167 7.194145 300.000000 11.538462
1070 0.004272 5.252684 400.000000 12.158054
1070 0.004180 4.085085 500.000000 12.594459
1070 0.003954 3.280844 600.000000 11.583012
1080 0.004287 13.202916 100.000000 8.849558
1080 0.013470 9.582046 200.000000 10.638298
1080 0.004138 7.018332 300.000000 11.673152
1080 0.005205 5.117270 400.000000 12.269938
1080 0.004206 3.937569 500.000000 12.722647
1090 0.007676 15.060328 100.000000 9.009009
1090 0.014698 9.684165 200.000000 10.869565
1090 0.004832 6.884294 300.000000 11.857708
1090 0.005252 4.947607 400.000000 12.422360
1090 0.004171 3.838972 500.000000 12.820513
1100 0.010918 16.353905 100.000000 9.345795
1100 0.007426 9.738272 200.000000 11.173184
1100 0.010399 6.866424 300.000000 12.096774
1100 0.005069 4.862478 400.000000 12.618297
1100 0.004271 3.800209 500.000000 12.953368
1110 0.028415 16.568031 100.000000 9.803922
1110 0.014229 9.779763 200.000000 11.494253
1110 0.005625 6.700062 300.000000 12.345679
1110 0.005461 4.726037 400.000000 12.861736
1110 0.003241 3.653682 500.000000 13.089005
1120 0.009469 16.627728 100.000000 10.309278
1120 0.015267 9.861421 200.000000 11.904762
1120 0.005065 6.802240 300.000000 12.658228
1120 0.005176 4.932932 400.000000 13.071896
1120 0.005306 3.813307 500.000000 13.192612
1130 0.026067 16.226191 100.000000 10.869565
1130 0.003501 9.531038 200.000000 12.269938
1130 0.008523 6.649658 300.000000 12.931034
1130 0.005125 4.865888 400.000000 13.333333
1130 0.004989 3.810040 500.000000 13.192612
1140 0.008264 15.281044 100.000000 11.235955
1140 0.003067 8.875479 200.000000 12.578616
1140 0.008412 6.164752 300.000000 13.157895
1140 0.004750 4.493042 400.000000 13.513514
1140 0.005772 3.498311 500.000000 12.987013
1150 0.022327 14.471829 100.000000 11.627907
1150 0.014925 8.447470 200.000000 12.820513
1150 0.004636 5.729599 300.000000 13.333333
1150 0.005036 4.171664 400.000000 13.651877
1150 0.004744 3.333631 500.000000 12.787724
1160 0.022678 12.693290 100.000000 11.904762
1160 0.002770 7.722774 200.000000 13.071896
1160 0.009401 5.127613 300.000000 13.513514
1160 0.005168 3.747022 400.000000 13.793103
1160 0.003787 2.944031 500.000000 12.658228
1170 0.012243 10.393004 100.000000 12.345679
1170 0.015033 6.691939 200.000000 13.333333
1170 0.005446 4.276837 300.000000 13.698630
1170 0.005344 3.093809 400.000000 13.937283
1170 0.005497 2.513460 500.000000 12.562814
1180 0.013803 8.299444 100.000000 12.658228
1180 0.015467 5.513466 200.000000 13.513514
1180 0.006407 3.491112 300.000000 13.824884
1180 0.005126 2.600260 400.000000 14.084507
1180 0.004493 2.072226 500.000000 12.406948
1190 0.012561 6.604921 100.000000 12.987013
1190 0.006745 4.320153 200.000000 13.793103
1190 0.007000 2.713890 300.000000 13.953488
1190 0.004771 2.075099 400.000000 14.184397
1200 0.015127 4.729492 100.000000 13.333333
1200 0.013452 3.120221 200.000000 13.888889
1200 0.005972 1.996952 300.000000 14.150944
1200 0.006845 1.483581 400.000000 14.234876
1210 0.011270 3.692505 100.000000 13.698630
1210 0.010765 2.479118 200.000000 14.084507
1210 0.008321 1.497837 300.000000 14.218010
1210 0.007560 1.222970 400.000000 14.234876
1220 0.025668 2.995164 100.000000 13.888889
1220 0.010395 1.818667 200.000000 14.184397
1220 0.008132 1.134340 300.000000 14.354067
1220 0.007694 1.049753 400.000000 13.937283
1230 0.009054 2.487521 100.000000 14.084507
1230 0.009009 1.574619 200.000000 14.184397
1230 0.003964 1.130131 300.000000 14.423077
1230 0.003911 1.086251 400.000000 13.245033
1240 0.008139 3.214847 100.000000 14.084507
1240 0.009255 1.732811 200.000000 14.285714
1240 0.007859 1.102172 300.000000 14.492754
1240 0.006432 1.103082 400.000000 12.861736
1250 0.024074 3.488040 100.000000 14.285714
1250 0.008964 1.744019 200.000000 14.285714
1250 0.007206 1.088182 300.000000 14.492754
1250 0.004417 1.084957 400.000000 12.578616
1260 0.028117 3.379050 100.000000 14.285714
1260 0.010199 1.842525 200.000000 14.285714
1260 0.007000 1.344514 300.000000 14.492754
1260 0.003870 1.435889 400.000000 12.195122
1270 0.029070 2.441636 100.000000 14.285714
1270 0.008241 1.319971 200.000000 14.388489
1270 0.006485 1.212795 300.000000 14.492754
1280 0.030840 1.762689 100.000000 14.285714
1280 0.008898 1.111993 200.000000 14.388489
1280 0.007742 1.259852 300.000000 14.354067
1290 0.012131 1.091699 100.000000 14.084507
1290 0.008605 0.873425 200.000000 14.388489
1290 0.006023 1.251651 300.000000 13.888889
1300 0.010651 0.993524 100.000000 14.084507
1300 0.008529 0.931716 200.000000 14.388489
1300 0.006646 1.361518 300.000000 12.931034
1310 0.011034 0.794578 100.000000 14.084507
1310 0.009046 1.079775 200.000000 14.492754
1310 0.007187 1.508637 300.000000 12.345679
1320 0.009660 0.611218 100.000000 14.084507
1320 0.010198 0.890036 200.000000 14.492754
1320 0.009231 1.361669 300.000000 11.952191
1330 0.011251 0.620439 100.000000 14.084507
1330 0.010522 0.841110 200.000000 14.492754
1330 0.009981 1.376111 300.000000 11.494253
1340 0.020162 0.631596 100.000000 14.285714
1340 0.011247 0.502301 200.000000 14.492754
1350 0.023093 0.918130 100.000000 14.285714
1350 0.011625 0.915250 200.000000 14.285714
1360 0.028320 0.810916 100.000000 14.285714
1360 0.013697 1.114449 200.000000 13.513514
1370 0.008047 0.499658 100.000000 14.492754
1370 0.011802 1.099337 200.000000 12.195122
1380 0.008979 0.569958 100.000000 14.492754
1380 0.012884 1.405182 200.000000 11.494253
1390 0.005528 0.482751 100.000000 14.492754
1390 0.013501 1.433915 200.000000 10.989011
1400 0.005629 0.368286 100.000000 14.492754
1410 0.004227 0.119078 100.000000 14.492754
1420 0.029217 0.679255 100.000000 13.888889
1430 0.012795 1.150168 100.000000 12.048193
1440 0.024094 1.557079 100.000000 10.101010
1450 0.026624 2.016526 100.000000 9.174312
1460 0.024546 2.324589 100.000000 8.547009
=======
0 0.000406 0.030869 100.000000 8.474576
0 0.000284 0.041813 200.000000 9.478673
0 0.000273 0.046270 300.000000 10.452962
0 0.000225 0.038449 400.000000 10.498688
0 0.000162 0.042163 500.000000 10.438414
0 0.000171 0.049904 600.000000 10.434783
0 0.000139 0.056620 700.000000 10.294118
0 0.000152 0.048494 800.000000 10.282776
10 0.000357 0.027558 100.000000 9.009009
10 0.000268 0.038455 200.000000 9.756098
10 0.000258 0.042571 300.000000 10.714286
10 0.000216 0.035894 400.000000 10.695188
10 0.000156 0.039775 500.000000 10.593221
10 0.000162 0.047591 600.000000 10.563380
10 0.000136 0.054195 700.000000 10.385756
10 0.000150 0.045597 800.000000 10.376135
20 0.000262 0.021750 100.000000 9.523809
20 0.000232 0.032149 200.000000 10.050251
20 0.000231 0.036707 300.000000 10.989011
20 0.000204 0.032768 400.000000 10.840109
20 0.000153 0.036921 500.000000 10.729613
20 0.000153 0.045192 600.000000 10.676157
20 0.000135 0.051728 700.000000 10.463378
20 0.000150 0.042587 800.000000 10.471204
30 0.000214 0.017154 100.000000 10.101010
30 0.000212 0.028123 200.000000 10.256411
30 0.000216 0.032407 300.000000 11.235955
30 0.000191 0.030135 400.000000 10.958904
30 0.000145 0.034482 500.000000 10.845987
30 0.000142 0.042820 600.000000 10.771993
30 0.000129 0.048954 700.000000 10.510510
30 0.000144 0.039385 800.000000 10.554090
40 0.000195 0.012900 100.000000 10.526316
40 0.000189 0.024041 200.000000 10.471204
40 0.000184 0.027402 300.000000 11.450381
40 0.000181 0.026457 400.000000 11.049724
40 0.000136 0.030825 500.000000 10.917030
40 0.000127 0.039129 600.000000 10.830325
40 0.000124 0.044467 700.000000 10.542169
40 0.000139 0.034448 800.000000 10.624170
50 0.000187 0.013863 100.000000 10.989011
50 0.000188 0.024001 200.000000 10.638298
50 0.000178 0.026336 300.000000 11.583012
50 0.000178 0.026106 400.000000 11.080333
50 0.000138 0.030546 500.000000 10.989011
50 0.000125 0.039053 600.000000 10.889292
50 0.000129 0.043846 700.000000 10.558069
50 0.000142 0.032769 800.000000 10.680908
60 0.000180 0.016344 100.000000 11.363636
60 0.000210 0.026265 200.000000 10.810811
60 0.000187 0.027032 300.000000 11.673152
60 0.000175 0.027330 400.000000 11.111111
60 0.000138 0.032271 500.000000 11.013216
60 0.000127 0.040880 600.000000 10.928962
60 0.000144 0.044707 700.000000 10.558069
60 0.000146 0.032644 800.000000 10.738256
70 0.000175 0.016672 100.000000 11.494253
70 0.000217 0.026768 200.000000 10.989011
70 0.000191 0.026817 300.000000 11.673152
70 0.000175 0.028290 400.000000 11.111111
70 0.000147 0.034090 500.000000 10.989011
70 0.000124 0.042471 600.000000 10.928962
70 0.000147 0.044836 700.000000 10.558069
70 0.000139 0.032318 800.000000 10.767160
80 0.000202 0.018747 100.000000 11.494253
80 0.000224 0.028358 200.000000 11.111111
80 0.000175 0.026489 300.000000 11.627907
80 0.000166 0.028217 400.000000 11.080333
80 0.000149 0.034561 500.000000 10.940919
80 0.000116 0.042571 600.000000 10.909091
80 0.000146 0.042878 700.000000 10.558069
80 0.000139 0.030348 800.000000 10.810811
90 0.000229 0.020462 100.000000 11.494253
90 0.000241 0.030130 200.000000 11.299435
90 0.000196 0.027632 300.000000 11.583012
90 0.000162 0.030257 400.000000 11.049724
90 0.000158 0.037144 500.000000 10.917030
90 0.000120 0.044744 600.000000 10.869565
90 0.000148 0.042903 700.000000 10.558069
90 0.000137 0.030382 800.000000 10.840109
100 0.000202 0.019679 100.000000 11.235955
100 0.000239 0.027776 200.000000 11.494253
100 0.000215 0.026298 300.000000 11.494253
100 0.000139 0.029728 400.000000 11.049724
100 0.000150 0.037248 500.000000 10.917030
100 0.000119 0.044383 600.000000 10.791367
100 0.000150 0.040598 700.000000 10.574018
100 0.000131 0.028599 800.000000 10.854816
110 0.000195 0.019264 100.000000 10.869565
110 0.000256 0.027569 200.000000 11.627907
110 0.000218 0.026665 300.000000 11.450381
110 0.000140 0.031344 400.000000 11.049724
110 0.000152 0.039507 500.000000 10.917030
110 0.000126 0.046181 600.000000 10.695188
110 0.000155 0.040204 700.000000 10.574018
110 0.000124 0.028777 800.000000 10.854816
120 0.000215 0.020965 100.000000 10.526316
120 0.000269 0.030033 200.000000 11.764706
120 0.000243 0.030708 300.000000 11.320755
120 0.000163 0.036601 400.000000 11.019283
120 0.000160 0.045451 500.000000 10.893247
120 0.000142 0.051688 600.000000 10.619469
120 0.000164 0.043231 700.000000 10.590015
120 0.000119 0.031981 800.000000 10.825439
130 0.000228 0.020672 100.000000 10.309278
130 0.000276 0.029277 200.000000 11.834319
130 0.000235 0.031513 300.000000 11.194030
130 0.000164 0.037601 400.000000 10.989011
130 0.000151 0.046382 500.000000 10.869565
130 0.000144 0.051808 600.000000 10.544815
130 0.000162 0.041579 700.000000 10.606061
130 0.000110 0.031748 800.000000 10.796222
140 0.000282 0.025660 100.000000 10.204082
140 0.000283 0.033261 200.000000 11.764706
140 0.000246 0.035428 300.000000 11.070110
140 0.000180 0.042052 400.000000 10.928962
140 0.000159 0.050722 500.000000 10.822511
140 0.000156 0.055257 600.000000 10.452962
140 0.000170 0.042673 700.000000 10.606061
140 0.000100 0.033941 800.000000 10.767160
150 0.000366 0.031569 100.000000 10.204082
150 0.000315 0.035041 200.000000 11.695907
150 0.000242 0.038011 300.000000 10.948905
150 0.000186 0.045067 400.000000 10.869565
150 0.000157 0.053455 500.000000 10.799136
150 0.000174 0.056670 600.000000 10.398614
150 0.000171 0.042604 700.000000 10.638298
150 0.000094 0.035371 800.000000 10.752688
160 0.000329 0.030308 100.000000 10.416667
160 0.000268 0.032768 200.000000 11.627907
160 0.000223 0.037316 300.000000 10.869565
160 0.000182 0.044409 400.000000 10.810811
160 0.000144 0.051665 500.000000 10.775862
160 0.000170 0.052959 600.000000 10.380623
160 0.000149 0.039374 700.000000 10.670732
160 0.000092 0.034299 800.000000 10.767160
170 0.000308 0.025977 100.000000 10.752688
170 0.000242 0.029495 200.000000 11.560694
170 0.000194 0.035546 300.000000 10.869565
170 0.000177 0.043149 400.000000 10.752688
170 0.000133 0.049151 500.000000 10.729613
170 0.000156 0.048654 600.000000 10.398614
170 0.000150 0.036338 700.000000 10.703364
170 0.000089 0.033743 800.000000 10.767160
180 0.000354 0.028618 100.000000 11.111111
180 0.000276 0.030174 200.000000 11.494253
180 0.000173 0.035932 300.000000 10.869565
180 0.000169 0.042597 400.000000 10.781672
180 0.000130 0.047869 500.000000 10.706638
180 0.000157 0.045619 600.000000 10.416667
180 0.000143 0.033899 700.000000 10.752688
180 0.000084 0.032266 800.000000 10.767160
190 0.000373 0.027584 100.000000 11.627907
190 0.000294 0.029974 200.000000 11.560694
190 0.000156 0.035864 300.000000 10.948905
190 0.000159 0.042958 400.000000 10.810811
190 0.000128 0.047717 500.000000 10.660981
190 0.000160 0.043880 600.000000 10.452962
190 0.000135 0.032579 700.000000 10.785825
190 0.000087 0.032500 800.000000 10.752688
200 0.000367 0.026428 100.000000 12.345679
200 0.000291 0.030653 200.000000 11.627907
200 0.000161 0.037054 300.000000 11.029411
200 0.000160 0.044220 400.000000 10.899182
200 0.000132 0.048743 500.000000 10.638298
200 0.000166 0.043344 600.000000 10.507881
200 0.000132 0.032660 700.000000 10.835914
200 0.000100 0.033901 800.000000 10.738256
210 0.000358 0.025591 100.000000 12.987013
210 0.000291 0.030379 200.000000 11.695907
210 0.000159 0.036340 300.000000 11.152416
210 0.000156 0.043525 400.000000 10.958904
210 0.000135 0.047724 500.000000 10.638298
210 0.000164 0.040771 600.000000 10.563380
210 0.000119 0.030915 700.000000 10.852714
210 0.000105 0.032712 800.000000 10.709505
220 0.000375 0.026215 100.000000 13.513514
220 0.000285 0.032620 200.000000 11.695907
220 0.000173 0.038637 300.000000 11.194030
220 0.000148 0.045678 400.000000 10.989011
220 0.000144 0.049709 500.000000 10.593221
220 0.000169 0.040872 600.000000 10.600707
220 0.000114 0.032117 700.000000 10.852714
220 0.000119 0.034211 800.000000 10.666667
230 0.000362 0.026743 100.000000 13.698630
230 0.000275 0.033195 200.000000 11.560694
230 0.000179 0.039123 300.000000 11.194030
230 0.000148 0.046005 400.000000 10.989011
230 0.000145 0.049617 500.000000 10.548523
230 0.000167 0.039207 600.000000 10.638298
230 0.000111 0.032101 700.000000 10.852714
230 0.000140 0.033456 800.000000 10.582010
240 0.000372 0.027544 100.000000 13.698630
240 0.000250 0.034562 200.000000 11.428572
240 0.000166 0.039855 300.000000 11.152416
240 0.000143 0.045494 400.000000 10.958904
240 0.000151 0.048226 500.000000 10.460251
240 0.000167 0.037140 600.000000 10.676157
240 0.000101 0.032256 700.000000 10.835914
240 0.000138 0.031946 800.000000 10.498688
250 0.000348 0.027393 100.000000 13.157895
250 0.000212 0.035153 200.000000 11.173184
250 0.000160 0.039880 300.000000 10.948905
250 0.000122 0.043451 400.000000 10.869565
250 0.000153 0.044840 500.000000 10.373444
250 0.000151 0.034074 600.000000 10.676157
250 0.000100 0.032144 700.000000 10.802469
250 0.000139 0.029799 800.000000 10.430247
260 0.000302 0.027408 100.000000 12.345679
260 0.000170 0.033853 200.000000 10.869565
260 0.000158 0.038444 300.000000 10.752688
260 0.000111 0.040888 400.000000 10.723861
260 0.000146 0.040363 500.000000 10.309278
260 0.000152 0.030627 600.000000 10.676157
260 0.000100 0.031122 700.000000 10.752688
260 0.000139 0.026589 800.000000 10.362695
270 0.000322 0.024604 100.000000 11.627907
270 0.000124 0.029217 200.000000 10.638298
270 0.000131 0.033693 300.000000 10.563380
270 0.000109 0.035873 400.000000 10.498688
270 0.000145 0.033279 500.000000 10.224949
270 0.000140 0.025335 600.000000 10.657193
270 0.000096 0.028295 700.000000 10.670732
270 0.000129 0.022356 800.000000 10.296010
280 0.000293 0.021997 100.000000 10.869565
280 0.000120 0.025091 200.000000 10.416667
280 0.000111 0.029828 300.000000 10.416667
280 0.000108 0.031990 400.000000 10.256411
280 0.000151 0.027372 500.000000 10.183299
280 0.000126 0.021519 600.000000 10.582010
280 0.000097 0.026209 700.000000 10.510510
280 0.000129 0.019491 800.000000 10.230179
290 0.000313 0.021357 100.000000 10.309278
290 0.000153 0.024568 200.000000 10.256411
290 0.000107 0.029383 300.000000 10.309278
290 0.000129 0.032102 400.000000 10.075566
290 0.000159 0.025182 500.000000 10.141988
290 0.000119 0.021833 600.000000 10.507881
290 0.000104 0.026953 700.000000 10.370370
290 0.000127 0.019717 800.000000 10.178117
300 0.000281 0.017698 100.000000 9.900990
300 0.000155 0.020832 200.000000 10.152285
300 0.000110 0.026049 300.000000 10.238908
300 0.000138 0.029181 400.000000 9.950249
300 0.000160 0.020660 500.000000 10.162601
300 0.000114 0.020104 600.000000 10.452962
300 0.000121 0.023856 700.000000 10.233918
300 0.000118 0.018208 800.000000 10.126582
310 0.000281 0.018303 100.000000 9.708738
310 0.000142 0.021425 200.000000 10.101010
310 0.000105 0.026046 300.000000 10.238908
310 0.000147 0.028781 400.000000 9.852217
310 0.000164 0.019609 500.000000 10.183299
310 0.000109 0.021105 600.000000 10.434783
310 0.000122 0.023047 700.000000 10.144928
310 0.000116 0.018589 800.000000 10.037642
320 0.000203 0.017891 100.000000 9.615385
320 0.000132 0.019923 200.000000 10.050251
320 0.000094 0.023218 300.000000 10.204082
320 0.000146 0.024664 400.000000 9.828010
320 0.000147 0.016726 500.000000 10.224949
320 0.000102 0.020200 600.000000 10.452962
320 0.000121 0.020648 700.000000 10.115607
320 0.000118 0.017223 800.000000 9.950249
330 0.000222 0.014259 100.000000 9.523809
330 0.000135 0.017739 200.000000 10.000000
330 0.000086 0.022215 300.000000 10.204082
330 0.000150 0.022361 400.000000 9.828010
330 0.000142 0.013845 500.000000 10.288066
330 0.000099 0.017784 600.000000 10.471204
330 0.000120 0.016927 700.000000 10.101010
330 0.000114 0.014675 800.000000 9.913259
340 0.000224 0.012941 100.000000 9.523809
340 0.000145 0.018285 200.000000 10.000000
340 0.000079 0.023615 300.000000 10.204082
340 0.000148 0.021674 400.000000 9.852217
340 0.000153 0.012673 500.000000 10.351967
340 0.000092 0.016665 600.000000 10.507881
340 0.000119 0.014779 700.000000 10.115607
340 0.000110 0.013227 800.000000 9.900990
350 0.000183 0.009211 100.000000 9.615385
350 0.000126 0.014098 200.000000 10.000000
350 0.000075 0.018032 300.000000 10.169492
350 0.000141 0.015074 400.000000 9.876543
350 0.000144 0.010257 500.000000 10.416667
350 0.000086 0.016361 600.000000 10.526316
350 0.000108 0.014076 700.000000 10.115607
350 0.000107 0.013198 800.000000 9.913259
360 0.000146 0.006025 100.000000 9.708738
360 0.000096 0.009351 200.000000 10.101010
360 0.000061 0.011703 300.000000 10.101010
360 0.000132 0.008769 400.000000 9.925558
360 0.000123 0.008772 500.000000 10.482181
360 0.000076 0.015391 600.000000 10.489511
360 0.000113 0.012856 700.000000 10.130246
360 0.000108 0.012596 800.000000 9.925558
370 0.000120 0.004773 100.000000 9.900990
370 0.000078 0.008323 200.000000 10.152285
370 0.000070 0.010724 300.000000 10.033444
370 0.000128 0.006829 400.000000 9.975062
370 0.000107 0.007988 500.000000 10.504202
370 0.000070 0.013889 600.000000 10.434783
370 0.000113 0.011720 700.000000 10.130246
370 0.000111 0.011983 800.000000 9.937888
380 0.000132 0.004801 100.000000 10.000000
380 0.000082 0.007303 200.000000 10.204082
380 0.000083 0.009173 300.000000 9.966778
380 0.000121 0.004960 400.000000 10.025063
380 0.000098 0.009202 500.000000 10.504202
380 0.000072 0.014394 600.000000 10.380623
380 0.000116 0.012124 700.000000 10.130246
380 0.000106 0.012436 800.000000 9.950249
390 0.000128 0.006861 100.000000 10.101010
390 0.000081 0.009050 200.000000 10.256411
390 0.000093 0.011215 300.000000 9.933775
390 0.000131 0.005797 400.000000 10.101010
390 0.000097 0.010359 500.000000 10.526316
390 0.000087 0.015046 600.000000 10.327023
390 0.000115 0.012716 700.000000 10.130246
390 0.000108 0.012900 800.000000 9.962640
400 0.000069 0.007756 100.000000 10.309278
400 0.000032 0.009926 200.000000 10.362695
400 0.000091 0.011564 300.000000 9.900990
400 0.000128 0.006238 400.000000 10.178117
400 0.000092 0.011270 500.000000 10.548523
400 0.000116 0.014880 600.000000 10.256411
400 0.000119 0.013136 700.000000 10.130246
400 0.000120 0.013169 800.000000 9.987515
410 0.000050 0.010664 100.000000 10.416667
410 0.000046 0.011355 200.000000 10.416667
410 0.000093 0.012678 300.000000 9.868421
410 0.000134 0.007690 400.000000 10.256411
410 0.000093 0.013119 500.000000 10.570825
410 0.000130 0.015722 600.000000 10.204082
410 0.000124 0.014231 700.000000 10.086455
410 0.000120 0.013646 800.000000 10.025063
420 0.000074 0.013527 100.000000 10.416667
420 0.000038 0.014417 200.000000 10.471204
420 0.000129 0.015668 300.000000 9.868421
420 0.000141 0.009649 400.000000 10.335917
420 0.000103 0.015379 500.000000 10.593221
420 0.000136 0.016630 600.000000 10.186757
420 0.000131 0.015108 700.000000 10.000000
420 0.000125 0.014462 800.000000 10.050251
430 0.000102 0.015836 100.000000 10.416667
430 0.000047 0.014932 200.000000 10.526316
430 0.000130 0.016168 300.000000 9.868421
430 0.000134 0.010836 400.000000 10.443864
430 0.000111 0.017143 500.000000 10.638298
430 0.000151 0.017081 600.000000 10.169492
430 0.000145 0.015455 700.000000 9.957326
430 0.000133 0.015223 800.000000 10.075566
440 0.000113 0.017312 100.000000 10.309278
440 0.000059 0.016945 200.000000 10.471204
440 0.000144 0.016424 300.000000 9.900990
440 0.000155 0.011109 400.000000 10.498688
440 0.000112 0.017495 500.000000 10.660981
440 0.000154 0.016052 600.000000 10.186757
440 0.000140 0.014706 700.000000 9.929078
440 0.000130 0.015734 800.000000 10.113780
450 0.000175 0.020220 100.000000 10.309278
450 0.000089 0.019956 200.000000 10.416667
450 0.000152 0.018056 300.000000 9.933775
450 0.000156 0.012571 400.000000 10.582010
450 0.000101 0.018726 500.000000 10.683761
450 0.000148 0.016079 600.000000 10.186757
450 0.000140 0.014663 700.000000 9.929078
450 0.000136 0.016614 800.000000 10.139417
460 0.000205 0.021576 100.000000 10.309278
460 0.000105 0.023347 200.000000 10.256411
460 0.000182 0.018028 300.000000 9.933775
460 0.000155 0.011637 400.000000 10.638298
460 0.000093 0.017762 500.000000 10.638298
460 0.000147 0.014443 600.000000 10.169492
460 0.000134 0.013886 700.000000 9.929078
460 0.000131 0.017236 800.000000 10.178117
470 0.000221 0.021015 100.000000 10.309278
470 0.000111 0.023505 200.000000 10.050251
470 0.000189 0.015000 300.000000 9.966778
470 0.000137 0.009899 400.000000 10.638298
470 0.000085 0.015425 500.000000 10.526316
470 0.000138 0.012858 600.000000 10.152285
470 0.000128 0.013445 700.000000 9.929078
470 0.000125 0.017845 800.000000 10.204082
480 0.000208 0.019722 100.000000 10.204082
480 0.000119 0.020680 200.000000 9.852217
480 0.000174 0.012044 300.000000 10.000000
480 0.000113 0.010447 400.000000 10.610080
480 0.000090 0.015375 500.000000 10.416667
480 0.000141 0.013090 600.000000 10.118044
480 0.000123 0.013806 700.000000 9.915014
480 0.000125 0.018725 800.000000 10.230179
490 0.000141 0.018493 100.000000 10.204082
490 0.000117 0.018586 200.000000 9.708738
490 0.000169 0.009611 300.000000 10.067114
490 0.000106 0.011450 400.000000 10.582010
490 0.000122 0.015674 500.000000 10.288066
490 0.000139 0.013963 600.000000 10.101010
490 0.000129 0.014564 700.000000 9.929078
490 0.000130 0.019905 800.000000 10.256411
500 0.000093 0.018209 100.000000 10.309278
500 0.000135 0.017676 200.000000 9.569378
500 0.000168 0.007841 300.000000 10.135135
500 0.000105 0.013122 400.000000 10.554090
500 0.000146 0.015943 500.000000 10.183299
500 0.000135 0.015153 600.000000 10.050251
500 0.000132 0.015680 700.000000 9.929078
500 0.000129 0.021245 800.000000 10.296010
510 0.000087 0.018779 100.000000 10.309278
510 0.000168 0.017103 200.000000 9.523809
510 0.000180 0.007172 300.000000 10.204082
510 0.000109 0.014345 400.000000 10.582010
510 0.000155 0.015891 500.000000 10.101010
510 0.000143 0.015854 600.000000 9.950249
510 0.000131 0.016489 700.000000 9.957326
510 0.000129 0.022636 800.000000 10.322580
520 0.000023 0.013832 100.000000 10.416667
520 0.000170 0.012625 200.000000 9.523809
520 0.000157 0.006784 300.000000 10.344828
520 0.000117 0.015252 400.000000 10.638298
520 0.000160 0.015706 500.000000 10.101010
520 0.000156 0.015989 600.000000 9.868421
520 0.000141 0.017028 700.000000 10.000000
520 0.000133 0.023530 800.000000 10.376135
530 0.000030 0.012619 100.000000 10.526316
530 0.000178 0.010172 200.000000 9.569378
530 0.000165 0.007470 300.000000 10.452962
530 0.000132 0.016602 400.000000 10.695188
530 0.000170 0.015881 500.000000 10.121457
530 0.000159 0.016225 600.000000 9.852217
530 0.000141 0.018110 700.000000 10.043041
530 0.000134 0.024850 800.000000 10.430247
540 0.000099 0.008742 100.000000 10.526316
540 0.000156 0.005194 200.000000 9.661836
540 0.000173 0.008840 300.000000 10.563380
540 0.000128 0.017529 400.000000 10.723861
540 0.000165 0.015615 500.000000 10.121457
540 0.000151 0.016093 600.000000 9.852217
540 0.000140 0.018769 700.000000 10.086455
540 0.000136 0.025856 800.000000 10.471204
550 0.000098 0.007742 100.000000 10.309278
550 0.000168 0.005008 200.000000 9.708738
550 0.000173 0.010765 300.000000 10.676157
550 0.000123 0.019145 400.000000 10.723861
550 0.000166 0.016454 500.000000 10.121457
550 0.000160 0.016770 600.000000 9.852217
550 0.000156 0.020129 700.000000 10.115607
550 0.000142 0.027554 800.000000 10.512484
560 0.000185 0.009252 100.000000 9.900990
560 0.000210 0.006949 200.000000 9.708738
560 0.000172 0.013822 300.000000 10.714286
560 0.000126 0.022061 400.000000 10.610080
560 0.000185 0.018332 500.000000 10.101010
560 0.000167 0.018135 600.000000 9.852217
560 0.000159 0.021988 700.000000 10.144928
560 0.000147 0.029827 800.000000 10.540184
570 0.000246 0.011925 100.000000 9.523809
570 0.000232 0.008371 200.000000 9.756098
570 0.000171 0.018103 300.000000 10.676157
570 0.000134 0.025487 400.000000 10.471204
570 0.000187 0.020692 500.000000 10.080646
570 0.000166 0.019939 600.000000 9.836065
570 0.000163 0.024012 700.000000 10.189228
570 0.000149 0.032246 800.000000 10.582010
580 0.000255 0.014293 100.000000 9.259259
580 0.000249 0.009561 200.000000 9.852217
580 0.000166 0.020350 300.000000 10.676157
580 0.000144 0.026722 400.000000 10.362695
580 0.000194 0.021826 500.000000 10.060362
580 0.000167 0.020861 600.000000 9.836065
580 0.000165 0.025565 700.000000 10.218978
580 0.000150 0.034014 800.000000 10.610080
590 0.000225 0.011527 100.000000 9.009009
590 0.000233 0.007569 200.000000 9.950249
590 0.000158 0.019595 300.000000 10.638298
590 0.000172 0.022816 400.000000 10.204082
590 0.000176 0.020017 500.000000 10.020041
590 0.000167 0.019559 600.000000 9.852217
590 0.000159 0.025015 700.000000 10.248902
590 0.000141 0.033271 800.000000 10.638298
600 0.000293 0.011679 100.000000 8.771930
600 0.000252 0.010899 200.000000 10.050251
600 0.000161 0.023265 300.000000 10.600707
600 0.000179 0.023554 400.000000 10.075566
600 0.000164 0.021370 500.000000 9.920635
600 0.000153 0.020749 600.000000 9.868421
600 0.000153 0.026206 700.000000 10.294118
600 0.000135 0.034199 800.000000 10.680908
610 0.000323 0.012798 100.000000 8.695652
610 0.000245 0.011596 200.000000 10.152285
610 0.000170 0.023384 300.000000 10.638298
610 0.000203 0.022642 400.000000 10.000000
610 0.000182 0.021328 500.000000 9.803922
610 0.000165 0.021181 600.000000 9.884679
610 0.000158 0.027620 700.000000 10.324484
610 0.000137 0.035618 800.000000 10.709505
620 0.000320 0.011898 100.000000 8.695652
620 0.000224 0.010830 200.000000 10.309278
620 0.000164 0.021565 300.000000 10.676157
620 0.000217 0.019527 400.000000 9.975062
620 0.000191 0.018912 500.000000 9.708738
620 0.000165 0.020141 600.000000 9.933775
620 0.000153 0.027266 700.000000 10.370370
620 0.000139 0.034930 800.000000 10.752688
630 0.000368 0.007849 100.000000 8.771930
630 0.000271 0.014652 200.000000 10.471204
630 0.000163 0.023563 300.000000 10.752688
630 0.000200 0.019763 400.000000 10.000000
630 0.000176 0.019153 500.000000 9.708738
630 0.000157 0.021401 600.000000 9.966778
630 0.000147 0.028297 700.000000 10.432191
630 0.000136 0.035589 800.000000 10.796222
640 0.000358 0.004310 100.000000 8.928572
640 0.000256 0.015289 200.000000 10.638298
640 0.000136 0.022554 300.000000 10.791367
640 0.000185 0.018052 400.000000 10.025063
640 0.000168 0.017975 500.000000 9.727627
640 0.000157 0.021107 600.000000 10.033444
640 0.000145 0.028427 700.000000 10.479042
640 0.000136 0.035319 800.000000 10.854816
650 0.000323 0.003237 100.000000 9.174312
650 0.000219 0.013963 200.000000 10.869565
650 0.000135 0.020639 300.000000 10.869565
650 0.000190 0.016001 400.000000 10.075566
650 0.000178 0.016273 500.000000 9.765625
650 0.000166 0.020356 600.000000 10.101010
650 0.000152 0.028126 700.000000 10.558069
650 0.000138 0.035399 800.000000 10.914052
660 0.000371 0.003727 100.000000 9.433962
660 0.000202 0.013291 200.000000 11.111111
660 0.000107 0.017979 300.000000 10.830325
660 0.000194 0.013576 400.000000 10.126582
660 0.000171 0.014637 500.000000 9.803922
660 0.000156 0.019488 600.000000 10.169492
660 0.000142 0.027260 700.000000 10.622155
660 0.000131 0.033978 800.000000 10.989011
670 0.000329 0.004541 100.000000 9.803922
670 0.000153 0.009460 200.000000 11.235955
670 0.000124 0.015279 300.000000 10.830325
670 0.000205 0.011924 400.000000 10.178117
670 0.000180 0.012988 500.000000 9.861933
670 0.000164 0.018657 600.000000 10.256411
670 0.000146 0.027052 700.000000 10.703364
670 0.000137 0.033983 800.000000 11.065007
680 0.000296 0.003201 100.000000 10.101010
680 0.000138 0.012153 200.000000 11.363636
680 0.000128 0.017466 300.000000 10.791367
680 0.000216 0.013851 400.000000 10.230179
680 0.000182 0.014268 500.000000 9.920635
680 0.000169 0.020131 600.000000 10.327023
680 0.000148 0.028794 700.000000 10.769231
680 0.000146 0.035826 800.000000 11.126565
690 0.000295 0.003169 100.000000 10.526316
690 0.000129 0.012154 200.000000 11.494253
690 0.000158 0.016733 300.000000 10.714286
690 0.000207 0.014066 400.000000 10.256411
690 0.000184 0.014253 500.000000 9.960159
690 0.000168 0.020372 600.000000 10.398614
690 0.000147 0.029099 700.000000 10.835914
690 0.000150 0.036240 800.000000 11.188811
700 0.000287 0.004362 100.000000 10.869565
700 0.000154 0.015536 200.000000 11.560694
700 0.000214 0.018081 300.000000 10.638298
700 0.000214 0.016230 400.000000 10.282776
700 0.000197 0.015623 500.000000 10.020041
700 0.000176 0.021981 600.000000 10.471204
700 0.000150 0.030727 700.000000 10.903427
700 0.000151 0.037917 800.000000 11.251758
710 0.000282 0.007821 100.000000 11.363636
710 0.000186 0.019299 200.000000 11.695907
710 0.000263 0.020068 300.000000 10.526316
710 0.000221 0.019089 400.000000 10.230179
710 0.000191 0.017785 500.000000 10.060362
710 0.000178 0.024182 600.000000 10.544815
710 0.000148 0.032991 700.000000 10.971786
710 0.000154 0.040252 800.000000 11.315417
720 0.000258 0.014255 100.000000 11.764706
720 0.000239 0.024007 200.000000 11.834319
720 0.000293 0.023364 300.000000 10.489511
720 0.000244 0.023740 400.000000 10.126582
720 0.000206 0.021232 500.000000 10.121457
720 0.000186 0.027375 600.000000 10.619469
720 0.000157 0.036289 700.000000 11.023623
720 0.000166 0.043340 800.000000 11.379801
730 0.000191 0.016058 100.000000 12.195122
730 0.000293 0.024504 200.000000 11.904762
730 0.000314 0.022782 300.000000 10.452962
730 0.000269 0.023991 400.000000 10.000000
730 0.000214 0.022466 500.000000 10.162601
730 0.000189 0.028891 600.000000 10.676157
730 0.000169 0.037492 700.000000 11.093502
730 0.000169 0.044689 800.000000 11.428572
740 0.000241 0.015362 100.000000 12.658228
740 0.000289 0.022374 200.000000 11.976048
740 0.000318 0.019618 300.000000 10.416667
740 0.000264 0.021021 400.000000 9.925558
740 0.000205 0.021767 500.000000 10.204082
740 0.000185 0.029092 600.000000 10.714286
740 0.000166 0.037516 700.000000 11.128776
740 0.000170 0.044831 800.000000 11.477762
750 0.000257 0.016175 100.000000 12.987013
750 0.000279 0.021616 200.000000 11.976048
750 0.000293 0.018429 300.000000 10.416667
750 0.000253 0.019666 400.000000 9.900990
750 0.000208 0.021942 500.000000 10.245902
750 0.000185 0.029654 600.000000 10.771993
750 0.000170 0.038094 700.000000 11.164274
750 0.000171 0.045402 800.000000 11.527377
760 0.000211 0.016733 100.000000 13.157895
760 0.000280 0.019750 200.000000 11.764706
760 0.000299 0.018485 300.000000 10.344828
760 0.000262 0.019161 400.000000 9.876543
760 0.000216 0.022412 500.000000 10.288066
760 0.000195 0.030244 600.000000 10.810811
760 0.000165 0.038128 700.000000 11.217949
760 0.000174 0.045654 800.000000 11.560694
770 0.000212 0.016644 100.000000 12.987013
770 0.000238 0.016931 200.000000 11.363636
770 0.000286 0.017597 300.000000 10.273973
770 0.000257 0.018613 400.000000 9.852217
770 0.000214 0.023081 500.000000 10.309278
770 0.000186 0.031291 600.000000 10.849910
770 0.000170 0.039027 700.000000 11.235955
770 0.000170 0.046578 800.000000 11.594203
780 0.000297 0.015267 100.000000 12.658228
780 0.000211 0.014430 200.000000 10.928962
780 0.000275 0.016736 300.000000 10.169492
780 0.000231 0.017763 400.000000 9.803922
780 0.000202 0.022999 500.000000 10.330579
780 0.000179 0.031638 600.000000 10.869565
780 0.000168 0.038910 700.000000 11.272141
780 0.000170 0.046900 800.000000 11.611031
790 0.000390 0.017496 100.000000 12.195122
790 0.000292 0.014863 200.000000 10.416667
790 0.000274 0.018829 300.000000 10.033444
790 0.000246 0.019037 400.000000 9.779951
790 0.000209 0.025141 500.000000 10.351967
790 0.000178 0.034441 600.000000 10.869565
790 0.000172 0.041636 700.000000 11.272141
790 0.000173 0.049687 800.000000 11.627907
800 0.000516 0.019361 100.000000 11.764706
800 0.000402 0.016308 200.000000 9.950249
800 0.000300 0.023229 300.000000 9.740260
800 0.000238 0.021811 400.000000 9.732360
800 0.000210 0.027843 500.000000 10.373444
800 0.000175 0.037071 600.000000 10.889292
800 0.000175 0.043952 700.000000 11.290322
800 0.000171 0.052213 800.000000 11.594203
810 0.000563 0.019226 100.000000 11.363636
810 0.000436 0.016049 200.000000 9.661836
810 0.000334 0.021641 300.000000 9.375000
810 0.000240 0.020585 400.000000 9.732360
810 0.000205 0.027594 500.000000 10.373444
810 0.000181 0.036470 600.000000 10.889292
810 0.000177 0.043261 700.000000 11.308562
810 0.000166 0.051610 800.000000 11.477762
820 0.000505 0.010254 100.000000 11.111111
820 0.000449 0.015264 200.000000 9.478673
820 0.000333 0.018304 300.000000 9.202454
820 0.000225 0.017708 400.000000 9.708738
820 0.000196 0.023859 500.000000 10.373444
820 0.000171 0.031520 600.000000 10.889292
820 0.000171 0.038022 700.000000 11.308562
820 0.000156 0.043801 800.000000 11.220197
830 0.000461 0.007297 100.000000 10.752688
830 0.000413 0.015265 200.000000 9.345795
830 0.000329 0.016218 300.000000 9.118541
830 0.000246 0.017455 400.000000 9.708738
830 0.000200 0.024299 500.000000 10.395010
830 0.000172 0.031677 600.000000 10.909091
830 0.000174 0.038497 700.000000 11.326860
830 0.000156 0.041258 800.000000 11.080333
840 0.000418 0.011623 100.000000 10.204082
840 0.000433 0.015030 200.000000 9.259259
840 0.000328 0.013263 300.000000 9.063444
840 0.000238 0.016550 400.000000 9.732360
840 0.000195 0.024579 500.000000 10.416667
840 0.000171 0.031661 600.000000 10.928962
840 0.000173 0.039174 700.000000 11.363636
840 0.000156 0.039439 800.000000 11.004127
850 0.000338 0.013396 100.000000 9.708738
850 0.000404 0.012378 200.000000 9.216590
850 0.000300 0.010484 300.000000 9.063444
850 0.000223 0.016198 400.000000 9.803922
850 0.000180 0.025009 500.000000 10.482181
850 0.000169 0.031954 600.000000 10.989011
850 0.000166 0.040053 700.000000 11.419250
850 0.000148 0.038320 800.000000 10.943913
860 0.000399 0.021716 100.000000 9.433962
860 0.000415 0.011914 200.000000 9.216590
860 0.000283 0.009138 300.000000 9.090909
860 0.000222 0.017460 400.000000 9.876543
860 0.000179 0.026212 500.000000 10.548523
860 0.000169 0.032960 600.000000 11.049724
860 0.000164 0.041384 700.000000 11.475410
870 0.000573 0.020612 100.000000 9.009009
870 0.000379 0.010129 200.000000 9.174312
870 0.000283 0.008023 300.000000 9.146341
870 0.000217 0.017095 400.000000 9.950249
870 0.000162 0.025015 500.000000 10.615711
870 0.000164 0.031669 600.000000 11.111111
870 0.000159 0.040159 700.000000 11.513158
880 0.000680 0.015714 100.000000 8.695652
880 0.000360 0.006002 200.000000 9.009009
880 0.000239 0.011625 300.000000 9.174312
880 0.000191 0.020718 400.000000 10.025063
880 0.000138 0.027103 500.000000 10.683761
880 0.000147 0.033429 600.000000 11.173184
880 0.000149 0.041582 700.000000 11.551155
890 0.000674 0.009658 100.000000 8.403361
890 0.000357 0.005425 200.000000 8.733624
890 0.000228 0.016356 300.000000 9.202454
890 0.000174 0.024348 400.000000 10.075566
890 0.000130 0.029007 500.000000 10.729613
890 0.000146 0.034750 600.000000 11.235955
890 0.000136 0.042451 700.000000 11.532125
900 0.000706 0.008545 100.000000 8.264462
900 0.000359 0.009717 200.000000 8.510638
900 0.000213 0.018229 300.000000 9.230769
900 0.000160 0.024466 400.000000 10.126582
900 0.000127 0.027832 500.000000 10.775862
900 0.000143 0.033544 600.000000 11.278195
900 0.000126 0.040329 700.000000 11.382113
910 0.000696 0.008985 100.000000 8.130081
910 0.000358 0.011811 200.000000 8.403361
910 0.000210 0.018918 300.000000 9.287926
910 0.000166 0.025457 400.000000 10.178117
910 0.000136 0.029135 500.000000 10.822511
910 0.000148 0.035481 600.000000 11.320755
910 0.000131 0.040866 700.000000 11.182109
920 0.000597 0.009617 100.000000 8.130081
920 0.000342 0.014015 200.000000 8.403361
920 0.000225 0.020769 300.000000 9.345795
920 0.000169 0.027300 400.000000 10.256411
920 0.000143 0.031706 500.000000 10.869565
920 0.000157 0.038597 600.000000 11.385200
920 0.000140 0.041916 700.000000 11.093502
930 0.000591 0.011659 100.000000 8.264462
930 0.000315 0.015958 200.000000 8.474576
930 0.000209 0.021903 300.000000 9.463722
930 0.000169 0.028625 400.000000 10.362695
930 0.000136 0.033291 500.000000 10.989011
930 0.000161 0.040863 600.000000 11.472276
930 0.000149 0.042340 700.000000 11.093502
940 0.000542 0.008122 100.000000 8.403361
940 0.000322 0.012297 200.000000 8.583691
940 0.000217 0.020179 300.000000 9.615385
940 0.000175 0.028840 400.000000 10.498688
940 0.000155 0.035491 500.000000 11.086474
940 0.000164 0.043755 600.000000 11.583012
940 0.000162 0.043449 700.000000 11.111111
950 0.000490 0.007662 100.000000 8.620689
950 0.000280 0.011057 200.000000 8.695652
950 0.000210 0.019889 300.000000 9.771987
950 0.000172 0.029345 400.000000 10.638298
950 0.000163 0.036828 500.000000 11.210762
950 0.000169 0.045488 600.000000 11.695907
950 0.000162 0.043147 700.000000 11.111111
960 0.000470 0.007942 100.000000 8.849558
960 0.000258 0.010830 200.000000 8.849558
960 0.000208 0.020474 300.000000 9.900990
960 0.000173 0.029822 400.000000 10.781672
960 0.000164 0.037393 500.000000 11.337869
960 0.000171 0.046212 600.000000 11.811024
960 0.000159 0.042054 700.000000 11.111111
970 0.000346 0.014706 100.000000 9.009009
970 0.000240 0.015688 200.000000 8.968610
970 0.000202 0.024651 300.000000 10.067114
970 0.000179 0.034776 400.000000 10.899182
970 0.000171 0.042693 500.000000 11.467890
970 0.000175 0.051443 600.000000 11.928430
980 0.000230 0.016499 100.000000 9.259259
980 0.000218 0.017805 200.000000 9.132421
980 0.000191 0.026027 300.000000 10.238908
980 0.000171 0.035727 400.000000 11.080333
980 0.000168 0.043836 500.000000 11.627907
980 0.000176 0.052705 600.000000 12.048193
990 0.000199 0.018171 100.000000 9.345795
990 0.000178 0.021664 200.000000 9.302325
990 0.000191 0.030763 300.000000 10.452962
990 0.000182 0.040958 400.000000 11.235955
990 0.000172 0.049401 500.000000 11.764706
990 0.000181 0.058630 600.000000 12.145749
1000 0.000129 0.012988 100.000000 9.174312
1000 0.000158 0.018189 200.000000 9.478673
1000 0.000193 0.028924 300.000000 10.600707
1000 0.000181 0.039080 400.000000 11.363636
1000 0.000171 0.047590 500.000000 11.904762
1000 0.000178 0.057136 600.000000 12.244898
1010 0.000153 0.011468 100.000000 8.849558
1010 0.000168 0.018856 200.000000 9.615385
1010 0.000188 0.030035 300.000000 10.752688
1010 0.000178 0.040021 400.000000 11.494253
1010 0.000176 0.048639 500.000000 12.019231
1010 0.000177 0.058302 600.000000 12.244898
1020 0.000187 0.008818 100.000000 8.620689
1020 0.000183 0.019556 200.000000 9.756098
1020 0.000190 0.031272 300.000000 10.909091
1020 0.000187 0.041534 400.000000 11.594203
1020 0.000187 0.050243 500.000000 12.135922
1020 0.000181 0.059809 600.000000 12.121212
1030 0.000163 0.008655 100.000000 8.547009
1030 0.000188 0.020230 200.000000 9.852217
1030 0.000188 0.031513 300.000000 11.029411
1030 0.000180 0.041740 400.000000 11.695907
1030 0.000184 0.050485 500.000000 12.224939
1030 0.000189 0.058207 600.000000 11.904762
1040 0.000203 0.008948 100.000000 8.547009
1040 0.000198 0.020343 200.000000 10.000000
1040 0.000184 0.031614 300.000000 11.152416
1040 0.000175 0.041630 400.000000 11.799410
1040 0.000185 0.050255 500.000000 12.315271
1040 0.000195 0.054838 600.000000 11.787819
1050 0.000216 0.011817 100.000000 8.620689
1050 0.000209 0.023778 200.000000 10.152285
1050 0.000197 0.034845 300.000000 11.278195
1050 0.000178 0.045004 400.000000 11.904762
1050 0.000192 0.053672 500.000000 12.406948
1050 0.000206 0.055145 600.000000 11.741683
1060 0.000252 0.016198 100.000000 8.620689
1060 0.000219 0.026374 200.000000 10.309278
1060 0.000201 0.036965 300.000000 11.406844
1060 0.000176 0.046385 400.000000 12.048193
1060 0.000191 0.055196 500.000000 12.500000
1060 0.000205 0.053147 600.000000 11.673152
1070 0.000165 0.015586 100.000000 8.695652
1070 0.000202 0.024490 200.000000 10.471204
1070 0.000197 0.035087 300.000000 11.538462
1070 0.000179 0.044376 400.000000 12.158054
1070 0.000193 0.053459 500.000000 12.594459
1070 0.000195 0.049055 600.000000 11.583012
1080 0.000230 0.019299 100.000000 8.849558
1080 0.000216 0.027806 200.000000 10.638298
1080 0.000207 0.038291 300.000000 11.673152
1080 0.000184 0.047228 400.000000 12.269938
1080 0.000193 0.055915 500.000000 12.722647
1090 0.000215 0.015596 100.000000 9.009009
1090 0.000208 0.025834 200.000000 10.869565
1090 0.000203 0.036514 300.000000 11.857708
1090 0.000183 0.045591 400.000000 12.422360
1090 0.000196 0.055080 500.000000 12.820513
1100 0.000200 0.014524 100.000000 9.345795
1100 0.000229 0.026017 200.000000 11.173184
1100 0.000207 0.036676 300.000000 12.096774
1100 0.000187 0.045783 400.000000 12.618297
1100 0.000197 0.055499 500.000000 12.953368
1110 0.000210 0.017824 100.000000 9.803922
1110 0.000244 0.029130 200.000000 11.494253
1110 0.000216 0.039321 300.000000 12.345679
1110 0.000193 0.047980 400.000000 12.861736
1110 0.000195 0.057744 500.000000 13.089005
1120 0.000223 0.019179 100.000000 10.309278
1120 0.000233 0.030075 200.000000 11.904762
1120 0.000210 0.039794 300.000000 12.658228
1120 0.000195 0.048750 400.000000 13.071896
1120 0.000196 0.058220 500.000000 13.192612
1130 0.000272 0.017477 100.000000 10.869565
1130 0.000230 0.029137 200.000000 12.269938
1130 0.000215 0.038399 300.000000 12.931034
1130 0.000200 0.047303 400.000000 13.333333
1130 0.000194 0.057194 500.000000 13.192612
1140 0.000311 0.018904 100.000000 11.235955
1140 0.000238 0.030540 200.000000 12.578616
1140 0.000213 0.039652 300.000000 13.157895
1140 0.000207 0.048750 400.000000 13.513514
1140 0.000199 0.057610 500.000000 12.987013
1150 0.000316 0.019904 100.000000 11.627907
1150 0.000235 0.031964 200.000000 12.820513
1150 0.000208 0.041008 300.000000 13.333333
1150 0.000205 0.050085 400.000000 13.651877
1150 0.000214 0.056295 500.000000 12.787724
1160 0.000335 0.023352 100.000000 11.904762
1160 0.000241 0.034289 200.000000 13.071896
1160 0.000208 0.043384 300.000000 13.513514
1160 0.000216 0.052497 400.000000 13.793103
1160 0.000228 0.055617 500.000000 12.658228
1170 0.000326 0.022869 100.000000 12.345679
1170 0.000247 0.033882 200.000000 13.333333
1170 0.000202 0.042780 300.000000 13.698630
1170 0.000215 0.052226 400.000000 13.937283
1170 0.000239 0.052204 500.000000 12.562814
1180 0.000323 0.024012 100.000000 12.658228
1180 0.000255 0.034674 200.000000 13.513514
1180 0.000206 0.043249 300.000000 13.824884
1180 0.000219 0.052596 400.000000 14.084507
1180 0.000227 0.049213 500.000000 12.406948
1190 0.000293 0.022682 100.000000 12.987013
1190 0.000235 0.032726 200.000000 13.793103
1190 0.000201 0.041526 300.000000 13.953488
1190 0.000210 0.050790 400.000000 14.184397
1200 0.000254 0.020830 100.000000 13.333333
1200 0.000233 0.030149 200.000000 13.888889
1200 0.000189 0.038476 300.000000 14.150944
1200 0.000201 0.048266 400.000000 14.234876
1210 0.000276 0.022664 100.000000 13.698630
1210 0.000229 0.031842 200.000000 14.084507
1210 0.000188 0.039785 300.000000 14.218010
1210 0.000192 0.048642 400.000000 14.234876
1220 0.000228 0.022168 100.000000 13.888889
1220 0.000202 0.031044 200.000000 14.184397
1220 0.000186 0.038403 300.000000 14.354067
1220 0.000185 0.047412 400.000000 13.937283
1230 0.000193 0.020743 100.000000 14.084507
1230 0.000184 0.030247 200.000000 14.184397
1230 0.000180 0.036834 300.000000 14.423077
1230 0.000190 0.043848 400.000000 13.245033
1240 0.000170 0.018480 100.000000 14.084507
1240 0.000160 0.028006 200.000000 14.285714
1240 0.000171 0.034278 300.000000 14.492754
1240 0.000205 0.038178 400.000000 12.861736
1250 0.000186 0.018825 100.000000 14.285714
1250 0.000148 0.028295 200.000000 14.285714
1250 0.000181 0.035124 300.000000 14.492754
1250 0.000223 0.035383 400.000000 12.578616
1260 0.000209 0.018518 100.000000 14.285714
1260 0.000158 0.027143 200.000000 14.285714
1260 0.000189 0.034375 300.000000 14.492754
1260 0.000202 0.031126 400.000000 12.195122
1270 0.000221 0.019251 100.000000 14.285714
1270 0.000159 0.027163 200.000000 14.388489
1270 0.000192 0.035264 300.000000 14.492754
1280 0.000203 0.017165 100.000000 14.285714
1280 0.000139 0.023173 200.000000 14.388489
1280 0.000168 0.030963 300.000000 14.354067
1290 0.000197 0.021134 100.000000 14.084507
1290 0.000173 0.026150 200.000000 14.388489
1290 0.000174 0.034594 300.000000 13.888889
1300 0.000179 0.022409 100.000000 14.084507
1300 0.000182 0.026815 200.000000 14.388489
1300 0.000190 0.033502 300.000000 12.931034
1310 0.000149 0.022345 100.000000 14.084507
1310 0.000187 0.026096 200.000000 14.492754
1310 0.000221 0.029937 300.000000 12.345679
1320 0.000118 0.020674 100.000000 14.084507
1320 0.000185 0.025297 200.000000 14.492754
1320 0.000229 0.025670 300.000000 11.952191
1330 0.000155 0.015060 100.000000 14.084507
1330 0.000192 0.022918 200.000000 14.492754
1330 0.000205 0.020683 300.000000 11.494253
1340 0.000202 0.014359 100.000000 14.285714
1340 0.000202 0.024904 200.000000 14.492754
1350 0.000222 0.012308 100.000000 14.285714
1350 0.000184 0.024700 200.000000 14.285714
1360 0.000239 0.014475 100.000000 14.285714
1360 0.000179 0.026353 200.000000 13.513514
1370 0.000252 0.016146 100.000000 14.492754
1370 0.000209 0.024937 200.000000 12.195122
1380 0.000260 0.019579 100.000000 14.492754
1380 0.000259 0.023314 200.000000 11.494253
1390 0.000273 0.022496 100.000000 14.492754
1390 0.000288 0.021230 200.000000 10.989011
1400 0.000251 0.021647 100.000000 14.492754
1410 0.000260 0.024503 100.000000 14.492754
1420 0.000210 0.022372 100.000000 13.888889
1430 0.000219 0.020823 100.000000 12.048193
1440 0.000343 0.017570 100.000000 10.101010
1450 0.000391 0.014767 100.000000 9.174312
1460 0.000392 0.008781 100.000000 8.547009
>>>>>>> origin/dense_mat_kernel
