0.000000 0.000000 0.000000 0.000000
-0.014930 2.085920 -0.022889 2.144250
-0.081093 4.312330 -0.073693 4.449220
-0.178263 6.682870 -0.176134 6.827670
-0.299289 9.126110 -0.285801 9.300850
-0.441211 11.671000 -0.406142 11.837800
-0.604149 14.279200 -0.569710 14.506700
-0.780393 16.948800 -0.708309 17.236700
-0.966439 19.678600 -0.873048 19.957600
-1.156540 22.486000 -1.078790 22.799200
-1.343920 25.319900 -1.247380 25.637100
-1.517670 28.190400 -1.399730 28.570100
-1.670260 31.127200 -1.534370 31.538600
-1.852560 34.055300 -1.679820 34.544700
-2.057410 37.067200 -1.842500 37.581800
-2.274510 40.077300 -2.017110 40.593100
-2.483510 43.042500 -2.202560 43.652600
-2.695440 46.009600 -2.387560 46.711200
-2.922060 48.930800 -2.579300 49.629700
-3.134040 51.843500 -2.749910 52.564600
-3.344880 54.700800 -2.925470 55.413600
-3.554960 57.548700 -3.067180 58.267800
-3.794130 60.313700 -3.228210 61.076400
-4.042810 63.011800 -3.398570 63.808000
-4.271920 65.567900 -3.550430 66.374200
-4.505730 68.013100 -3.696350 68.851100
-4.755930 70.299700 -3.851070 71.266600
-4.977240 72.415700 -4.019950 73.500600
-5.179910 74.367800 -4.161060 75.526700
-5.347720 76.144600 -4.286770 77.353200
-5.494850 77.799200 -4.382270 79.064600
-5.581600 79.340400 -4.441280 80.696400
-5.552730 80.774900 -4.406950 82.209300
-5.372170 82.110800 -4.228760 83.598900
-5.017220 83.360800 -3.871090 84.913900
-4.470620 84.443500 -3.332400 86.027200
-3.733900 85.360100 -2.610250 86.977100
-2.859570 86.104800 -1.736900 87.743700
-1.854140 86.655800 -0.739536 88.327700
-0.813476 87.037300 0.313906 88.741700
0.278572 87.302700 1.424800 89.013800
1.420170 87.554400 2.579910 89.260900
2.637200 87.711600 3.842010 89.378000
4.002360 87.864200 5.227340 89.479200
5.462130 87.963300 6.739580 89.501000
7.096290 88.051900 8.375150 89.536900
8.894500 88.137200 10.191400 89.553500
10.846300 88.207200 12.161900 89.523900
12.985400 88.287100 14.270300 89.471100
15.230000 88.409600 16.573600 89.471200
17.650100 88.577400 18.974200 89.506300
20.067700 88.784500 21.415400 89.581900
22.516400 88.976000 23.925600 89.641200
24.955200 89.168100 26.411300 89.694000
27.368600 89.359800 28.854600 89.735300
29.821800 89.502300 31.328900 89.731300
32.184900 89.559800 33.739500 89.642200
34.559700 89.546700 36.153800 89.460400
36.897600 89.445600 38.522200 89.179500
39.129300 89.288200 40.796200 88.833800
41.316600 89.071800 42.970800 88.458400
43.402700 88.837700 45.087800 88.055700
45.365200 88.626900 47.040000 87.701200
47.162400 88.479000 48.834300 87.422300
48.793200 88.446400 50.488500 87.240800
50.349500 88.535300 52.076300 87.201100
51.874400 88.841100 53.630800 87.348500
53.289400 89.382200 55.121100 87.717400
54.516000 90.139900 56.437700 88.325900
55.530900 91.127600 57.572000 89.188400
56.321200 92.295800 58.498800 90.273800
56.882200 93.595600 59.212400 91.522300
57.256800 94.975300 59.716700 92.878700
57.596900 96.418500 60.184000 94.303200
57.881100 97.944700 60.594300 95.860900
58.204600 99.534200 61.019300 97.420200
58.583700 101.224000 61.515300 99.148900
59.011000 103.030000 62.042700 100.939000
59.498200 104.935000 62.619500 102.823000
59.980300 106.891000 63.176300 104.781000
60.482600 109.009000 63.775300 106.907000
60.973600 111.235000 64.362200 109.104000
61.481900 113.530000 64.981700 111.401000
62.002100 115.923000 65.617800 113.797000
62.500600 118.368000 66.234900 116.243000
63.005200 120.848000 66.846200 118.752000
63.573000 123.351000 67.520700 121.262000
64.153800 125.854000 68.176000 123.757000
64.724200 128.378000 68.836600 126.238000
65.310700 130.836000 69.508900 128.691000
65.882900 133.336000 70.165200 131.183000
66.415100 135.745000 70.776900 133.609000
66.935200 138.167000 71.351400 136.042000
67.391300 140.559000 71.878900 138.443000
67.873100 142.956000 72.401300 140.806000
68.325300 145.330000 72.905500 143.180000
68.715800 147.699000 73.339800 145.566000
69.072100 150.060000 73.746200 147.968000
69.359300 152.483000 74.090800 150.415000
69.598800 154.924000 74.394100 152.890000
69.773600 157.417000 74.624500 155.400000
69.908200 159.893000 74.801900 157.899000
70.004000 162.375000 74.930300 160.361000
70.094500 164.855000 75.053200 162.876000
70.157800 167.298000 75.152900 165.370000
70.180800 169.792000 75.195600 167.895000
70.159000 172.267000 75.210400 170.403000
70.071500 174.809000 75.149600 172.947000
69.927800 177.326000 75.036800 175.505000
69.767500 179.857000 74.907100 178.050000
69.613800 182.433000 74.769400 180.618000
69.489300 184.953000 74.668300 183.141000
69.298300 187.513000 74.501800 185.730000
69.113800 190.020000 74.344300 188.243000
68.921200 192.521000 74.169600 190.738000
68.727800 194.984000 74.003700 193.131000
68.538100 197.417000 73.836000 195.534000
68.365600 199.660000 73.712100 197.807000
68.216400 201.719000 73.564700 199.891000
68.084800 203.738000 73.440600 201.916000
67.990700 205.722000 73.366900 203.859000
67.951700 207.638000 73.316600 205.820000
67.975500 209.575000 73.329100 207.774000
67.990100 211.491000 73.320300 209.718000
67.983000 213.454000 73.301400 211.695000
67.975500 215.394000 73.269600 213.652000
67.934100 217.439000 73.218500 215.717000
67.897700 219.491000 73.173800 217.792000
67.865600 221.571000 73.139100 219.881000
67.820400 223.691000 73.094200 222.003000
67.788900 225.758000 73.055700 224.101000
67.727600 227.842000 72.992300 226.255000
67.667400 229.857000 72.925100 228.287000
67.597100 231.849000 72.858800 230.263000
67.524300 233.706000 72.795900 232.127000
67.451200 235.363000 72.721900 233.808000
67.269900 236.898000 72.572100 235.408000
66.956000 238.370000 72.298100 236.917000
66.456700 239.703000 71.840000 238.300000
65.753500 240.863000 71.165700 239.549000
64.877300 241.847000 70.334600 240.571000
63.883900 242.669000 69.354800 241.413000
62.798500 243.270000 68.294000 242.078000
61.671100 243.702000 67.164200 242.567000
60.408800 243.976000 65.889400 242.849000
59.002000 244.098000 64.455900 242.989000
57.505700 244.089000 62.938900 242.997000
55.898300 243.987000 61.312300 242.916000
54.147300 243.856000 59.533900 242.800000
52.250000 243.724000 57.611500 242.671000
50.178200 243.588000 55.484300 242.547000
47.905600 243.441000 53.097900 242.399000
45.436900 243.302000 50.583900 242.244000
42.843400 243.156000 47.917100 242.080000
40.186400 243.029000 45.198700 241.903000
37.561300 242.887000 42.441100 241.735000
34.905400 242.729000 39.796400 241.553000
32.286700 242.533000 37.109100 241.337000
29.704300 242.319000 34.488900 241.091000
27.147900 242.106000 31.846300 240.862000
24.599000 241.930000 29.292800 240.714000
22.074400 241.789000 26.742200 240.542000
19.603900 241.651000 24.270600 240.384000
17.157000 241.499000 21.776600 240.177000
14.769300 241.319000 19.326300 239.948000
12.380700 241.100000 16.952000 239.676000
10.013600 240.842000 14.564900 239.355000
7.710630 240.575000 12.262000 239.031000
5.535940 240.318000 10.088600 238.716000
3.494490 240.089000 8.071720 238.437000
1.576780 239.905000 6.184310 238.187000
-0.210637 239.757000 4.418780 237.996000
-1.838210 239.638000 2.816870 237.827000
-3.309810 239.553000 1.299240 237.678000
-4.629120 239.496000 -0.053845 237.572000
-5.804620 239.477000 -1.222920 237.509000
-6.826070 239.484000 -2.205180 237.466000
-7.644470 239.490000 -3.015710 237.433000
-8.222740 239.517000 -3.639750 237.428000
-8.568840 239.526000 -4.031820 237.412000
-8.753540 239.534000 -4.231440 237.417000
-8.836040 239.534000 -4.326560 237.410000
-8.829320 239.536000 -4.328990 237.412000
-8.823800 239.539000 -4.320280 237.417000
-8.826640 239.539000 -4.329560 237.420000
-8.863470 239.539000 -4.375910 237.414000
-8.936310 239.544000 -4.462500 237.414000
-9.112250 239.549000 -4.641310 237.410000
-9.456950 239.575000 -5.006690 237.413000
-9.980020 239.620000 -5.586950 237.417000
-10.643500 239.729000 -6.302910 237.478000
-11.404900 239.912000 -7.106860 237.603000
-12.215800 240.235000 -7.974350 237.856000
-13.066000 240.693000 -8.900120 238.232000
-13.900600 241.335000 -9.810910 238.802000
-14.641000 242.181000 -10.658300 239.566000
-15.296900 243.241000 -11.414400 240.576000
-15.799600 244.535000 -12.036200 241.828000
-16.178400 246.028000 -12.522200 243.295000
-16.421100 247.706000 -12.881900 244.954000
-16.568200 249.533000 -13.146200 246.801000
-16.680000 251.514000 -13.371800 248.841000
-16.765000 253.620000 -13.581900 251.036000
-16.854900 255.892000 -13.799200 253.396000
-16.949600 258.290000 -14.030300 255.872000
-17.072300 260.796000 -14.312200 258.448000
-17.192000 263.441000 -14.623500 261.185000
-17.302600 266.166000 -14.931800 263.927000
-17.450000 269.015000 -15.268800 266.795000
-17.591800 272.000000 -15.582100 269.769000
-17.734500 275.039000 -15.896900 272.784000
-17.890400 278.161000 -16.224700 275.944000
-18.060100 281.318000 -16.569500 279.065000
-18.257200 284.492000 -16.934600 282.214000
-18.475400 287.655000 -17.309000 285.419000
-18.692500 290.772000 -17.683800 288.563000
-18.914700 293.875000 -18.072900 291.732000
-19.132600 296.970000 -18.438200 294.804000
-19.346700 300.049000 -18.809900 297.855000
-19.566100 303.111000 -19.186000 300.885000
-19.779700 306.141000 -19.557800 303.911000
-19.987300 309.240000 -19.918700 306.964000
-20.201100 312.339000 -20.300700 310.123000
-20.393200 315.473000 -20.659900 313.279000
-20.591000 318.632000 -21.024300 316.542000
-20.785300 321.821000 -21.382200 319.806000
-20.984600 325.074000 -21.736100 323.070000
-21.164200 328.266000 -22.083300 326.249000
-21.349700 331.453000 -22.444900 329.422000
-21.523800 334.608000 -22.797700 332.624000
-21.704500 337.720000 -23.140700 335.827000
-21.888200 340.768000 -23.477000 338.929000
-22.075100 343.734000 -23.807900 341.926000
-22.281200 346.594000 -24.148400 344.827000
-22.490200 349.382000 -24.482300 347.626000
-22.692400 352.031000 -24.808100 350.260000
-22.858700 354.531000 -25.085100 352.772000
-22.997100 356.844000 -25.328600 355.063000
-23.111200 358.931000 -25.534100 357.215000
-23.214300 360.819000 -25.725800 359.161000
-23.304300 362.519000 -25.887600 360.914000
-23.423300 364.024000 -26.050700 362.454000
-23.591600 365.375000 -26.254900 363.837000
-23.873000 366.659000 -26.579700 365.182000
-24.296800 367.863000 -27.020600 366.404000
-24.888000 368.958000 -27.632200 367.514000
-25.673600 369.948000 -28.419000 368.518000
-26.657500 370.865000 -29.425400 369.443000
-27.868600 371.658000 -30.651700 370.211000
-29.261400 372.189000 -32.062800 370.727000
-30.805100 372.464000 -33.629700 370.988000
-32.498100 372.422000 -35.343400 370.905000
-34.282300 372.245000 -37.164300 370.669000
-36.131400 372.005000 -39.007600 370.373000
-38.059800 371.797000 -40.982100 370.077000
-40.117300 371.576000 -43.074100 369.739000
-42.300200 371.335000 -45.246000 369.395000
-44.612200 371.123000 -47.547300 369.078000
-47.064900 370.931000 -50.033400 368.778000
-49.669500 370.760000 -52.601300 368.482000
-52.356200 370.607000 -55.297400 368.183000
-55.083600 370.454000 -58.037300 367.894000
-57.861700 370.301000 -60.795900 367.569000
-60.599800 370.133000 -63.550900 367.204000
-63.351400 369.953000 -66.285600 366.857000
-66.076500 369.751000 -69.006500 366.481000
-68.777400 369.514000 -71.715500 366.052000
-71.451700 369.274000 -74.360600 365.636000
-74.119300 369.027000 -77.013200 365.230000
-76.762300 368.796000 -79.667200 364.838000
-79.418300 368.610000 -82.329800 364.476000
-82.064300 368.474000 -84.940200 364.160000
-84.706700 368.375000 -87.539800 363.869000
-87.300400 368.312000 -90.086700 363.599000
-89.853800 368.297000 -92.612700 363.372000
-92.216600 368.287000 -94.979800 363.159000
-94.414800 368.283000 -97.116900 362.977000
-96.382100 368.262000 -99.063500 362.786000
-98.194400 368.198000 -100.872000 362.534000
-99.956600 368.089000 -102.669000 362.223000
-101.689000 367.942000 -104.410000 361.884000
-103.417000 367.766000 -106.175000 361.528000
-105.190000 367.553000 -107.948000 361.155000
-107.037000 367.299000 -109.817000 360.725000
-108.950000 367.048000 -111.714000 360.278000
-110.992000 366.783000 -113.747000 359.807000
-113.139000 366.507000 -115.879000 359.328000
-115.403000 366.247000 -118.130000 358.847000
-117.847000 366.011000 -120.532000 358.364000
-120.367000 365.772000 -123.025000 357.868000
-123.054000 365.565000 -125.687000 357.367000
-125.825000 365.442000 -128.450000 356.960000
-128.758000 365.373000 -131.367000 356.601000
-131.695000 365.327000 -134.293000 356.255000
-134.693000 365.275000 -137.233000 355.900000
-137.668000 365.203000 -140.129000 355.527000
-140.642000 365.121000 -142.998000 355.138000
-143.590000 364.971000 -145.880000 354.669000
-146.521000 364.809000 -148.745000 354.172000
-149.452000 364.654000 -151.636000 353.676000
-152.331000 364.456000 -154.480000 353.153000
-155.191000 364.252000 -157.317000 352.616000
-158.024000 364.039000 -160.116000 352.061000
-160.796000 363.776000 -162.867000 351.493000
-163.565000 363.546000 -165.603000 350.946000
-166.302000 363.330000 -168.286000 350.415000
-168.962000 363.169000 -170.899000 349.905000
-171.509000 362.985000 -173.446000 349.417000
-173.900000 362.825000 -175.844000 348.999000
-176.129000 362.678000 -178.101000 348.600000
-178.153000 362.508000 -180.102000 348.201000
-180.011000 362.331000 -181.943000 347.798000
-181.766000 362.146000 -183.685000 347.385000
-183.401000 361.892000 -185.262000 346.961000
-184.939000 361.487000 -186.773000 346.401000
-186.368000 360.902000 -188.162000 345.679000
-187.647000 360.078000 -189.380000 344.752000
-188.743000 359.032000 -190.395000 343.611000
-189.639000 357.758000 -191.165000 342.267000
-190.277000 356.253000 -191.650000 340.680000
-190.669000 354.596000 -191.870000 338.953000
-190.807000 352.818000 -191.806000 337.138000
-190.830000 350.902000 -191.614000 335.214000
-190.797000 348.935000 -191.345000 333.262000
-190.652000 346.834000 -190.955000 331.148000
-190.445000 344.632000 -190.480000 329.004000
-190.217000 342.305000 -189.955000 326.742000
-189.929000 339.875000 -189.361000 324.380000
-189.606000 337.337000 -188.715000 321.884000
-189.272000 334.662000 -188.035000 319.282000
-188.938000 331.919000 -187.310000 316.567000
-188.634000 329.118000 -186.627000 313.820000
-188.358000 326.327000 -185.958000 311.076000
-188.102000 323.554000 -185.300000 308.350000
-187.861000 320.768000 -184.658000 305.581000
-187.604000 317.971000 -184.032000 302.804000
-187.376000 315.151000 -183.424000 299.991000
-187.204000 312.306000 -182.854000 297.185000
-187.009000 309.426000 -182.265000 294.336000
-186.802000 306.618000 -181.657000 291.554000
-186.612000 303.784000 -181.046000 288.731000
-186.425000 300.963000 -180.455000 285.979000
-186.259000 298.173000 -179.876000 283.223000
-186.116000 295.392000 -179.305000 280.439000
-185.970000 292.629000 -178.766000 277.714000
-185.821000 289.855000 -178.208000 274.937000
-185.604000 287.072000 -177.588000 272.138000
-185.391000 284.232000 -176.937000 269.355000
-185.180000 281.398000 -176.309000 266.562000
-184.958000 278.522000 -175.624000 263.680000
-184.765000 275.624000 -174.972000 260.814000
-184.593000 272.680000 -174.345000 257.924000
-184.404000 269.730000 -173.708000 255.007000
-184.192000 266.755000 -173.062000 252.111000
-183.968000 263.818000 -172.418000 249.212000
-183.725000 260.866000 -171.711000 246.327000
-183.456000 257.916000 -170.991000 243.418000
-183.193000 254.908000 -170.239000 240.503000
-182.899000 251.865000 -169.457000 237.545000
-182.644000 248.884000 -168.715000 234.590000
-182.417000 245.914000 -167.997000 231.715000
-182.181000 242.981000 -167.295000 228.845000
-181.959000 240.106000 -166.606000 226.006000
-181.783000 237.302000 -165.962000 223.246000
-181.608000 234.613000 -165.338000 220.610000
-181.412000 232.055000 -164.690000 218.065000
-181.234000 229.560000 -164.102000 215.637000
-181.135000 227.242000 -163.617000 213.334000
-181.055000 225.089000 -163.180000 211.180000
-181.011000 223.129000 -162.805000 209.215000
-180.962000 221.357000 -162.464000 207.458000
-180.864000 219.793000 -162.118000 205.887000
-180.707000 218.404000 -161.732000 204.501000
-180.410000 217.107000 -161.226000 203.232000
-179.934000 215.900000 -160.564000 202.064000
-179.272000 214.811000 -159.771000 201.051000
-178.429000 213.750000 -158.764000 200.081000
-177.330000 212.748000 -157.517000 199.222000
-175.976000 211.904000 -156.049000 198.583000
-174.434000 211.248000 -154.395000 198.159000
-172.650000 210.833000 -152.564000 198.012000
-170.713000 210.620000 -150.598000 198.115000
-168.670000 210.556000 -148.581000 198.391000
-166.514000 210.549000 -146.428000 198.761000
-164.301000 210.562000 -144.218000 199.156000
-161.997000 210.601000 -141.933000 199.573000
-159.608000 210.652000 -139.544000 200.038000
-157.136000 210.725000 -137.106000 200.525000
-154.590000 210.817000 -134.624000 201.036000
-151.925000 210.910000 -132.045000 201.558000
-149.232000 211.014000 -129.353000 202.090000
-146.524000 211.195000 -126.666000 202.711000
-143.803000 211.401000 -124.010000 203.358000
-141.134000 211.673000 -121.415000 204.051000
-138.454000 211.962000 -118.813000 204.781000
-135.808000 212.258000 -116.229000 205.505000
-133.211000 212.556000 -113.692000 206.249000
-130.701000 212.806000 -111.217000 206.932000
-128.305000 213.020000 -108.872000 207.561000
-126.064000 213.195000 -106.683000 208.113000
-124.035000 213.292000 -104.662000 208.571000
-122.158000 213.358000 -102.804000 208.954000
-120.334000 213.383000 -100.979000 209.306000
-118.520000 213.395000 -99.179700 209.622000
-116.728000 213.411000 -97.408900 209.953000
-114.962000 213.426000 -95.662800 210.267000
-113.241000 213.521000 -93.956500 210.632000
-111.538000 213.752000 -92.284800 211.129000
-109.897000 214.157000 -90.694900 211.796000
-108.348000 214.790000 -89.225000 212.652000
-106.934000 215.626000 -87.914400 213.695000
-105.720000 216.653000 -86.841200 214.875000
-104.659000 217.857000 -85.944300 216.208000
-103.816000 219.217000 -85.305100 217.660000
-103.203000 220.667000 -84.873700 219.188000
-102.797000 222.175000 -84.692200 220.743000
-102.518000 223.698000 -84.640100 222.292000
-102.224000 225.209000 -84.593300 223.835000
-101.929000 226.691000 -84.546700 225.377000
-101.554000 228.099000 -84.417500 226.849000
-101.057000 229.406000 -84.179700 228.238000
-100.387000 230.449000 -83.698700 229.401000
-99.660800 231.349000 -83.173400 230.441000
-98.748700 232.038000 -82.379800 231.274000
-97.758900 232.539000 -81.513000 231.979000
-96.734300 232.946000 -80.562100 232.565000
-95.551100 233.227000 -79.441300 233.049000
-94.265400 233.434000 -78.187800 233.483000
-92.872900 233.628000 -76.772600 233.906000
-91.320400 233.778000 -75.254800 234.292000
-89.607300 233.912000 -73.601600 234.692000
-87.723700 234.081000 -71.752100 235.152000
-85.729200 234.245000 -69.772800 235.618000
-83.596700 234.408000 -67.679500 236.111000
-81.337300 234.560000 -65.414300 236.599000
-78.989100 234.699000 -63.098600 237.069000
-76.532000 234.829000 -60.740200 237.535000
-74.033800 234.957000 -58.285800 238.007000
-71.451900 235.073000 -55.721100 238.514000
-68.829900 235.192000 -53.092700 239.005000
-66.187500 235.341000 -50.481300 239.490000
-63.550000 235.504000 -47.880800 240.005000
-60.937800 235.695000 -45.310100 240.569000
-58.395100 235.877000 -42.765300 241.097000
-55.854700 236.073000 -40.213300 241.596000
-53.340700 236.284000 -37.691200 242.085000
-50.868200 236.472000 -35.217800 242.587000
-48.419600 236.680000 -32.842700 243.101000
-46.006100 236.896000 -30.438100 243.611000
-43.636500 237.102000 -28.073300 244.101000
-41.397800 237.325000 -25.865800 244.575000
-39.285600 237.548000 -23.780400 245.027000
-37.212500 237.756000 -21.693400 245.494000
-35.193400 237.946000 -19.654800 245.937000
-33.271400 238.118000 -17.740300 246.351000
-31.488300 238.260000 -15.980000 246.689000
-29.900300 238.365000 -14.374300 246.979000
-28.466000 238.425000 -12.936500 247.195000
-27.174700 238.422000 -11.621000 247.324000
-26.033900 238.394000 -10.441100 247.431000
-25.027500 238.311000 -9.420670 247.461000
-24.186300 238.197000 -8.556440 247.431000
-23.557500 238.096000 -7.895460 247.383000
-23.060700 237.978000 -7.389290 247.306000
-22.589500 237.830000 -6.890090 247.207000
-22.125700 237.675000 -6.391140 247.091000
-21.646800 237.479000 -5.891110 246.938000
-21.040800 237.176000 -5.230270 246.683000
-20.332700 236.704000 -4.449680 246.288000
-19.543900 236.047000 -3.558880 245.714000
-18.773500 235.173000 -2.670660 244.942000
-18.093700 234.054000 -1.850780 243.918000
-17.552800 232.707000 -1.119300 242.605000
-17.153600 231.118000 -0.521095 241.001000
-16.879600 229.308000 -0.037209 239.171000
-16.683100 227.329000 0.363370 237.116000
-16.577100 225.110000 0.709188 234.905000
-16.505100 222.740000 1.027360 232.472000
-16.441700 220.203000 1.330140 229.866000
-16.368000 217.498000 1.672760 227.119000
-16.275500 214.635000 2.032720 224.196000
-16.156700 211.645000 2.437440 221.193000
-15.973000 208.500000 2.928110 218.060000
-15.769800 205.256000 3.454300 214.806000
-15.535000 201.923000 4.028020 211.485000
-15.282800 198.549000 4.643970 208.095000
-15.018400 195.164000 5.247790 204.732000
-14.756600 191.699000 5.873200 201.256000
-14.483700 188.201000 6.491690 197.806000
-14.229600 184.645000 7.103580 194.261000
-13.998600 181.046000 7.696230 190.692000
-13.767300 177.362000 8.274310 187.056000
-13.578600 173.654000 8.850250 183.299000
-13.371600 169.862000 9.423630 179.518000
-13.172400 166.027000 9.996370 175.733000
-12.983000 162.128000 10.571300 171.857000
-12.790200 158.255000 11.153600 167.986000
-12.591000 154.351000 11.753400 164.113000
-12.368900 150.424000 12.360000 160.176000
-12.148500 146.499000 12.987400 156.290000
-11.913000 142.604000 13.613300 152.448000
-11.678400 138.737000 14.242600 148.614000
-11.430900 134.882000 14.883400 144.768000
-11.185700 131.077000 15.495500 140.961000
-10.916000 127.303000 16.122500 137.225000
-10.651100 123.579000 16.741900 133.549000
-10.383700 119.990000 17.370900 129.954000
-10.145800 116.551000 17.964900 126.516000
-9.911380 113.261000 18.486300 123.263000
-9.721830 110.138000 18.959200 120.138000
-9.561660 107.277000 19.396000 117.210000
-9.403750 104.569000 19.797900 114.493000
-9.301220 102.074000 20.177900 111.969000
-9.187940 99.813100 20.532800 109.645000
-8.995400 97.760300 20.919300 107.599000
-8.653330 95.922500 21.414200 105.798000
-8.103010 94.300300 22.086100 104.232000
-7.346410 92.842700 22.936800 102.840000
-6.370370 91.564100 24.006000 101.606000
-5.209050 90.469800 25.228500 100.542000
-3.917650 89.606400 26.583000 99.740100
-2.474010 88.997900 28.059800 99.202600
-0.991252 88.631100 29.574000 98.928400
0.559278 88.471500 31.142900 98.853300
2.144870 88.385500 32.738800 98.884100
3.808430 88.348400 34.430400 98.961800
5.573210 88.344300 36.216200 99.081300
7.463920 88.341000 38.069700 99.218500
9.408110 88.330800 40.059800 99.356700
11.534000 88.317300 42.172200 99.511500
13.779300 88.331700 44.387000 99.691200
16.252700 88.427400 46.820900 99.960400
18.773200 88.624800 49.338600 100.355000
21.345100 88.906100 51.956000 100.829000
23.942100 89.183700 54.582900 101.327000
26.530700 89.412200 57.148900 101.742000
29.093800 89.534600 59.714900 102.063000
31.646100 89.542300 62.282700 102.264000
34.156900 89.466000 64.833400 102.362000
36.672100 89.323400 67.412500 102.361000
39.232200 89.184300 70.028700 102.342000
41.881500 89.044300 72.713300 102.343000
44.554800 88.928200 75.422900 102.394000
47.228500 88.818000 78.124300 102.451000
49.883200 88.623000 80.831300 102.421000
52.575400 88.233200 83.525000 102.200000
55.131000 87.706900 86.171500 101.774000
57.636500 87.023800 88.751400 101.212000
60.139300 86.233900 91.312900 100.537000
62.656700 85.372300 93.885300 99.777500
65.170600 84.518100 96.452000 99.034600
67.761700 83.598200 99.120600 98.250400
70.357800 82.612700 101.783000 97.412300
72.985900 81.491100 104.488000 96.447400
75.579800 80.269500 107.173000 95.359000
78.252400 78.952300 109.887000 94.198800
80.910300 77.642200 112.608000 93.019000
83.548900 76.341100 115.348000 91.876200
86.137800 75.000900 118.024000 90.689300
88.661300 73.559000 120.581000 89.411400
91.054100 72.025400 123.039000 88.029700
93.355900 70.396400 125.404000 86.550400
95.534400 68.700400 127.675000 84.966500
97.652900 66.967300 129.890000 83.345700
99.685300 65.308000 131.987000 81.774600
101.600000 63.787600 133.996000 80.308000
103.371000 62.441300 135.850000 79.036500
105.036000 61.219700 137.599000 77.881700
106.635000 60.001900 139.302000 76.697300
108.234000 58.757200 140.988000 75.493600
109.785000 57.519400 142.597000 74.305800
111.387000 56.222600 144.264000 73.069100
113.042000 54.874000 145.980000 71.761700
114.792000 53.492000 147.783000 70.431600
116.630000 52.143100 149.726000 69.102400
118.582000 50.791600 151.742000 67.794800
120.614000 49.368800 153.869000 66.396700
122.736000 47.878800 156.042000 64.956900
124.918000 46.309500 158.324000 63.461300
127.189000 44.688500 160.659000 61.917900
129.518000 43.015600 163.025000 60.326700
131.855000 41.314200 165.465000 58.651800
134.195000 39.637000 167.876000 56.968400
136.544000 37.930100 170.271000 55.279000
138.875000 36.266800 172.688000 53.662100
141.248000 34.627600 175.121000 52.068100
143.573000 33.007500 177.524000 50.469000
145.863000 31.373400 179.843000 48.903600
148.118000 29.736000 182.160000 47.306200
150.357000 28.115500 184.438000 45.741500
152.508000 26.569200 186.706000 44.188500
154.543000 25.084600 188.781000 42.745000
156.443000 23.619700 190.759000 41.296100
158.155000 22.303100 192.496000 40.017300
159.677000 21.078900 194.066000 38.783500
161.114000 19.989900 195.527000 37.718000
162.613000 19.091400 197.036000 36.837600
164.188000 18.465700 198.606000 36.210500
165.817000 18.033200 200.310000 35.821600
167.548000 17.808600 202.076000 35.596400
169.360000 17.756500 203.902000 35.551700
171.261000 17.801700 205.818000 35.659800
173.195000 17.821000 207.677000 35.721200
175.206000 17.800100 209.699000 35.770400
177.232000 17.736000 211.714000 35.761000
179.367000 17.643800 213.825000 35.714900
181.523000 17.503200 216.005000 35.628000
183.738000 17.332400 218.252000 35.524700
186.016000 17.190300 220.545000 35.448500
188.329000 17.057600 222.864000 35.378700
190.623000 16.906400 225.159000 35.300400
192.924000 16.770100 227.481000 35.221700
195.316000 16.616900 229.870000 35.122200
197.739000 16.441100 232.178000 35.062400
200.192000 16.229600 234.592000 34.954500
202.672000 16.023700 237.104000 34.857900
205.198000 15.803400 239.614000 34.737700
207.732000 15.627400 242.184000 34.662000
210.227000 15.464200 244.726000 34.637000
212.773000 15.292200 247.298000 34.579500
215.296000 15.145800 249.809000 34.519600
217.874000 14.960800 252.371000 34.404600
220.456000 14.762000 255.016000 34.255200
223.089000 14.577200 257.687000 34.138400
225.758000 14.430300 260.380000 34.060700
228.449000 14.255300 263.138000 33.957400
231.131000 14.040700 265.834000 33.841800
233.834000 13.830700 268.533000 33.705800
236.508000 13.636200 271.246000 33.568100
239.161000 13.408100 273.892000 33.391700
241.817000 13.204700 276.517000 33.239400
244.423000 13.011800 279.163000 33.108600
246.991000 12.846400 281.712000 33.007100
249.542000 12.691200 284.278000 32.919000
252.032000 12.541300 286.751000 32.808900
254.420000 12.420700 289.140000 32.744900
256.658000 12.308900 291.382000 32.681500
258.778000 12.189100 293.503000 32.603700
260.790000 12.054400 295.526000 32.502900
262.692000 11.838600 297.357000 32.336100
264.465000 11.557500 299.081000 32.100600
266.082000 11.238900 300.663000 31.804600
267.522000 10.905400 302.062000 31.529100
268.759000 10.593200 303.223000 31.256200
269.804000 10.355200 304.242000 30.999800
270.691000 10.215500 305.115000 30.854600
271.482000 10.141900 305.928000 30.750300
272.255000 10.173200 306.728000 30.756400
273.018000 10.296400 307.490000 30.861300
273.747000 10.554800 308.216000 31.115700
274.500000 10.956300 308.990000 31.486500
275.252000 11.497900 309.764000 32.002000
275.946000 12.318800 310.491000 32.814800
276.567000 13.304500 311.157000 33.784100
277.057000 14.482800 311.685000 35.004500
277.444000 15.858300 312.116000 36.407900
277.849000 17.484000 312.516000 38.005400
278.199000 19.313300 312.852000 39.826400
278.421000 21.282000 313.048000 41.778900
278.586000 23.486200 313.162000 43.950100
278.698000 25.817900 313.211000 46.318100
278.785000 28.311000 313.229000 48.869400
278.902000 30.965100 313.277000 51.555200
279.050000 33.734100 313.336000 54.332700
279.231000 36.519600 313.436000 57.207400
279.411000 39.396100 313.527000 60.105100
279.613000 42.320500 313.651000 63.111100
279.802000 45.282100 313.753000 66.125900
279.990000 48.317900 313.825000 69.117700
280.160000 51.373800 313.870000 72.196000
280.332000 54.420900 313.915000 75.244700
280.525000 57.439000 313.972000 78.297800
280.706000 60.482800 314.014000 81.370000
280.898000 63.519500 314.069000 84.419900
281.144000 66.544000 314.167000 87.514000
281.385000 69.567100 314.259000 90.566700
281.574000 72.606900 314.274000 93.610500
281.749000 75.611500 314.291000 96.728300
281.901000 78.660500 314.268000 99.745600
282.074000 81.682900 314.275000 102.820000
282.270000 84.693100 314.327000 105.845000
282.471000 87.689900 314.388000 108.876000
282.682000 90.679400 314.441000 111.864000
282.917000 93.705000 314.510000 114.930000
283.192000 96.699100 314.608000 117.944000
283.505000 99.673200 314.741000 120.928000
283.871000 102.637000 314.916000 123.939000
284.294000 105.576000 315.195000 126.878000
284.718000 108.467000 315.478000 129.777000
285.161000 111.349000 315.799000 132.645000
285.618000 114.192000 316.106000 135.546000
286.012000 116.990000 316.372000 138.406000
286.389000 119.791000 316.612000 141.232000
286.775000 122.495000 316.869000 143.970000
287.121000 125.086000 317.078000 146.569000
287.481000 127.560000 317.299000 149.101000
287.883000 129.903000 317.554000 151.453000
288.313000 132.109000 317.855000 153.698000
288.746000 134.104000 318.177000 155.767000
289.190000 135.917000 318.529000 157.605000
289.643000 137.543000 318.898000 159.285000
290.034000 139.132000 319.221000 160.897000
290.395000 140.728000 319.515000 162.539000
290.599000 142.332000 319.664000 164.166000
290.598000 143.912000 319.613000 165.764000
290.341000 145.498000 319.345000 167.348000
289.846000 147.066000 318.779000 168.907000
289.062000 148.539000 317.903000 170.390000
287.982000 149.891000 316.735000 171.729000
286.616000 151.094000 315.304000 172.895000
285.042000 152.105000 313.642000 173.859000
283.163000 153.032000 311.802000 174.713000
281.186000 153.957000 309.740000 175.510000
279.142000 154.913000 307.662000 176.323000
276.991000 155.935000 305.477000 177.169000
274.781000 157.016000 303.203000 178.080000
272.454000 158.204000 300.779000 179.109000
270.013000 159.474000 298.290000 180.217000
267.490000 160.787000 295.743000 181.332000
264.958000 162.134000 293.207000 182.456000
262.413000 163.545000 290.636000 183.759000
259.933000 165.022000 288.076000 185.056000
257.501000 166.578000 285.527000 186.421000
255.114000 168.214000 283.052000 187.917000
252.742000 169.896000 280.532000 189.427000
250.323000 171.552000 277.977000 190.928000
247.844000 173.139000 275.364000 192.343000
245.317000 174.695000 272.730000 193.726000
242.745000 176.213000 270.042000 195.081000
240.133000 177.656000 267.346000 196.357000
237.479000 179.047000 264.629000 197.583000
234.853000 180.371000 261.923000 198.773000
232.224000 181.680000 259.241000 199.933000
229.648000 182.990000 256.669000 201.063000
227.085000 184.312000 254.116000 202.203000
224.583000 185.634000 251.624000 203.355000
222.124000 186.920000 249.130000 204.482000
219.706000 188.160000 246.693000 205.569000
217.390000 189.350000 244.291000 206.650000
215.163000 190.490000 241.955000 207.660000
213.048000 191.540000 239.836000 208.541000
211.081000 192.491000 237.957000 209.300000
209.254000 193.367000 236.103000 210.043000
207.607000 194.164000 234.503000 210.687000
206.146000 194.876000 233.091000 211.245000
204.879000 195.531000 231.900000 211.756000
203.832000 196.113000 230.867000 212.252000
203.014000 196.595000 230.019000 212.674000
202.387000 197.008000 229.348000 213.052000
201.802000 197.406000 228.722000 213.426000
201.233000 197.830000 228.142000 213.816000
200.663000 198.252000 227.524000 214.231000
200.069000 198.731000 226.890000 214.684000
199.300000 199.373000 226.062000 215.273000
198.305000 200.148000 225.018000 215.986000
197.144000 201.071000 223.793000 216.836000
195.779000 202.069000 222.367000 217.759000
194.292000 203.110000 220.814000 218.717000
192.643000 204.176000 219.097000 219.672000
190.831000 205.279000 217.251000 220.651000
188.918000 206.363000 215.273000 221.615000
186.906000 207.466000 213.202000 222.581000
184.820000 208.588000 211.034000 223.534000
182.643000 209.723000 208.795000 224.513000
180.390000 210.908000 206.444000 225.550000
178.089000 212.147000 204.082000 226.602000
175.759000 213.365000 201.662000 227.670000
173.446000 214.617000 199.230000 228.753000
171.126000 215.845000 196.871000 229.800000
168.850000 217.065000 194.530000 230.845000
166.600000 218.264000 192.164000 231.881000
164.442000 219.394000 189.943000 232.840000
162.432000 220.450000 187.837000 233.737000
160.559000 221.378000 185.894000 234.516000
158.852000 222.163000 184.162000 235.156000
157.234000 222.846000 182.486000 235.731000
155.588000 223.343000 180.779000 236.102000
153.926000 223.641000 179.078000 236.274000
152.256000 223.748000 177.339000 236.263000
150.546000 223.676000 175.598000 236.070000
148.697000 223.531000 173.752000 235.770000
146.768000 223.327000 171.837000 235.396000
144.711000 223.132000 169.802000 235.008000
142.513000 222.953000 167.615000 234.590000
140.156000 222.749000 165.282000 234.127000
137.676000 222.546000 162.822000 233.645000
135.035000 222.395000 160.194000 233.207000
132.256000 222.251000 157.453000 232.762000
129.372000 222.127000 154.550000 232.339000
126.373000 221.973000 151.528000 231.857000
123.284000 221.804000 148.514000 231.370000
120.221000 221.637000 145.510000 230.856000
117.151000 221.428000 142.473000 230.321000
114.114000 221.210000 139.504000 229.777000
111.115000 220.988000 136.549000 229.214000
108.145000 220.779000 133.656000 228.684000
105.224000 220.577000 130.780000 228.199000
102.316000 220.409000 127.945000 227.714000
99.450300 220.233000 125.124000 227.252000
96.602600 220.072000 122.290000 226.756000
93.820200 219.879000 119.539000 226.241000
91.110300 219.661000 116.849000 225.716000
88.507500 219.447000 114.280000 225.217000
86.063700 219.234000 111.857000 224.750000
83.784000 219.034000 109.573000 224.315000
81.684800 218.859000 107.555000 223.984000
79.765700 218.784000 105.669000 223.736000
77.978900 218.865000 103.857000 223.609000
76.243200 219.106000 102.092000 223.661000
74.584900 219.509000 100.393000 223.892000
73.010500 220.131000 98.771900 224.325000
71.585500 221.046000 97.277900 225.093000
70.335700 222.263000 95.929200 226.147000
69.295100 223.616000 94.765700 227.401000
68.483600 225.229000 93.789000 228.963000
67.882900 227.036000 93.017700 230.691000
67.507900 228.978000 92.453000 232.581000
67.289900 231.054000 92.058900 234.630000
67.151900 233.239000 91.739000 236.836000
67.087400 235.496000 91.500500 239.071000
67.007000 237.819000 91.250900 241.432000
66.918000 240.242000 90.994400 243.869000
66.853400 242.725000 90.728200 246.337000
66.722700 245.322000 90.413100 248.901000
66.515000 248.008000 90.046500 251.541000
66.333500 250.745000 89.656000 254.287000
66.128500 253.633000 89.280600 257.115000
65.928900 256.561000 88.911700 260.033000
65.756400 259.545000 88.540800 262.986000
65.578000 262.664000 88.133800 266.104000
65.379900 265.787000 87.708200 269.241000
65.158300 268.959000 87.263500 272.409000
64.945400 272.148000 86.808400 275.567000
64.730900 275.335000 86.351100 278.715000
64.500300 278.498000 85.879000 281.834000
64.260800 281.652000 85.373600 284.973000
64.016100 284.780000 84.878800 288.070000
63.783800 287.922000 84.391000 291.124000
63.564200 290.994000 83.868100 294.177000
63.341800 294.064000 83.387100 297.235000
63.142800 297.113000 82.926800 300.277000
62.913700 300.159000 82.437100 303.286000
62.640700 303.200000 81.882700 306.269000
62.379300 306.196000 81.360700 309.218000
62.076300 309.164000 80.806000 312.170000
61.720900 312.128000 80.207100 315.089000
61.315900 315.076000 79.597200 317.969000
60.840500 317.991000 78.887900 320.828000
60.400900 320.926000 78.188000 323.717000
60.018400 323.914000 77.546300 326.654000
59.656600 326.901000 76.932200 329.574000
59.369300 329.897000 76.381400 332.490000
59.156300 332.878000 75.836800 335.458000
58.935300 335.910000 75.337800 338.461000
58.744700 338.967000 74.875000 341.503000
58.549900 341.961000 74.448100 344.472000
58.391700 344.970000 74.042600 347.481000
58.228000 347.941000 73.644500 350.426000
58.067800 350.824000 73.279200 353.177000
57.945200 353.572000 72.960000 355.850000
57.812200 356.213000 72.619200 358.444000
57.740000 358.716000 72.362100 360.932000
57.727700 361.096000 72.171700 363.280000
57.732000 363.232000 72.011100 365.411000
57.737400 365.272000 71.856400 367.440000
57.726400 367.282000 71.712300 369.469000
57.672100 369.270000 71.512600 371.453000
57.530900 371.222000 71.229200 373.429000
57.261100 373.242000 70.828800 375.435000
56.906800 375.367000 70.346000 377.540000
56.526100 377.632000 69.841200 379.802000
56.178800 380.034000 69.332300 382.187000
55.879900 382.556000 68.864400 384.668000
55.658500 385.229000 68.450900 387.332000
55.525400 388.005000 68.114400 390.044000
55.440200 390.937000 67.826100 392.962000
55.383200 393.969000 67.504700 396.002000
55.287700 397.135000 67.162500 399.109000
55.174500 400.324000 66.789700 402.307000
55.033000 403.500000 66.382400 405.474000
54.837500 406.709000 65.937600 408.663000
54.633900 409.915000 65.497500 411.832000
54.415900 413.075000 65.026100 414.916000
54.209800 416.230000 64.550200 417.959000
54.007800 419.330000 64.045700 421.031000
53.808100 422.409000 63.563800 424.067000
53.647900 425.433000 63.126100 427.096000
53.462200 428.338000 62.665400 429.957000
53.268100 431.083000 62.215000 432.650000
53.041600 433.708000 61.731700 435.236000
52.761500 436.195000 61.192200 437.720000
52.452500 438.545000 60.630300 440.025000
52.097800 440.695000 60.050900 442.171000
51.703300 442.687000 59.441000 444.069000
51.346800 444.453000 58.896600 445.757000
51.159400 446.062000 58.507600 447.316000
51.227100 447.584000 58.323200 448.819000
51.545800 448.919000 58.449100 450.186000
52.170200 450.095000 58.887800 451.443000
53.010100 451.085000 59.566000 452.557000
54.031700 451.834000 60.470400 453.468000
55.159500 452.401000 61.465000 454.217000
56.365800 452.759000 62.616400 454.782000
57.718000 452.954000 63.957600 455.194000
59.220400 453.075000 65.460900 455.546000
60.871400 453.117000 67.110700 455.832000
62.652900 453.197000 68.904900 456.164000
64.587300 453.310000 70.817600 456.535000
66.671400 453.444000 72.873600 456.941000
68.879900 453.606000 75.026200 457.385000
71.253000 453.800000 77.364100 457.877000
73.733600 454.000000 79.804400 458.391000
76.320700 454.223000 82.365900 458.966000
78.997900 454.455000 85.042800 459.524000
81.775000 454.664000 87.752400 460.072000
84.605500 454.843000 90.433500 460.587000
87.474900 455.046000 93.251100 461.165000
90.381500 455.265000 96.052900 461.763000
93.295700 455.467000 98.887400 462.341000
96.227900 455.669000 101.749000 462.930000
99.151300 455.867000 104.594000 463.502000
102.098000 456.048000 107.443000 464.067000
104.963000 456.215000 110.300000 464.622000
107.792000 456.417000 113.084000 465.193000
110.639000 456.599000 115.918000 465.781000
113.445000 456.781000 118.661000 466.308000
116.183000 456.989000 121.307000 466.856000
118.914000 457.209000 123.951000 467.395000
121.613000 457.466000 126.597000 467.946000
124.271000 457.796000 129.185000 468.563000
126.863000 458.231000 131.739000 469.273000
129.439000 458.721000 134.244000 470.039000
132.007000 459.266000 136.756000 470.894000
134.528000 459.877000 139.234000 471.778000
136.999000 460.537000 141.575000 472.673000
139.440000 461.269000 143.878000 473.621000
141.830000 462.087000 146.079000 474.610000
144.198000 462.947000 148.328000 475.687000
146.521000 463.864000 150.539000 476.831000
148.813000 464.840000 152.729000 477.998000
151.059000 465.848000 154.859000 479.190000
153.260000 466.916000 156.948000 480.470000
155.398000 468.034000 158.969000 481.775000
157.497000 469.204000 160.927000 483.131000
159.526000 470.402000 162.823000 484.513000
161.499000 471.628000 164.663000 485.920000
163.344000 472.865000 166.386000 487.322000
165.044000 474.076000 167.955000 488.683000
166.599000 475.205000 169.391000 489.948000
167.992000 476.212000 170.680000 491.083000
169.245000 477.045000 171.840000 492.017000
170.376000 477.687000 172.892000 492.770000
171.402000 478.181000 173.890000 493.373000
172.454000 478.611000 174.907000 493.919000
173.543000 478.870000 175.996000 494.311000
174.621000 479.008000 177.060000 494.592000
175.728000 478.982000 178.151000 494.716000
176.900000 478.773000 179.357000 494.659000
178.107000 478.365000 180.616000 494.425000
179.364000 477.679000 181.950000 493.900000
180.665000 476.680000 183.346000 493.076000
181.990000 475.385000 184.810000 491.937000
183.406000 473.850000 186.374000 490.527000
184.907000 472.094000 188.048000 488.915000
186.484000 470.156000 189.813000 487.108000
188.170000 468.058000 191.685000 485.171000
189.974000 465.798000 193.668000 483.057000
191.813000 463.444000 195.730000 480.832000
193.686000 461.063000 197.793000 478.612000
195.578000 458.682000 199.867000 476.398000
197.474000 456.336000 201.980000 474.204000
199.437000 453.936000 204.050000 472.043000
201.353000 451.589000 206.133000 469.894000
203.280000 449.262000 208.228000 467.718000
205.182000 446.954000 210.281000 465.561000
207.062000 444.657000 212.308000 463.406000
208.932000 442.379000 214.324000 461.290000
210.794000 440.127000 216.336000 459.175000
212.683000 437.889000 218.389000 457.059000
214.626000 435.602000 220.462000 454.917000
216.662000 433.239000 222.664000 452.717000
218.725000 430.836000 224.883000 450.493000
220.775000 428.392000 227.094000 448.186000
222.832000 425.955000 229.298000 445.890000
224.875000 423.570000 231.510000 443.591000
226.917000 421.196000 233.676000 441.372000
228.939000 418.880000 235.830000 439.167000
230.922000 416.616000 237.937000 436.992000
232.807000 414.434000 239.938000 434.940000
234.527000 412.380000 241.785000 432.987000
236.076000 410.476000 243.443000 431.200000
237.395000 408.724000 244.844000 429.553000
238.436000 407.080000 245.976000 427.995000
239.152000 405.467000 246.839000 426.416000
239.543000 403.684000 247.439000 424.704000
239.527000 401.986000 247.611000 422.980000
239.145000 400.392000 247.379000 421.337000
238.428000 398.901000 246.766000 419.729000
237.406000 397.521000 245.893000 418.229000
236.176000 396.242000 244.753000 416.790000
234.783000 395.050000 243.456000 415.470000
233.167000 393.958000 241.936000 414.204000
231.352000 392.982000 240.153000 413.024000
229.299000 392.126000 238.138000 411.951000
227.028000 391.376000 235.922000 410.986000
224.591000 390.708000 233.566000 410.096000
222.013000 390.115000 231.019000 409.271000
219.228000 389.642000 228.287000 408.570000
216.289000 389.218000 225.424000 407.891000
213.230000 388.817000 222.389000 407.215000
210.037000 388.419000 219.251000 406.557000
206.814000 388.042000 216.060000 405.876000
203.530000 387.688000 212.799000 405.181000
200.194000 387.352000 209.511000 404.508000
196.800000 387.039000 206.191000 403.830000
193.414000 386.749000 202.901000 403.205000
190.040000 386.488000 199.656000 402.618000
186.693000 386.245000 196.380000 402.025000
183.368000 386.028000 193.128000 401.456000
180.073000 385.816000 189.887000 400.897000
176.820000 385.619000 186.697000 400.355000
173.583000 385.429000 183.527000 399.811000
170.405000 385.234000 180.417000 399.282000
167.259000 385.054000 177.387000 398.764000
164.153000 384.882000 174.426000 398.259000
161.103000 384.733000 171.582000 397.793000
158.145000 384.613000 168.704000 397.342000
155.340000 384.532000 165.930000 396.922000
152.722000 384.488000 163.283000 396.543000
150.288000 384.442000 160.818000 396.212000
147.990000 384.352000 158.506000 395.853000
145.876000 384.170000 156.415000 395.441000
143.987000 383.883000 154.522000 394.947000
142.387000 383.400000 152.939000 394.301000
141.041000 382.663000 151.654000 393.448000
139.918000 381.686000 150.589000 392.405000
139.086000 380.493000 149.842000 391.135000
138.526000 379.144000 149.384000 389.712000
138.182000 377.665000 149.175000 388.195000
138.006000 376.066000 149.149000 386.566000
137.896000 374.356000 149.229000 384.815000
137.868000 372.543000 149.422000 383.007000
137.850000 370.604000 149.642000 380.988000
137.863000 368.486000 149.920000 378.871000
137.890000 366.239000 150.237000 376.605000
137.989000 363.842000 150.619000 374.221000
138.101000 361.257000 151.053000 371.677000
138.248000 358.523000 151.507000 368.948000
138.465000 355.622000 152.063000 366.082000
138.679000 352.606000 152.606000 363.115000
138.870000 349.509000 153.170000 360.047000
139.088000 346.340000 153.731000 356.975000
139.297000 343.155000 154.316000 353.851000
139.538000 339.949000 154.932000 350.716000
139.773000 336.772000 155.554000 347.604000
139.975000 333.575000 156.161000 344.477000
140.210000 330.409000 156.808000 341.374000
140.433000 327.202000 157.437000 338.253000
140.639000 323.949000 158.050000 335.111000
140.834000 320.670000 158.666000 331.915000
141.031000 317.355000 159.304000 328.639000
141.231000 313.996000 159.952000 325.333000
141.466000 310.579000 160.615000 321.968000
141.682000 307.099000 161.235000 318.590000
141.903000 303.596000 161.914000 315.160000
142.128000 300.032000 162.559000 311.716000
142.368000 296.488000 163.205000 308.285000
142.635000 293.008000 163.897000 304.876000
142.893000 289.544000 164.549000 301.471000
143.162000 286.103000 165.227000 298.039000
143.423000 282.635000 165.917000 294.639000
143.690000 279.206000 166.600000 291.249000
143.966000 275.751000 167.264000 287.881000
144.176000 272.413000 167.901000 284.567000
144.409000 269.041000 168.530000 281.240000
144.650000 265.722000 169.175000 277.926000
144.892000 262.466000 169.826000 274.720000
145.119000 259.236000 170.443000 271.543000
145.322000 256.027000 171.032000 268.353000
145.554000 252.911000 171.645000 265.290000
145.758000 249.926000 172.202000 262.382000
145.975000 247.096000 172.739000 259.647000
146.193000 244.517000 173.278000 257.065000
146.430000 242.043000 173.791000 254.633000
146.658000 239.703000 174.277000 252.327000
146.841000 237.619000 174.728000 250.272000
147.044000 235.713000 175.163000 248.410000
147.212000 234.013000 175.540000 246.707000
147.317000 232.472000 175.828000 245.136000
147.271000 231.073000 175.970000 243.719000
147.082000 229.775000 175.951000 242.371000
146.701000 228.555000 175.759000 241.083000
146.187000 227.435000 175.419000 239.866000
145.473000 226.371000 174.894000 238.681000
144.552000 225.364000 174.144000 237.511000
143.431000 224.471000 173.176000 236.429000
142.086000 223.711000 171.959000 235.448000
140.556000 223.119000 170.514000 234.610000
138.883000 222.678000 168.889000 233.895000
137.084000 222.402000 167.123000 233.338000
135.115000 222.193000 165.164000 232.839000
132.943000 222.047000 162.990000 232.353000
130.592000 221.912000 160.639000 231.876000
128.055000 221.831000 158.113000 231.415000
125.274000 221.703000 155.378000 230.903000
122.361000 221.563000 152.492000 230.341000
119.403000 221.462000 149.587000 229.809000
116.375000 221.302000 146.637000 229.245000
113.408000 221.118000 143.736000 228.646000
110.421000 220.912000 140.796000 227.977000
107.454000 220.682000 137.916000 227.343000
104.561000 220.469000 135.061000 226.742000
101.621000 220.285000 132.213000 226.138000
98.749600 220.102000 129.392000 225.551000
95.922400 219.917000 126.611000 225.004000
93.128600 219.723000 123.844000 224.363000
90.402300 219.517000 121.123000 223.751000
87.822600 219.339000 118.592000 223.203000
85.417400 219.160000 116.242000 222.703000
83.236900 218.982000 114.093000 222.251000
81.318800 218.873000 112.143000 221.891000
79.686600 218.800000 110.541000 221.638000
78.237400 218.792000 109.052000 221.387000
76.845400 218.872000 107.658000 221.282000
75.508500 219.087000 106.274000 221.307000
74.208400 219.435000 104.932000 221.472000
73.001300 219.936000 103.669000 221.789000
71.846000 220.675000 102.399000 222.357000
70.733400 221.608000 101.177000 223.134000
69.766100 222.727000 100.045000 224.110000
68.996200 224.005000 99.106000 225.287000
68.390600 225.402000 98.290400 226.644000
67.948700 226.861000 97.643300 228.056000
67.625400 228.342000 97.119100 229.542000
67.467500 229.886000 96.756700 231.073000
67.362400 231.474000 96.464400 232.656000
67.266200 233.077000 96.185900 234.274000
67.189100 234.689000 95.932900 235.878000
67.007500 236.279000 95.578800 237.503000
66.684200 237.846000 95.111400 239.072000
66.179600 239.317000 94.441500 240.489000
65.422700 240.612000 93.573800 241.755000
64.445800 241.725000 92.507900 242.785000
63.304800 242.647000 91.295900 243.589000
62.021600 243.307000 89.978200 244.142000
60.650100 243.774000 88.558400 244.463000
59.142700 243.960000 87.038100 244.491000
57.585200 243.999000 85.476400 244.340000
55.936400 243.918000 83.853300 244.078000
54.148800 243.816000 82.062900 243.776000
52.206900 243.699000 80.117600 243.405000
50.086500 243.595000 78.013600 243.034000
47.783400 243.469000 75.683900 242.627000
45.293000 243.349000 73.178300 242.189000
42.638700 243.201000 70.600500 241.717000
39.840500 243.024000 67.865400 241.194000
36.870200 242.812000 64.907300 240.623000
33.771100 242.591000 61.860400 240.018000
30.563600 242.341000 58.701100 239.361000
27.310000 242.099000 55.471000 238.686000
24.088700 241.874000 52.283600 238.049000
20.844100 241.667000 49.084000 237.428000
17.628100 241.421000 45.931100 236.770000
14.477600 241.140000 42.849200 236.091000
11.383400 240.852000 39.847300 235.387000
8.404100 240.575000 36.970700 234.676000
5.558770 240.280000 34.234900 233.999000
2.898070 240.020000 31.682100 233.377000
0.468998 239.790000 29.417200 232.824000
-1.726350 239.579000 27.299600 232.289000
-3.673610 239.406000 25.403600 231.809000
-5.349210 239.283000 23.788400 231.443000
-6.697220 239.235000 22.461700 231.171000
-7.790830 239.226000 21.379400 230.973000
-8.650590 239.256000 20.491900 230.850000
-9.339980 239.312000 19.746700 230.780000
-10.023600 239.403000 19.015700 230.735000
-10.691600 239.551000 18.306900 230.760000
-11.334000 239.743000 17.612000 230.820000
-12.055400 240.070000 16.818000 230.999000
-12.928200 240.548000 15.858200 231.317000
-13.829900 241.237000 14.821500 231.820000
-14.657500 242.153000 13.824300 232.551000
-15.389500 243.335000 12.864600 233.561000
-15.954300 244.808000 12.025600 234.896000
-16.344000 246.503000 11.324900 236.512000
-16.543600 248.434000 10.776300 238.467000
-16.625900 250.585000 10.315700 240.605000
-16.698400 252.928000 9.846630 242.968000
-16.792700 255.477000 9.320030 245.544000
-16.901400 258.204000 8.761240 248.304000
-17.050800 261.108000 8.104720 251.208000
-17.212200 264.258000 7.413910 254.342000
-17.378200 267.531000 6.615540 257.611000
-17.585600 271.005000 5.846530 261.000000
-17.790900 274.540000 5.079270 264.483000
-18.006400 278.168000 4.289440 268.016000
-18.230200 281.848000 3.480180 271.607000
-18.478500 285.540000 2.631480 275.261000
-18.738700 289.269000 1.795390 278.927000
-18.969200 293.005000 0.993513 282.576000
-19.197500 296.765000 0.169289 286.262000
-19.425800 300.571000 -0.665947 290.015000
-19.659900 304.341000 -1.486750 293.759000
-19.897100 308.135000 -2.319140 297.508000
-20.120800 311.967000 -3.131500 301.252000
-20.358200 315.795000 -3.979410 305.018000
-20.611000 319.609000 -4.853930 308.842000
-20.848400 323.416000 -5.689130 312.568000
-21.078300 327.210000 -6.515800 316.259000
-21.297400 330.953000 -7.318700 319.930000
-21.515200 334.670000 -8.130230 323.656000
-21.738900 338.324000 -8.922520 327.272000
-21.961300 341.848000 -9.693250 330.725000
-22.188700 345.195000 -10.452700 334.059000
-22.425500 348.440000 -11.205800 337.306000
-22.627100 351.551000 -11.888800 340.351000
-22.784800 354.495000 -12.518100 343.287000
-22.912300 357.254000 -13.088000 346.041000
-23.021100 359.781000 -13.576500 348.519000
-23.110100 362.065000 -14.016700 350.819000
-23.194700 364.113000 -14.397500 352.886000
-23.316200 365.906000 -14.785200 354.692000
-23.491700 367.519000 -15.189700 356.314000
-23.817500 369.008000 -15.715600 357.782000
-24.402800 370.363000 -16.453800 359.063000
-25.259300 371.525000 -17.438400 360.123000
-26.342200 372.474000 -18.605500 360.949000
-27.671500 373.167000 -19.996800 361.480000
-29.146800 373.579000 -21.493800 361.712000
-30.769100 373.628000 -23.099700 361.552000
-32.472600 373.418000 -24.777500 361.125000
-34.255000 373.082000 -26.477000 360.536000
-36.185000 372.715000 -28.297600 359.893000
-38.225100 372.359000 -30.276100 359.224000
-40.463500 371.970000 -32.469600 358.453000
-42.870700 371.581000 -34.809600 357.671000
-45.467500 371.255000 -37.285200 356.933000
-48.229300 371.012000 -39.931300 356.258000
-51.147900 370.802000 -42.728400 355.581000
-54.143700 370.566000 -45.643200 354.879000
-57.290400 370.322000 -48.649600 354.149000
-60.514000 370.101000 -51.767000 353.405000
-63.754500 369.888000 -54.907100 352.691000
-67.034000 369.669000 -58.082700 351.958000
-70.287300 369.455000 -61.214200 351.218000
-73.549200 369.222000 -64.354000 350.487000
-76.757100 368.992000 -67.479600 349.736000
-79.980400 368.759000 -70.593500 348.981000
-83.175200 368.565000 -73.633500 348.274000
-86.328600 368.399000 -76.618200 347.587000
-89.395000 368.283000 -79.558000 346.967000
-92.243000 368.213000 -82.332500 346.386000
-94.955800 368.165000 -84.976700 345.857000
-97.584000 368.117000 -87.507600 345.334000
-100.178000 368.010000 -90.036200 344.748000
-102.729000 367.776000 -92.482900 344.067000
-105.312000 367.446000 -94.942000 343.285000
-107.980000 367.093000 -97.475200 342.439000
-110.749000 366.757000 -100.116000 341.613000
-113.663000 366.407000 -102.895000 340.733000
-116.728000 366.111000 -105.825000 339.887000
-119.901000 365.859000 -108.902000 339.048000
-123.244000 365.614000 -112.071000 338.187000
-126.667000 365.458000 -115.380000 337.401000
-130.225000 365.342000 -118.815000 336.643000
-133.736000 365.278000 -122.219000 335.932000
-137.290000 365.216000 -125.571000 335.219000
-140.790000 365.166000 -128.946000 334.477000
-144.294000 365.007000 -132.257000 333.617000
-147.770000 364.794000 -135.577000 332.724000
-151.238000 364.564000 -138.901000 331.799000
-154.640000 364.300000 -142.137000 330.861000
-158.036000 364.056000 -145.394000 329.942000
-161.407000 363.791000 -148.601000 328.969000
-164.713000 363.483000 -151.757000 327.993000
-168.006000 363.179000 -154.908000 327.000000
-171.280000 362.859000 -158.033000 326.041000
-174.468000 362.546000 -161.063000 325.084000
-177.661000 362.243000 -164.138000 324.132000
-180.809000 361.917000 -167.152000 323.131000
-183.998000 361.632000 -170.190000 322.190000
-187.211000 361.426000 -173.275000 321.330000
-190.488000 361.249000 -176.404000 320.492000
-193.755000 361.072000 -179.547000 319.639000
-197.069000 360.887000 -182.713000 318.773000
-200.422000 360.746000 -185.973000 317.945000
-203.805000 360.671000 -189.271000 317.161000
-207.227000 360.598000 -192.581000 316.378000
-210.665000 360.565000 -195.870000 315.629000
-214.016000 360.546000 -199.134000 314.909000
-217.361000 360.554000 -202.426000 314.201000
-220.670000 360.590000 -205.624000 313.544000
-223.843000 360.693000 -208.724000 312.978000
-226.873000 360.857000 -211.659000 312.474000
-229.781000 361.033000 -214.576000 312.010000
-232.506000 361.196000 -217.282000 311.576000
-235.070000 361.389000 -219.887000 311.163000
-237.396000 361.645000 -222.231000 310.883000
-239.467000 361.994000 -224.331000 310.747000
-241.378000 362.429000 -226.317000 310.781000
-243.086000 362.864000 -228.120000 310.836000
-244.635000 363.249000 -229.751000 310.876000
-246.054000 363.545000 -231.266000 310.841000
-247.331000 363.767000 -232.584000 310.774000
-248.557000 363.872000 -233.925000 310.570000
-249.769000 363.895000 -235.162000 310.338000
-250.964000 363.853000 -236.443000 310.025000
-252.195000 363.781000 -237.659000 309.660000
-253.476000 363.729000 -238.928000 309.319000
-254.771000 363.699000 -240.196000 309.001000
-256.051000 363.715000 -241.485000 308.728000
-257.330000 363.788000 -242.744000 308.510000
-258.554000 363.907000 -243.975000 308.359000
-259.638000 364.027000 -245.116000 308.242000
-260.612000 364.178000 -246.179000 308.198000
-261.577000 364.290000 -247.193000 308.138000
-262.512000 364.322000 -248.144000 307.982000
-263.477000 364.258000 -249.067000 307.736000
-264.528000 364.042000 -250.075000 307.333000
-265.634000 363.667000 -251.117000 306.755000
-266.801000 363.069000 -252.132000 305.956000
-267.957000 362.218000 -253.117000 304.906000
-269.064000 361.054000 -253.969000 303.555000
-270.036000 359.591000 -254.650000 301.961000
-270.857000 357.825000 -255.117000 300.072000
-271.532000 355.761000 -255.380000 297.949000
-272.048000 353.543000 -255.488000 295.632000
-272.435000 351.072000 -255.412000 293.123000
-272.688000 348.429000 -255.121000 290.456000
-272.867000 345.565000 -254.732000 287.588000
-273.086000 342.512000 -254.332000 284.531000
-273.273000 339.250000 -253.882000 281.288000
-273.453000 335.924000 -253.439000 277.996000
-273.613000 332.542000 -252.970000 274.613000
-273.783000 329.033000 -252.458000 271.119000
-273.919000 325.466000 -251.906000 267.572000
-273.996000 321.931000 -251.322000 264.074000
-274.031000 318.346000 -250.710000 260.565000
-274.005000 314.827000 -250.058000 257.067000
-273.930000 311.313000 -249.369000 253.632000
-273.823000 307.827000 -248.626000 250.214000
-273.650000 304.349000 -247.861000 246.833000
-273.430000 300.930000 -247.048000 243.464000
-273.155000 297.510000 -246.177000 240.112000
-272.842000 294.108000 -245.271000 236.802000
-272.490000 290.696000 -244.360000 233.498000
-272.117000 287.241000 -243.421000 230.187000
-271.679000 283.824000 -242.449000 226.845000
-271.223000 280.362000 -241.427000 223.499000
-270.709000 276.884000 -240.358000 220.123000
-270.149000 273.371000 -239.248000 216.764000
-269.526000 269.814000 -238.089000 213.378000
-268.883000 266.254000 -236.929000 209.988000
-268.176000 262.688000 -235.710000 206.549000
-267.400000 259.152000 -234.423000 203.128000
-266.578000 255.529000 -233.080000 199.663000
-265.659000 251.889000 -231.655000 196.176000
-264.702000 248.268000 -230.212000 192.709000
-263.697000 244.671000 -228.708000 189.264000
-262.645000 241.126000 -227.167000 185.880000
-261.559000 237.586000 -225.593000 182.540000
-260.412000 234.034000 -223.981000 179.152000
-259.212000 230.481000 -222.362000 175.806000
-257.986000 226.947000 -220.743000 172.474000
-256.695000 223.450000 -219.049000 169.126000
-255.361000 219.934000 -217.357000 165.831000
-253.983000 216.479000 -215.591000 162.505000
-252.595000 213.048000 -213.827000 159.244000
-251.193000 209.643000 -212.053000 156.006000
-249.768000 206.266000 -210.264000 152.784000
-248.317000 202.908000 -208.459000 149.591000
-246.791000 199.541000 -206.624000 146.428000
-245.254000 196.249000 -204.743000 143.289000
-243.658000 192.950000 -202.835000 140.150000
-242.031000 189.709000 -200.908000 137.048000
-240.371000 186.517000 -198.941000 134.032000
-238.668000 183.362000 -196.976000 131.036000
-236.918000 180.211000 -194.981000 128.046000
-235.154000 177.054000 -192.947000 125.084000
-233.370000 173.985000 -190.889000 122.168000
-231.477000 170.874000 -188.745000 119.239000
-229.604000 167.831000 -186.596000 116.315000
-227.677000 164.766000 -184.392000 113.362000
-225.664000 161.684000 -182.146000 110.448000
-223.579000 158.602000 -179.821000 107.515000
-221.464000 155.571000 -177.454000 104.637000
-219.326000 152.564000 -175.100000 101.809000
-217.140000 149.602000 -172.724000 99.009400
-214.921000 146.631000 -170.332000 96.262000
-212.692000 143.745000 -167.922000 93.557700
-210.457000 140.881000 -165.515000 90.899600
-208.196000 138.093000 -163.032000 88.253300
-205.911000 135.324000 -160.550000 85.644400
-203.556000 132.598000 -157.989000 83.075300
-201.158000 129.889000 -155.399000 80.487400
-198.714000 127.156000 -152.745000 77.932900
-196.203000 124.431000 -150.051000 75.383200
-193.633000 121.751000 -147.317000 72.848800
-190.974000 119.075000 -144.506000 70.305600
-188.261000 116.376000 -141.648000 67.801100
-185.543000 113.724000 -138.725000 65.314200
-182.739000 111.078000 -135.783000 62.840000
-179.865000 108.457000 -132.756000 60.380300
-176.978000 105.907000 -129.691000 57.946700
-173.990000 103.296000 -126.602000 55.497900
-171.003000 100.713000 -123.480000 53.038400
-168.014000 98.153400 -120.318000 50.606200
-164.974000 95.554700 -117.141000 48.138800
-161.986000 92.960500 -114.061000 45.672200
-159.025000 90.327400 -111.036000 43.204900
-156.072000 87.729700 -107.982000 40.704900
-153.121000 85.151800 -104.940000 38.230400
-150.202000 82.548500 -101.942000 35.760900
-147.329000 79.955400 -98.943100 33.275500
-144.412000 77.351600 -95.942100 30.826300
-141.459000 74.779300 -92.903200 28.368800
-138.502000 72.188700 -89.859800 25.903400
-135.535000 69.587700 -86.819600 23.423100
-132.580000 67.014400 -83.807800 20.928600
-129.614000 64.415700 -80.785300 18.433600
-126.648000 61.821200 -77.744000 15.952300
-123.695000 59.262100 -74.695300 13.474500
-120.744000 56.699400 -71.696900 11.014100
-117.813000 54.140700 -68.700600 8.543530
-114.870000 51.576100 -65.742500 6.085540
-111.964000 49.026200 -62.753300 3.613400
-109.003000 46.446200 -59.728000 1.126120
-106.053000 43.864800 -56.744400 -1.340710
-103.076000 41.273000 -53.685300 -3.879230
-100.125000 38.693000 -50.654400 -6.369400
-97.139200 36.095100 -47.538200 -8.953410
-94.103800 33.463600 -44.446000 -11.558500
-91.105000 30.871600 -41.358200 -14.175300
-88.121000 28.295900 -38.326100 -16.743100
-85.117000 25.682300 -35.300300 -19.301900
-82.116400 23.049000 -32.265500 -21.888400
-79.119800 20.505800 -29.249500 -24.437800
-76.138800 17.925100 -26.235400 -26.985300
-73.192300 15.375800 -23.234100 -29.553900
-70.270400 12.818600 -20.274600 -32.146500
-67.407000 10.274100 -17.352500 -34.739800
-64.548200 7.719090 -14.467900 -37.319000
-61.718200 5.184150 -11.644200 -39.882600
-58.929200 2.667210 -8.813920 -42.438800
-56.169400 0.211042 -6.082570 -44.933000
-53.511500 -2.149190 -3.431560 -47.372700
-50.931200 -4.407220 -0.843532 -49.742500
-48.415600 -6.601550 1.610660 -52.012600
-46.007300 -8.711970 4.007550 -54.213000
-43.701300 -10.677500 6.298030 -56.267100
-41.526400 -12.490900 8.451700 -58.168000
-39.459400 -14.158200 10.472600 -59.897000
-37.495500 -15.613400 12.425400 -61.449000
-35.520300 -16.891100 14.362000 -62.838300
-33.515300 -17.952500 16.324400 -63.984500
-31.463700 -18.735200 18.339700 -64.855300
-29.377500 -19.197000 20.398000 -65.430700
-27.289000 -19.368000 22.455100 -65.719800
-25.243800 -19.201000 24.483100 -65.669500
-23.290700 -18.711900 26.449400 -65.293100
-21.462900 -17.921100 28.304700 -64.623800
-19.801900 -16.924900 30.017900 -63.714600
-18.210900 -15.819200 31.670900 -62.665600
-16.653600 -14.752200 33.315400 -61.625800
-15.109100 -13.695000 34.900700 -60.626500
-13.610700 -12.701400 36.456500 -59.663300
-12.169300 -11.817200 37.946700 -58.783400
-10.827800 -11.010700 39.345300 -57.996400
-9.571830 -10.299100 40.645300 -57.304800
-8.442410 -9.675480 41.822500 -56.679200
-7.472670 -9.167060 42.826100 -56.174700
-6.687750 -8.757990 43.638800 -55.768500
-6.004290 -8.404060 44.345300 -55.410000
-5.362290 -8.021990 45.018600 -55.040300
-4.773610 -7.629580 45.626700 -54.650100
-4.230970 -7.183840 46.218000 -54.211200
-3.653650 -6.661560 46.826600 -53.687500
-3.032970 -5.954850 47.488100 -52.996700
-2.382750 -5.105630 48.201900 -52.180800
-1.771720 -4.111510 48.881700 -51.194400
-1.199450 -2.912380 49.533700 -50.034500
-0.693169 -1.503400 50.133000 -48.617100
-0.242752 0.112428 50.672800 -46.985300
0.010913 1.933830 51.014900 -45.108100
0.123113 3.978200 51.241800 -43.024400
0.101746 6.194860 51.322000 -40.779000
-0.016981 8.567040 51.318200 -38.381600
-0.138034 11.109500 51.335100 -35.786600
-0.276648 13.790200 51.320400 -33.039200
-0.436855 16.610400 51.305000 -30.185800
-0.611761 19.528900 51.279100 -27.244700
-0.832179 22.577400 51.208200 -24.181000
-1.091250 25.707900 51.108500 -21.062300
-1.373300 28.904000 50.970900 -17.814800
-1.657640 32.168500 50.855200 -14.544200
-1.965490 35.422900 50.725000 -11.237000
-2.266340 38.723200 50.601000 -7.836870
-2.570420 42.076700 50.475300 -4.482950
-2.837610 45.419800 50.384300 -1.092940
-3.096150 48.815000 50.301100 2.340990
-3.326440 52.235800 50.250400 5.842260
-3.549430 55.718800 50.221000 9.311790
-3.787700 59.236600 50.215100 12.817700
-4.056420 62.779800 50.174300 16.425800
-4.303810 66.341000 50.164000 20.051300
-4.566090 69.935400 50.172000 23.702400
-4.810460 73.425200 50.160900 27.282000
-5.041040 76.905200 50.171800 30.846900
-5.268920 80.405900 50.187900 34.422800
-5.515490 83.853400 50.172100 37.916900
-5.744200 87.271200 50.175700 41.334700
-5.939730 90.684900 50.219400 44.802400
-6.120600 94.085100 50.254600 48.201600
