0 0.000797 0.028222 100.000000 11.627907
0 0.000716 0.057107 200.000000 12.048193
0 0.000935 0.092923 300.000000 10.309278
0 0.000635 0.028640 400.000000 10.282776
0 0.001365 0.072925 500.000000 10.351967
0 0.001104 0.142007 600.000000 10.791367
0 0.000911 0.193465 700.000000 11.146497
0 0.000816 0.194291 800.000000 10.810811
10 0.000802 0.027752 100.000000 11.627907
10 0.000745 0.058645 200.000000 12.048193
10 0.000920 0.081411 300.000000 9.771987
10 0.000610 0.027546 400.000000 10.335917
10 0.001358 0.085914 500.000000 10.330579
10 0.001095 0.151817 600.000000 10.810811
10 0.000893 0.200423 700.000000 11.164274
10 0.000812 0.185097 800.000000 10.796222
20 0.000775 0.029003 100.000000 11.764706
20 0.000778 0.060491 200.000000 11.904762
20 0.000927 0.068944 300.000000 9.646302
20 0.000593 0.026167 400.000000 10.389610
20 0.001341 0.096616 500.000000 10.351967
20 0.001091 0.161690 600.000000 10.830325
20 0.000877 0.207785 700.000000 11.182109
20 0.000814 0.177589 800.000000 10.810811
30 0.000810 0.029470 100.000000 11.764706
30 0.000803 0.061282 200.000000 11.560694
30 0.000886 0.056604 300.000000 9.615385
30 0.001225 0.027364 400.000000 10.416667
30 0.001331 0.108992 500.000000 10.373444
30 0.001097 0.170364 600.000000 10.869565
30 0.000883 0.214768 700.000000 11.182109
30 0.000820 0.169690 800.000000 10.840109
40 0.000682 0.021512 100.000000 11.904762
40 0.000803 0.052478 200.000000 11.111111
40 0.000840 0.039976 300.000000 9.646302
40 0.001595 0.034266 400.000000 10.443864
40 0.001343 0.120158 500.000000 10.416667
40 0.001098 0.180524 600.000000 10.909091
40 0.000893 0.223685 700.000000 11.182109
40 0.000835 0.163386 800.000000 10.869565
50 0.000794 0.026000 100.000000 11.904762
50 0.001132 0.056185 200.000000 10.752688
50 0.000806 0.037629 300.000000 9.677420
50 0.001620 0.047175 400.000000 10.443864
50 0.001319 0.130949 500.000000 10.460251
50 0.001069 0.189172 600.000000 10.928962
50 0.000871 0.228585 700.000000 11.128776
50 0.000820 0.154459 800.000000 10.899182
60 0.000889 0.040831 100.000000 12.048193
60 0.001231 0.072580 200.000000 10.526316
60 0.000763 0.039788 300.000000 9.708738
60 0.001647 0.061087 400.000000 10.309278
60 0.001295 0.140882 500.000000 10.504202
60 0.001033 0.196376 600.000000 10.968922
60 0.000843 0.229406 700.000000 10.920437
60 0.000804 0.146193 800.000000 10.928962
70 0.000804 0.036653 100.000000 12.048193
70 0.001151 0.072180 200.000000 10.309278
70 0.000678 0.031285 300.000000 9.771987
70 0.001657 0.072316 400.000000 10.152285
70 0.001293 0.152125 500.000000 10.548523
70 0.001025 0.208583 600.000000 10.989011
70 0.000852 0.229169 700.000000 10.736197
70 0.000812 0.141217 800.000000 10.958904
80 0.000735 0.044069 100.000000 12.195122
80 0.001070 0.077120 200.000000 9.900990
80 0.000589 0.032875 300.000000 9.803922
80 0.001611 0.086236 400.000000 10.050251
80 0.001249 0.163222 500.000000 10.570825
80 0.000999 0.215393 600.000000 11.029411
80 0.000868 0.219709 700.000000 10.670732
80 0.000805 0.133760 800.000000 10.989011
90 0.000740 0.038976 100.000000 12.195122
90 0.000977 0.066126 200.000000 9.216590
90 0.000578 0.031285 300.000000 9.868421
90 0.001634 0.101338 400.000000 10.000000
90 0.001257 0.175792 500.000000 10.615711
90 0.001013 0.228085 600.000000 11.049724
90 0.000888 0.215791 700.000000 10.670732
90 0.000817 0.129266 800.000000 11.019283
100 0.000765 0.032189 100.000000 12.048193
100 0.001076 0.046057 200.000000 8.849558
100 0.000589 0.031540 300.000000 9.933775
100 0.001668 0.116882 400.000000 10.000000
100 0.001298 0.190891 500.000000 10.638298
100 0.001029 0.241968 600.000000 11.070110
100 0.000909 0.211310 700.000000 10.670732
100 0.000838 0.124530 800.000000 11.034483
110 0.000842 0.025723 100.000000 11.494253
110 0.001050 0.029075 200.000000 8.733624
110 0.000584 0.034306 300.000000 9.966778
110 0.001690 0.134040 400.000000 10.025063
110 0.001332 0.208077 500.000000 10.660981
110 0.001046 0.258225 600.000000 11.070110
110 0.000935 0.207459 700.000000 10.687023
110 0.000851 0.119959 800.000000 11.049724
120 0.000766 0.033264 100.000000 10.526316
120 0.001013 0.022469 200.000000 8.733624
120 0.002101 0.041778 300.000000 10.000000
120 0.001688 0.150057 400.000000 10.075566
120 0.001336 0.223955 500.000000 10.683761
120 0.001053 0.272279 600.000000 11.049724
120 0.000955 0.199899 700.000000 10.703364
120 0.000862 0.113726 800.000000 11.065007
130 0.001588 0.032538 100.000000 9.803922
130 0.000939 0.021144 200.000000 8.771930
130 0.002143 0.055749 300.000000 10.000000
130 0.001660 0.165253 400.000000 10.101010
130 0.001300 0.235108 500.000000 10.706638
130 0.001009 0.279584 600.000000 11.009174
130 0.000943 0.189169 700.000000 10.736197
130 0.000866 0.104584 800.000000 11.065007
140 0.001711 0.030961 100.000000 9.345795
140 0.000880 0.020617 200.000000 8.771930
140 0.002242 0.074193 300.000000 9.836065
140 0.001651 0.181380 400.000000 10.126582
140 0.001285 0.248613 500.000000 10.729613
140 0.001024 0.288353 600.000000 10.791367
140 0.000937 0.181653 700.000000 10.769231
140 0.000862 0.098361 800.000000 11.080333
150 0.001644 0.035589 100.000000 8.928572
150 0.000792 0.025668 200.000000 8.810573
150 0.002270 0.093866 300.000000 9.584664
150 0.001665 0.197305 400.000000 10.152285
150 0.001277 0.261496 500.000000 10.752688
150 0.001017 0.285354 600.000000 10.526316
150 0.000944 0.172788 700.000000 10.785825
150 0.000856 0.091327 800.000000 11.080333
160 0.001565 0.046045 100.000000 8.264462
160 0.000718 0.031379 200.000000 8.888889
160 0.002227 0.112545 300.000000 9.433962
160 0.001620 0.210458 400.000000 10.178117
160 0.001252 0.270314 500.000000 10.775862
160 0.001049 0.272095 600.000000 10.434783
160 0.000942 0.161549 700.000000 10.802469
160 0.000858 0.083493 800.000000 11.080333
170 0.001401 0.040628 100.000000 7.299270
170 0.000682 0.035926 200.000000 8.928572
170 0.002229 0.135748 300.000000 9.375000
170 0.001612 0.228433 400.000000 10.230179
170 0.001253 0.287412 500.000000 10.799136
170 0.001060 0.266865 600.000000 10.416667
170 0.000943 0.156694 700.000000 10.835914
170 0.000859 0.079157 800.000000 11.095700
180 0.001565 0.023790 100.000000 6.896552
180 0.000650 0.038175 200.000000 9.049774
180 0.002230 0.152694 300.000000 9.404388
180 0.001625 0.241248 400.000000 10.282776
180 0.001248 0.296852 500.000000 10.845987
180 0.001056 0.256641 600.000000 10.434783
180 0.000944 0.149169 700.000000 10.869565
180 0.000870 0.073603 800.000000 11.095700
190 0.001471 0.016366 100.000000 6.896552
190 0.000632 0.038194 200.000000 9.216590
190 0.002212 0.164621 300.000000 9.493670
190 0.001627 0.249231 400.000000 10.362695
190 0.001241 0.301746 500.000000 10.893247
190 0.001055 0.245005 600.000000 10.489511
190 0.000945 0.141178 700.000000 10.920437
190 0.000872 0.069480 800.000000 11.126565
200 0.001388 0.019545 100.000000 7.092198
200 0.001095 0.038799 200.000000 9.389671
200 0.002184 0.174058 300.000000 9.646302
200 0.001619 0.255347 400.000000 10.498688
200 0.001238 0.305992 500.000000 10.989011
200 0.001046 0.236672 600.000000 10.582010
200 0.000939 0.135622 700.000000 11.006289
200 0.000996 0.066467 800.000000 11.173184
210 0.001357 0.022398 100.000000 7.299270
210 0.002989 0.047833 200.000000 9.615385
210 0.002180 0.190504 300.000000 9.803922
210 0.001624 0.269104 400.000000 10.638298
210 0.001233 0.316779 500.000000 11.111111
210 0.001054 0.233685 600.000000 10.676157
210 0.000947 0.132759 700.000000 11.093502
210 0.001091 0.063771 800.000000 11.220197
220 0.001109 0.025304 100.000000 7.575758
220 0.002980 0.061035 200.000000 9.852217
220 0.002122 0.205634 300.000000 10.000000
220 0.001577 0.284479 400.000000 10.781672
220 0.001203 0.331218 500.000000 11.185682
220 0.001039 0.232060 600.000000 10.771993
220 0.000928 0.130970 700.000000 11.182109
220 0.001100 0.062145 800.000000 11.283498
230 0.000680 0.031973 100.000000 7.812500
230 0.003009 0.076459 200.000000 10.000000
230 0.002080 0.221371 300.000000 10.135135
230 0.001539 0.295962 400.000000 10.899182
230 0.001146 0.339803 500.000000 11.235955
230 0.001015 0.228494 600.000000 10.869565
230 0.000911 0.129490 700.000000 11.254020
230 0.001110 0.064685 800.000000 11.331445
240 0.000659 0.040226 100.000000 8.064516
240 0.003085 0.101514 200.000000 10.050251
240 0.002068 0.242246 300.000000 10.273973
240 0.001519 0.313515 400.000000 11.019283
240 0.001165 0.354809 500.000000 11.185682
240 0.001000 0.227480 600.000000 10.968922
240 0.000898 0.126983 700.000000 11.308562
240 0.001110 0.064860 800.000000 11.379801
250 0.000707 0.045574 100.000000 8.333333
250 0.003125 0.122125 200.000000 10.000000
250 0.002054 0.254007 300.000000 10.452962
250 0.001500 0.324133 400.000000 11.142061
250 0.001092 0.358025 500.000000 11.013216
250 0.000993 0.220250 600.000000 11.049724
250 0.000887 0.122191 700.000000 11.382113
250 0.001098 0.064193 800.000000 11.444921
260 0.000719 0.048111 100.000000 8.620689
260 0.003131 0.138906 200.000000 9.900990
260 0.002044 0.264313 300.000000 10.600707
260 0.001482 0.330639 400.000000 11.267606
260 0.001113 0.351264 500.000000 10.893247
260 0.000987 0.210150 600.000000 11.131725
260 0.000869 0.115384 700.000000 11.456629
260 0.001088 0.062564 800.000000 11.510792
270 0.000779 0.052312 100.000000 8.928572
270 0.003112 0.157309 200.000000 9.900990
270 0.002012 0.278209 300.000000 10.752688
270 0.001467 0.338947 400.000000 11.428572
270 0.001160 0.344169 500.000000 10.893247
270 0.000981 0.203742 600.000000 11.235955
270 0.000874 0.110207 700.000000 11.532125
270 0.001089 0.062131 800.000000 11.594203
280 0.000805 0.056430 100.000000 9.433962
280 0.003107 0.172591 200.000000 10.101010
280 0.002010 0.289757 300.000000 10.989011
280 0.001472 0.348281 400.000000 11.627907
280 0.001174 0.339532 500.000000 10.964912
280 0.000995 0.200108 600.000000 11.363636
280 0.000884 0.106480 700.000000 11.627907
280 0.001100 0.061594 800.000000 11.695907
290 0.000802 0.055930 100.000000 10.101010
290 0.003106 0.183938 200.000000 10.362695
290 0.002013 0.296414 300.000000 11.278195
290 0.001478 0.355532 400.000000 11.834319
290 0.001183 0.335156 500.000000 11.111111
290 0.001001 0.195923 600.000000 11.516315
290 0.000891 0.102192 700.000000 11.744967
290 0.001107 0.060831 800.000000 11.799410
300 0.000691 0.046098 100.000000 10.869565
300 0.003063 0.184511 200.000000 10.695188
300 0.001976 0.293461 300.000000 11.583012
300 0.001451 0.350992 400.000000 12.084592
300 0.001165 0.321904 500.000000 11.261261
300 0.000985 0.186698 600.000000 11.673152
300 0.000881 0.096257 700.000000 11.884550
300 0.001097 0.060843 800.000000 11.922503
310 0.000447 0.017319 100.000000 11.764706
310 0.002926 0.166132 200.000000 11.049724
310 0.001882 0.271835 300.000000 11.857708
310 0.001369 0.326556 400.000000 12.307693
310 0.001097 0.290465 500.000000 11.415525
310 0.000932 0.166781 600.000000 11.834319
310 0.000831 0.084452 700.000000 12.006861
310 0.001063 0.061515 800.000000 12.048193
320 0.000585 0.020331 100.000000 12.658228
320 0.002877 0.184687 200.000000 11.299435
320 0.001868 0.281749 300.000000 12.145749
320 0.001353 0.334020 400.000000 12.539185
320 0.001078 0.285178 500.000000 11.547344
320 0.000926 0.162154 600.000000 11.952191
320 0.000832 0.081254 700.000000 12.110726
320 0.001046 0.063916 800.000000 12.139606
330 0.000558 0.019595 100.000000 13.333333
330 0.002832 0.195973 200.000000 11.560694
330 0.001850 0.289475 300.000000 12.295082
330 0.001334 0.336235 400.000000 12.658228
330 0.001063 0.269997 500.000000 11.627907
330 0.000922 0.152946 600.000000 12.048193
330 0.000828 0.075928 700.000000 12.152778
330 0.001051 0.069167 800.000000 12.213740
340 0.001317 0.015568 100.000000 13.698630
340 0.002779 0.212107 200.000000 11.695907
340 0.001840 0.294030 300.000000 12.448133
340 0.001326 0.337830 400.000000 12.698413
340 0.001049 0.251971 500.000000 11.709601
340 0.000914 0.140263 600.000000 12.096774
340 0.001042 0.069018 700.000000 12.131716
340 0.001055 0.075985 800.000000 12.251148
350 0.005102 0.065400 100.000000 13.698630
350 0.002760 0.242203 200.000000 11.764706
350 0.001825 0.313900 300.000000 12.500000
350 0.001312 0.352151 400.000000 12.658228
350 0.001065 0.239333 500.000000 11.737089
350 0.000929 0.130482 600.000000 12.096774
350 0.001113 0.064213 700.000000 12.110726
350 0.001059 0.083872 800.000000 12.269938
360 0.005425 0.102009 100.000000 13.333333
360 0.002754 0.275704 200.000000 11.834319
360 0.001810 0.339777 300.000000 12.500000
360 0.001270 0.371006 400.000000 12.461060
360 0.001067 0.229995 500.000000 11.764706
360 0.000940 0.122917 600.000000 12.096774
360 0.001171 0.061749 700.000000 12.068966
360 0.001066 0.093776 800.000000 12.232416
370 0.005622 0.143136 100.000000 12.195122
370 0.002756 0.297351 200.000000 11.834319
370 0.001770 0.351435 300.000000 12.500000
370 0.001196 0.368239 400.000000 11.834319
370 0.001067 0.212219 500.000000 11.792453
370 0.000928 0.110788 600.000000 12.096774
370 0.001171 0.060337 700.000000 12.068966
370 0.001061 0.104297 800.000000 12.102875
380 0.005636 0.198548 100.000000 10.869565
380 0.002716 0.323221 200.000000 11.834319
380 0.001746 0.366431 300.000000 12.500000
380 0.001294 0.352965 400.000000 11.461318
380 0.001066 0.196011 500.000000 11.792453
380 0.000932 0.099653 600.000000 12.072434
380 0.001173 0.061668 700.000000 12.068966
380 0.001062 0.115229 800.000000 11.958146
390 0.005614 0.265721 100.000000 10.309278
390 0.002694 0.356094 200.000000 11.834319
390 0.001750 0.390813 300.000000 12.448133
390 0.001321 0.337686 400.000000 11.299435
390 0.001086 0.184672 500.000000 11.792453
390 0.000952 0.090915 600.000000 12.024048
390 0.001191 0.066560 700.000000 12.068966
390 0.001089 0.127170 800.000000 11.834319
400 0.005611 0.320438 100.000000 10.101010
400 0.002717 0.380697 200.000000 11.764706
400 0.001736 0.402643 300.000000 12.396694
400 0.001301 0.314115 400.000000 11.235955
400 0.001085 0.170431 500.000000 11.792453
400 0.000959 0.082662 600.000000 11.976048
400 0.001187 0.075129 700.000000 12.048193
400 0.001092 0.137441 800.000000 11.730206
410 0.005688 0.401393 100.000000 10.000000
410 0.002802 0.426319 200.000000 11.764706
410 0.001783 0.436659 300.000000 12.345679
410 0.001343 0.308799 400.000000 11.235955
410 0.001119 0.163901 500.000000 11.764706
410 0.001103 0.077684 600.000000 11.881188
410 0.001230 0.084627 700.000000 12.048193
410 0.001141 0.148569 800.000000 11.611031
420 0.000522 0.048372 100.000000 10.101010
420 0.000424 0.053740 200.000000 11.764706
420 0.000267 0.056470 300.000000 12.244898
420 0.000257 0.038639 400.000000 11.267606
420 0.000184 0.035829 500.000000 11.764706
420 0.000582 0.042150 600.000000 11.834319
420 0.000611 0.080783 700.000000 12.048193
430 0.000296 0.033393 100.000000 10.309278
430 0.000333 0.036115 200.000000 11.904762
430 0.000213 0.037110 300.000000 12.145749
430 0.000216 0.027559 400.000000 11.331445
430 0.000175 0.033418 500.000000 11.820331
430 0.000628 0.045270 600.000000 11.834319
430 0.000603 0.086584 700.000000 12.048193
440 0.000227 0.017605 100.000000 10.752688
440 0.000327 0.014831 200.000000 12.195122
440 0.000192 0.020365 300.000000 11.952191
440 0.000206 0.024269 400.000000 11.461318
440 0.000163 0.033749 500.000000 11.904762
440 0.000614 0.048365 600.000000 11.904762
440 0.000584 0.089035 700.000000 12.068966
450 0.000249 0.013987 100.000000 11.363636
450 0.000337 0.011956 200.000000 12.578616
450 0.000299 0.020192 300.000000 11.673152
450 0.000211 0.024638 400.000000 11.627907
450 0.000174 0.034678 500.000000 12.019231
450 0.000604 0.051900 600.000000 12.000000
450 0.000561 0.093038 700.000000 12.068966
460 0.000251 0.012922 100.000000 12.048193
460 0.000322 0.005691 200.000000 12.987013
460 0.000348 0.019545 300.000000 11.583012
460 0.000229 0.025121 400.000000 11.834319
460 0.000183 0.035441 500.000000 12.165450
460 0.000590 0.054925 600.000000 12.121212
460 0.000535 0.095878 700.000000 12.089810
470 0.000402 0.008988 100.000000 12.820513
470 0.000330 0.003243 200.000000 13.333333
470 0.000350 0.015960 300.000000 11.583012
470 0.000236 0.025240 400.000000 11.976048
470 0.000205 0.036222 500.000000 12.285012
470 0.000601 0.058641 600.000000 12.244898
470 0.000535 0.100744 700.000000 12.089810
480 0.000455 0.006451 100.000000 13.333333
480 0.000309 0.010778 200.000000 13.698630
480 0.000333 0.009176 300.000000 11.583012
480 0.000247 0.023073 400.000000 12.121212
480 0.000230 0.037220 500.000000 12.376238
480 0.000633 0.065289 600.000000 12.320329
480 0.000566 0.108273 700.000000 12.068966
490 0.000550 0.013595 100.000000 13.698630
490 0.000353 0.015440 200.000000 13.793103
490 0.000331 0.008580 300.000000 11.627907
490 0.000266 0.024083 400.000000 12.195122
490 0.000228 0.039451 500.000000 12.406948
490 0.000639 0.071300 600.000000 12.396694
490 0.000582 0.115090 700.000000 12.027492
500 0.000634 0.015370 100.000000 13.888889
500 0.000377 0.015215 200.000000 13.888889
500 0.000352 0.009456 300.000000 11.627907
500 0.000253 0.027162 400.000000 12.232416
500 0.000269 0.041897 500.000000 12.376238
500 0.000650 0.078361 600.000000 12.422360
500 0.000584 0.121006 700.000000 11.965812
510 0.000618 0.016216 100.000000 13.888889
510 0.000361 0.012194 200.000000 13.793103
510 0.000393 0.012075 300.000000 11.627907
510 0.000228 0.031091 400.000000 12.232416
510 0.000554 0.044738 500.000000 12.285012
510 0.000671 0.086415 600.000000 12.422360
520 0.000444 0.010403 100.000000 13.888889
520 0.000309 0.013574 200.000000 13.513514
520 0.000280 0.023271 300.000000 11.627907
520 0.000185 0.036382 400.000000 12.195122
520 0.000665 0.048290 500.000000 12.165450
520 0.000659 0.091929 600.000000 12.396694
530 0.000515 0.018042 100.000000 13.698630
530 0.000190 0.028849 200.000000 12.738853
530 0.000222 0.030749 300.000000 11.673152
530 0.000179 0.039072 400.000000 12.158054
530 0.000718 0.052976 500.000000 12.106538
530 0.000670 0.098069 600.000000 12.295082
540 0.000421 0.008479 100.000000 13.698630
540 0.000391 0.027405 200.000000 11.428572
540 0.000253 0.031362 300.000000 11.673152
540 0.000221 0.042137 400.000000 12.121212
540 0.000714 0.062056 500.000000 12.106538
540 0.000636 0.108088 600.000000 12.096774
550 0.000378 0.012663 100.000000 13.698630
550 0.000293 0.031490 200.000000 10.869565
550 0.000255 0.036704 300.000000 11.673152
550 0.000260 0.045105 400.000000 12.121212
550 0.000725 0.070037 500.000000 12.106538
550 0.000645 0.116172 600.000000 11.904762
560 0.000317 0.004467 100.000000 13.698630
560 0.000243 0.026996 200.000000 10.695188
560 0.000307 0.039449 300.000000 11.718750
560 0.000292 0.051344 400.000000 12.048193
560 0.000749 0.082744 500.000000 12.106538
560 0.000685 0.128563 600.000000 11.764706
570 0.000551 0.013736 100.000000 13.513514
570 0.000302 0.031329 200.000000 10.638298
570 0.000306 0.043529 300.000000 11.718750
570 0.000370 0.054314 400.000000 11.976048
570 0.000754 0.089754 500.000000 12.106538
570 0.000688 0.133150 600.000000 11.650485
580 0.000684 0.028513 100.000000 13.333333
580 0.000373 0.036234 200.000000 10.695188
580 0.000270 0.046436 300.000000 11.718750
580 0.000636 0.055592 400.000000 11.869436
580 0.000763 0.095134 500.000000 12.106538
590 0.000481 0.030486 100.000000 12.987013
590 0.000378 0.039276 200.000000 10.695188
590 0.000289 0.050452 300.000000 11.673152
590 0.000797 0.061681 400.000000 11.764706
590 0.000784 0.107762 500.000000 12.077294
600 0.000536 0.040654 100.000000 11.764706
600 0.000348 0.044484 200.000000 10.752688
600 0.000322 0.052724 300.000000 11.673152
600 0.000893 0.067235 400.000000 11.730206
600 0.000818 0.116825 500.000000 12.019231
610 0.000605 0.044783 100.000000 9.803922
610 0.000440 0.049384 200.000000 10.752688
610 0.000386 0.062698 300.000000 11.627907
610 0.000955 0.086397 400.000000 11.695907
610 0.000820 0.139878 500.000000 11.792453
620 0.000655 0.041598 100.000000 8.928572
620 0.000537 0.056933 200.000000 10.810811
620 0.000459 0.070989 300.000000 11.583012
620 0.000974 0.102595 400.000000 11.695907
620 0.000835 0.156888 500.000000 11.574074
630 0.000657 0.046787 100.000000 8.695652
630 0.000590 0.067382 200.000000 10.810811
630 0.000479 0.081249 300.000000 11.538462
630 0.001003 0.118546 400.000000 11.730206
630 0.000876 0.171462 500.000000 11.441648
640 0.000885 0.052400 100.000000 8.695652
640 0.000657 0.081287 200.000000 10.869565
640 0.000583 0.095630 300.000000 11.494253
640 0.001055 0.141133 400.000000 11.730206
640 0.000912 0.192015 500.000000 11.337869
650 0.001308 0.065940 100.000000 8.695652
650 0.000710 0.099397 200.000000 10.928962
650 0.000704 0.114356 300.000000 11.406844
650 0.001132 0.165971 400.000000 11.764706
650 0.000982 0.215073 500.000000 11.185682
660 0.001245 0.073599 100.000000 8.849558
660 0.000652 0.097606 200.000000 10.989011
660 0.001172 0.109271 300.000000 11.363636
660 0.001112 0.167568 400.000000 11.799410
670 0.001009 0.076028 100.000000 9.090909
670 0.000625 0.086470 200.000000 11.111111
670 0.001280 0.097577 300.000000 11.406844
670 0.001111 0.164147 400.000000 11.869436
680 0.000727 0.065176 100.000000 9.523809
680 0.000509 0.069525 200.000000 11.363636
680 0.001285 0.085017 300.000000 11.538462
680 0.001082 0.155062 400.000000 11.976048
690 0.000565 0.053507 100.000000 10.101010
690 0.000390 0.055861 200.000000 11.764706
690 0.001279 0.074303 300.000000 11.811024
690 0.001057 0.148355 400.000000 12.121212
700 0.000637 0.054157 100.000000 10.869565
700 0.000475 0.060966 200.000000 12.195122
700 0.001308 0.084330 300.000000 12.096774
700 0.001067 0.159075 400.000000 12.232416
710 0.000700 0.046041 100.000000 11.627907
710 0.000525 0.053539 200.000000 12.658228
710 0.001314 0.082774 300.000000 12.396694
710 0.001057 0.155559 400.000000 12.383901
720 0.000787 0.024947 100.000000 12.500000
720 0.000591 0.038419 200.000000 13.071896
720 0.001236 0.071180 300.000000 12.711864
720 0.001032 0.140155 400.000000 12.422360
730 0.000798 0.022873 100.000000 13.333333
730 0.000601 0.037571 200.000000 13.422819
730 0.001175 0.068436 300.000000 12.931034
730 0.000972 0.131468 400.000000 12.422360
740 0.000846 0.031213 100.000000 13.888889
740 0.000582 0.044249 200.000000 13.605442
740 0.001182 0.079110 300.000000 13.100436
740 0.000998 0.139594 400.000000 12.383901
750 0.000722 0.028515 100.000000 14.285714
750 0.000625 0.038334 200.000000 13.605442
750 0.001192 0.084409 300.000000 13.215859
750 0.001011 0.146044 400.000000 12.269938
760 0.000615 0.018056 100.000000 14.285714
760 0.000642 0.022935 200.000000 13.422819
760 0.001180 0.080280 300.000000 13.215859
760 0.001004 0.138767 400.000000 12.084592
770 0.000599 0.015614 100.000000 14.084507
770 0.001294 0.020235 200.000000 13.071896
770 0.001165 0.081835 300.000000 13.215859
780 0.000449 0.011808 100.000000 13.888889
780 0.001569 0.021346 200.000000 12.820513
780 0.001195 0.107714 300.000000 13.100436
790 0.000476 0.014502 100.000000 13.698630
790 0.001639 0.041629 200.000000 12.738853
790 0.001221 0.132565 300.000000 12.711864
800 0.000433 0.006863 100.000000 13.333333
800 0.001622 0.050930 200.000000 12.658228
800 0.001144 0.138439 300.000000 12.244898
810 0.000348 0.005665 100.000000 13.157895
810 0.001620 0.076030 200.000000 12.658228
810 0.001167 0.156861 300.000000 11.904762
820 0.000589 0.007688 100.000000 12.820513
820 0.001636 0.091090 200.000000 12.658228
820 0.001185 0.165120 300.000000 11.627907
830 0.000720 0.011008 100.000000 12.345679
830 0.001674 0.115451 200.000000 12.658228
830 0.001235 0.180739 300.000000 11.363636
840 0.002484 0.026038 100.000000 12.048193
840 0.001691 0.137687 200.000000 12.658228
850 0.002917 0.033962 100.000000 11.764706
850 0.001688 0.156287 200.000000 12.578616
860 0.003046 0.057650 100.000000 11.627907
860 0.001717 0.177954 200.000000 12.269938
870 0.003067 0.091267 100.000000 11.764706
870 0.001626 0.200036 200.000000 11.764706
880 0.003004 0.117710 100.000000 11.904762
880 0.001572 0.208601 200.000000 11.363636
890 0.003093 0.163787 100.000000 12.048193
890 0.001642 0.235415 200.000000 11.111111
900 0.003091 0.193748 100.000000 12.345679
900 0.001605 0.247469 200.000000 10.989011
910 0.003124 0.220771 100.000000 12.658228
910 0.001640 0.254073 200.000000 10.810811
920 0.000999 0.040033 100.000000 12.987013
930 0.000751 0.023722 100.000000 13.333333
940 0.000745 0.015491 100.000000 13.157895
950 0.000577 0.025150 100.000000 12.048193
960 0.000857 0.026937 100.000000 10.989011
970 0.001153 0.026489 100.000000 10.204082
980 0.001143 0.022202 100.000000 9.708738
990 0.001063 0.033704 100.000000 9.090909
