0 0.000229 0.013840 100.000000 12.195122
0 0.000178 0.019425 200.000000 15.503876
0 0.000167 0.024921 300.000000 17.543859
0 0.000150 0.030660 400.000000 19.138756
0 0.000134 0.036537 500.000000 20.408163
0 0.000127 0.041936 600.000000 21.276596
0 0.000125 0.047809 700.000000 21.875000
0 0.000125 0.053628 800.000000 22.346369
10 0.000233 0.015490 100.000000 12.987013
10 0.000183 0.021146 200.000000 16.129032
10 0.000168 0.026799 300.000000 18.181818
10 0.000150 0.032958 400.000000 19.704433
10 0.000137 0.038754 500.000000 20.920502
10 0.000130 0.044382 600.000000 21.739130
10 0.000129 0.050426 700.000000 22.292994
10 0.000129 0.055960 800.000000 22.792023
20 0.000235 0.016648 100.000000 13.888889
20 0.000188 0.022495 200.000000 16.949152
20 0.000170 0.028543 300.000000 18.867924
20 0.000153 0.034690 400.000000 20.408163
20 0.000139 0.040890 500.000000 21.459227
20 0.000132 0.046495 600.000000 22.222221
20 0.000131 0.052301 700.000000 22.801304
20 0.000132 0.058149 800.000000 23.188406
30 0.000234 0.016680 100.000000 14.925373
30 0.000188 0.022800 200.000000 17.857143
30 0.000170 0.029106 300.000000 19.607843
30 0.000153 0.035717 400.000000 21.052631
30 0.000139 0.041366 500.000000 22.123894
30 0.000132 0.047108 600.000000 22.813688
30 0.000133 0.053263 700.000000 23.255814
30 0.000133 0.059212 800.000000 23.598820
40 0.000225 0.015786 100.000000 16.129032
40 0.000182 0.022103 200.000000 18.867924
40 0.000164 0.028719 300.000000 20.408163
40 0.000147 0.035482 400.000000 21.739130
40 0.000139 0.041211 500.000000 22.727272
40 0.000132 0.047067 600.000000 23.346304
40 0.000132 0.053222 700.000000 23.728813
40 0.000134 0.059232 800.000000 24.024025
50 0.000214 0.016088 100.000000 17.241379
50 0.000179 0.022084 200.000000 19.801981
50 0.000160 0.028331 300.000000 21.276596
50 0.000144 0.035398 400.000000 22.471910
50 0.000139 0.041391 500.000000 23.255814
50 0.000131 0.047443 600.000000 23.809525
50 0.000133 0.053482 700.000000 24.221453
50 0.000136 0.059683 800.000000 24.464832
60 0.000196 0.014334 100.000000 18.518518
60 0.000168 0.020510 200.000000 20.618557
60 0.000155 0.026948 300.000000 21.897810
60 0.000138 0.033942 400.000000 23.121387
60 0.000132 0.039970 500.000000 23.809525
60 0.000129 0.046192 600.000000 24.291498
60 0.000131 0.052539 700.000000 24.561403
60 0.000135 0.058372 800.000000 24.844721
70 0.000187 0.013549 100.000000 19.230770
70 0.000164 0.019511 200.000000 21.276596
70 0.000149 0.025833 300.000000 22.727272
70 0.000135 0.033277 400.000000 23.668638
70 0.000129 0.039298 500.000000 24.271845
70 0.000129 0.045330 600.000000 24.691359
70 0.000129 0.051615 700.000000 24.911032
70 0.000137 0.057423 800.000000 25.157232
80 0.000141 0.012599 100.000000 20.408163
80 0.000154 0.018320 200.000000 21.978022
80 0.000142 0.025226 300.000000 23.255814
80 0.000130 0.032894 400.000000 24.242424
80 0.000128 0.039188 500.000000 24.752476
80 0.000128 0.045693 600.000000 25.000000
80 0.000131 0.051660 700.000000 25.270758
80 0.000142 0.058301 800.000000 25.396826
90 0.000143 0.011575 100.000000 21.276596
90 0.000149 0.018489 200.000000 22.471910
90 0.000139 0.025960 300.000000 23.809525
90 0.000131 0.033055 400.000000 24.691359
90 0.000126 0.039490 500.000000 25.125628
90 0.000129 0.046107 600.000000 25.316456
90 0.000134 0.052216 700.000000 25.454546
90 0.000145 0.058619 800.000000 25.641026
100 0.000152 0.011756 100.000000 21.739130
100 0.000143 0.018254 200.000000 23.255814
100 0.000134 0.026551 300.000000 24.390244
100 0.000131 0.033830 400.000000 25.000000
100 0.000125 0.040125 500.000000 25.380711
100 0.000130 0.046605 600.000000 25.531916
100 0.000136 0.052437 700.000000 25.735294
100 0.000149 0.059500 800.000000 25.806452
110 0.000158 0.012068 100.000000 22.222221
110 0.000144 0.018453 200.000000 23.809525
110 0.000132 0.027680 300.000000 24.793388
110 0.000130 0.034417 400.000000 25.316456
110 0.000126 0.040918 500.000000 25.641026
110 0.000132 0.047025 600.000000 25.862068
110 0.000141 0.053253 700.000000 25.925926
110 0.000150 0.060459 800.000000 25.974026
120 0.000164 0.011683 100.000000 22.727272
120 0.000143 0.018766 200.000000 24.390244
120 0.000131 0.028184 300.000000 25.210085
120 0.000128 0.034456 400.000000 25.641026
120 0.000128 0.040651 500.000000 25.906736
120 0.000132 0.047042 600.000000 25.974026
120 0.000142 0.052855 700.000000 26.119404
120 0.000148 0.059993 800.000000 26.143791
130 0.000167 0.012727 100.000000 23.255814
130 0.000143 0.020316 200.000000 24.691359
130 0.000131 0.029370 300.000000 25.641026
130 0.000129 0.035663 400.000000 25.974026
130 0.000131 0.042118 500.000000 26.041666
130 0.000136 0.047829 600.000000 26.200872
130 0.000150 0.054517 700.000000 26.217228
130 0.000152 0.061467 800.000000 26.315790
140 0.000145 0.011785 100.000000 23.809525
140 0.000136 0.022028 200.000000 25.316456
140 0.000128 0.029963 300.000000 25.862068
140 0.000125 0.035907 400.000000 26.143791
140 0.000131 0.042312 500.000000 26.178011
140 0.000138 0.047760 600.000000 26.315790
140 0.000153 0.054766 700.000000 26.315790
140 0.000157 0.062105 800.000000 26.402639
150 0.000145 0.012341 100.000000 23.809525
150 0.000127 0.024069 200.000000 25.641026
150 0.000129 0.030246 300.000000 26.086956
150 0.000123 0.036285 400.000000 26.315790
150 0.000134 0.042551 500.000000 26.315790
150 0.000140 0.048026 600.000000 26.431719
150 0.000156 0.055110 700.000000 26.415094
150 0.000151 0.069348 800.000000 26.490067
160 0.000131 0.012209 100.000000 25.000000
160 0.000117 0.025042 200.000000 25.974026
160 0.000124 0.030266 300.000000 26.315790
160 0.000122 0.036166 400.000000 26.490067
160 0.000133 0.042331 500.000000 26.455027
160 0.000149 0.047995 600.000000 26.548672
160 0.000153 0.055294 700.000000 26.515152
160 0.000137 0.089831 800.000000 26.578074
170 0.000124 0.015646 100.000000 25.641026
170 0.000125 0.027525 200.000000 26.315790
170 0.000124 0.032375 300.000000 26.548672
170 0.000127 0.037515 400.000000 26.666666
170 0.000140 0.043312 500.000000 26.595745
170 0.000156 0.049466 600.000000 26.666666
170 0.000157 0.057069 700.000000 26.615969
170 0.000129 0.114233 800.000000 26.666666
180 0.000126 0.023546 100.000000 26.315790
180 0.000127 0.029883 200.000000 26.666666
180 0.000119 0.034001 300.000000 26.785715
180 0.000134 0.039387 400.000000 26.666666
180 0.000145 0.044068 500.000000 26.737968
180 0.000163 0.051020 600.000000 26.666666
180 0.000163 0.058393 700.000000 26.717558
180 0.000118 0.140451 800.000000 26.755854
190 0.000124 0.030260 100.000000 26.315790
190 0.000135 0.031496 200.000000 26.666666
190 0.000122 0.035763 300.000000 26.785715
190 0.000142 0.041164 400.000000 26.666666
190 0.000152 0.046143 500.000000 26.737968
190 0.000169 0.053524 600.000000 26.666666
190 0.000161 0.070277 700.000000 26.717558
190 0.000106 0.170355 800.000000 26.755854
200 0.000120 0.033128 100.000000 26.315790
200 0.000133 0.032436 200.000000 26.666666
200 0.000129 0.036703 300.000000 26.785715
200 0.000146 0.041858 400.000000 26.666666
200 0.000161 0.046915 500.000000 26.737968
200 0.000167 0.054683 600.000000 26.666666
200 0.000145 0.099128 700.000000 26.717558
200 0.000093 0.202272 800.000000 26.755854
210 0.000139 0.035318 100.000000 26.315790
210 0.000128 0.034588 200.000000 26.666666
210 0.000138 0.037876 300.000000 26.785715
210 0.000155 0.042535 400.000000 26.666666
210 0.000177 0.049119 500.000000 26.595745
210 0.000170 0.056520 600.000000 26.666666
210 0.000133 0.131503 700.000000 26.717558
210 0.000093 0.233637 800.000000 26.755854
220 0.000177 0.032554 100.000000 26.315790
220 0.000129 0.034410 200.000000 26.666666
220 0.000154 0.039628 300.000000 26.548672
220 0.000168 0.044885 400.000000 26.490067
220 0.000190 0.052542 500.000000 26.595745
220 0.000189 0.062100 600.000000 26.548672
220 0.000125 0.165941 700.000000 26.717558
220 0.000100 0.246942 800.000000 26.666666
230 0.000148 0.029063 100.000000 26.315790
230 0.000130 0.034141 200.000000 26.315790
230 0.000150 0.038583 300.000000 26.548672
230 0.000169 0.043726 400.000000 26.490067
230 0.000182 0.051463 500.000000 26.595745
230 0.000167 0.081187 600.000000 26.666666
230 0.000102 0.203808 700.000000 26.615969
230 0.000104 0.246921 800.000000 26.578074
240 0.000160 0.031828 100.000000 25.641026
240 0.000136 0.033986 200.000000 26.315790
240 0.000161 0.039100 300.000000 26.315790
240 0.000181 0.044608 400.000000 26.490067
240 0.000181 0.052826 500.000000 26.455027
240 0.000147 0.121442 600.000000 26.548672
240 0.000088 0.239644 700.000000 26.615969
240 0.000106 0.247080 800.000000 26.578074
250 0.000122 0.030615 100.000000 25.641026
250 0.000144 0.034745 200.000000 26.315790
250 0.000164 0.037829 300.000000 26.315790
250 0.000184 0.044285 400.000000 26.490067
250 0.000180 0.052410 500.000000 26.455027
250 0.000126 0.160827 600.000000 26.548672
250 0.000090 0.275023 700.000000 26.615969
250 0.000101 0.246502 800.000000 26.490067
260 0.000117 0.031471 100.000000 25.641026
260 0.000152 0.034878 200.000000 26.315790
260 0.000171 0.038238 300.000000 26.315790
260 0.000197 0.045869 400.000000 26.490067
260 0.000188 0.060334 500.000000 26.455027
260 0.000110 0.200710 600.000000 26.548672
260 0.000094 0.276645 700.000000 26.615969
260 0.000106 0.246842 800.000000 26.402639
270 0.000126 0.034016 100.000000 25.641026
270 0.000163 0.036370 200.000000 26.315790
270 0.000188 0.039895 300.000000 26.315790
270 0.000194 0.047637 400.000000 26.490067
270 0.000164 0.102708 500.000000 26.455027
270 0.000093 0.244532 600.000000 26.548672
270 0.000108 0.277139 700.000000 26.515152
270 0.000107 0.247248 800.000000 26.402639
280 0.000136 0.031976 100.000000 25.641026
280 0.000169 0.034716 200.000000 25.974026
280 0.000194 0.039851 300.000000 26.315790
280 0.000188 0.048096 400.000000 26.315790
280 0.000140 0.149554 500.000000 26.455027
280 0.000079 0.286139 600.000000 26.548672
280 0.000102 0.276542 700.000000 26.515152
280 0.000106 0.247118 800.000000 26.315790
290 0.000196 0.035461 100.000000 25.641026
290 0.000203 0.036491 200.000000 25.974026
290 0.000227 0.044252 300.000000 26.315790
290 0.000208 0.052949 400.000000 26.315790
290 0.000128 0.199656 500.000000 26.455027
290 0.000093 0.316507 600.000000 26.548672
290 0.000107 0.276726 700.000000 26.415094
290 0.000113 0.247712 800.000000 26.315790
300 0.000252 0.036994 100.000000 25.641026
300 0.000230 0.039862 200.000000 25.974026
300 0.000239 0.048289 300.000000 26.315790
300 0.000207 0.077205 400.000000 26.315790
300 0.000115 0.248865 500.000000 26.455027
300 0.000106 0.317401 600.000000 26.548672
300 0.000114 0.277148 700.000000 26.415094
300 0.000117 0.248163 800.000000 26.315790
310 0.000242 0.036758 100.000000 25.641026
310 0.000250 0.040424 200.000000 25.974026
310 0.000223 0.048859 300.000000 26.315790
310 0.000175 0.129379 400.000000 26.490067
310 0.000095 0.296052 500.000000 26.595745
310 0.000116 0.317348 600.000000 26.431719
310 0.000110 0.277119 700.000000 26.315790
310 0.000114 0.247387 800.000000 26.315790
320 0.000235 0.032357 100.000000 25.641026
320 0.000260 0.039922 200.000000 25.974026
320 0.000213 0.047268 300.000000 26.315790
320 0.000143 0.189009 400.000000 26.490067
320 0.000077 0.346148 500.000000 26.595745
320 0.000103 0.316436 600.000000 26.431719
320 0.000108 0.276522 700.000000 26.315790
320 0.000114 0.246316 800.000000 26.315790
330 0.000225 0.029578 100.000000 25.641026
330 0.000254 0.039293 200.000000 25.974026
330 0.000220 0.047441 300.000000 26.315790
330 0.000113 0.252563 400.000000 26.490067
330 0.000075 0.372553 500.000000 26.595745
330 0.000099 0.315743 600.000000 26.315790
330 0.000107 0.276178 700.000000 26.217228
330 0.000112 0.245530 800.000000 26.315790
340 0.000234 0.028410 100.000000 25.641026
340 0.000238 0.038070 200.000000 25.974026
340 0.000190 0.097151 300.000000 26.315790
340 0.000077 0.314601 400.000000 26.490067
340 0.000081 0.373100 500.000000 26.455027
340 0.000093 0.315493 600.000000 26.315790
340 0.000099 0.275271 700.000000 26.217228
340 0.000108 0.244625 800.000000 26.315790
350 0.000251 0.030523 100.000000 25.641026
350 0.000229 0.039059 200.000000 25.974026
350 0.000153 0.172717 300.000000 26.548672
350 0.000058 0.379762 400.000000 26.490067
350 0.000085 0.373178 500.000000 26.455027
350 0.000087 0.315692 600.000000 26.315790
350 0.000097 0.274507 700.000000 26.217228
350 0.000108 0.243970 800.000000 26.315790
360 0.000292 0.034339 100.000000 25.641026
360 0.000207 0.039338 200.000000 25.974026
360 0.000098 0.266110 300.000000 26.315790
360 0.000044 0.444239 400.000000 26.490067
360 0.000078 0.372833 500.000000 26.315790
360 0.000087 0.315757 600.000000 26.200872
360 0.000098 0.274239 700.000000 26.217228
360 0.000107 0.243493 800.000000 26.402639
370 0.000306 0.035891 100.000000 25.641026
370 0.000236 0.047568 200.000000 25.974026
370 0.000072 0.340998 300.000000 26.548672
370 0.000040 0.459973 400.000000 26.490067
370 0.000073 0.372890 500.000000 26.315790
370 0.000088 0.315828 600.000000 26.200872
370 0.000097 0.273796 700.000000 26.315790
370 0.000110 0.243619 800.000000 26.402639
380 0.000260 0.034366 100.000000 25.641026
380 0.000145 0.152901 200.000000 26.315790
380 0.000028 0.429138 300.000000 26.548672
380 0.000048 0.459720 400.000000 26.490067
380 0.000067 0.372402 500.000000 26.315790
380 0.000077 0.314770 600.000000 26.200872
380 0.000092 0.272750 700.000000 26.315790
380 0.000106 0.243032 800.000000 26.402639
390 0.000197 0.031994 100.000000 25.641026
390 0.000085 0.281538 200.000000 26.315790
390 0.000046 0.514970 300.000000 26.548672
390 0.000038 0.459094 400.000000 26.315790
390 0.000056 0.372065 500.000000 26.178011
390 0.000069 0.313132 600.000000 26.200872
390 0.000085 0.271168 700.000000 26.315790
390 0.000104 0.241754 800.000000 26.490067
400 0.000192 0.031706 100.000000 25.641026
400 0.000044 0.410211 200.000000 26.315790
400 0.000043 0.599683 300.000000 26.548672
400 0.000020 0.457739 400.000000 26.315790
400 0.000050 0.371594 500.000000 26.178011
400 0.000069 0.312412 600.000000 26.200872
400 0.000086 0.270514 700.000000 26.315790
400 0.000103 0.240924 800.000000 26.490067
410 0.000174 0.085185 100.000000 25.641026
410 0.000063 0.535132 200.000000 26.315790
410 0.000048 0.603546 300.000000 26.315790
410 0.000023 0.457911 400.000000 26.143791
410 0.000048 0.371379 500.000000 26.041666
410 0.000066 0.311676 600.000000 26.200872
410 0.000087 0.270142 700.000000 26.415094
410 0.000104 0.240866 800.000000 26.490067
420 0.000046 0.352429 100.000000 25.641026
420 0.000120 0.669754 200.000000 26.315790
420 0.000055 0.603677 300.000000 26.315790
420 0.000032 0.457994 400.000000 26.143791
420 0.000047 0.370498 500.000000 26.041666
420 0.000068 0.311122 600.000000 26.200872
420 0.000090 0.270561 700.000000 26.415094
420 0.000106 0.241148 800.000000 26.490067
430 0.000053 0.584203 100.000000 26.315790
430 0.000168 0.798294 200.000000 26.315790
430 0.000054 0.602813 300.000000 26.315790
430 0.000043 0.457753 400.000000 26.143791
430 0.000059 0.369636 500.000000 26.041666
430 0.000076 0.310383 600.000000 26.315790
430 0.000096 0.270251 700.000000 26.415094
430 0.000115 0.240967 800.000000 26.490067
440 0.000191 0.842546 100.000000 26.315790
440 0.000159 0.888831 200.000000 26.315790
440 0.000057 0.601112 300.000000 26.086956
440 0.000047 0.457057 400.000000 25.974026
440 0.000059 0.368387 500.000000 26.178011
440 0.000078 0.309624 600.000000 26.315790
440 0.000099 0.269805 700.000000 26.415094
440 0.000108 0.240108 800.000000 26.402639
450 0.000296 0.989710 100.000000 26.315790
450 0.000136 0.839677 200.000000 26.315790
450 0.000052 0.566912 300.000000 26.086956
450 0.000044 0.430827 400.000000 25.974026
450 0.000061 0.347106 500.000000 26.178011
450 0.000089 0.292748 600.000000 26.315790
450 0.000104 0.255316 700.000000 26.415094
450 0.000107 0.228179 800.000000 26.402639
460 0.000297 1.009265 100.000000 25.641026
460 0.000082 0.702660 200.000000 25.974026
460 0.000039 0.475662 300.000000 25.862068
460 0.000056 0.361333 400.000000 25.806452
460 0.000082 0.291925 500.000000 26.041666
460 0.000110 0.248206 600.000000 26.315790
460 0.000121 0.217670 700.000000 26.415094
460 0.000114 0.196931 800.000000 26.229507
470 0.000231 1.011787 100.000000 25.641026
470 0.000059 0.573216 200.000000 25.974026
470 0.000068 0.390242 300.000000 25.641026
470 0.000087 0.296775 400.000000 25.806452
470 0.000103 0.240611 500.000000 26.178011
470 0.000126 0.206112 600.000000 26.315790
470 0.000132 0.182569 700.000000 26.315790
470 0.000112 0.168479 800.000000 26.229507
480 0.000117 0.858220 100.000000 25.641026
480 0.000075 0.440850 200.000000 25.641026
480 0.000101 0.303059 300.000000 25.641026
480 0.000114 0.231216 400.000000 25.806452
480 0.000128 0.189505 500.000000 26.178011
480 0.000147 0.164950 600.000000 26.315790
480 0.000149 0.148907 700.000000 26.315790
480 0.000125 0.141408 800.000000 26.058632
490 0.000099 0.607962 100.000000 25.641026
490 0.000129 0.315090 200.000000 25.316456
490 0.000131 0.218435 300.000000 25.641026
490 0.000142 0.168856 400.000000 25.974026
490 0.000157 0.142450 500.000000 26.178011
490 0.000168 0.128162 600.000000 26.315790
490 0.000158 0.120679 700.000000 26.217228
490 0.000149 0.118663 800.000000 25.974026
500 0.000239 0.347165 100.000000 25.000000
500 0.000186 0.186161 200.000000 25.316456
500 0.000171 0.132271 300.000000 25.641026
500 0.000176 0.107466 400.000000 25.974026
500 0.000186 0.098364 500.000000 26.178011
500 0.000188 0.095533 600.000000 26.315790
500 0.000169 0.097256 700.000000 26.119404
500 0.000168 0.102964 800.000000 25.806452
510 0.000231 0.086458 100.000000 25.000000
510 0.000188 0.059955 200.000000 25.000000
510 0.000182 0.051999 300.000000 25.641026
510 0.000180 0.052312 400.000000 25.974026
510 0.000192 0.058781 500.000000 26.178011
510 0.000191 0.066390 600.000000 26.200872
510 0.000166 0.074151 700.000000 26.022305
510 0.000164 0.093184 800.000000 25.641026
520 0.000236 0.028694 100.000000 24.390244
520 0.000201 0.034466 200.000000 25.000000
520 0.000186 0.037255 300.000000 25.641026
520 0.000195 0.044702 400.000000 25.974026
520 0.000199 0.053570 500.000000 26.315790
520 0.000189 0.063108 600.000000 26.200872
520 0.000169 0.070925 700.000000 26.022305
520 0.000164 0.108158 800.000000 25.477707
530 0.000177 0.024824 100.000000 24.390244
530 0.000154 0.028325 200.000000 25.316456
530 0.000164 0.031755 300.000000 25.862068
530 0.000174 0.039777 400.000000 26.143791
530 0.000186 0.049169 500.000000 26.315790
530 0.000171 0.058002 600.000000 26.200872
530 0.000163 0.066046 700.000000 25.830257
530 0.000162 0.117053 800.000000 25.396826
540 0.000167 0.024501 100.000000 24.390244
540 0.000150 0.025266 200.000000 25.316456
540 0.000161 0.029941 300.000000 25.862068
540 0.000178 0.038480 400.000000 26.315790
540 0.000186 0.048117 500.000000 26.315790
540 0.000162 0.057010 600.000000 26.086956
540 0.000161 0.067001 700.000000 25.735294
540 0.000171 0.117117 800.000000 25.157232
550 0.000157 0.027579 100.000000 24.390244
550 0.000159 0.025372 200.000000 25.641026
550 0.000167 0.029715 300.000000 26.086956
550 0.000182 0.038877 400.000000 26.315790
550 0.000181 0.048170 500.000000 26.315790
550 0.000159 0.056984 600.000000 26.086956
550 0.000156 0.082144 700.000000 25.641026
550 0.000173 0.117329 800.000000 24.922119
560 0.000168 0.026967 100.000000 25.000000
560 0.000167 0.024734 200.000000 25.641026
560 0.000181 0.030883 300.000000 26.315790
560 0.000189 0.040306 400.000000 26.490067
560 0.000179 0.049798 500.000000 26.315790
560 0.000162 0.058155 600.000000 26.086956
560 0.000154 0.108039 700.000000 25.547445
560 0.000182 0.118007 800.000000 24.464832
570 0.000142 0.022606 100.000000 25.000000
570 0.000160 0.023174 200.000000 25.974026
570 0.000191 0.031636 300.000000 26.315790
570 0.000190 0.041406 400.000000 26.490067
570 0.000168 0.050285 500.000000 26.315790
570 0.000161 0.058058 600.000000 25.974026
570 0.000163 0.123300 700.000000 25.362318
570 0.000188 0.117184 800.000000 24.024025
580 0.000142 0.017537 100.000000 25.000000
580 0.000162 0.021446 200.000000 26.315790
580 0.000191 0.031647 300.000000 26.548672
580 0.000194 0.041377 400.000000 26.666666
580 0.000162 0.050485 500.000000 26.315790
580 0.000162 0.062901 600.000000 25.751074
580 0.000170 0.123752 700.000000 25.089605
580 0.000192 0.113691 800.000000 23.529411
590 0.000165 0.015602 100.000000 25.641026
590 0.000178 0.021462 200.000000 26.315790
590 0.000196 0.032247 300.000000 26.548672
590 0.000187 0.041848 400.000000 26.490067
590 0.000155 0.050733 500.000000 26.178011
590 0.000157 0.085236 600.000000 25.641026
590 0.000176 0.123981 700.000000 24.734982
590 0.000192 0.108042 800.000000 22.988506
600 0.000163 0.013738 100.000000 25.641026
600 0.000189 0.021475 200.000000 26.666666
600 0.000199 0.032351 300.000000 26.785715
600 0.000186 0.042138 400.000000 26.490067
600 0.000161 0.050724 500.000000 26.178011
600 0.000153 0.121456 600.000000 25.423729
600 0.000184 0.123992 700.000000 24.221453
600 0.000190 0.101393 800.000000 22.535212
610 0.000178 0.014798 100.000000 26.315790
610 0.000204 0.025972 200.000000 26.666666
610 0.000207 0.036267 300.000000 26.785715
610 0.000174 0.045366 400.000000 26.490067
610 0.000171 0.053666 500.000000 25.906736
610 0.000169 0.135621 600.000000 25.210085
610 0.000196 0.124092 700.000000 23.648649
610 0.000190 0.096043 800.000000 22.160666
620 0.000169 0.013934 100.000000 26.315790
620 0.000194 0.025551 200.000000 26.666666
620 0.000212 0.035464 300.000000 26.785715
620 0.000152 0.044684 400.000000 26.315790
620 0.000161 0.063491 500.000000 25.641026
620 0.000177 0.136008 600.000000 24.896265
620 0.000197 0.119562 700.000000 23.026316
620 0.000182 0.089627 800.000000 21.798365
630 0.000190 0.015398 100.000000 26.315790
630 0.000209 0.027235 200.000000 26.666666
630 0.000196 0.036001 300.000000 26.548672
630 0.000160 0.045401 400.000000 26.143791
630 0.000152 0.102652 500.000000 25.380711
630 0.000174 0.136439 600.000000 24.390244
630 0.000197 0.113748 700.000000 22.508039
630 0.000175 0.084572 800.000000 21.447721
640 0.000239 0.020346 100.000000 26.315790
640 0.000218 0.030051 200.000000 26.666666
640 0.000187 0.039034 300.000000 26.315790
640 0.000166 0.047783 400.000000 25.806452
640 0.000151 0.150692 500.000000 25.125628
640 0.000194 0.137184 600.000000 23.715416
640 0.000195 0.107615 700.000000 21.943573
640 0.000172 0.080248 800.000000 21.052631
650 0.000249 0.025983 100.000000 26.315790
650 0.000217 0.032164 200.000000 26.666666
650 0.000169 0.040287 300.000000 26.086956
650 0.000168 0.048875 400.000000 25.477707
650 0.000175 0.156281 500.000000 24.752476
650 0.000199 0.135471 600.000000 22.988506
650 0.000193 0.101702 700.000000 21.472393
650 0.000168 0.077734 800.000000 20.618557
660 0.000239 0.025647 100.000000 26.315790
660 0.000205 0.032460 200.000000 26.315790
660 0.000147 0.041386 300.000000 25.862068
660 0.000160 0.080209 400.000000 25.157232
660 0.000178 0.156919 500.000000 24.271845
660 0.000200 0.130084 600.000000 22.222221
660 0.000182 0.096494 700.000000 21.021021
660 0.000153 0.078550 800.000000 20.151133
670 0.000241 0.026009 100.000000 26.315790
670 0.000208 0.032719 200.000000 25.974026
670 0.000135 0.041462 300.000000 25.641026
670 0.000138 0.140150 400.000000 24.844721
670 0.000181 0.156449 500.000000 23.584906
670 0.000196 0.123192 600.000000 21.582733
670 0.000175 0.092103 700.000000 20.648968
670 0.000143 0.081820 800.000000 19.704433
680 0.000220 0.025081 100.000000 26.315790
680 0.000168 0.031961 200.000000 25.641026
680 0.000145 0.040742 300.000000 25.210085
680 0.000140 0.186412 400.000000 24.390244
680 0.000193 0.155425 500.000000 22.727272
680 0.000190 0.116868 600.000000 21.052631
680 0.000168 0.088853 700.000000 20.231215
680 0.000144 0.085730 800.000000 19.323671
690 0.000244 0.023987 100.000000 25.641026
690 0.000131 0.032208 200.000000 25.316456
690 0.000147 0.052983 300.000000 24.793388
690 0.000163 0.186881 400.000000 23.952095
690 0.000203 0.151146 500.000000 21.929825
690 0.000180 0.111284 600.000000 20.547945
690 0.000156 0.087900 700.000000 19.774012
700 0.000179 0.020542 100.000000 25.000000
700 0.000129 0.035016 200.000000 25.000000
700 0.000125 0.120276 300.000000 24.390244
700 0.000167 0.187115 400.000000 23.391813
700 0.000192 0.145580 500.000000 21.186441
700 0.000171 0.108262 600.000000 20.134228
700 0.000141 0.091387 700.000000 19.230770
710 0.000147 0.021981 100.000000 25.000000
710 0.000139 0.039529 200.000000 24.691359
710 0.000116 0.206158 300.000000 24.000000
710 0.000178 0.186608 400.000000 22.598869
710 0.000187 0.139807 500.000000 20.576132
710 0.000162 0.105690 600.000000 19.736841
710 0.000130 0.095036 700.000000 18.817204
720 0.000126 0.026145 100.000000 24.390244
720 0.000155 0.040532 200.000000 24.390244
720 0.000129 0.240292 300.000000 23.622047
720 0.000198 0.185030 400.000000 21.621622
720 0.000179 0.134779 500.000000 20.000000
720 0.000157 0.103715 600.000000 19.292604
720 0.000135 0.098751 700.000000 18.469658
730 0.000155 0.034994 100.000000 24.390244
730 0.000138 0.084741 200.000000 23.809525
730 0.000155 0.242512 300.000000 23.076923
730 0.000200 0.181617 400.000000 20.833334
730 0.000176 0.131448 500.000000 19.531250
730 0.000144 0.104852 600.000000 18.808777
740 0.000155 0.049446 100.000000 23.809525
740 0.000103 0.193511 200.000000 23.529411
740 0.000161 0.243020 300.000000 22.388060
740 0.000204 0.176383 400.000000 20.100502
740 0.000171 0.128693 500.000000 19.157087
740 0.000131 0.107520 600.000000 18.348623
750 0.000155 0.053553 100.000000 23.809525
750 0.000098 0.319418 200.000000 22.988506
750 0.000199 0.240707 300.000000 21.428572
750 0.000196 0.168995 400.000000 19.417477
750 0.000167 0.124825 500.000000 18.796993
750 0.000132 0.109826 600.000000 17.964071
760 0.000192 0.053140 100.000000 23.255814
760 0.000174 0.348647 200.000000 22.727272
760 0.000235 0.237600 300.000000 20.547945
760 0.000212 0.161204 400.000000 18.867924
760 0.000182 0.119551 500.000000 18.315018
760 0.000154 0.111470 600.000000 17.647058
770 0.000177 0.133369 100.000000 22.727272
770 0.000243 0.346655 200.000000 21.978022
770 0.000266 0.229850 300.000000 19.607843
770 0.000225 0.153922 400.000000 18.518518
770 0.000184 0.117144 500.000000 17.857143
780 0.000195 0.341697 100.000000 22.222221
780 0.000258 0.342159 200.000000 21.276596
780 0.000280 0.219040 300.000000 18.867924
780 0.000228 0.146909 400.000000 18.099548
780 0.000177 0.117731 500.000000 17.421602
790 0.000185 0.564994 100.000000 21.739130
790 0.000278 0.335280 200.000000 20.202021
790 0.000261 0.207414 300.000000 18.181818
790 0.000221 0.141342 400.000000 17.777779
790 0.000172 0.119903 500.000000 17.064846
800 0.000298 0.646892 100.000000 21.739130
800 0.000314 0.331743 200.000000 19.230770
800 0.000274 0.199801 300.000000 17.751480
800 0.000226 0.137761 400.000000 17.391304
800 0.000184 0.123469 500.000000 16.778524
810 0.000344 0.600297 100.000000 21.276596
810 0.000324 0.301002 200.000000 18.348623
810 0.000255 0.178819 300.000000 17.341040
810 0.000214 0.125965 400.000000 17.021276
820 0.000364 0.430899 100.000000 20.000000
820 0.000322 0.208467 200.000000 17.543859
820 0.000243 0.119559 300.000000 17.045454
820 0.000193 0.087609 400.000000 16.597511
830 0.000356 0.212140 100.000000 18.867924
830 0.000318 0.093735 200.000000 16.949152
830 0.000243 0.044811 300.000000 16.759777
830 0.000170 0.039724 400.000000 16.194332
840 0.000436 0.035368 100.000000 17.543859
840 0.000308 0.021209 200.000000 16.260162
840 0.000228 0.019434 300.000000 16.393442
840 0.000166 0.014618 400.000000 15.936255
850 0.000355 0.024872 100.000000 16.666666
850 0.000253 0.014030 200.000000 15.873015
850 0.000187 0.019209 300.000000 16.042780
860 0.000326 0.017102 100.000000 15.625000
860 0.000208 0.013800 200.000000 15.748032
860 0.000160 0.018970 300.000000 15.706806
870 0.000292 0.013534 100.000000 15.151515
870 0.000202 0.015149 200.000000 15.625000
870 0.000155 0.017170 300.000000 15.463918
880 0.000296 0.015068 100.000000 14.925373
880 0.000207 0.018140 200.000000 15.625000
880 0.000155 0.017288 300.000000 15.306123
890 0.000237 0.013723 100.000000 14.925373
890 0.000191 0.019213 200.000000 15.625000
890 0.000149 0.014713 300.000000 15.306123
900 0.000255 0.014348 100.000000 14.925373
900 0.000192 0.019078 200.000000 15.625000
900 0.000141 0.012532 300.000000 15.306123
910 0.000250 0.017136 100.000000 14.925373
910 0.000211 0.021998 200.000000 15.625000
920 0.000246 0.016596 100.000000 15.384615
920 0.000225 0.021222 200.000000 15.625000
930 0.000217 0.013642 100.000000 15.625000
930 0.000214 0.017180 200.000000 15.503876
940 0.000214 0.014491 100.000000 15.873015
940 0.000209 0.015477 200.000000 15.384615
950 0.000219 0.015324 100.000000 16.129032
950 0.000183 0.013909 200.000000 15.384615
960 0.000209 0.014769 100.000000 16.129032
960 0.000165 0.010460 200.000000 15.384615
970 0.000227 0.015684 100.000000 16.129032
970 0.000149 0.010079 200.000000 15.384615
980 0.000257 0.017054 100.000000 15.625000
990 0.000288 0.017074 100.000000 15.151515
1000 0.000239 0.011839 100.000000 14.705882
1010 0.000194 0.007933 100.000000 14.492754
1020 0.000147 0.004649 100.000000 14.285714
1030 0.000104 0.007215 100.000000 14.492754
