0 0.000648 0.016214 100.000000 11.627907
0 0.000442 0.042167 200.000000 12.048193
0 0.000546 0.049622 300.000000 10.309278
0 0.000956 0.049226 400.000000 10.282776
0 0.000889 0.112249 500.000000 10.351967
0 0.000849 0.165127 600.000000 10.791367
0 0.000795 0.214213 700.000000 11.146497
0 0.000919 0.207766 800.000000 10.810811
10 0.000652 0.033479 100.000000 11.627907
10 0.000394 0.052767 200.000000 12.048193
10 0.001177 0.036178 300.000000 9.771987
10 0.000943 0.065359 400.000000 10.335917
10 0.000869 0.124628 500.000000 10.330579
10 0.000842 0.175506 600.000000 10.810811
10 0.000784 0.222860 700.000000 11.164274
10 0.000905 0.195576 800.000000 10.796222
20 0.000660 0.036972 100.000000 11.764706
20 0.000424 0.060260 200.000000 11.904762
20 0.001250 0.030937 300.000000 9.646302
20 0.000973 0.075518 400.000000 10.389610
20 0.000875 0.132881 500.000000 10.351967
20 0.000867 0.184333 600.000000 10.830325
20 0.000795 0.229954 700.000000 11.182109
20 0.000913 0.184255 800.000000 10.810811
30 0.000576 0.026677 100.000000 11.764706
30 0.000405 0.060673 200.000000 11.560694
30 0.001223 0.016361 300.000000 9.615385
30 0.000991 0.087004 400.000000 10.416667
30 0.000882 0.142156 500.000000 10.373444
30 0.000885 0.192826 600.000000 10.869565
30 0.000801 0.238771 700.000000 11.182109
30 0.000918 0.173304 800.000000 10.840109
40 0.000576 0.030547 100.000000 11.904762
40 0.000407 0.055074 200.000000 11.111111
40 0.001146 0.013162 300.000000 9.646302
40 0.000990 0.101538 400.000000 10.443864
40 0.000891 0.151060 500.000000 10.416667
40 0.000872 0.199872 600.000000 10.909091
40 0.000800 0.241622 700.000000 11.182109
40 0.000912 0.160398 800.000000 10.869565
50 0.000409 0.028316 100.000000 11.904762
50 0.000369 0.044547 200.000000 10.752688
50 0.001119 0.029660 300.000000 9.677420
50 0.000986 0.109963 400.000000 10.443864
50 0.000909 0.159412 500.000000 10.460251
50 0.000857 0.208044 600.000000 10.928962
50 0.000810 0.245965 700.000000 11.128776
50 0.000904 0.147508 800.000000 10.899182
60 0.000339 0.033746 100.000000 12.048193
60 0.000360 0.035229 200.000000 10.526316
60 0.001092 0.052660 300.000000 9.708738
60 0.000992 0.115395 400.000000 10.309278
60 0.000894 0.167348 500.000000 10.504202
60 0.000836 0.213393 600.000000 10.968922
60 0.000862 0.246409 700.000000 10.920437
60 0.000894 0.134216 800.000000 10.928962
70 0.000578 0.034974 100.000000 12.048193
70 0.000508 0.036199 200.000000 10.309278
70 0.001147 0.059011 300.000000 9.771987
70 0.001035 0.122861 400.000000 10.152285
70 0.000938 0.177843 500.000000 10.548523
70 0.000869 0.226543 600.000000 10.989011
70 0.001069 0.243653 700.000000 10.736197
70 0.000914 0.125566 800.000000 10.958904
80 0.000432 0.042099 100.000000 12.195122
80 0.000575 0.033197 200.000000 9.900990
80 0.001117 0.077885 300.000000 9.803922
80 0.001009 0.134021 400.000000 10.050251
80 0.000927 0.185536 500.000000 10.570825
80 0.000851 0.231009 600.000000 11.029411
80 0.000985 0.226781 700.000000 10.670732
80 0.000896 0.112502 800.000000 10.989011
90 0.000292 0.058914 100.000000 12.195122
90 0.000904 0.013279 200.000000 9.216590
90 0.001076 0.093939 300.000000 9.868421
90 0.000961 0.144049 400.000000 10.000000
90 0.000903 0.190614 500.000000 10.615711
90 0.000833 0.234778 600.000000 11.049724
90 0.000960 0.210418 700.000000 10.670732
90 0.000886 0.099946 800.000000 11.019283
100 0.000209 0.066841 100.000000 12.048193
100 0.001517 0.010463 200.000000 8.849558
100 0.001061 0.109098 300.000000 9.933775
100 0.000945 0.153128 400.000000 10.000000
100 0.000900 0.197795 500.000000 10.638298
100 0.000822 0.239019 600.000000 11.070110
100 0.000952 0.195170 700.000000 10.670732
100 0.000878 0.087538 800.000000 11.034483
110 0.000239 0.072216 100.000000 11.494253
110 0.001611 0.018424 200.000000 8.733624
110 0.001117 0.120553 300.000000 9.966778
110 0.000969 0.164422 400.000000 10.025063
110 0.000946 0.210114 500.000000 10.660981
110 0.000847 0.251528 600.000000 11.070110
110 0.000969 0.185258 700.000000 10.687023
110 0.000895 0.078385 800.000000 11.049724
120 0.000276 0.064633 100.000000 10.526316
120 0.001486 0.039074 200.000000 8.733624
120 0.001150 0.133915 300.000000 10.000000
120 0.000992 0.173041 400.000000 10.075566
120 0.000962 0.219119 500.000000 10.683761
120 0.000852 0.257559 600.000000 11.049724
120 0.000974 0.170800 700.000000 10.703364
120 0.000899 0.067184 800.000000 11.065007
130 0.000284 0.046103 100.000000 9.803922
130 0.001453 0.061995 200.000000 8.771930
130 0.001153 0.145074 300.000000 10.000000
130 0.001026 0.181740 400.000000 10.101010
130 0.000938 0.227019 500.000000 10.706638
130 0.000842 0.260964 600.000000 11.009174
130 0.000964 0.156038 700.000000 10.736197
130 0.000904 0.054940 800.000000 11.065007
140 0.000385 0.036229 100.000000 9.345795
140 0.001479 0.083576 200.000000 8.771930
140 0.001224 0.141373 300.000000 9.836065
140 0.001023 0.191664 400.000000 10.126582
140 0.000938 0.235902 500.000000 10.729613
140 0.000930 0.267376 600.000000 10.791367
140 0.000974 0.143020 700.000000 10.769231
140 0.000901 0.044727 800.000000 11.080333
150 0.000497 0.054621 100.000000 8.928572
150 0.001464 0.108147 200.000000 8.810573
150 0.001210 0.150979 300.000000 9.584664
150 0.001044 0.201368 400.000000 10.152285
150 0.000939 0.243916 500.000000 10.752688
150 0.001169 0.257719 600.000000 10.526316
150 0.000973 0.128134 700.000000 10.785825
150 0.000913 0.035576 800.000000 11.080333
160 0.000704 0.082247 100.000000 8.264462
160 0.001450 0.125660 200.000000 8.888889
160 0.001198 0.162604 300.000000 9.433962
160 0.001049 0.210046 400.000000 10.178117
160 0.000932 0.251513 500.000000 10.775862
160 0.001074 0.240911 600.000000 10.434783
160 0.000961 0.113433 700.000000 10.802469
160 0.000911 0.029099 800.000000 11.080333
170 0.001613 0.073273 100.000000 7.299270
170 0.001503 0.144913 200.000000 8.928572
170 0.001205 0.176908 300.000000 9.375000
170 0.001074 0.222155 400.000000 10.230179
170 0.000954 0.265109 500.000000 10.799136
170 0.001084 0.230586 600.000000 10.416667
170 0.000983 0.103902 700.000000 10.835914
170 0.000916 0.026704 800.000000 11.095700
180 0.002893 0.088272 100.000000 6.896552
180 0.001513 0.163019 200.000000 9.049774
180 0.001209 0.187033 300.000000 9.404388
180 0.001083 0.230304 400.000000 10.282776
180 0.000953 0.270930 500.000000 10.845987
180 0.001088 0.216421 600.000000 10.434783
180 0.000980 0.091798 700.000000 10.869565
180 0.000921 0.027942 800.000000 11.095700
190 0.002947 0.098850 100.000000 6.896552
190 0.001560 0.176568 200.000000 9.216590
190 0.001202 0.195948 300.000000 9.493670
190 0.001107 0.237825 400.000000 10.362695
190 0.000958 0.277108 500.000000 10.893247
190 0.001087 0.203597 600.000000 10.489511
190 0.000985 0.081945 700.000000 10.920437
190 0.000922 0.031524 800.000000 11.126565
200 0.002925 0.111750 100.000000 7.092198
200 0.001601 0.189806 200.000000 9.389671
200 0.001215 0.205995 300.000000 9.646302
200 0.001133 0.247090 400.000000 10.498688
200 0.000969 0.286134 500.000000 10.989011
200 0.001092 0.197480 600.000000 10.582010
200 0.000999 0.076736 700.000000 11.006289
200 0.000943 0.034906 800.000000 11.173184
210 0.002728 0.125716 100.000000 7.299270
210 0.001591 0.198219 200.000000 9.615385
210 0.001250 0.211305 300.000000 9.803922
210 0.001142 0.251723 400.000000 10.638298
210 0.000966 0.287936 500.000000 11.111111
210 0.001094 0.187645 600.000000 10.676157
210 0.000997 0.069455 700.000000 11.093502
210 0.000938 0.040656 800.000000 11.220197
220 0.002641 0.138894 100.000000 7.575758
220 0.001575 0.205358 200.000000 9.852217
220 0.001221 0.212623 300.000000 10.000000
220 0.001111 0.253156 400.000000 10.781672
220 0.000959 0.285271 500.000000 11.185682
220 0.001081 0.174765 600.000000 10.771993
220 0.000988 0.060838 700.000000 11.182109
220 0.000922 0.046938 800.000000 11.283498
230 0.002661 0.150944 100.000000 7.812500
230 0.001603 0.210027 200.000000 10.000000
230 0.001282 0.222165 300.000000 10.135135
230 0.001108 0.262649 400.000000 10.899182
230 0.000958 0.291226 500.000000 11.235955
230 0.001081 0.167036 600.000000 10.869565
230 0.000994 0.055151 700.000000 11.254020
230 0.000935 0.054008 800.000000 11.331445
240 0.002595 0.171485 100.000000 8.064516
240 0.001644 0.197646 200.000000 10.050251
240 0.001265 0.225447 300.000000 10.273973
240 0.001091 0.264411 400.000000 11.019283
240 0.001029 0.292089 500.000000 11.185682
240 0.001079 0.154001 600.000000 10.968922
240 0.000981 0.043844 700.000000 11.308562
240 0.000929 0.061333 800.000000 11.379801
250 0.002571 0.194315 100.000000 8.333333
250 0.001625 0.189407 200.000000 10.000000
250 0.001248 0.227273 300.000000 10.452962
250 0.001073 0.265692 400.000000 11.142061
250 0.001072 0.286059 500.000000 11.013216
250 0.001071 0.140422 600.000000 11.049724
250 0.000979 0.038544 700.000000 11.382113
250 0.000930 0.069528 800.000000 11.444921
260 0.002444 0.181085 100.000000 8.620689
260 0.001569 0.198146 200.000000 9.900990
260 0.001222 0.233272 300.000000 10.600707
260 0.001050 0.267611 400.000000 11.267606
260 0.001296 0.273688 500.000000 10.893247
260 0.001051 0.129144 600.000000 11.131725
260 0.000968 0.040589 700.000000 11.456629
260 0.000913 0.078262 800.000000 11.510792
270 0.002464 0.197468 100.000000 8.928572
270 0.001582 0.220091 200.000000 9.900990
270 0.001250 0.246557 300.000000 10.752688
270 0.001053 0.276913 400.000000 11.428572
270 0.001240 0.267046 500.000000 10.893247
270 0.001045 0.124848 600.000000 11.235955
270 0.000969 0.043624 700.000000 11.532125
270 0.000910 0.084566 800.000000 11.594203
280 0.002236 0.193838 100.000000 9.433962
280 0.001464 0.205741 200.000000 10.101010
280 0.001170 0.230502 300.000000 10.989011
280 0.000994 0.260207 400.000000 11.627907
280 0.001152 0.239601 500.000000 10.964912
280 0.001005 0.107380 600.000000 11.363636
280 0.000942 0.043072 700.000000 11.627907
280 0.000888 0.092784 800.000000 11.695907
290 0.002229 0.201218 100.000000 10.101010
290 0.001436 0.204750 200.000000 10.362695
290 0.001162 0.229683 300.000000 11.278195
290 0.000990 0.260285 400.000000 11.834319
290 0.001146 0.230587 500.000000 11.111111
290 0.001009 0.100251 600.000000 11.516315
290 0.000934 0.042543 700.000000 11.744967
290 0.000876 0.098180 800.000000 11.799410
300 0.002051 0.193596 100.000000 10.869565
300 0.001344 0.190755 200.000000 10.695188
300 0.001115 0.215537 300.000000 11.583012
300 0.000953 0.246117 400.000000 12.084592
300 0.001115 0.210589 500.000000 11.261261
300 0.000991 0.086870 600.000000 11.673152
300 0.000920 0.044890 700.000000 11.884550
300 0.000860 0.104574 800.000000 11.922503
310 0.000862 0.087131 100.000000 11.764706
310 0.000734 0.095267 200.000000 11.049724
310 0.000693 0.111193 300.000000 11.857708
310 0.000640 0.131802 400.000000 12.307693
310 0.000856 0.112804 500.000000 11.415525
310 0.000770 0.057255 600.000000 11.834319
310 0.000722 0.082734 700.000000 12.006861
310 0.000700 0.128547 800.000000 12.048193
320 0.000423 0.067256 100.000000 12.658228
320 0.000477 0.076412 200.000000 11.299435
320 0.000505 0.078848 300.000000 12.145749
320 0.000489 0.085208 400.000000 12.539185
320 0.000734 0.078609 500.000000 11.547344
320 0.000671 0.069321 600.000000 11.952191
320 0.000645 0.102087 700.000000 12.110726
320 0.000615 0.141330 800.000000 12.139606
330 0.000332 0.076200 100.000000 13.333333
330 0.000452 0.071717 200.000000 11.560694
330 0.000511 0.076327 300.000000 12.295082
330 0.000477 0.084840 400.000000 12.658228
330 0.000729 0.072239 500.000000 11.627907
330 0.000666 0.073392 600.000000 12.048193
330 0.000638 0.107682 700.000000 12.152778
330 0.000616 0.146581 800.000000 12.213740
340 0.000293 0.063377 100.000000 13.698630
340 0.000453 0.076202 200.000000 11.695907
340 0.000552 0.082180 300.000000 12.448133
340 0.000500 0.092841 400.000000 12.698413
340 0.000740 0.072418 500.000000 11.709601
340 0.000685 0.075734 600.000000 12.096774
340 0.000670 0.111792 700.000000 12.131716
340 0.000630 0.152746 800.000000 12.251148
350 0.000535 0.069047 100.000000 13.698630
350 0.000563 0.094658 200.000000 11.764706
350 0.000620 0.097196 300.000000 12.500000
350 0.000559 0.119709 400.000000 12.658228
350 0.000786 0.072541 500.000000 11.737089
350 0.000723 0.077247 600.000000 12.096774
350 0.000685 0.115577 700.000000 12.110726
350 0.000653 0.159379 800.000000 12.269938
360 0.000642 0.014561 100.000000 13.333333
360 0.000616 0.099381 200.000000 11.834319
360 0.000622 0.100587 300.000000 12.500000
360 0.000609 0.130569 400.000000 12.461060
360 0.000793 0.070890 500.000000 11.764706
360 0.000724 0.084930 600.000000 12.096774
360 0.000693 0.125181 700.000000 12.068966
360 0.000646 0.169550 800.000000 12.232416
370 0.000678 0.122348 100.000000 12.195122
370 0.000615 0.110844 200.000000 11.834319
370 0.000586 0.105433 300.000000 12.500000
370 0.000744 0.123805 400.000000 11.834319
370 0.000790 0.076616 500.000000 11.792453
370 0.000723 0.097613 600.000000 12.096774
370 0.000706 0.134534 700.000000 12.068966
370 0.000638 0.178370 800.000000 12.102875
380 0.000747 0.197867 100.000000 10.869565
380 0.000666 0.117299 200.000000 11.834319
380 0.000606 0.110451 300.000000 12.500000
380 0.000964 0.118287 400.000000 11.461318
380 0.000784 0.080818 500.000000 11.792453
380 0.000736 0.106507 600.000000 12.072434
380 0.000703 0.144052 700.000000 12.068966
380 0.000643 0.186525 800.000000 11.958146
390 0.000673 0.207504 100.000000 10.309278
390 0.000674 0.132436 200.000000 11.834319
390 0.000608 0.116336 300.000000 12.448133
390 0.000907 0.111675 400.000000 11.299435
390 0.000799 0.086620 500.000000 11.792453
390 0.000745 0.116613 600.000000 12.024048
390 0.000700 0.154111 700.000000 12.068966
390 0.000661 0.194719 800.000000 11.834319
400 0.000663 0.215315 100.000000 10.101010
400 0.000676 0.144546 200.000000 11.764706
400 0.000597 0.128907 300.000000 12.396694
400 0.000893 0.107123 400.000000 11.235955
400 0.000778 0.096325 500.000000 11.792453
400 0.000732 0.127042 600.000000 11.976048
400 0.000692 0.165107 700.000000 12.048193
400 0.000659 0.199014 800.000000 11.730206
410 0.000655 0.212670 100.000000 10.000000
410 0.000714 0.148068 200.000000 11.764706
410 0.000596 0.128783 300.000000 12.345679
410 0.000879 0.104362 400.000000 11.235955
410 0.000776 0.103296 500.000000 11.764706
410 0.000750 0.135523 600.000000 11.881188
410 0.000696 0.173990 700.000000 12.048193
410 0.000646 0.205079 800.000000 11.611031
420 0.000611 0.238938 100.000000 10.101010
420 0.000671 0.149930 200.000000 11.764706
420 0.000574 0.145786 300.000000 12.244898
420 0.000856 0.104788 400.000000 11.267606
420 0.000762 0.114464 500.000000 11.764706
420 0.000711 0.145097 600.000000 11.834319
420 0.000669 0.182242 700.000000 12.048193
430 0.000674 0.224655 100.000000 10.309278
430 0.000647 0.139253 200.000000 11.904762
430 0.000577 0.154296 300.000000 12.145749
430 0.000842 0.102046 400.000000 11.331445
430 0.000763 0.117779 500.000000 11.820331
430 0.000714 0.151352 600.000000 11.834319
430 0.000665 0.189685 700.000000 12.048193
440 0.000515 0.160257 100.000000 10.752688
440 0.000551 0.104643 200.000000 12.195122
440 0.000613 0.124093 300.000000 11.952191
440 0.000818 0.091135 400.000000 11.461318
440 0.000718 0.116952 500.000000 11.904762
440 0.000702 0.150306 600.000000 11.904762
440 0.000636 0.189041 700.000000 12.068966
450 0.000536 0.097589 100.000000 11.363636
450 0.000555 0.076746 200.000000 12.578616
450 0.000776 0.102214 300.000000 11.673152
450 0.000830 0.080095 400.000000 11.627907
450 0.000741 0.115140 500.000000 12.019231
450 0.000717 0.151165 600.000000 12.000000
450 0.000636 0.191369 700.000000 12.068966
460 0.000602 0.062555 100.000000 12.048193
460 0.000569 0.061110 200.000000 12.987013
460 0.001160 0.091718 300.000000 11.583012
460 0.000824 0.075607 400.000000 11.834319
460 0.000749 0.116167 500.000000 12.165450
460 0.000715 0.154279 600.000000 12.121212
460 0.000647 0.194210 700.000000 12.089810
470 0.000641 0.027996 100.000000 12.820513
470 0.000559 0.045726 200.000000 13.333333
470 0.001060 0.073151 300.000000 11.583012
470 0.000811 0.075642 400.000000 11.976048
470 0.000748 0.119407 500.000000 12.285012
470 0.000707 0.158027 600.000000 12.244898
470 0.000637 0.197866 700.000000 12.089810
480 0.000699 0.035733 100.000000 13.333333
480 0.000572 0.050474 200.000000 13.698630
480 0.001002 0.069759 300.000000 11.583012
480 0.000835 0.079974 400.000000 12.121212
480 0.000759 0.125129 500.000000 12.376238
480 0.000717 0.164927 600.000000 12.320329
480 0.000649 0.203800 700.000000 12.068966
490 0.000734 0.053421 100.000000 13.698630
490 0.000606 0.057326 200.000000 13.793103
490 0.001000 0.067798 300.000000 11.627907
490 0.000841 0.087246 400.000000 12.195122
490 0.000752 0.132092 500.000000 12.406948
490 0.000716 0.171506 600.000000 12.396694
490 0.000676 0.209459 700.000000 12.027492
500 0.000867 0.071087 100.000000 13.888889
500 0.000632 0.075553 200.000000 13.888889
500 0.001024 0.068771 300.000000 11.627907
500 0.000846 0.096737 400.000000 12.232416
500 0.000775 0.140606 500.000000 12.376238
500 0.000721 0.180663 600.000000 12.422360
500 0.000675 0.212911 700.000000 11.965812
510 0.001021 0.073041 100.000000 13.888889
510 0.000638 0.080940 200.000000 13.793103
510 0.001021 0.070610 300.000000 11.627907
510 0.000859 0.104848 400.000000 12.232416
510 0.000809 0.148172 500.000000 12.285012
510 0.000728 0.190083 600.000000 12.422360
520 0.000850 0.058327 100.000000 13.888889
520 0.000588 0.092923 200.000000 13.513514
520 0.000988 0.071625 300.000000 11.627907
520 0.000839 0.115521 400.000000 12.195122
520 0.000765 0.156939 500.000000 12.165450
520 0.000704 0.196257 600.000000 12.396694
530 0.000635 0.047281 100.000000 13.698630
530 0.000692 0.102935 200.000000 12.738853
530 0.000924 0.084426 300.000000 11.673152
530 0.000786 0.126298 400.000000 12.158054
530 0.000741 0.162108 500.000000 12.106538
530 0.000663 0.199851 600.000000 12.295082
540 0.000575 0.044887 100.000000 13.698630
540 0.001347 0.095402 200.000000 11.428572
540 0.000907 0.097689 300.000000 11.673152
540 0.000785 0.136876 400.000000 12.121212
540 0.000749 0.167600 500.000000 12.106538
540 0.000656 0.203441 600.000000 12.096774
550 0.000541 0.035107 100.000000 13.698630
550 0.001170 0.088377 200.000000 10.869565
550 0.000881 0.109085 300.000000 11.673152
550 0.000787 0.144052 400.000000 12.121212
550 0.000731 0.173986 500.000000 12.106538
550 0.000648 0.207363 600.000000 11.904762
560 0.000528 0.015219 100.000000 13.698630
560 0.001143 0.082115 200.000000 10.695188
560 0.000878 0.114899 300.000000 11.718750
560 0.000765 0.151400 400.000000 12.048193
560 0.000713 0.180929 500.000000 12.106538
560 0.000669 0.211727 600.000000 11.764706
570 0.000459 0.038907 100.000000 13.513514
570 0.001135 0.087201 200.000000 10.638298
570 0.000868 0.124361 300.000000 11.718750
570 0.000771 0.157712 400.000000 11.976048
570 0.000707 0.187637 500.000000 12.106538
570 0.000657 0.211819 600.000000 11.650485
580 0.000372 0.036222 100.000000 13.333333
580 0.001033 0.100866 200.000000 10.695188
580 0.000827 0.130721 300.000000 11.718750
580 0.000766 0.158213 400.000000 11.869436
580 0.000680 0.187731 500.000000 12.106538
590 0.000351 0.106504 100.000000 12.987013
590 0.001046 0.108837 200.000000 10.695188
590 0.000839 0.140752 300.000000 11.673152
590 0.000740 0.166505 400.000000 11.764706
590 0.000676 0.196369 500.000000 12.077294
600 0.000744 0.146719 100.000000 11.764706
600 0.001067 0.121267 200.000000 10.752688
600 0.000847 0.149232 300.000000 11.673152
600 0.000762 0.174125 400.000000 11.730206
600 0.000666 0.204874 500.000000 12.019231
610 0.001573 0.141998 100.000000 9.803922
610 0.001096 0.135665 200.000000 10.752688
610 0.000884 0.161868 300.000000 11.627907
610 0.000818 0.182996 400.000000 11.695907
610 0.000680 0.213095 500.000000 11.792453
620 0.001919 0.156151 100.000000 8.928572
620 0.001077 0.149903 200.000000 10.810811
620 0.000885 0.171091 300.000000 11.583012
620 0.000784 0.190087 400.000000 11.695907
620 0.000678 0.217272 500.000000 11.574074
630 0.001838 0.168245 100.000000 8.695652
630 0.001088 0.163435 200.000000 10.810811
630 0.000868 0.180319 300.000000 11.538462
630 0.000776 0.197901 400.000000 11.730206
630 0.000693 0.222329 500.000000 11.441648
640 0.001821 0.155220 100.000000 8.695652
640 0.001074 0.166286 200.000000 10.869565
640 0.000881 0.183200 300.000000 11.494253
640 0.000769 0.203615 400.000000 11.730206
640 0.000704 0.221547 500.000000 11.337869
650 0.001780 0.167503 100.000000 8.695652
650 0.001063 0.168857 200.000000 10.928962
650 0.000910 0.185631 300.000000 11.406844
650 0.000779 0.207483 400.000000 11.764706
650 0.000689 0.223074 500.000000 11.185682
660 0.001819 0.152529 100.000000 8.849558
660 0.001096 0.170861 200.000000 10.989011
660 0.000896 0.187996 300.000000 11.363636
660 0.000767 0.212044 400.000000 11.799410
670 0.001833 0.140985 100.000000 9.090909
670 0.001130 0.171104 200.000000 11.111111
670 0.000902 0.191056 300.000000 11.406844
670 0.000772 0.217501 400.000000 11.869436
680 0.001643 0.128789 100.000000 9.523809
680 0.000999 0.154887 200.000000 11.363636
680 0.000833 0.173282 300.000000 11.538462
680 0.000702 0.199174 400.000000 11.976048
690 0.001470 0.129130 100.000000 10.101010
690 0.000887 0.145227 200.000000 11.764706
690 0.000796 0.159102 300.000000 11.811024
690 0.000656 0.184639 400.000000 12.121212
700 0.001196 0.105497 100.000000 10.869565
700 0.000777 0.121060 200.000000 12.195122
700 0.000722 0.132503 300.000000 12.096774
700 0.000576 0.158142 400.000000 12.232416
710 0.000882 0.078308 100.000000 11.627907
710 0.000685 0.092175 200.000000 12.658228
710 0.000657 0.103646 300.000000 12.396694
710 0.000527 0.129679 400.000000 12.383901
720 0.000226 0.068747 100.000000 12.500000
720 0.000200 0.058446 200.000000 13.071896
720 0.000266 0.044688 300.000000 12.711864
720 0.000267 0.049798 400.000000 12.422360
730 0.000199 0.054327 100.000000 13.333333
730 0.000380 0.053768 200.000000 13.422819
730 0.000399 0.054104 300.000000 12.931034
730 0.000365 0.073733 400.000000 12.422360
740 0.000382 0.055410 100.000000 13.888889
740 0.000459 0.058563 200.000000 13.605442
740 0.000428 0.063969 300.000000 13.100436
740 0.000405 0.083578 400.000000 12.383901
750 0.000447 0.058277 100.000000 14.285714
750 0.000455 0.060912 200.000000 13.605442
750 0.000448 0.070385 300.000000 13.215859
750 0.000466 0.086069 400.000000 12.269938
760 0.000451 0.053085 100.000000 14.285714
760 0.000451 0.056271 200.000000 13.422819
760 0.000435 0.069040 300.000000 13.215859
760 0.000435 0.076998 400.000000 12.084592
770 0.000466 0.049381 100.000000 14.084507
770 0.000485 0.053876 200.000000 13.071896
770 0.000432 0.071480 300.000000 13.215859
780 0.000496 0.048360 100.000000 13.888889
780 0.000496 0.054551 200.000000 12.820513
780 0.000434 0.075932 300.000000 13.100436
790 0.000482 0.051107 100.000000 13.698630
790 0.000498 0.048408 200.000000 12.738853
790 0.000386 0.073491 300.000000 12.711864
800 0.000598 0.050464 100.000000 13.333333
800 0.000540 0.050366 200.000000 12.658228
800 0.000428 0.073996 300.000000 12.244898
810 0.000523 0.051420 100.000000 13.157895
810 0.000479 0.050508 200.000000 12.658228
810 0.000443 0.072583 300.000000 11.904762
820 0.000525 0.048352 100.000000 12.820513
820 0.000512 0.054838 200.000000 12.658228
820 0.000516 0.066477 300.000000 11.627907
830 0.000517 0.047270 100.000000 12.345679
830 0.000472 0.055181 200.000000 12.658228
830 0.000450 0.058498 300.000000 11.363636
840 0.000526 0.043209 100.000000 12.048193
840 0.000453 0.058053 200.000000 12.658228
850 0.000497 0.044052 100.000000 11.764706
850 0.000431 0.063502 200.000000 12.578616
860 0.000627 0.033651 100.000000 11.627907
860 0.000403 0.067492 200.000000 12.269938
870 0.000589 0.029608 100.000000 11.764706
870 0.000414 0.056862 200.000000 11.764706
880 0.000530 0.031604 100.000000 11.904762
880 0.000391 0.053256 200.000000 11.363636
890 0.000545 0.035505 100.000000 12.048193
890 0.000530 0.053884 200.000000 11.111111
900 0.000503 0.041087 100.000000 12.345679
900 0.000480 0.034657 200.000000 10.989011
910 0.000490 0.047680 100.000000 12.658228
910 0.000439 0.030692 200.000000 10.810811
920 0.000360 0.057218 100.000000 12.987013
930 0.000417 0.066498 100.000000 13.333333
940 0.000296 0.076193 100.000000 13.157895
950 0.000159 0.075400 100.000000 12.048193
960 0.000274 0.065869 100.000000 10.989011
970 0.000450 0.053682 100.000000 10.204082
980 0.000506 0.030969 100.000000 9.708738
990 0.000348 0.045160 100.000000 9.090909
