0 0.000160 0.009481 100.000000 5.780347
0 0.000195 0.018565 200.000000 6.329114
0 0.000088 0.016289 300.000000 6.711410
0 0.000060 0.013159 400.000000 6.908463
0 0.000107 0.012729 500.000000 6.289308
0 0.000063 0.009595 600.000000 6.734007
10 0.000100 0.005674 100.000000 6.060606
10 0.000156 0.012815 200.000000 6.430868
10 0.000086 0.013580 300.000000 6.833713
10 0.000078 0.013150 400.000000 7.005254
10 0.000123 0.013910 500.000000 6.361323
10 0.000079 0.010795 600.000000 6.795017
20 0.000102 0.003933 100.000000 6.369427
20 0.000128 0.009288 200.000000 6.451613
20 0.000095 0.012397 300.000000 6.944445
20 0.000089 0.013817 400.000000 7.104796
20 0.000133 0.014957 500.000000 6.426735
20 0.000090 0.011547 600.000000 6.841505
30 0.000123 0.004628 100.000000 6.622517
30 0.000132 0.010021 200.000000 6.514658
30 0.000097 0.013323 300.000000 7.025761
30 0.000094 0.014404 400.000000 7.207207
30 0.000134 0.015123 500.000000 6.493506
30 0.000089 0.011477 600.000000 6.880734
40 0.000096 0.004661 100.000000 6.849315
40 0.000129 0.010751 200.000000 6.557377
40 0.000094 0.013309 300.000000 7.058824
40 0.000089 0.014101 400.000000 7.285975
40 0.000131 0.014419 500.000000 6.553080
40 0.000082 0.010912 600.000000 6.888634
50 0.000120 0.004948 100.000000 6.993007
50 0.000122 0.010768 200.000000 6.600660
50 0.000100 0.013889 300.000000 7.042253
50 0.000096 0.014956 400.000000 7.352941
50 0.000132 0.014632 500.000000 6.596306
50 0.000082 0.010643 600.000000 6.880734
60 0.000109 0.004092 100.000000 7.092198
60 0.000105 0.009963 200.000000 6.622517
60 0.000099 0.013038 300.000000 6.976744
60 0.000099 0.015139 400.000000 7.393715
60 0.000129 0.014400 500.000000 6.631300
60 0.000084 0.010257 600.000000 6.872852
70 0.000081 0.005182 100.000000 7.142857
70 0.000101 0.011221 200.000000 6.644518
70 0.000084 0.012789 300.000000 6.928406
70 0.000093 0.014879 400.000000 7.421150
70 0.000120 0.013523 500.000000 6.657790
70 0.000078 0.009362 600.000000 6.864988
80 0.000099 0.004673 100.000000 7.142857
80 0.000082 0.010300 200.000000 6.688963
80 0.000087 0.011840 300.000000 6.912442
80 0.000096 0.015012 400.000000 7.434944
80 0.000117 0.013253 500.000000 6.675568
80 0.000073 0.008897 600.000000 6.857143
90 0.000123 0.005649 100.000000 7.142857
90 0.000076 0.010495 200.000000 6.711410
90 0.000080 0.011465 300.000000 6.928406
90 0.000101 0.015093 400.000000 7.421150
90 0.000111 0.012854 500.000000 6.702413
90 0.000068 0.008356 600.000000 6.841505
100 0.000158 0.006813 100.000000 7.092198
100 0.000075 0.010332 200.000000 6.756757
100 0.000069 0.010990 300.000000 6.960557
100 0.000117 0.015282 400.000000 7.259528
100 0.000107 0.012652 500.000000 6.720430
100 0.000068 0.008014 600.000000 6.825939
110 0.000183 0.008474 100.000000 7.092198
110 0.000077 0.010745 200.000000 6.802721
110 0.000072 0.011063 300.000000 6.976744
110 0.000166 0.015950 400.000000 6.201550
110 0.000107 0.012600 500.000000 6.747638
110 0.000061 0.007654 600.000000 6.795017
120 0.000188 0.008243 100.000000 7.142857
120 0.000077 0.010120 200.000000 6.872852
120 0.000083 0.011218 300.000000 7.025761
120 0.000167 0.016518 400.000000 6.201550
120 0.000104 0.013055 500.000000 6.784261
120 0.000049 0.007642 600.000000 6.764374
130 0.000220 0.010900 100.000000 7.352941
130 0.000067 0.010350 200.000000 6.993007
130 0.000077 0.010975 300.000000 7.092198
130 0.000161 0.015715 400.000000 6.240250
130 0.000099 0.013009 500.000000 6.830601
130 0.000042 0.007830 600.000000 6.703911
140 0.000235 0.012254 100.000000 7.575758
140 0.000066 0.010395 200.000000 7.142857
140 0.000079 0.011107 300.000000 7.177033
140 0.000160 0.015450 400.000000 6.289308
140 0.000096 0.013046 500.000000 6.887053
140 0.000045 0.007880 600.000000 6.637168
150 0.000244 0.013261 100.000000 7.692307
150 0.000069 0.010975 200.000000 7.220217
150 0.000083 0.011817 300.000000 7.246377
150 0.000166 0.015714 400.000000 6.339144
150 0.000101 0.013196 500.000000 6.925208
150 0.000046 0.007708 600.000000 6.578948
160 0.000243 0.014426 100.000000 7.692307
160 0.000089 0.011862 200.000000 7.272727
160 0.000086 0.012744 300.000000 7.299270
160 0.000161 0.015796 400.000000 6.379585
160 0.000101 0.013189 500.000000 6.954103
160 0.000045 0.007452 600.000000 6.514658
170 0.000251 0.015151 100.000000 7.142857
170 0.000087 0.011914 200.000000 7.272727
170 0.000090 0.013329 300.000000 7.352941
170 0.000155 0.015846 400.000000 6.410256
170 0.000103 0.013572 500.000000 6.954103
180 0.000217 0.015753 100.000000 6.329114
180 0.000090 0.012269 200.000000 7.194244
180 0.000098 0.014164 300.000000 7.389163
180 0.000154 0.015969 400.000000 6.451613
180 0.000102 0.013720 500.000000 6.915629
190 0.000168 0.013890 100.000000 6.172840
190 0.000111 0.012901 200.000000 7.042253
190 0.000114 0.015636 300.000000 7.444169
190 0.000161 0.016694 400.000000 6.482982
190 0.000102 0.013557 500.000000 6.849315
200 0.000121 0.012210 100.000000 6.134969
200 0.000119 0.012270 200.000000 6.849315
200 0.000117 0.016483 300.000000 7.462687
200 0.000159 0.016878 400.000000 6.514658
200 0.000104 0.013196 500.000000 6.811989
210 0.000121 0.012383 100.000000 6.172840
210 0.000137 0.014670 200.000000 6.779661
210 0.000136 0.019244 300.000000 7.481297
210 0.000161 0.017621 400.000000 6.535948
210 0.000104 0.012173 500.000000 6.793478
220 0.000109 0.010647 100.000000 6.211180
220 0.000161 0.015325 200.000000 6.779661
220 0.000156 0.021772 300.000000 7.500000
220 0.000167 0.018934 400.000000 6.557377
220 0.000105 0.012296 500.000000 6.784261
230 0.000121 0.010326 100.000000 6.289308
230 0.000156 0.015646 200.000000 6.802721
230 0.000170 0.022999 300.000000 7.500000
230 0.000167 0.019290 400.000000 6.589786
230 0.000105 0.011958 500.000000 6.775068
240 0.000132 0.009201 100.000000 6.410256
240 0.000162 0.016000 200.000000 6.849315
240 0.000212 0.024949 300.000000 7.263923
240 0.000171 0.020453 400.000000 6.622517
240 0.000112 0.012215 500.000000 6.756757
250 0.000173 0.010860 100.000000 6.493506
250 0.000185 0.018063 200.000000 6.896552
250 0.000277 0.027922 300.000000 5.940594
250 0.000178 0.021407 400.000000 6.655574
250 0.000107 0.011870 500.000000 6.729475
260 0.000219 0.014102 100.000000 6.578948
260 0.000203 0.021391 200.000000 6.920415
260 0.000280 0.030208 300.000000 5.917160
260 0.000173 0.022318 400.000000 6.688963
260 0.000084 0.011518 500.000000 6.666667
270 0.000252 0.016124 100.000000 6.666667
270 0.000220 0.023952 200.000000 6.944445
270 0.000286 0.031191 300.000000 5.928854
270 0.000173 0.023206 400.000000 6.711410
270 0.000064 0.011478 500.000000 6.476684
280 0.000278 0.016927 100.000000 6.756757
280 0.000229 0.025862 200.000000 7.017544
280 0.000296 0.032060 300.000000 5.964215
280 0.000184 0.024569 400.000000 6.745363
280 0.000067 0.011827 500.000000 6.361323
290 0.000297 0.017572 100.000000 6.849315
290 0.000233 0.027256 200.000000 7.092198
290 0.000289 0.032005 300.000000 6.024096
290 0.000186 0.025172 400.000000 6.779661
290 0.000073 0.011819 500.000000 6.297229
300 0.000335 0.019837 100.000000 7.042253
300 0.000246 0.029302 200.000000 7.246377
300 0.000286 0.032866 300.000000 6.097561
300 0.000187 0.025872 400.000000 6.825939
310 0.000339 0.020193 100.000000 7.352941
310 0.000249 0.030136 200.000000 7.434944
310 0.000286 0.033090 300.000000 6.198347
310 0.000189 0.026355 400.000000 6.896552
320 0.000356 0.020284 100.000000 7.751938
320 0.000253 0.030856 200.000000 7.662835
320 0.000288 0.033427 300.000000 6.302521
320 0.000189 0.026832 400.000000 6.980803
330 0.000345 0.017218 100.000000 8.130081
330 0.000242 0.029168 200.000000 7.905138
330 0.000280 0.032103 300.000000 6.410256
330 0.000189 0.026671 400.000000 7.042253
340 0.000302 0.013801 100.000000 8.264462
340 0.000222 0.025720 200.000000 8.097166
340 0.000265 0.028553 300.000000 6.493506
340 0.000172 0.024278 400.000000 7.054674
350 0.000285 0.012991 100.000000 8.064516
350 0.000213 0.024482 200.000000 8.230453
350 0.000254 0.026554 300.000000 6.564551
350 0.000164 0.022264 400.000000 7.029877
360 0.000284 0.013153 100.000000 7.692307
360 0.000205 0.023796 200.000000 8.298756
360 0.000239 0.024523 300.000000 6.622517
360 0.000154 0.019448 400.000000 6.980803
370 0.000289 0.014510 100.000000 7.462687
370 0.000211 0.024567 200.000000 8.333333
370 0.000230 0.023799 300.000000 6.637168
370 0.000149 0.017470 400.000000 6.956522
380 0.000264 0.014640 100.000000 7.352941
380 0.000215 0.024069 200.000000 8.298756
380 0.000213 0.021793 300.000000 6.666667
380 0.000130 0.014709 400.000000 6.920415
390 0.000228 0.013741 100.000000 7.299270
390 0.000225 0.023299 200.000000 8.163265
390 0.000201 0.020884 300.000000 6.666667
390 0.000124 0.013449 400.000000 6.872852
400 0.000246 0.014961 100.000000 7.299270
400 0.000351 0.025491 200.000000 5.714286
400 0.000202 0.021343 300.000000 6.681514
400 0.000124 0.012787 400.000000 6.802721
410 0.000244 0.016170 100.000000 7.246377
410 0.000335 0.025399 200.000000 5.617978
410 0.000185 0.021108 300.000000 6.696429
410 0.000099 0.011980 400.000000 6.677796
420 0.000232 0.016304 100.000000 7.194244
420 0.000320 0.023435 200.000000 5.602241
420 0.000175 0.020134 300.000000 6.711410
420 0.000080 0.011100 400.000000 6.369427
430 0.000225 0.016992 100.000000 7.246377
430 0.000311 0.022701 200.000000 5.633803
430 0.000179 0.020658 300.000000 6.726458
430 0.000086 0.011444 400.000000 6.211180
440 0.000213 0.016544 100.000000 7.352941
440 0.000284 0.021172 200.000000 5.681818
440 0.000171 0.020471 300.000000 6.726458
450 0.000174 0.013862 100.000000 7.575758
450 0.000267 0.018050 200.000000 5.763689
450 0.000159 0.017997 300.000000 6.726458
460 0.000154 0.012102 100.000000 7.874016
460 0.000251 0.016039 200.000000 5.847953
460 0.000142 0.016046 300.000000 6.711410
470 0.000152 0.012006 100.000000 8.196721
470 0.000245 0.015587 200.000000 5.952381
470 0.000139 0.015410 300.000000 6.711410
480 0.000157 0.011368 100.000000 8.547009
480 0.000233 0.014711 200.000000 6.060606
480 0.000131 0.014353 300.000000 6.726458
490 0.000131 0.009045 100.000000 8.928572
490 0.000217 0.012219 200.000000 6.172840
490 0.000120 0.011463 300.000000 6.756757
500 0.000129 0.007478 100.000000 9.259259
500 0.000203 0.010312 200.000000 6.250000
500 0.000113 0.008925 300.000000 6.772009
510 0.000151 0.008765 100.000000 9.433962
510 0.000203 0.011407 200.000000 6.309148
510 0.000108 0.009389 300.000000 6.772009
520 0.000197 0.009661 100.000000 9.345795
520 0.000193 0.010998 200.000000 6.349206
520 0.000098 0.007984 300.000000 6.741573
530 0.000298 0.011887 100.000000 8.196721
530 0.000187 0.010524 200.000000 6.369427
530 0.000105 0.006318 300.000000 6.666667
540 0.000465 0.012940 100.000000 4.587156
540 0.000172 0.009180 200.000000 6.410256
540 0.000092 0.004974 300.000000 6.593407
550 0.000428 0.011893 100.000000 4.545455
550 0.000150 0.008696 200.000000 6.430868
550 0.000079 0.004760 300.000000 6.396588
560 0.000422 0.010475 100.000000 4.566210
560 0.000150 0.008610 200.000000 6.472492
560 0.000105 0.005038 300.000000 6.048387
570 0.000405 0.010618 100.000000 4.587156
570 0.000164 0.010503 200.000000 6.451613
570 0.000113 0.006453 300.000000 5.847953
580 0.000372 0.009620 100.000000 4.608295
580 0.000159 0.010918 200.000000 6.349206
590 0.000353 0.011242 100.000000 4.651163
590 0.000153 0.013328 200.000000 6.134969
600 0.000319 0.010567 100.000000 4.672897
600 0.000137 0.011555 200.000000 5.988024
610 0.000281 0.009446 100.000000 4.694836
610 0.000118 0.009467 200.000000 5.934718
620 0.000220 0.007193 100.000000 4.739336
620 0.000087 0.007169 200.000000 5.899705
630 0.000179 0.006735 100.000000 4.807693
630 0.000087 0.007030 200.000000 5.899705
640 0.000148 0.006225 100.000000 4.950495
640 0.000099 0.006906 200.000000 5.952381
650 0.000103 0.004876 100.000000 5.154639
650 0.000112 0.006768 200.000000 6.060606
660 0.000114 0.008353 100.000000 5.405406
660 0.000149 0.012022 200.000000 6.230530
670 0.000116 0.008231 100.000000 5.714286
670 0.000158 0.012761 200.000000 6.430868
680 0.000113 0.007869 100.000000 6.060606
680 0.000157 0.012497 200.000000 6.644518
690 0.000107 0.007354 100.000000 6.451613
690 0.000156 0.012260 200.000000 6.849315
700 0.000103 0.006958 100.000000 6.896552
700 0.000156 0.012063 200.000000 7.092198
710 0.000101 0.006800 100.000000 7.407407
710 0.000156 0.011946 200.000000 7.352941
720 0.000117 0.008027 100.000000 8.000000
720 0.000165 0.013273 200.000000 7.633588
730 0.000141 0.008942 100.000000 8.695652
730 0.000179 0.014863 200.000000 7.936508
740 0.000186 0.010124 100.000000 9.345795
740 0.000204 0.017290 200.000000 8.163265
750 0.000192 0.010180 100.000000 10.101010
750 0.000209 0.017661 200.000000 8.333333
760 0.000197 0.009691 100.000000 10.526316
760 0.000240 0.017273 200.000000 8.333333
770 0.000208 0.010132 100.000000 10.869565
770 0.000290 0.018784 200.000000 7.843137
780 0.000221 0.008961 100.000000 10.869565
780 0.000350 0.020802 200.000000 7.067138
790 0.000210 0.009347 100.000000 10.526316
800 0.000191 0.009806 100.000000 9.433962
810 0.000187 0.010254 100.000000 8.403361
820 0.000172 0.010256 100.000000 8.000000
830 0.000191 0.010693 100.000000 7.692307
840 0.000211 0.010778 100.000000 7.352941
850 0.000266 0.012336 100.000000 6.944445
860 0.000378 0.012598 100.000000 6.134969
870 0.000515 0.016878 100.000000 5.208333
880 0.000506 0.020378 100.000000 4.807693
