0 0.000215 0.014841 100.000000 8.474576
0 0.000150 0.021708 200.000000 9.478673
0 0.000141 0.021488 300.000000 10.452962
0 0.000111 0.018157 400.000000 10.498688
0 0.000117 0.023541 500.000000 10.438414
0 0.000124 0.030130 600.000000 10.434783
0 0.000126 0.036557 700.000000 10.294118
0 0.000121 0.034505 800.000000 10.282776
10 0.000217 0.013570 100.000000 9.009009
10 0.000142 0.021394 200.000000 9.756098
10 0.000140 0.020305 300.000000 10.714286
10 0.000108 0.017638 400.000000 10.695188
10 0.000115 0.023200 500.000000 10.593221
10 0.000122 0.029725 600.000000 10.563380
10 0.000125 0.036175 700.000000 10.385756
10 0.000120 0.033763 800.000000 10.376135
20 0.000243 0.013596 100.000000 9.523809
20 0.000138 0.021819 200.000000 10.050251
20 0.000120 0.018475 300.000000 10.989011
20 0.000098 0.016619 400.000000 10.840109
20 0.000110 0.021816 500.000000 10.729613
20 0.000119 0.028228 600.000000 10.676157
20 0.000122 0.034718 700.000000 10.463378
20 0.000117 0.031905 800.000000 10.471204
30 0.000243 0.013512 100.000000 10.101010
30 0.000133 0.021296 200.000000 10.256411
30 0.000121 0.017687 300.000000 11.235955
30 0.000101 0.016649 400.000000 10.958904
30 0.000113 0.022170 500.000000 10.845987
30 0.000119 0.028508 600.000000 10.771993
30 0.000124 0.035030 700.000000 10.510510
30 0.000116 0.031580 800.000000 10.554090
40 0.000227 0.014425 100.000000 10.526316
40 0.000114 0.020060 200.000000 10.471204
40 0.000115 0.016347 300.000000 11.450381
40 0.000104 0.016546 400.000000 11.049724
40 0.000114 0.022531 500.000000 10.917030
40 0.000121 0.028736 600.000000 10.830325
40 0.000126 0.035017 700.000000 10.542169
40 0.000115 0.031097 800.000000 10.624170
50 0.000237 0.017155 100.000000 10.989011
50 0.000109 0.019549 200.000000 10.638298
50 0.000114 0.015965 300.000000 11.583012
50 0.000109 0.017394 400.000000 11.080333
50 0.000116 0.023652 500.000000 10.989011
50 0.000124 0.029762 600.000000 10.889292
50 0.000130 0.035916 700.000000 10.558069
50 0.000117 0.031373 800.000000 10.680908
60 0.000220 0.018026 100.000000 11.363636
60 0.000110 0.018917 200.000000 10.810811
60 0.000111 0.016003 300.000000 11.673152
60 0.000117 0.018585 400.000000 11.111111
60 0.000122 0.025255 500.000000 11.013216
60 0.000127 0.031149 600.000000 10.928962
60 0.000133 0.037053 700.000000 10.558069
60 0.000118 0.031916 800.000000 10.738256
70 0.000183 0.017592 100.000000 11.494253
70 0.000108 0.017014 200.000000 10.989011
70 0.000121 0.014788 300.000000 11.673152
70 0.000121 0.019091 400.000000 11.111111
70 0.000125 0.026172 500.000000 10.989011
70 0.000130 0.031683 600.000000 10.928962
70 0.000131 0.036979 700.000000 10.558069
70 0.000117 0.031822 800.000000 10.767160
80 0.000164 0.016345 100.000000 11.494253
80 0.000129 0.016672 200.000000 11.111111
80 0.000135 0.015194 300.000000 11.627907
80 0.000131 0.020888 400.000000 11.080333
80 0.000130 0.028116 500.000000 10.940919
80 0.000134 0.033367 600.000000 10.909091
80 0.000131 0.037679 700.000000 10.558069
80 0.000117 0.032379 800.000000 10.810811
90 0.000139 0.014033 100.000000 11.494253
90 0.000162 0.016511 200.000000 11.299435
90 0.000143 0.016088 300.000000 11.583012
90 0.000142 0.023309 400.000000 11.049724
90 0.000136 0.030243 500.000000 10.917030
90 0.000136 0.035131 600.000000 10.869565
90 0.000134 0.038257 700.000000 10.558069
90 0.000118 0.033249 800.000000 10.840109
100 0.000131 0.014044 100.000000 11.235955
100 0.000181 0.015994 200.000000 11.494253
100 0.000150 0.016877 300.000000 11.494253
100 0.000146 0.024948 400.000000 11.049724
100 0.000140 0.031637 500.000000 10.917030
100 0.000139 0.036346 600.000000 10.791367
100 0.000135 0.038327 700.000000 10.574018
100 0.000119 0.033834 800.000000 10.854816
110 0.000113 0.014159 100.000000 10.869565
110 0.000205 0.016244 200.000000 11.627907
110 0.000159 0.018030 300.000000 11.450381
110 0.000151 0.026865 400.000000 11.049724
110 0.000146 0.033062 500.000000 10.917030
110 0.000140 0.037855 600.000000 10.695188
110 0.000136 0.038487 700.000000 10.574018
110 0.000120 0.034550 800.000000 10.854816
120 0.000160 0.015774 100.000000 10.526316
120 0.000216 0.016612 200.000000 11.764706
120 0.000169 0.020523 300.000000 11.320755
120 0.000159 0.029552 400.000000 11.019283
120 0.000152 0.035218 500.000000 10.893247
120 0.000146 0.040326 600.000000 10.619469
120 0.000139 0.039398 700.000000 10.590015
120 0.000123 0.036023 800.000000 10.825439
130 0.000211 0.016086 100.000000 10.309278
130 0.000235 0.017909 200.000000 11.834319
130 0.000184 0.023299 300.000000 11.194030
130 0.000167 0.032248 400.000000 10.989011
130 0.000155 0.037213 500.000000 10.869565
130 0.000152 0.042575 600.000000 10.544815
130 0.000140 0.039981 700.000000 10.606061
130 0.000124 0.037467 800.000000 10.796222
140 0.000266 0.017099 100.000000 10.204082
140 0.000242 0.020760 200.000000 11.764706
140 0.000193 0.026972 300.000000 11.070110
140 0.000172 0.035614 400.000000 10.928962
140 0.000162 0.039805 500.000000 10.822511
140 0.000160 0.045209 600.000000 10.452962
140 0.000143 0.041050 700.000000 10.606061
140 0.000128 0.039674 800.000000 10.767160
150 0.000286 0.020424 100.000000 10.204082
150 0.000247 0.021800 200.000000 11.695907
150 0.000204 0.029765 300.000000 10.948905
150 0.000176 0.037958 400.000000 10.869565
150 0.000163 0.041555 500.000000 10.799136
150 0.000161 0.046902 600.000000 10.398614
150 0.000145 0.041808 700.000000 10.638298
150 0.000133 0.041860 800.000000 10.752688
160 0.000287 0.022663 100.000000 10.416667
160 0.000248 0.022700 200.000000 11.627907
160 0.000205 0.031858 300.000000 10.869565
160 0.000179 0.039367 400.000000 10.810811
160 0.000168 0.042409 500.000000 10.775862
160 0.000160 0.047209 600.000000 10.380623
160 0.000144 0.041822 700.000000 10.670732
160 0.000133 0.043159 800.000000 10.767160
170 0.000304 0.023768 100.000000 10.752688
170 0.000240 0.021864 200.000000 11.560694
170 0.000201 0.031332 300.000000 10.869565
170 0.000173 0.038164 400.000000 10.752688
170 0.000164 0.041057 500.000000 10.729613
170 0.000156 0.044974 600.000000 10.398614
170 0.000141 0.040045 700.000000 10.703364
170 0.000131 0.042771 800.000000 10.767160
180 0.000381 0.028570 100.000000 11.111111
180 0.000256 0.024820 200.000000 11.494253
180 0.000208 0.034595 300.000000 10.869565
180 0.000180 0.040196 400.000000 10.781672
180 0.000167 0.042662 500.000000 10.706638
180 0.000159 0.045504 600.000000 10.416667
180 0.000141 0.040777 700.000000 10.752688
180 0.000133 0.044536 800.000000 10.767160
190 0.000377 0.028099 100.000000 11.627907
190 0.000242 0.024069 200.000000 11.560694
190 0.000198 0.033352 300.000000 10.948905
190 0.000171 0.038249 400.000000 10.810811
190 0.000160 0.040599 500.000000 10.660981
190 0.000153 0.042551 600.000000 10.452962
190 0.000134 0.038514 700.000000 10.785825
190 0.000129 0.043187 800.000000 10.752688
200 0.000348 0.025856 100.000000 12.345679
200 0.000227 0.023454 200.000000 11.627907
200 0.000190 0.032339 300.000000 11.029411
200 0.000169 0.036638 400.000000 10.899182
200 0.000156 0.039643 500.000000 10.638298
200 0.000150 0.040600 600.000000 10.507881
200 0.000131 0.036971 700.000000 10.835914
200 0.000127 0.042296 800.000000 10.738256
210 0.000318 0.022427 100.000000 12.987013
210 0.000213 0.022398 200.000000 11.695907
210 0.000180 0.030465 300.000000 11.152416
210 0.000164 0.034347 400.000000 10.958904
210 0.000152 0.037887 500.000000 10.638298
210 0.000145 0.037902 600.000000 10.563380
210 0.000129 0.035012 700.000000 10.852714
210 0.000126 0.040488 800.000000 10.709505
220 0.000311 0.020291 100.000000 13.513514
220 0.000210 0.023062 200.000000 11.695907
220 0.000178 0.030724 300.000000 11.194030
220 0.000160 0.034195 400.000000 10.989011
220 0.000154 0.038487 500.000000 10.593221
220 0.000145 0.037232 600.000000 10.600707
220 0.000129 0.035059 700.000000 10.852714
220 0.000128 0.040152 800.000000 10.666667
230 0.000251 0.016594 100.000000 13.698630
230 0.000188 0.020846 200.000000 11.560694
230 0.000172 0.028320 300.000000 11.194030
230 0.000163 0.032452 400.000000 10.989011
230 0.000156 0.037800 500.000000 10.548523
230 0.000142 0.035052 600.000000 10.638298
230 0.000128 0.033629 700.000000 10.852714
230 0.000126 0.037318 800.000000 10.582010
240 0.000232 0.015975 100.000000 13.698630
240 0.000184 0.021227 200.000000 11.428572
240 0.000170 0.028357 300.000000 11.152416
240 0.000161 0.032325 400.000000 10.958904
240 0.000161 0.038019 500.000000 10.460251
240 0.000141 0.033867 600.000000 10.676157
240 0.000128 0.033666 700.000000 10.835914
240 0.000121 0.034902 800.000000 10.498688
250 0.000233 0.015815 100.000000 13.157895
250 0.000184 0.022382 200.000000 11.173184
250 0.000165 0.028642 300.000000 10.948905
250 0.000158 0.031689 400.000000 10.869565
250 0.000156 0.036923 500.000000 10.373444
250 0.000136 0.032361 600.000000 10.676157
250 0.000128 0.033857 700.000000 10.802469
250 0.000120 0.032196 800.000000 10.430247
260 0.000190 0.013498 100.000000 12.345679
260 0.000172 0.020424 200.000000 10.869565
260 0.000162 0.026514 300.000000 10.752688
260 0.000157 0.030384 400.000000 10.723861
260 0.000150 0.034656 500.000000 10.309278
260 0.000133 0.030096 600.000000 10.676157
260 0.000126 0.033298 700.000000 10.752688
260 0.000116 0.028572 800.000000 10.362695
270 0.000164 0.011329 100.000000 11.627907
270 0.000156 0.018372 200.000000 10.638298
270 0.000160 0.024361 300.000000 10.563380
270 0.000150 0.028811 400.000000 10.498688
270 0.000147 0.031409 500.000000 10.224949
270 0.000127 0.027540 600.000000 10.657193
270 0.000122 0.032281 700.000000 10.670732
270 0.000110 0.024939 800.000000 10.296010
280 0.000147 0.009318 100.000000 10.869565
280 0.000149 0.016400 200.000000 10.416667
280 0.000155 0.022530 300.000000 10.416667
280 0.000144 0.027882 400.000000 10.256411
280 0.000141 0.028386 500.000000 10.183299
280 0.000120 0.025269 600.000000 10.582010
280 0.000118 0.031057 700.000000 10.510510
280 0.000102 0.021844 800.000000 10.230179
290 0.000154 0.010214 100.000000 10.309278
290 0.000162 0.018197 200.000000 10.256411
290 0.000166 0.024670 300.000000 10.309278
290 0.000154 0.030876 400.000000 10.075566
290 0.000143 0.028920 500.000000 10.141988
290 0.000124 0.026276 600.000000 10.507881
290 0.000120 0.031976 700.000000 10.370370
290 0.000102 0.021396 800.000000 10.178117
300 0.000155 0.010495 100.000000 9.900990
300 0.000170 0.018227 200.000000 10.152285
300 0.000170 0.024526 300.000000 10.238908
300 0.000160 0.031004 400.000000 9.950249
300 0.000139 0.027270 500.000000 10.162601
300 0.000122 0.025856 600.000000 10.452962
300 0.000121 0.029989 700.000000 10.233918
300 0.000100 0.019766 800.000000 10.126582
310 0.000164 0.011307 100.000000 9.708738
310 0.000181 0.020160 200.000000 10.101010
310 0.000177 0.026764 300.000000 10.238908
310 0.000172 0.033577 400.000000 9.852217
310 0.000144 0.027801 500.000000 10.183299
310 0.000128 0.027241 600.000000 10.434783
310 0.000119 0.028920 700.000000 10.144928
310 0.000101 0.019164 800.000000 10.037642
320 0.000182 0.011704 100.000000 9.615385
320 0.000183 0.020856 200.000000 10.050251
320 0.000175 0.027414 300.000000 10.204082
320 0.000170 0.033428 400.000000 9.828010
320 0.000142 0.026959 500.000000 10.224949
320 0.000129 0.027614 600.000000 10.452962
320 0.000119 0.027029 700.000000 10.115607
320 0.000097 0.017794 800.000000 9.950249
330 0.000204 0.012509 100.000000 9.523809
330 0.000195 0.022418 200.000000 10.000000
330 0.000187 0.029356 300.000000 10.204082
330 0.000173 0.034283 400.000000 9.828010
330 0.000142 0.027003 500.000000 10.288066
330 0.000130 0.028667 600.000000 10.471204
330 0.000117 0.025578 700.000000 10.101010
330 0.000094 0.016463 800.000000 9.913259
340 0.000204 0.012564 100.000000 9.523809
340 0.000196 0.022313 200.000000 10.000000
340 0.000184 0.029542 300.000000 10.204082
340 0.000169 0.032864 400.000000 9.852217
340 0.000140 0.025764 500.000000 10.351967
340 0.000130 0.028544 600.000000 10.507881
340 0.000115 0.023539 700.000000 10.115607
340 0.000088 0.014815 800.000000 9.900990
350 0.000215 0.014059 100.000000 9.615385
350 0.000208 0.023977 200.000000 10.000000
350 0.000188 0.031197 300.000000 10.169492
350 0.000173 0.032588 400.000000 9.876543
350 0.000140 0.025719 500.000000 10.416667
350 0.000129 0.029522 600.000000 10.526316
350 0.000113 0.022428 700.000000 10.115607
350 0.000087 0.013981 800.000000 9.913259
360 0.000212 0.013769 100.000000 9.708738
360 0.000208 0.023574 200.000000 10.101010
360 0.000187 0.031351 300.000000 10.101010
360 0.000170 0.030724 400.000000 9.925558
360 0.000134 0.024287 500.000000 10.482181
360 0.000127 0.029072 600.000000 10.489511
360 0.000109 0.020336 700.000000 10.130246
360 0.000084 0.012244 800.000000 9.925558
370 0.000210 0.013564 100.000000 9.900990
370 0.000209 0.023593 200.000000 10.152285
370 0.000184 0.031662 300.000000 10.033444
370 0.000167 0.028933 400.000000 9.975062
370 0.000130 0.023036 500.000000 10.504202
370 0.000124 0.028450 600.000000 10.434783
370 0.000104 0.018574 700.000000 10.130246
370 0.000081 0.010855 800.000000 9.937888
380 0.000226 0.014201 100.000000 10.000000
380 0.000216 0.024514 200.000000 10.204082
380 0.000187 0.032852 300.000000 9.966778
380 0.000163 0.027756 400.000000 10.025063
380 0.000131 0.022293 500.000000 10.504202
380 0.000125 0.027745 600.000000 10.380623
380 0.000102 0.017112 700.000000 10.130246
380 0.000078 0.009741 800.000000 9.950249
390 0.000224 0.014453 100.000000 10.101010
390 0.000215 0.024551 200.000000 10.256411
390 0.000187 0.032689 300.000000 9.933775
390 0.000158 0.025778 400.000000 10.101010
390 0.000129 0.021326 500.000000 10.526316
390 0.000123 0.026237 600.000000 10.327023
390 0.000096 0.015710 700.000000 10.130246
390 0.000074 0.008782 800.000000 9.962640
400 0.000233 0.014362 100.000000 10.309278
400 0.000215 0.024085 200.000000 10.362695
400 0.000188 0.031721 300.000000 9.900990
400 0.000151 0.023788 400.000000 10.178117
400 0.000123 0.020740 500.000000 10.548523
400 0.000119 0.024450 600.000000 10.256411
400 0.000095 0.014682 700.000000 10.130246
400 0.000071 0.008110 800.000000 9.987515
410 0.000218 0.014765 100.000000 10.416667
410 0.000199 0.023204 200.000000 10.416667
410 0.000187 0.029763 300.000000 9.868421
410 0.000144 0.021934 400.000000 10.256411
410 0.000122 0.020777 500.000000 10.570825
410 0.000113 0.022891 600.000000 10.204082
410 0.000093 0.014270 700.000000 10.086455
410 0.000068 0.007730 800.000000 10.025063
420 0.000206 0.014339 100.000000 10.416667
420 0.000189 0.022573 200.000000 10.471204
420 0.000179 0.028148 300.000000 9.868421
420 0.000135 0.019942 400.000000 10.335917
420 0.000120 0.020167 500.000000 10.593221
420 0.000108 0.020337 600.000000 10.186757
420 0.000087 0.012689 700.000000 10.000000
420 0.000063 0.006990 800.000000 10.050251
430 0.000203 0.014185 100.000000 10.416667
430 0.000187 0.022165 200.000000 10.526316
430 0.000172 0.026458 300.000000 9.868421
430 0.000129 0.018421 400.000000 10.443864
430 0.000119 0.019895 500.000000 10.638298
430 0.000105 0.018251 600.000000 10.169492
430 0.000082 0.011316 700.000000 9.957326
430 0.000058 0.006457 800.000000 10.075566
440 0.000195 0.013992 100.000000 10.309278
440 0.000184 0.021835 200.000000 10.471204
440 0.000164 0.024260 300.000000 9.900990
440 0.000124 0.017138 400.000000 10.498688
440 0.000117 0.019995 500.000000 10.660981
440 0.000102 0.016692 600.000000 10.186757
440 0.000076 0.010216 700.000000 9.929078
440 0.000056 0.006105 800.000000 10.113780
450 0.000207 0.014665 100.000000 10.309278
450 0.000184 0.022429 200.000000 10.416667
450 0.000162 0.022796 300.000000 9.933775
450 0.000119 0.016482 400.000000 10.582010
450 0.000114 0.020349 500.000000 10.683761
450 0.000099 0.015439 600.000000 10.186757
450 0.000072 0.009427 700.000000 9.929078
450 0.000053 0.006106 800.000000 10.139417
460 0.000217 0.015223 100.000000 10.309278
460 0.000185 0.023198 200.000000 10.256411
460 0.000160 0.021121 300.000000 9.933775
460 0.000117 0.015435 400.000000 10.638298
460 0.000111 0.020158 500.000000 10.638298
460 0.000096 0.013670 600.000000 10.169492
460 0.000069 0.008146 700.000000 9.929078
460 0.000050 0.005774 800.000000 10.178117
470 0.000218 0.014760 100.000000 10.309278
470 0.000182 0.023232 200.000000 10.050251
470 0.000155 0.018837 300.000000 9.966778
470 0.000110 0.014097 400.000000 10.638298
470 0.000107 0.019446 500.000000 10.526316
470 0.000089 0.012023 600.000000 10.152285
470 0.000065 0.006979 700.000000 9.929078
470 0.000046 0.005412 800.000000 10.204082
480 0.000218 0.014860 100.000000 10.204082
480 0.000179 0.022727 200.000000 9.852217
480 0.000146 0.016454 300.000000 10.000000
480 0.000107 0.012929 400.000000 10.610080
480 0.000105 0.018347 500.000000 10.416667
480 0.000084 0.010646 600.000000 10.118044
480 0.000061 0.006202 700.000000 9.915014
480 0.000042 0.005340 800.000000 10.230179
490 0.000213 0.013741 100.000000 10.204082
490 0.000175 0.021020 200.000000 9.708738
490 0.000133 0.014037 300.000000 10.067114
490 0.000103 0.012295 400.000000 10.582010
490 0.000101 0.017107 500.000000 10.288066
490 0.000080 0.009884 600.000000 10.101010
490 0.000058 0.005799 700.000000 9.929078
490 0.000039 0.005373 800.000000 10.256411
500 0.000197 0.013338 100.000000 10.309278
500 0.000180 0.019867 200.000000 9.569378
500 0.000123 0.012401 300.000000 10.135135
500 0.000103 0.012228 400.000000 10.554090
500 0.000100 0.015631 500.000000 10.183299
500 0.000080 0.009275 600.000000 10.050251
500 0.000056 0.005368 700.000000 9.929078
500 0.000036 0.005363 800.000000 10.296010
510 0.000184 0.013099 100.000000 10.309278
510 0.000175 0.018363 200.000000 9.523809
510 0.000119 0.011087 300.000000 10.204082
510 0.000101 0.012278 400.000000 10.582010
510 0.000095 0.014066 500.000000 10.101010
510 0.000080 0.008759 600.000000 9.950249
510 0.000052 0.005104 700.000000 9.957326
510 0.000034 0.005580 800.000000 10.322580
520 0.000175 0.012345 100.000000 10.416667
520 0.000163 0.016701 200.000000 9.523809
520 0.000112 0.010226 300.000000 10.344828
520 0.000104 0.012707 400.000000 10.638298
520 0.000096 0.013057 500.000000 10.101010
520 0.000075 0.008247 600.000000 9.868421
520 0.000050 0.005011 700.000000 10.000000
520 0.000033 0.005692 800.000000 10.376135
530 0.000188 0.012689 100.000000 10.526316
530 0.000156 0.015261 200.000000 9.569378
530 0.000105 0.009617 300.000000 10.452962
530 0.000101 0.013025 400.000000 10.695188
530 0.000094 0.012034 500.000000 10.121457
530 0.000070 0.007699 600.000000 9.852217
530 0.000048 0.005175 700.000000 10.043041
530 0.000033 0.006065 800.000000 10.430247
540 0.000177 0.011709 100.000000 10.526316
540 0.000147 0.013075 200.000000 9.661836
540 0.000105 0.008682 300.000000 10.563380
540 0.000099 0.013057 400.000000 10.723861
540 0.000093 0.010751 500.000000 10.121457
540 0.000064 0.006814 600.000000 9.852217
540 0.000045 0.004772 700.000000 10.086455
540 0.000033 0.005905 800.000000 10.471204
550 0.000174 0.011507 100.000000 10.309278
550 0.000141 0.010901 200.000000 9.708738
550 0.000096 0.007758 300.000000 10.676157
550 0.000096 0.012817 400.000000 10.723861
550 0.000088 0.009453 500.000000 10.121457
550 0.000060 0.006064 600.000000 9.852217
550 0.000043 0.004762 700.000000 10.115607
550 0.000034 0.006168 800.000000 10.512484
560 0.000168 0.011989 100.000000 9.900990
560 0.000138 0.009568 200.000000 9.708738
560 0.000091 0.007942 300.000000 10.714286
560 0.000095 0.013714 400.000000 10.610080
560 0.000086 0.009242 500.000000 10.101010
560 0.000059 0.006044 600.000000 9.852217
560 0.000045 0.005095 700.000000 10.144928
560 0.000037 0.006774 800.000000 10.540184
570 0.000157 0.010796 100.000000 9.523809
570 0.000116 0.007858 200.000000 9.756098
570 0.000087 0.007937 300.000000 10.676157
570 0.000094 0.013933 400.000000 10.471204
570 0.000082 0.009113 500.000000 10.080646
570 0.000060 0.006123 600.000000 9.836065
570 0.000045 0.005558 700.000000 10.189228
570 0.000041 0.007580 800.000000 10.582010
580 0.000150 0.010887 100.000000 9.259259
580 0.000113 0.007004 200.000000 9.852217
580 0.000089 0.008152 300.000000 10.676157
580 0.000097 0.014003 400.000000 10.362695
580 0.000082 0.008912 500.000000 10.060362
580 0.000059 0.005848 600.000000 9.836065
580 0.000043 0.005582 700.000000 10.218978
580 0.000043 0.007716 800.000000 10.610080
590 0.000168 0.009634 100.000000 9.009009
590 0.000104 0.005995 200.000000 9.950249
590 0.000088 0.008540 300.000000 10.638298
590 0.000103 0.013566 400.000000 10.204082
590 0.000085 0.009085 500.000000 10.020041
590 0.000061 0.006011 600.000000 9.852217
590 0.000042 0.006024 700.000000 10.248902
590 0.000046 0.008389 800.000000 10.638298
600 0.000181 0.008727 100.000000 8.771930
600 0.000102 0.005754 200.000000 10.050251
600 0.000095 0.009567 300.000000 10.600707
600 0.000098 0.013137 400.000000 10.075566
600 0.000086 0.009648 500.000000 9.920635
600 0.000060 0.006585 600.000000 9.868421
600 0.000045 0.007047 700.000000 10.294118
600 0.000050 0.009763 800.000000 10.680908
610 0.000169 0.008718 100.000000 8.695652
610 0.000105 0.006772 200.000000 10.152285
610 0.000105 0.011556 300.000000 10.638298
610 0.000107 0.013624 400.000000 10.000000
610 0.000085 0.010485 500.000000 9.803922
610 0.000060 0.007310 600.000000 9.884679
610 0.000048 0.007982 700.000000 10.324484
610 0.000051 0.010775 800.000000 10.709505
620 0.000142 0.007152 100.000000 8.695652
620 0.000097 0.006633 200.000000 10.309278
620 0.000107 0.012099 300.000000 10.676157
620 0.000108 0.012798 400.000000 9.975062
620 0.000083 0.010172 500.000000 9.708738
620 0.000060 0.007787 600.000000 9.933775
620 0.000049 0.008879 700.000000 10.370370
620 0.000058 0.011998 800.000000 10.752688
630 0.000125 0.006043 100.000000 8.771930
630 0.000101 0.007203 200.000000 10.471204
630 0.000108 0.012869 300.000000 10.752688
630 0.000108 0.012560 400.000000 10.000000
630 0.000080 0.010233 500.000000 9.708738
630 0.000061 0.008425 600.000000 9.966778
630 0.000054 0.009909 700.000000 10.432191
630 0.000063 0.013301 800.000000 10.796222
640 0.000134 0.006508 100.000000 8.928572
640 0.000114 0.009271 200.000000 10.638298
640 0.000115 0.015374 300.000000 10.791367
640 0.000113 0.013807 400.000000 10.025063
640 0.000081 0.011342 500.000000 9.727627
640 0.000067 0.009713 600.000000 10.033444
640 0.000059 0.011342 700.000000 10.479042
640 0.000067 0.014657 800.000000 10.854816
650 0.000136 0.006541 100.000000 9.174312
650 0.000119 0.010008 200.000000 10.869565
650 0.000119 0.016107 300.000000 10.869565
650 0.000114 0.013780 400.000000 10.075566
650 0.000082 0.011316 500.000000 9.765625
650 0.000068 0.010095 600.000000 10.101010
650 0.000060 0.011946 700.000000 10.558069
650 0.000070 0.015436 800.000000 10.914052
660 0.000143 0.006789 100.000000 9.433962
660 0.000121 0.010837 200.000000 11.111111
660 0.000120 0.017139 300.000000 10.830325
660 0.000112 0.013955 400.000000 10.126582
660 0.000081 0.011413 500.000000 9.803922
660 0.000071 0.010530 600.000000 10.169492
660 0.000063 0.012707 700.000000 10.622155
660 0.000071 0.016161 800.000000 10.989011
670 0.000143 0.008000 100.000000 9.803922
670 0.000129 0.012895 200.000000 11.235955
670 0.000126 0.019003 300.000000 10.830325
670 0.000112 0.014998 400.000000 10.178117
670 0.000086 0.012050 500.000000 9.861933
670 0.000071 0.011217 600.000000 10.256411
670 0.000066 0.013527 700.000000 10.703364
670 0.000073 0.016935 800.000000 11.065007
680 0.000124 0.007457 100.000000 10.101010
680 0.000126 0.012756 200.000000 11.363636
680 0.000124 0.018490 300.000000 10.791367
680 0.000113 0.014434 400.000000 10.230179
680 0.000085 0.011723 500.000000 9.920635
680 0.000071 0.011450 600.000000 10.327023
680 0.000069 0.014274 700.000000 10.769231
680 0.000075 0.017879 800.000000 11.126565
690 0.000132 0.007129 100.000000 10.526316
690 0.000129 0.013520 200.000000 11.494253
690 0.000129 0.018876 300.000000 10.714286
690 0.000111 0.014837 400.000000 10.256411
690 0.000091 0.011961 500.000000 9.960159
690 0.000071 0.011958 600.000000 10.398614
690 0.000070 0.015006 700.000000 10.835914
690 0.000079 0.018706 800.000000 11.188811
700 0.000128 0.008121 100.000000 10.869565
700 0.000132 0.014991 200.000000 11.560694
700 0.000133 0.019013 300.000000 10.638298
700 0.000115 0.015885 400.000000 10.282776
700 0.000091 0.013165 500.000000 10.020041
700 0.000073 0.013673 600.000000 10.471204
700 0.000077 0.017153 700.000000 10.903427
700 0.000086 0.021051 800.000000 11.251758
710 0.000134 0.008208 100.000000 11.363636
710 0.000135 0.015291 200.000000 11.695907
710 0.000128 0.018340 300.000000 10.526316
710 0.000114 0.016277 400.000000 10.230179
710 0.000090 0.013530 500.000000 10.060362
710 0.000075 0.014435 600.000000 10.544815
710 0.000079 0.018242 700.000000 10.971786
710 0.000089 0.022294 800.000000 11.315417
720 0.000150 0.008497 100.000000 11.764706
720 0.000133 0.015250 200.000000 11.834319
720 0.000126 0.017260 300.000000 10.489511
720 0.000115 0.016275 400.000000 10.126582
720 0.000087 0.013765 500.000000 10.121457
720 0.000076 0.015186 600.000000 10.619469
720 0.000082 0.019411 700.000000 11.023623
720 0.000091 0.023596 800.000000 11.379801
730 0.000144 0.008207 100.000000 12.195122
730 0.000134 0.014607 200.000000 11.904762
730 0.000133 0.015720 300.000000 10.452962
730 0.000105 0.015045 400.000000 10.000000
730 0.000084 0.013296 500.000000 10.162601
730 0.000076 0.015233 600.000000 10.676157
730 0.000085 0.019615 700.000000 11.093502
730 0.000094 0.024144 800.000000 11.428572
740 0.000157 0.008931 100.000000 12.658228
740 0.000135 0.014992 200.000000 11.976048
740 0.000136 0.015204 300.000000 10.416667
740 0.000103 0.014197 400.000000 9.925558
740 0.000083 0.012987 500.000000 10.204082
740 0.000075 0.015278 600.000000 10.714286
740 0.000084 0.019712 700.000000 11.128776
740 0.000094 0.024302 800.000000 11.477762
750 0.000166 0.009774 100.000000 12.987013
750 0.000133 0.014728 200.000000 11.976048
750 0.000132 0.014442 300.000000 10.416667
750 0.000096 0.013856 400.000000 9.900990
750 0.000084 0.013609 500.000000 10.245902
750 0.000079 0.016407 600.000000 10.771993
750 0.000090 0.021178 700.000000 11.164274
750 0.000098 0.025987 800.000000 11.527377
760 0.000171 0.010977 100.000000 13.157895
760 0.000138 0.015287 200.000000 11.764706
760 0.000131 0.014095 300.000000 10.344828
760 0.000094 0.013324 400.000000 9.876543
760 0.000087 0.013731 500.000000 10.288066
760 0.000082 0.017071 600.000000 10.810811
760 0.000093 0.021822 700.000000 11.217949
760 0.000099 0.026982 800.000000 11.560694
770 0.000164 0.011872 100.000000 12.987013
770 0.000134 0.015339 200.000000 11.363636
770 0.000123 0.013698 300.000000 10.273973
770 0.000095 0.012905 400.000000 9.852217
770 0.000085 0.014052 500.000000 10.309278
770 0.000086 0.017857 600.000000 10.849910
770 0.000095 0.022877 700.000000 11.235955
770 0.000102 0.028220 800.000000 11.594203
780 0.000171 0.013057 100.000000 12.658228
780 0.000136 0.016274 200.000000 10.928962
780 0.000124 0.013965 300.000000 10.169492
780 0.000098 0.012778 400.000000 9.803922
780 0.000083 0.014366 500.000000 10.330579
780 0.000089 0.018576 600.000000 10.869565
780 0.000097 0.023540 700.000000 11.272141
780 0.000104 0.029219 800.000000 11.611031
790 0.000153 0.011565 100.000000 12.195122
790 0.000138 0.014430 200.000000 10.416667
790 0.000117 0.012666 300.000000 10.033444
790 0.000092 0.011728 400.000000 9.779951
790 0.000080 0.014119 500.000000 10.351967
790 0.000090 0.019082 600.000000 10.869565
790 0.000102 0.024390 700.000000 11.272141
790 0.000107 0.030275 800.000000 11.627907
800 0.000136 0.009822 100.000000 11.764706
800 0.000113 0.011738 200.000000 9.950249
800 0.000113 0.011599 300.000000 9.740260
800 0.000084 0.011045 400.000000 9.732360
800 0.000080 0.014159 500.000000 10.373444
800 0.000091 0.019605 600.000000 10.889292
800 0.000104 0.025269 700.000000 11.290322
800 0.000108 0.031655 800.000000 11.594203
810 0.000135 0.009291 100.000000 11.363636
810 0.000129 0.009678 200.000000 9.661836
810 0.000094 0.009726 300.000000 9.375000
810 0.000073 0.009924 400.000000 9.732360
810 0.000078 0.013684 500.000000 10.373444
810 0.000094 0.019313 600.000000 10.889292
810 0.000105 0.025125 700.000000 11.308562
810 0.000110 0.031648 800.000000 11.477762
820 0.000139 0.009161 100.000000 11.111111
820 0.000128 0.008184 200.000000 9.478673
820 0.000088 0.008891 300.000000 9.202454
820 0.000077 0.010427 400.000000 9.708738
820 0.000085 0.014956 500.000000 10.373444
820 0.000099 0.020917 600.000000 10.889292
820 0.000110 0.027168 700.000000 11.308562
820 0.000112 0.032319 800.000000 11.220197
830 0.000113 0.008581 100.000000 10.752688
830 0.000116 0.006583 200.000000 9.345795
830 0.000076 0.007731 300.000000 9.118541
830 0.000077 0.010315 400.000000 9.708738
830 0.000088 0.015326 500.000000 10.395010
830 0.000102 0.021497 600.000000 10.909091
830 0.000112 0.028142 700.000000 11.326860
830 0.000114 0.030873 800.000000 11.080333
840 0.000114 0.008952 100.000000 10.204082
840 0.000106 0.005826 200.000000 9.259259
840 0.000071 0.006832 300.000000 9.063444
840 0.000079 0.009839 400.000000 9.732360
840 0.000090 0.015201 500.000000 10.416667
840 0.000103 0.021448 600.000000 10.928962
840 0.000112 0.028165 700.000000 11.363636
840 0.000116 0.028620 800.000000 11.004127
850 0.000127 0.009408 100.000000 9.708738
850 0.000105 0.005860 200.000000 9.216590
850 0.000075 0.006671 300.000000 9.063444
850 0.000077 0.009999 400.000000 9.803922
850 0.000092 0.015588 500.000000 10.482181
850 0.000106 0.021932 600.000000 10.989011
850 0.000114 0.028808 700.000000 11.419250
850 0.000115 0.027263 800.000000 10.943913
860 0.000130 0.008358 100.000000 9.433962
860 0.000102 0.005895 200.000000 9.216590
860 0.000073 0.006645 300.000000 9.090909
860 0.000077 0.010393 400.000000 9.876543
860 0.000095 0.016250 500.000000 10.548523
860 0.000108 0.022832 600.000000 11.049724
860 0.000115 0.029895 700.000000 11.475410
870 0.000147 0.007416 100.000000 9.009009
870 0.000100 0.006088 200.000000 9.174312
870 0.000076 0.006976 300.000000 9.146341
870 0.000081 0.011179 400.000000 9.950249
870 0.000099 0.017440 500.000000 10.615711
870 0.000113 0.024236 600.000000 11.111111
870 0.000119 0.031589 700.000000 11.513158
880 0.000122 0.005866 100.000000 8.695652
880 0.000102 0.006775 200.000000 9.009009
880 0.000082 0.008327 300.000000 9.174312
880 0.000089 0.013187 400.000000 10.025063
880 0.000107 0.019858 500.000000 10.683761
880 0.000120 0.026938 600.000000 11.173184
880 0.000125 0.034469 700.000000 11.551155
890 0.000134 0.005037 100.000000 8.403361
890 0.000098 0.007608 200.000000 8.733624
890 0.000083 0.009651 300.000000 9.202454
890 0.000096 0.014971 400.000000 10.075566
890 0.000114 0.021974 500.000000 10.729613
890 0.000125 0.029114 600.000000 11.235955
890 0.000129 0.036825 700.000000 11.532125
900 0.000145 0.004095 100.000000 8.264462
900 0.000088 0.007209 200.000000 8.510638
900 0.000084 0.010423 300.000000 9.230769
900 0.000101 0.016313 400.000000 10.126582
900 0.000120 0.023590 500.000000 10.775862
900 0.000130 0.031131 600.000000 11.278195
900 0.000132 0.038639 700.000000 11.382113
910 0.000155 0.004953 100.000000 8.130081
910 0.000098 0.008475 200.000000 8.403361
910 0.000095 0.012389 300.000000 9.287926
910 0.000112 0.018737 400.000000 10.178117
910 0.000127 0.026195 500.000000 10.822511
910 0.000136 0.033923 600.000000 11.320755
910 0.000137 0.039559 700.000000 11.182109
920 0.000137 0.005173 100.000000 8.130081
920 0.000091 0.008869 200.000000 8.403361
920 0.000101 0.013513 300.000000 9.345795
920 0.000118 0.020127 400.000000 10.256411
920 0.000131 0.027883 500.000000 10.869565
920 0.000138 0.035625 600.000000 11.385200
920 0.000138 0.038846 700.000000 11.093502
930 0.000136 0.005813 100.000000 8.264462
930 0.000091 0.009470 200.000000 8.474576
930 0.000108 0.014510 300.000000 9.463722
930 0.000124 0.021463 400.000000 10.362695
930 0.000135 0.029163 500.000000 10.989011
930 0.000141 0.037278 600.000000 11.472276
930 0.000142 0.038416 700.000000 11.093502
940 0.000123 0.006196 100.000000 8.403361
940 0.000097 0.010003 200.000000 8.583691
940 0.000114 0.015332 300.000000 9.615385
940 0.000129 0.022532 400.000000 10.498688
940 0.000138 0.030468 500.000000 11.086474
940 0.000143 0.038485 600.000000 11.583012
940 0.000145 0.037843 700.000000 11.111111
950 0.000128 0.007271 100.000000 8.620689
950 0.000104 0.010936 200.000000 8.695652
950 0.000117 0.016588 300.000000 9.771987
950 0.000132 0.023901 400.000000 10.638298
950 0.000143 0.031964 500.000000 11.210762
950 0.000147 0.040069 600.000000 11.695907
950 0.000145 0.037548 700.000000 11.111111
960 0.000137 0.008347 100.000000 8.849558
960 0.000111 0.011902 200.000000 8.849558
960 0.000123 0.018162 300.000000 9.900990
960 0.000138 0.025518 400.000000 10.781672
960 0.000147 0.033711 500.000000 11.337869
960 0.000151 0.041924 600.000000 11.811024
960 0.000148 0.037645 700.000000 11.111111
970 0.000143 0.010552 100.000000 9.009009
970 0.000124 0.014191 200.000000 8.968610
970 0.000130 0.020668 300.000000 10.067114
970 0.000147 0.028474 400.000000 10.899182
970 0.000154 0.036623 500.000000 11.467890
970 0.000155 0.044880 600.000000 11.928430
980 0.000135 0.011026 100.000000 9.259259
980 0.000123 0.014832 200.000000 9.132421
980 0.000135 0.021552 300.000000 10.238908
980 0.000150 0.029251 400.000000 11.080333
980 0.000157 0.037528 500.000000 11.627907
980 0.000157 0.046024 600.000000 12.048193
990 0.000136 0.010634 100.000000 9.345795
990 0.000124 0.014628 200.000000 9.302325
990 0.000136 0.021404 300.000000 10.452962
990 0.000151 0.029355 400.000000 11.235955
990 0.000157 0.037698 500.000000 11.764706
990 0.000157 0.046263 600.000000 12.145749
1000 0.000144 0.010140 100.000000 9.174312
1000 0.000120 0.014069 200.000000 9.478673
1000 0.000135 0.021062 300.000000 10.600707
1000 0.000151 0.029079 400.000000 11.363636
1000 0.000157 0.037237 500.000000 11.904762
1000 0.000155 0.045709 600.000000 12.244898
1010 0.000098 0.009582 100.000000 8.849558
1010 0.000124 0.015080 200.000000 9.615385
1010 0.000144 0.022617 300.000000 10.752688
1010 0.000157 0.030721 400.000000 11.494253
1010 0.000163 0.039231 500.000000 12.019231
1010 0.000161 0.047892 600.000000 12.244898
1020 0.000112 0.008550 100.000000 8.620689
1020 0.000125 0.014881 200.000000 9.756098
1020 0.000148 0.022656 300.000000 10.909091
1020 0.000160 0.031096 400.000000 11.594203
1020 0.000165 0.039662 500.000000 12.135922
1020 0.000161 0.048109 600.000000 12.121212
1030 0.000123 0.008266 100.000000 8.547009
1030 0.000132 0.015060 200.000000 9.852217
1030 0.000152 0.022942 300.000000 11.029411
1030 0.000162 0.031540 400.000000 11.695907
1030 0.000167 0.040303 500.000000 12.224939
1030 0.000162 0.047085 600.000000 11.904762
1040 0.000121 0.008846 100.000000 8.547009
1040 0.000134 0.015562 200.000000 10.000000
1040 0.000155 0.023555 300.000000 11.152416
1040 0.000164 0.032258 400.000000 11.799410
1040 0.000167 0.041105 500.000000 12.315271
1040 0.000163 0.045111 600.000000 11.787819
1050 0.000124 0.008791 100.000000 8.620689
1050 0.000143 0.015763 200.000000 10.152285
1050 0.000163 0.024049 300.000000 11.278195
1050 0.000166 0.032923 400.000000 11.904762
1050 0.000168 0.041944 500.000000 12.406948
1050 0.000166 0.043242 600.000000 11.741683
1060 0.000119 0.008784 100.000000 8.620689
1060 0.000146 0.015718 200.000000 10.309278
1060 0.000163 0.023994 300.000000 11.406844
1060 0.000165 0.032682 400.000000 12.048193
1060 0.000168 0.041966 500.000000 12.500000
1060 0.000165 0.040508 600.000000 11.673152
1070 0.000128 0.008592 100.000000 8.695652
1070 0.000150 0.016237 200.000000 10.471204
1070 0.000166 0.024629 300.000000 11.538462
1070 0.000169 0.033574 400.000000 12.158054
1070 0.000170 0.042984 500.000000 12.594459
1070 0.000166 0.039017 600.000000 11.583012
1080 0.000128 0.008255 100.000000 8.849558
1080 0.000147 0.016211 200.000000 10.638298
1080 0.000166 0.024681 300.000000 11.673152
1080 0.000170 0.033753 400.000000 12.269938
1080 0.000169 0.042825 500.000000 12.722647
1090 0.000139 0.010328 100.000000 9.009009
1090 0.000163 0.018476 200.000000 10.869565
1090 0.000175 0.026972 300.000000 11.857708
1090 0.000178 0.036249 400.000000 12.422360
1090 0.000173 0.045474 500.000000 12.820513
1100 0.000150 0.010883 100.000000 9.345795
1100 0.000170 0.019126 200.000000 11.173184
1100 0.000178 0.027530 300.000000 12.096774
1100 0.000179 0.036876 400.000000 12.618297
1100 0.000175 0.046086 500.000000 12.953368
1110 0.000170 0.012347 100.000000 9.803922
1110 0.000181 0.020860 200.000000 11.494253
1110 0.000187 0.029294 300.000000 12.345679
1110 0.000185 0.038570 400.000000 12.861736
1110 0.000178 0.047896 500.000000 13.089005
1120 0.000152 0.011343 100.000000 10.309278
1120 0.000174 0.019733 200.000000 11.904762
1120 0.000181 0.028311 300.000000 12.658228
1120 0.000184 0.037867 400.000000 13.071896
1120 0.000176 0.046823 500.000000 13.192612
1130 0.000154 0.011816 100.000000 10.869565
1130 0.000178 0.020335 200.000000 12.269938
1130 0.000182 0.028942 300.000000 12.931034
1130 0.000184 0.038270 400.000000 13.333333
1130 0.000175 0.047172 500.000000 13.192612
1140 0.000147 0.010814 100.000000 11.235955
1140 0.000175 0.019303 200.000000 12.578616
1140 0.000179 0.027935 300.000000 13.157895
1140 0.000181 0.037379 400.000000 13.513514
1140 0.000171 0.045278 500.000000 12.987013
1150 0.000147 0.010753 100.000000 11.627907
1150 0.000172 0.019373 200.000000 12.820513
1150 0.000177 0.028150 300.000000 13.333333
1150 0.000180 0.037606 400.000000 13.651877
1150 0.000172 0.042968 500.000000 12.787724
1160 0.000164 0.011254 100.000000 11.904762
1160 0.000181 0.019861 200.000000 13.071896
1160 0.000182 0.028762 300.000000 13.513514
1160 0.000179 0.038311 400.000000 13.793103
1160 0.000171 0.040598 500.000000 12.658228
1170 0.000166 0.010828 100.000000 12.345679
1170 0.000182 0.019519 200.000000 13.333333
1170 0.000180 0.028562 300.000000 13.698630
1170 0.000180 0.038175 400.000000 13.937283
1170 0.000176 0.037589 500.000000 12.562814
1180 0.000179 0.012360 100.000000 12.658228
1180 0.000190 0.020703 200.000000 13.513514
1180 0.000186 0.029956 300.000000 13.824884
1180 0.000183 0.039382 400.000000 14.084507
1180 0.000174 0.035909 500.000000 12.406948
1190 0.000181 0.012476 100.000000 12.987013
1190 0.000191 0.020503 200.000000 13.793103
1190 0.000189 0.030225 300.000000 13.953488
1190 0.000181 0.039613 400.000000 14.184397
1200 0.000197 0.013621 100.000000 13.333333
1200 0.000197 0.021943 200.000000 13.888889
1200 0.000193 0.031332 300.000000 14.150944
1200 0.000184 0.041042 400.000000 14.234876
1210 0.000196 0.013626 100.000000 13.698630
1210 0.000201 0.022144 200.000000 14.084507
1210 0.000194 0.031864 300.000000 14.218010
1210 0.000181 0.041012 400.000000 14.234876
1220 0.000203 0.014014 100.000000 13.888889
1220 0.000200 0.022831 200.000000 14.184397
1220 0.000196 0.032246 300.000000 14.354067
1220 0.000182 0.041186 400.000000 13.937283
1230 0.000198 0.013040 100.000000 14.084507
1230 0.000193 0.022173 200.000000 14.184397
1230 0.000191 0.031499 300.000000 14.423077
1230 0.000176 0.038595 400.000000 13.245033
1240 0.000206 0.013188 100.000000 14.084507
1240 0.000194 0.022301 200.000000 14.285714
1240 0.000188 0.031756 300.000000 14.492754
1240 0.000177 0.035061 400.000000 12.861736
1250 0.000208 0.012213 100.000000 14.285714
1250 0.000193 0.021777 200.000000 14.285714
1250 0.000186 0.031373 300.000000 14.492754
1250 0.000180 0.030759 400.000000 12.578616
1260 0.000203 0.012293 100.000000 14.285714
1260 0.000192 0.022135 200.000000 14.285714
1260 0.000184 0.031510 300.000000 14.492754
1260 0.000177 0.026801 400.000000 12.195122
1270 0.000203 0.013022 100.000000 14.285714
1270 0.000194 0.022471 200.000000 14.388489
1270 0.000182 0.031811 300.000000 14.492754
1280 0.000202 0.012991 100.000000 14.285714
1280 0.000191 0.022377 200.000000 14.388489
1280 0.000179 0.031468 300.000000 14.354067
1290 0.000202 0.013236 100.000000 14.084507
1290 0.000194 0.022232 200.000000 14.388489
1290 0.000176 0.030793 300.000000 13.888889
1300 0.000192 0.013243 100.000000 14.084507
1300 0.000191 0.022339 200.000000 14.388489
1300 0.000170 0.028695 300.000000 12.931034
1310 0.000191 0.012786 100.000000 14.084507
1310 0.000181 0.021769 200.000000 14.492754
1310 0.000169 0.024179 300.000000 12.345679
1320 0.000178 0.011634 100.000000 14.084507
1320 0.000174 0.020856 200.000000 14.492754
1320 0.000170 0.019543 300.000000 11.952191
1330 0.000186 0.012235 100.000000 14.084507
1330 0.000178 0.021498 200.000000 14.492754
1330 0.000168 0.016659 300.000000 11.494253
1340 0.000187 0.012092 100.000000 14.285714
1340 0.000173 0.021451 200.000000 14.492754
1350 0.000188 0.011917 100.000000 14.285714
1350 0.000168 0.020975 200.000000 14.285714
1360 0.000189 0.012094 100.000000 14.285714
1360 0.000166 0.020665 200.000000 13.513514
1370 0.000193 0.012868 100.000000 14.492754
1370 0.000165 0.019191 200.000000 12.195122
1380 0.000177 0.013173 100.000000 14.492754
1380 0.000158 0.015209 200.000000 11.494253
1390 0.000186 0.014026 100.000000 14.492754
1390 0.000169 0.012295 200.000000 10.989011
1400 0.000174 0.013815 100.000000 14.492754
1410 0.000168 0.013872 100.000000 14.492754
1420 0.000148 0.013255 100.000000 13.888889
1430 0.000145 0.012366 100.000000 12.048193
1440 0.000146 0.008939 100.000000 10.101010
1450 0.000161 0.005083 100.000000 9.174312
1460 0.000171 0.001369 100.000000 8.547009
