12.5797
9.4818
24.5076
28.6305
137.496
21.7971
51.6547
39.9346
35.0621
31.9295
33.3218
73.0994
77.142
83.7049
113.168
63.7104
52.7476
92.1418
276.08
68.4512
57.0538
52.6934
56.7263
65.2805
69.1705
73.4078
45.4564
122.57
11.4002
36.5691
82.43
50.4352
21.7736
38.4343
23.0316
36.9331
85.5414
116.503
68.0945
101.252
54.5027
137.497
150.65
23.2895
179.525
18.2421
20.9399
35.4526
11.6874
16.7253
18.2583
10.6567
11.3539
121.051
12.8767
85.5677
93.3146
237.516
324.494
316.937
61.5583
13.1332
25.8127
36.9545
124.495
142.42
145.175
157.574
140.754
102.051
174.279
94.2776
97.3934
115.695
111.936
126.588
130.072
148.179
93.9099
194.42
173.895
114.822
178.65
40.4871
185.813
21.2077
123.817
154.285
126.255
181.338
198.379
137.599
164.337
160.978
133.667
132.186
128.549
98.6112
164.119
126.061
116.078
73.2348
102.744
72.2408
111.026
102.101
105.705
117.107
153.819
131.761
104.358
101.293
124.054
97.7716
60.2011
69.7971
102.81
97.1047
104.946
101.858
74.8759
97.345
64.3658
99.6021
74.6842
75.3568
61.8314
84.9295
98.4604
62.8221
93.1998
133.336
113.281
92.6649
105.674
118.476
108.747
79.1663
50.5859
64.5082
81.3833
86.1378
64.2528
95.7969
103.882
88.7461
105.102
177.02
130.469
98.466
51.4797
97.673
96.0776
65.1876
82.9669
71.8694
104.504
89.1514
80.3551
98.8882
89.7698
68.4865
71.6333
59.0026
69.4183
65.5099
59.0042
68.7914
56.5986
34.3444
46.8371
43.559
47.4488
55.1979
48.0729
54.3346
33.4577
48.7841
51.1639
35.8948
60.8822
46.1608
63.5026
49.6303
42.1319
68.658
43.5887
52.0513
82.5157
67.6853
21.73
43.1338
7.48267
12.4293
18.5219
14.4233
13.309
12.3187
10.1002
16.2078
18.4827
24.097
21.327
11.4844
17.3083
15.8357
20.0302
23.4877
22.6601
20.5017
45.9887
87.0031
101.688
119.143
126.539
104.007
81.6793
76.3589
122.986
52.0918
92.0366
64.9372
45.5271
75.4232
47.2034
51.2903
49.7942
65.2692
58.1057
60.1
59.254
38.3943
88.8884
68.9962
57.138
75.2529
70.9271
76.2094
82.3104
89.7919
91.3215
79.1965
52.8206
80.2185
82.2626
84.1346
55.7355
78.3186
57.4865
66.7371
76.8256
48.3866
73.0778
42.2193
54.2667
55.8781
39.3015
57.6153
61.5193
56.0884
31.3207
35.2695
50.1649
58.5497
33.1193
51.2621
47.9303
50.5818
49.1898
47.2934
46.4919
59.8906
50.2064
62.2451
52.1224
55.1811
62.8799
66.8761
60.1467
67.6534
60.001
75.6559
47.3923
55.6423
59.1791
46.9816
52.2936
47.5902
64.0841
51.978
56.8174
43.0988
50.3047
47.9941
57.0205
32.1404
58.3111
45.9308
50.8208
68.145
65.9338
64.8123
80.5485
96.8773
92.2395
112.321
104.094
209.564
135.105
121.238
65.8052
114.295
107.151
106.151
69.9354
80.4506
97.556
56.0882
76.0842
69.9143
51.7981
61.6473
43.8242
60.4148
69.6982
54.8278
74.3052
56.0201
57.154
70.6268
43.4975
69.0484
55.8677
49.9435
66.1756
56.3761
52.0753
46.7086
50.9343
69.8531
55.1583
38.6741
57.3922
68.6793
67.0166
53.5065
46.8191
76.8
54.7121
44.5333
63.2516
48.2808
53.2785
52.7601
48.0502
35.3453
42.118
51.6671
64.3578
30.1185
33.8612
49.0295
49.943
37.5793
47.4976
41.7632
46.4876
34.5207
29.8105
47.3591
34.7577
50.5054
26.3106
45.8603
45.7377
35.6399
56.2068
43.304
53.2107
36.3324
44.9995
34.6211
30.7911
49.5663
43.8185
46.0681
30.9703
46.0703
28.6496
42.9542
53.9508
45.9727
44.7375
58.9829
34.8988
52.3806
26.1863
33.4303
57.8747
52.153
53.6059
57.0607
67.7251
36.0326
29.1787
41.158
45.6472
49.7617
45.6307
47.7919
46.9022
50.8261
43.2249
31.4508
31.5266
33.2677
48.7349
36.0619
47.5649
48.6158
49.9137
41.6718
48.6402
55.4858
58.6343
50.2972
75.0522
39.6104
45.6636
42.7816
45.9885
60.3039
54.2618
27.518
30.3293
52.8711
48.9949
29.5383
42.5872
43.7656
54.9867
52.3126
33.8074
44.709
69.1205
56.6069
58.582
33.0021
45.7806
74.5266
66.976
28.9844
52.345
77.4353
84.6085
53.0085
39.4785
31.5696
61.0122
63.6055
58.0488
61.7748
59.8705
64.9688
75.7544
70.2064
81.8196
57.7976
89.0327
111.034
82.2423
86.067
77.3925
86.1636
93.7279
91.8107
78.7178
84.8846
66.3171
42.2146
77.7043
80.7299
75.8709
68.3174
69.7106
41.7453
59.1841
58.6636
53.7878
35.539
53.7349
62.2693
64.6492
58.2745
70.1772
70.775
64.7645
67.9715
67.6065
79.353
85.5353
91.9222
60.2247
67.3204
87.3142
80.9908
53.9006
65.3598
65.595
59.9627
67.2421
65.6245
51.1943
38.0454
52.2391
56.122
57.4122
56.9046
60.4506
62.4023
65.0915
57.6182
67.8679
77.8502
70.2452
68.4405
72.5227
62.6565
63.2658
67.2536
57.5903
62.2551
62.6632
53.2446
51.2387
42.6198
46.8428
44.5731
41.5507
39.334
40.1644
23.2737
37.0152
41.0147
44.6428
39.2067
43.7455
42.4373
47.3797
46.9162
52.6381
85.3611
55.0979
54.4186
70.8024
70.6868
103.831
69.7143
65.595
59.221
69.302
65.9347
41.1818
50.3093
53.9031
72.4715
44.7128
47.6801
54.6827
30.7849
44.4996
35.2057
45.1216
37.1852
34.0009
47.4703
47.2631
45.8518
46.7596
45.292
54.3697
39.5881
64.5634
66.5217
55.2487
57.5551
58.0803
53.1584
59.2875
47.8197
49.2464
63.9388
55.5731
53.2729
56.0165
55.7807
44.5783
48.9577
55.685
47.6747
37.9311
68.5759
63.5181
72.2427
72.8605
77.0448
66.6718
55.0393
33.7952
62.7859
47.5067
50.132
85.6473
69.3485
39.2654
43.561
42.3631
31.4409
31.7726
32.2317
21.511
14.2331
24.8708
21.1225
27.6515
21.2421
30.2954
29.8924
21.7326
27.1529
29.1998
28.7688
38.4161
24.5898
19.7749
40.9168
16.6699
34.3469
33.2532
21.9346
24.4152
26.7513
26.144
30.4494
20.6794
37.2234
27.0649
35.404
43.1714
21.7267
45.0124
27.8134
63.308
33.3379
31.0743
62.2074
43.0373
46.5134
56.071
80.6144
46.9947
41.6891
31.2483
44.2409
66.5343
52.3671
61.6131
62.6939
175.537
107.366
83.0424
49.6656
52.0158
43.6836
56.6266
48.5656
35.6765
56.1495
62.9525
59.4624
49.2874
43.2727
53.1232
63.1157
50.7519
42.4808
49.5664
60.5274
58.2283
40.5916
62.8161
73.9924
75.5791
59.0882
47.1224
83.1156
96.1432
84.1246
87.6158
94.6492
67.5134
76.4963
91.6059
71.9953
100.939
63.2455
81.5337
97.9612
47.4432
54.2849
48.6772
46.8483
94.6806
108.258
168.948
95.7791
115.132
84.5028
186.773
106.863
76.717
84.8552
92.7413
136.586
110.227
140.108
150.198
83.63
105.805
96.7193
82.3377
82.769
64.8344
95.0699
91.5212
90.4246
78.7992
98.882
87.4653
91.4
108.461
111.928
68.0813
115.336
107.909
118.641
117.112
127.532
81.0122
81.2488
78.8588
110.602
129.735
132.551
112.983
110.624
131.139
88.6981
210.806
92.8634
151.429
127.467
138.567
104.451
144.839
158.837
168.309
116.09
187.463
193.348
151.19
121.477
104.955
85.5471
115.019
59.3359
192.793
146.064
199.785
186.599
191.863
141.745
229.034
116.748
139.157
115.096
203.152
261.359
198.229
213.738
16.8965
216.46
29.4707
13.7268
16.3168
18.9484
18.5204
16.8643
175.889
184.72
144.625
17.5028
263.422
72.8204
7.83459
11.3223
13.3562
256.644
163.787
239.499
204.237
175.384
158.62
186.143
14.4556
12.6455
266.998
93.637
131.832
135.058
131.319
130.99
132.86
150.478
101.279
102.297
82.3
122.098
95.8551
97.2944
109.759
78.2475
66.9716
105.094
61.5481
66.7695
62.829
81.9321
71.0781
73.6057
66.6834
78.7192
48.2512
72.0799
65.8857
59.574
64.1431
53.8002
55.1276
57.8108
34.4635
41.5597
58.7177
59.2055
50.1069
51.6175
53.8051
43.4908
94.7855
54.0042
61.3862
47.9424
37.0097
27.9228
97.865
61.1359
54.1017
54.2019
74.4517
60.1138
54.3363
44.9364
65.9109
77.6206
85.3386
180.1
151.793
68.8584
56.3154
27.5043
47.2785
48.7317
53.8256
37.095
43.6435
43.1537
65.3365
25.4376
44.0307
53.021
82.5159
77.5056
54.1453
56.3951
80.2725
46.9002
120.843
40.8599
41.0651
94.9891
67.9155
68.3485
34.0738
57.8543
54.7132
49.0032
65.2993
91.1689
67.1512
90.6274
103.644
76.5273
110.549
103.062
130.245
89.5234
109.249
145.53
174.203
173.227
86.6764
108.82
109.265
99.6425
134.972
80.4654
87.2369
65.807
84.9442
72.2791
116.53
185.14
65.362
59.7696
59.5114
38.1338
74.018
52.565
63.2561
56.1898
86.0786
58.5463
44.4235
59.0986
67.3906
31.8663
37.1029
44.1678
49.7572
38.5961
24.1087
23.9375
31.2686
29.8766
38.493
16.5181
23.8716
14.8033
25.6422
25.9301
27.668
23.3207
22.9554
25.8144
27.1564
23.4187
13.094
16.0141
28.463
16.8297
20.4876
25.7661
25.346
25.3919
26.1946
19.9392
19.5748
18.146
21.0231
14.0132
21.9138
9.98157
12.6687
22.46
14.4381
17.1624
21.5791
12.6806
14.4086
22.7489
14.8321
13.6017
16.0124
17.3049
9.16503
20.3302
10.8149
19.6359
14.202
21.251
17.8302
16.1021
28.4549
17.7987
18.1925
23.7214
20.3066
24.8381
22.2162
18.2098
20.5314
21.3029
22.0582
22.9733
15.3561
30.1674
13.8112
19.7427
39.645
24.9878
36.2912
39.3283
24.2433
33.1431
33.0904
32.3568
36.4337
26.1074
41.2188
60.8821
51.1882
63.3328
44.5268
44.4411
59.0598
38.3718
36.2393
39.7118
33.8423
41.8232
21.6636
50.6051
20.5833
47.8335
59.3228
30.0746
25.7394
25.8329
38.5013
22.4352
24.1835
27.5032
23.4794
27.4442
52.6299
49.4899
36.7497
42.8108
30.1699
43.3406
30.9007
28.0922
48.6007
60.1943
63.7203
46.2556
56.7051
39.9605
40.8956
35.5249
37.8519
42.1158
26.4247
41.1638
33.5323
48.873
27.8492
41.3008
33.1709
25.6563
30.0183
53.7273
30.0034
48.0793
47.8138
17.3168
31.2173
47.9839
48.388
51.549
67.2267
54.9988
47.2001
58.2035
64.0529
72.9883
53.5754
81.5734
77.3058
78.2179
68.8331
64.5755
63.629
58.7134
47.2206
50.453
48.2798
59.1412
25.6598
44.2285
26.9014
41.9073
48.0185
35.7406
31.6721
35.4151
36.2566
23.5477
17.2442
26.6669
22.8801
33.0631
26.7818
19.9699
20.3659
19.8594
22.7274
14.5911
12.8261
23.443
23.4102
20.814
22.3068
20.079
19.4478
21.3594
13.0139
20.03
14.4258
17.0394
10.5707
19.3148
8.73103
11.6181
7.53432
11.7113
12.1844
10.1954
7.30471
7.93882
9.03685
10.0681
12.353
12.4029
8.22839
12.034
9.16476
6.74657
6.72769
12.3541
4.94037
5.94091
11.365
14.6672
8.76246
8.73829
11.2455
15.123
7.13096
15.0157
11.8674
11.3794
12.0526
11.8278
7.22839
12.3368
13.9162
8.30434
13.9802
12.384
14.166
9.05244
14.093
16.9626
13.1661
15.6522
17.2879
17.9945
15.2082
17.6545
16.5794
17.9718
18.0076
18.7215
13.9005
13.8751
10.7791
11.4279
13.2329
10.6691
