85.5454
75.6791
93.4772
71.3784
93.8283
79.8791
58.7981
31.4456
44.5017
89.1102
82.9316
61.7078
50.5567
65.3892
57.4052
70.0221
43.1083
37.0782
50.27
74.5267
57.677
24.6724
18.8439
35.1509
20.5805
17.9515
21.4132
11.9328
10.2623
24.5918
10.2122
14.7215
27.7507
16.2475
15.7451
17.8264
10.9188
10.7571
14.4337
12.4898
8.60225
11.1251
19.1648
22.8756
41.4652
63.3881
52.4903
26.4086
28.7588
33.8106
41.8429
31.2255
23.1831
25.6161
27.8357
39.7985
44.8913
29.56
43.904
51.6363
44.1409
54.5717
74.4433
56.8968
52.7143
55.2972
68.0895
56.0655
70.5393
58.0729
72.4646
62.3693
60.1085
63.327
53.2265
42.2614
33.9351
74.0203
59.9302
66.1735
62.9182
68.8768
72.6146
55.0205
55.9504
42.4599
60.4655
78.8598
92.1754
93.375
74.7177
60.7309
67.1752
58.7894
81.4479
77.8244
98.0461
59.4647
66.1971
88.7784
144.463
97.7077
83.9399
108.131
120.691
123.984
105.667
70.1814
129.642
80.0841
167.607
81.4924
85.5281
132.302
147.01
133.502
206.566
124.694
102.72
100.745
108.669
126.168
118.597
129.149
121.182
143.303
118.046
110.394
118.795
116.782
104.213
170.591
113.834
134.124
163.895
132.835
115.542
152.976
108.212
136.939
309.506
85.6858
96.7556
94.1915
74.517
81.2322
101.513
130.855
128.047
162.594
154.59
133.154
125.347
88.4588
89.8411
143.004
125.681
110.715
68.634
85.4539
64.2974
92.7505
114.151
106.228
74.1322
59.364
86.3465
75.3395
102.345
103.654
85.6937
52.1087
83.4056
96.7527
116.768
101.913
97.1461
69.6424
147.035
135
101.184
176.076
88.9594
97.861
84.2567
68.3446
67.0166
74.9826
62.9811
53.9334
84.4727
70.8921
83.4856
88.9621
108.722
80.3066
110.618
89.6019
92.4025
115.612
98.2526
82.4641
103.578
74.9783
88.1214
77.0058
86.414
94.6167
92.3763
96.6316
83.1298
103.259
93.003
124.572
110.721
130.937
115.57
128.841
124.736
106.128
141.658
121.943
105.929
45.0041
97.4951
79.8442
79.0193
85.1584
94.1721
68.2256
105.412
83.033
88.1742
69.777
129.877
109.563
113.248
97.8299
109.918
121.468
122.676
95.3433
125.511
95.2621
110.24
113.935
108.61
109.854
122.818
132.21
90.3907
116.582
78.7701
151.567
107.574
99.2804
92.4591
99.6368
111.035
105.779
119.851
97.5352
148.428
100.234
106.691
111.121
147.028
159.108
153.499
141.622
40.0388
125.975
168.173
192.144
168.044
28.1798
25.8369
27.6862
185.279
127.437
165.092
92.7935
143.842
116.662
112.58
148.314
127.042
165.939
110.27
109.503
79.5823
86.724
81.1242
108.512
110.901
122.558
107.479
112.429
119.609
127.279
113.029
94.952
89.9265
82.6848
86.9792
95.3943
97.3952
97.1466
79.5423
100.859
159.723
105.889
67.0551
70.8359
85.6089
89.6752
89.5794
94.4943
95.5815
125.752
69.6965
102.675
73.2339
103.413
82.0419
108.069
109.952
94.0433
114.643
85.9582
127.768
98.9998
89.3233
85.196
141.501
120.748
120.326
111.083
83.9347
117.454
99.9845
97.1154
88.4574
91.3511
85.4764
98.6744
94.6995
108.268
105.564
80.8493
73.5778
76.847
95.1348
73.595
88.0024
82.2894
69.8879
98.1511
148.657
149.295
110.618
124.677
109.401
101.247
110.124
101.473
92.9477
77.9332
104.219
105.126
117.318
86.8055
163.968
137.061
109.682
148.953
117.72
129.384
163.722
124.308
89.8229
94.493
116.942
120.195
119.706
143.614
133.978
93.5839
79.9813
115.987
85.2148
74.4921
100.416
98.2415
73.5969
75.6487
87.6623
70.615
61.274
85.6696
89.5873
90.1217
84.2257
82.9473
89.2324
89.7014
73.435
93.1363
156.451
88.8327
80.0636
71.3798
90.076
86.3612
99.6313
81.8248
114.928
98.9982
93.711
115.746
85.6703
88.11
102.761
104.007
91.4354
107.714
79.9384
81.9857
111.35
147.166
134.079
176.569
169.253
190.999
136.491
145.742
131.495
127.583
127.857
128.448
157.383
190.408
170.56
121.15
115.703
103.794
104.439
95.8675
118.051
127.377
118.846
107.876
94.2356
111.085
60.8581
101.127
111.359
130.763
128.605
83.0446
113.016
126.415
120.497
99.2877
86.5841
88.4124
53.2841
135.786
113.029
94.0839
93.9831
89.1117
85.989
78.5357
83.3738
68.3327
61.9536
71.6632
96.3741
91.3172
101.813
75.2426
94.0637
90.2583
98.1077
88.5342
76.2476
82.0819
74.6014
94.2028
75.156
64.7112
52.0669
54.4081
39.5044
56.9664
54.4712
51.0042
66.1622
49.9737
52.2535
49.2584
36.3234
76.9608
31.9483
45.114
42.8941
44.7865
92.3379
48.9614
45.5939
25.9116
43.6951
53.6364
44.1075
43.0727
40.1788
49.404
49.9021
45.4789
37.2432
57.817
41.3162
56.2591
64.1769
52.1301
44.1965
47.8673
49.6969
74.0952
70.5424
77.7133
94.6334
74.0945
88.2521
80.2793
83.2733
76.2382
71.1132
65.6639
73.897
66.962
70.2858
75.1969
66.3616
74.8227
65.6329
66.7841
68.2538
88.7719
84.6137
79.4175
79.6808
72.826
74.8554
68.5266
75.4601
75.1297
76.3561
56.2891
88.3632
74.7429
71.0815
52.9932
54.9966
36.4522
58.592
49.7738
49.5397
52.7188
47.4279
50.9867
77.5049
39.5223
63.7295
62.3519
64.7026
76.0166
67.9348
62.8306
54.2359
61.5158
61.8153
73.2433
82.6242
72.7533
52.7898
70.518
42.2871
60.278
47.8627
63.6
56.7424
62.4778
65.7202
80.239
82.1349
59.9746
84.8589
100.445
96.1215
90.2984
109.519
132.137
116.468
126.671
127.574
106.789
160.371
153.416
125.008
145.265
131.654
129.772
108.777
138.581
120.807
123.691
120.259
93.9514
131.993
116.724
71.5025
79.3999
86.1247
93.479
109.599
95.1004
66.8668
66.4577
45.9996
63.8318
46.1339
61.1556
71.2981
80.5032
128.587
84.3616
67.1874
61.9025
56.1345
47.9361
93.9722
183.775
70.5667
108.389
109.808
95.9267
85.2523
84.3399
59.1977
100.973
88.5051
85.8228
68.1044
62.609
52.1959
49.2974
63.0377
64.6781
68.1104
89.7887
89.685
94.7014
111.011
100.776
137.921
122.732
116.137
107.706
112.056
122.679
132.047
114.235
123.965
122.214
116.391
58.5706
90.313
75.362
46.7813
47.28
63.7424
64.1641
48.6709
44.7636
48.2107
50.8737
45.6188
40.1313
33.9173
47.0693
35.034
41.4739
30.9403
44.127
44.5055
51.4543
47.8269
42.5787
46.6549
50.9035
60.0556
46.3057
55.1778
41.8212
38.7031
53.7713
36.6042
52.3688
49.1705
58.3542
52.0175
44.728
56.113
68.7364
34.4931
66.9551
75.2548
48.521
58.5284
52.1369
86.2375
92.9891
73.641
51.1981
63.0881
83.2481
64.3514
76.2827
92.2177
98.267
97.7873
73.5912
96.2638
97.1289
124.011
123.017
141.307
76.8171
123.471
139.757
124.564
105.92
95.3988
82.2286
165.423
147.61
116.521
147.688
12.7313
16.601
172.769
123.739
203.633
179.516
19.2252
167.054
118.572
107.456
138.149
117.897
73.4223
105.63
105.553
96.8062
144.541
122.812
104.146
114.262
88.1455
56.578
102.54
93.5491
91.3404
41.4038
61.5486
104.636
91.7608
71.9751
52.1641
65.4263
59.916
60.6592
72.351
75.949
45.2827
41.9025
63.2212
73.5419
110.457
73.9495
54.7298
66.4417
44.5772
60.6999
63.8925
60.1859
52.4026
57.1256
57.8557
74.7442
74.5025
63.5697
67.6534
68.0687
66.7883
54.9388
69.1029
61.0645
53.4086
52.0306
44.0683
31.877
70.7163
61.7955
49.2268
56.2913
49.2218
53.8378
56.3415
66.3499
42.6864
64.3301
63.9404
72.8485
73.1077
63.2154
68.7071
72.8021
59.7117
95.4031
84.2661
79.2864
76.678
78.3671
91.2929
94.2677
91.6105
87.8925
67.6531
60.3142
83.9292
80.3952
86.5687
69.1435
86.7093
62.6997
76.1419
80.7211
69.2469
62.6456
66.3078
66.768
60.3463
73.9419
87.1841
85.999
91.885
75.4996
67.2714
55.0924
58.4957
59.0215
49.6671
64.7694
37.1527
63.6444
60.7527
50.8119
43.4241
31.7857
60.7108
49.8032
44.9449
40.7183
56.0448
51.4723
58.3918
65.9402
66.2848
45.9716
60.364
39.7808
59.8285
68.5218
74.7676
88.2152
101.06
73.2359
68.2946
62.049
77.182
69.3182
58.7157
53.2592
92.0545
78.5183
67.3697
77.3818
69.7416
92.2264
73.4348
112.309
101.741
91.4488
95.5319
95.6833
82.5074
112.206
17.6202
94.6877
85.0317
86.2061
54.8409
69.7295
98.5793
113.432
91.4981
93.5682
77.9431
69.8845
72.7488
84.0376
99.0295
119.819
86.5815
96.2224
104.449
90.6365
104.69
97.1528
99.8517
117.147
79.5398
88.0723
75.0364
66.9658
82.9757
80.9909
107.043
79.0322
83.7479
110.881
113.046
90.1601
76.4434
59.0485
72.0227
74.187
161.464
112.062
112.448
12.2204
60.3661
115.341
115.918
143.754
121.567
157.177
130.059
154.588
132.127
141.286
234.26
117.276
122.599
71.6028
123.235
111.944
127.125
114.28
104.579
87.1309
116.078
112.168
91.2738
110.83
78.7046
69.1948
76.1398
144.212
73.6239
50.4073
49.9899
64.1361
68.0879
54.6901
71.3947
62.7162
83.9263
70.1474
40.6098
168.636
66.1196
73.0358
77.2677
85.4292
70.2406
66.6704
52.8921
49.6687
45.5622
56.5116
74.7099
72.0395
71.7929
35.1274
52.5961
77.3729
60.6491
52.7887
64.7816
70.1357
81.7179
113.551
72.2334
65.129
77.0835
64.0636
113.524
97.1017
90.4208
57.7075
170.211
75.2194
57.9169
93.2339
50.2331
99.1522
93.1785
92.9462
153.302
28.5255
105.52
88.569
92.8094
93.8982
117.739
98.7015
132.964
129.625
148.458
81.3063
123.374
152.746
112.11
157.694
98.9271
109.463
124.953
132.913
109.922
80.5031
111.148
112.953
104.702
81.5784
60.0959
108.624
75.6735
117.561
84.6472
82.9409
87.6535
112.066
235.05
102.637
138.469
168.631
129.653
304.504
133.985
13.1985
178.935
38.325
131.187
209.429
119.674
165.416
169.393
136.08
114.032
121.918
96.0892
140.423
67.2547
74.0535
117.286
97.7967
90.1258
110.901
90.6565
82.28
76.2559
79.6668
77.9239
80.8078
99.1247
83.9005
79.1125
73.9897
84.2847
67.6953
89.4828
80.7167
107.865
110.109
87.8162
69.2451
78.497
91.2246
77.5245
83.9164
95.3239
78.3085
57.2375
94.5536
162.751
105.528
86.5337
82.1078
117.875
91.2448
113.762
64.0976
73.0925
75.3315
90.373
71.6244
57.6494
69.1251
76.7269
52.8759
50.1977
78.6061
95.1532
77.8086
64.6791
77.7373
70.5091
96.9922
67.4652
62.7121
83.855
79.3068
81.8061
92.2796
71.0885
81.825
91.3832
87.3251
107.489
82.9728
73.1685
88.9494
104.108
143.342
93.2277
80.3551
65.8833
77.6079
74.3441
87.9974
83.7358
94.2725
101.737
103.354
59.079
77.1997
77.3059
106.38
97.7543
100.392
122.891
71.8313
87.6581
75.72
65.6592
87.4057
101.955
83.5457
84.0651
72.1542
71.4889
114.088
108.255
91.3023
91.2754
72.5542
75.0729
122.706
113.143
85.9767
61.7389
47.6355
79.2136
59.088
76.3494
107.918
138.201
59.8231
94.5534
99.2385
88.5152
52.9634
74.0417
114.566
121.159
47.3243
58.135
62.3158
85.8225
60.5419
62.3656
72.3939
70.4795
59.845
37.3318
41.2614
39.2851
45.9485
38.2627
41.6801
42.8191
39.7768
34.7001
27.0562
30.2915
33.7115
22.5457
29.0786
43.3599
38.5639
33.5018
39.0096
49.7487
34.0044
33.3134
52.0083
36.4907
44.534
30.8366
41.878
50.0127
34.2178
42.1148
32.5436
27.5895
50.9323
56.6861
30.4882
48.0366
40.7102
47.8199
33.0569
43.2824
34.7545
25.7513
39.4951
44.1102
41.5956
39.9791
37.736
46.7193
47.321
51.1593
40.4648
36.2577
50.6701
55.0776
34.4644
30.7232
43.0997
54.0107
45.7836
39.3678
24.0205
34.3989
43.6524
42.8865
42.5303
40.6573
51.8295
41.8638
36.2835
36.3103
48.1129
28.5272
36.3784
51.3753
34.6227
41.0709
48.9511
46.1093
45.4339
35.2525
38.5466
40.542
27.8692
26.5378
33.6649
25.1486
43.4655
35.2475
33.498
26.4152
44.0252
44.2321
34.1143
33.0236
42.0317
36.5986
39.7897
41.0956
47.0371
42.224
35.2103
22.7299
38.4009
35.3433
53.164
37.3273
45.7182
66.9814
64.6681
58.6361
59.2957
77.397
65.5873
43.9943
31.8099
52.8903
51.2779
56.9772
69.6151
55.902
66.8684
77.6112
77.9972
65.2741
62.2402
73.0287
79.5628
91.795
73.6671
92.0937
83.9469
87.3018
86.2164
91.3543
110.805
103.535
95.3072
71.5524
65.2388
85.9801
107.173
124.529
126.442
92.4696
101.937
87.3281
77.3582
84.2757
103.967
72.5376
109.801
111.074
71.4573
114.704
130.548
121.441
136.406
209.627
158.033
195.652
97.8328
147.744
140.252
94.1229
121.782
100.427
102.288
86.8368
96.3253
72.0908
67.9493
77.9235
71.1884
58.9615
63.1935
47.8912
71.076
51.9736
48.8393
63.8871
45.6431
71.0549
51.1617
75.9391
47.0002
49.639
41.7256
76.1477
59.0554
66.7997
41.5243
36.2779
59.6252
36.1113
64.1659
58.6586
52.6585
56.104
62.631
64.4886
40.6457
45.6056
39.1508
49.2806
38.1371
58.0941
61.09
73.1548
56.5139
40.9803
52.7654
47.8813
53.5763
65.7543
74.5253
66.5925
79.9359
106.957
110.402
43.597
69.5406
130.403
100.832
93.5508
126.662
135.681
152.703
112.367
95.2348
67.6462
99.0263
134.422
135.355
109.992
93.3863
113.315
132.307
117.001
130.758
134.003
120.542
81.6844
107.225
87.0372
120.35
103.93
89.8627
88.8115
74.3808
81.226
79.2518
117.365
119.614
89.1864
82.5984
87.0937
71.443
78.6725
82.1061
76.1019
75.4423
66.2804
47.6485
45.0852
70.0831
37.343
70.3554
62.2014
56.0311
56.5467
56.0176
57.0722
37.0825
45.3401
42.6821
46.8319
52.4221
50.5135
53.8784
39.2314
107.599
53.3634
143.76
70.6482
95.325
46.0327
60.3313
44.329
76.3364
57.623
53.4214
41.5166
47.0878
54.2888
60.5024
66.0727
42.1019
71.608
54.2777
47.1877
49.3881
40.1723
45.2788
56.7456
47.5328
43.6442
50.5515
55.3496
65.5427
68.7444
87.2764
102.827
65.6576
106.977
119.305
66.1432
98.0561
111.061
107.241
116.528
120.836
117.119
103.743
93.5862
88.1899
131.4
104.756
93.9103
87.5289
99.1962
73.4429
117.412
110.52
131.919
195.363
130.006
102.587
91.5515
132.14
89.9922
88.195
75.4317
55.1907
63.8625
67.8739
102.284
70.4886
86.9102
87.3692
202.056
102.291
115.597
133.372
134.704
115.24
84.2184
65.011
88.8849
97.832
75.4451
70.7224
83.5139
77.6188
89.1833
85.1801
77.6782
65.1216
89.9984
60.6919
70.9104
69.0787
68.5721
71.0815
60.4986
67.5688
60.4944
52.7537
60.1394
65.2695
43.6138
23.3588
36.8273
16.846
32.9331
20.3985
29.4325
26.821
14.2997
27.9989
40.3076
104.588
16.1813
73.9394
94.9997
26.9316
45.7018
59.6427
61.454
74.8509
85.4678
85.965
79.2797
83.3066
115.054
45.5399
34.9118
42.9779
115.503
89.4374
95.4914
98.2736
93.5709
76.8262
79.4994
86.5318
77.7049
85.9886
91.0969
62.1823
69.5541
76.4327
57.2113
47.152
44.8265
60.4931
96.2498
96.8432
83.3485
107.91
86.2557
78.5962
82.1102
63.5684
56.7564
54.8125
41.9239
42.5526
62.6952
65.7149
85.6983
65.5241
70.6036
56.8513
58.4995
68.5191
82.7707
83.3756
68.3539
112.909
78.4913
84.9064
75.1168
91.9627
71.4919
87.4801
93.7513
70.181
59.5055
63.6849
64.168
136.628
90.6424
81.5804
90.7148
62.1255
115.695
129.05
84.1459
85.5985
62.7433
103.981
90.4555
107.545
94.5658
113.298
96.6482
112.547
135.879
135.927
122.486
112.497
98.412
52.5199
85.7271
58.4712
62.0324
50.1844
46.2325
104.024
83.6698
76.899
86.1251
97.3376
74.8244
95.1181
76.7727
75.8507
73.5767
85.6604
88.6852
92.1948
75.0939
86.763
66.9869
78.8856
73.1766
68.3118
71.1124
128.059
91.6993
69.8123
84.0647
109.177
124.49
103.371
102.523
129.112
102.495
90.9362
126.325
104.783
126.238
135.037
138.414
121.791
153.592
142.392
98.4346
148.07
105.127
85.0324
69.5442
98.7025
119.715
118.507
174.217
171.072
179.103
161.295
208.692
225.72
111.348
132.243
95.2018
93.1124
106.108
100.681
106.97
92.0662
91.7207
56.593
85.8458
123.381
56.9533
107.283
122.689
290.529
132.652
100.623
88.7287
78.3274
64.3216
83.6467
116.383
117.577
82.4882
130.694
113.873
116.674
112.595
71.6959
65.745
89.3648
86.5653
104.762
54.0799
79.3642
58.6779
58.9111
70.2517
61.4873
82.2507
75.2894
68.0528
68.6195
60.812
75.5944
62.5029
49.0994
60.956
54.2267
60.8362
50.7131
63.8431
43.0899
35.7824
53.2429
53.6603
39.9779
46.1328
41.7554
43.7358
52.3169
29.0217
51.2727
58.0603
26.0403
27.6553
38.9539
70.3671
29.1534
38.7595
31.1233
29.0719
59.1861
30.6344
48.5759
34.2738
44.2314
45.6497
56.698
60.4124
57.1448
75.8918
64.5512
51.3471
52.154
54.9615
34.9708
48.6629
59.4649
61.9815
88.8896
61.5473
83.134
111.085
76.6262
65.5223
89.4191
109.041
105.717
106.082
79.3956
120.976
113.357
95.1209
115.655
95.4893
96.8665
99.8692
128.08
121.118
106.105
101.313
105.953
99.6431
121.06
61.3003
104.62
119.47
132.612
93.5017
106.612
101.678
91.899
103.333
101.364
107.235
78.8668
111.377
111.232
139.795
95.834
93.3009
86.6928
101.395
121.956
75.259
88.7367
110.956
84.0277
87.5333
101.061
72.1456
92.6802
88.0833
84.0381
94.6852
70.4148
79.6324
74.4837
71.9225
67.5603
35.6904
44.9539
45.6153
47.3945
45.3207
48.1895
56.7509
71.8499
51.3553
50.5972
57.2353
46.9003
36.0957
36.4132
42.698
43.2121
46.4824
62.1347
40.7841
36.022
20.8664
35.2573
22.0697
33.3207
19.5886
30.2701
31.0201
25.8194
20.799
27.1532
14.8647
30.59
29.5778
24.1444
30.7759
28.6545
15.7456
26.1343
20.3118
26.4115
25.3591
23.4436
25.7977
20.6022
17.084
36.354
28.3716
20.3644
32.6097
21.411
31.6433
28.6888
36.2718
21.7587
33.6122
28.7769
42.6915
26.6533
48.2648
29.1494
34.1784
20.1346
28.0403
39.7817
29.4916
28.3774
38.4989
25.8903
36.2349
22.7125
33.3495
33.9621
41.8343
26.9158
36.4886
35.6876
46.1231
38.5099
29.2925
36.1633
28.9166
50.9243
37.8052
50.7949
50.2891
46.8672
51.6509
41.0096
42.6456
61.0828
48.7969
35.9857
56.7208
68.1214
58.4414
63.1455
58.5534
62.581
67.4228
37.3359
64.139
56.7592
64.8185
53.6508
67.095
53.0446
49.8223
65.9946
62.5028
64.2334
49.2672
50.0709
80.056
67.1239
45.2606
87.6671
91.8656
77.4787
64.1256
81.5918
50.8088
51.7753
65.996
75.9224
81.0165
68.2005
67.6664
60.7483
65.2733
63.2702
37.4783
70.6278
58.6805
65.901
54.006
30.5809
51.2159
57.5448
45.8922
54.1316
44.1622
62.9922
32.3364
60.5508
63.2765
61.8254
50.9814
37.4515
61.6722
65.7934
55.7584
32.5294
63.971
70.3939
64.8203
60.9362
78.704
59.1037
37.8338
72.8377
63.388
66.4718
52.3621
46.9008
40.5493
54.8454
45.7962
50.8323
65.6723
57.1746
52.5239
51.4435
56.0672
47.6336
44.3451
46.9078
45.1913
52.9213
58.6139
59.0637
56.3469
76.2907
69.2967
56.6999
70.1785
64.712
62.5005
39.3716
56.9156
47.7047
59.4799
58.5347
54.5386
42.1952
40.0171
48.0968
64.3691
56.0827
56.6283
30.7198
42.2442
55.3637
38.7698
35.6002
59.4522
56.3203
47.9965
57.347
51.8917
29.2084
57.625
43.5981
50.9238
46.0929
33.1464
40.9719
47.1948
45.5921
43.7511
43.3035
36.3172
36.3344
35.7939
45.9867
33.4819
29.6912
35.3882
24.4674
19.0419
25.4006
24.2602
24.6544
24.0827
28.5675
28.5294
24.394
20.9668
19.0573
28.652
28.4339
26.6378
28.9294
30.4285
23.4116
24.2295
23.3601
23.7729
28.1444
23.5284
22.8258
24.9352
46.1268
31.0543
26.8816
30.8475
48.0288
39.1183
35.912
25.6574
32.1869
32.3966
38.3178
38.6292
30.3227
30.8204
43.8776
38.987
50.9359
47.0876
50.6484
46.2152
51.9764
63.7747
57.9608
53.8453
72.5026
77.5732
85.552
112.983
85.6819
99.089
93.9454
112.747
107.573
126.301
173.884
149.228
171.201
93.834
92.43
85.7205
77.101
77.3407
94.6434
100.968
97.6568
75.9309
87.526
88.6953
94.8911
68.7483
72.8358
73.0966
70.3209
67.2601
67.9327
63.367
72.6132
70.4572
42.8264
44.477
60.9983
63.585
63.9035
53.3023
81.1464
60.9187
55.1977
81.4387
83.3172
75.3948
103.878
85.317
64.4726
113.024
106.486
100.483
100.248
83.1635
67.8215
116.569
88.9793
64.5432
78.323
69.5106
56.4122
61.7766
43.7335
61.2249
57.4114
43.8058
34.3327
52.3569
38.7323
38.0664
29.5289
29.4862
29.1566
31.7559
26.1656
32.6993
30.6009
19.5
32.7004
23.7079
35.0937
35.6445
33.1937
23.9421
32.7918
18.7252
34.8966
30.1917
33.3647
36.4489
40.9448
27.7151
22.1335
32.5938
75.7293
36.261
24.758
32.2214
39.3014
31.399
30.1389
28.5336
69.8113
44.3516
37.1907
47.0866
49.4339
37.9844
45.1949
53.4617
55.4717
34.6333
42.8361
69.2131
51.2157
66.957
69.8302
77.0069
77.236
65.3485
80.1582
68.3056
73.9369
61.6557
87.102
84.8
85.6211
72.2652
53.375
69.8279
72.8507
107.291
72.4323
81.0096
105.664
44.6589
87.8019
87.3944
70.8114
39.7168
47.8433
41.765
44.87
65.3399
46.8592
64.3921
65.4432
49.5695
70.4154
53.1688
63.8676
74.2449
42.3091
50.5633
34.2544
36.1268
47.1185
39.5885
45.9039
27.0176
33.2275
42.7739
27.3604
38.2244
32.7074
53.1005
28.9487
46.5213
23.0755
46.1923
30.0074
46.5786
50.1652
45.3023
47.8413
42.4377
41.0572
37.1938
38.9083
44.6402
28.3188
31.8518
39.9006
50.352
33.2139
39.0668
25.4988
14.0155
37.8496
24.1596
29.2939
21.6584
29.5173
34.2123
35.2362
30.3212
28.2994
16.5078
50.9949
34.203
28.7791
42.7818
47.3193
15.3998
40.6201
40.9315
36.0307
38.4232
36.4602
42.5615
45.9392
36.0119
43.5372
40.008
43.4606
55.4996
48.2024
55.0183
59.2497
38.907
40.4877
53.6061
74.2675
37.5051
71.1315
50.5322
60.5941
44.0741
53.2656
37.505
56.2734
35.089
79.1251
75.401
69.8272
82.6702
88.6386
77.8414
43.9088
46.7058
41.8298
64.975
44.817
89.9083
76.7727
51.871
56.1352
53.6499
29.8978
63.8619
40.4715
68.5416
45.7921
31.7535
39.8707
68.0531
44.2217
64.1156
61.0268
67.4812
56.0418
58.4998
42.6837
53.5894
39.6131
65.9976
41.1742
61.093
26.6426
46.2206
42.6088
43.531
53.5572
51.9469
37.673
19.8458
37.7816
23.4994
29.5995
21.1488
33.5137
41.5628
35.9637
19.2278
30.8494
36.1881
18.8932
24.3613
14.6618
20.7275
25.6911
22.4884
19.6175
36.6963
24.1725
16.1915
45.6086
33.6944
18.6855
25.5864
26.1677
19.5578
24.6789
25.6951
35.764
34.1007
27.6354
29.4893
34.3322
28.4606
31.0443
27.0664
31.749
30.1111
22.2147
35.3534
30.5788
31.0877
25.6519
29.521
29.4292
37.1418
41.7108
27.0281
31.021
26.8471
25.7458
28.9476
21.9457
23.2364
25.7837
30.5877
27.0155
31.338
33.4348
22.6339
25.8722
34.0592
35.2007
22.2749
19.6866
24.6516
49.991
33.1502
29.5298
61.5345
35.4393
40.2186
32.9545
39.2583
40.0361
37.4873
24.6597
38.854
34.7768
32.6994
33.5326
41.8079
40.9254
49.041
60.9786
36.8987
55.7554
30.1263
80.6679
43.776
38.5685
48.5554
50.8618
40.5662
59.4631
40.7536
60.9435
48.9472
68.1899
55.1128
61.2031
58.438
54.697
90.5388
28.4723
49.506
41.0193
42.1202
59.1431
46.7584
61.7476
43.0373
37.8355
50.306
41.295
56.395
71.1242
63.5636
51.4781
68.1652
63.7806
45.3703
52.9402
74.7855
72.32
68.024
63.9863
64.6489
61.7731
45.739
23.8154
59.5611
46.5334
54.0641
59.8401
46.2866
45.7685
43.2731
45.428
48.5999
25.545
46.3657
33.6071
39.7325
39.1485
46.4146
25.8626
38.8414
34.2397
37.2319
25.449
34.5643
34.5107
34.7378
30.8352
29.8291
28.1976
38.5914
29.8211
24.7418
28.4418
25.9813
32.0731
26.898
22.5355
34.4374
27.0927
28.8022
30.5667
30.1747
42.0226
36.1326
27.8224
47.6916
48.7303
33.5483
42.6389
39.8955
55.1566
52.4121
35.3327
46.6816
63.3722
67.1389
44.959
91.4506
88.0264
59.8328
64.3194
59.047
64.2059
65.2231
53.1823
97.2351
63.6198
89.6292
49.4795
61.3033
57.7381
41.6879
46.3155
51.501
62.6152
70.587
81.6057
69.0868
47.3216
76.0111
64.4624
48.2164
65.0838
42.3014
62.3443
72.9273
85.5708
91.5771
114.539
101.706
60.9034
51.3618
49.2723
56.3286
88.4539
87.1772
52.6567
46.2433
51.6637
72.413
42.0965
39.7489
46.9803
77.1325
64.622
89.6901
67.3058
75.6157
67.5691
67.9902
19.0519
58.1958
87.9284
85.5709
66.143
96.1457
84.7381
99.0986
68.3947
86.6832
79.7975
92.8671
52.5189
50.1031
88.4585
96.1708
90.2954
86.7857
67.2244
90.5223
95.245
97.7338
78.328
100.645
81.3627
102.695
82.7704
61.9356
62.3022
61.4251
83.9595
55.8957
55.0489
56.6825
48.1464
42.4389
42.3178
59.0827
28.6648
36.679
32.1143
47.738
57.5877
47.2132
55.1806
73.8698
34.4118
41.3559
42.9903
74.3503
57.0239
62.9588
52.1817
128.638
48.675
40.4457
62.012
34.2801
48.9081
37.163
35.5965
40.2174
45.071
53.0918
46.0272
55.4496
88.115
65.8983
72.7576
69.0691
76.0188
59.0402
72.7175
76.448
57.4633
53.0135
49.5168
52.4451
73.8687
63.2786
90.0461
77.2218
75.9682
97.8203
59.1798
74.8664
81.9112
100.176
100.958
75.1146
78.136
114.903
68.3397
163.543
93.0294
82.179
103.966
111.208
104.391
91.0193
73.331
88.328
62.5874
63.5384
43.5628
59.0656
65.8451
96.2241
81.8938
80.0765
71.5764
49.8259
85.047
83.9148
159.959
134.092
118.287
134.756
22.7563
66.3805
110.206
96.1859
93.5582
92.0616
103.848
88.8826
91.0983
102.78
126.109
13.9461
110.917
82.2657
115.755
138.1
118.17
98.4439
13.671
110.522
88.2502
71.5233
92.7142
89.386
78.9544
75.2266
36.0728
35.1283
39.647
45.7666
51.8022
43.9243
55.365
122.835
59.3897
47.5113
54.871
46.7689
73.2577
55.26
54.3789
58.3044
53.597
60.5687
71.9784
76.4956
72.0926
74.7773
43.4482
44.6499
73.96
107.992
97.7505
62.0711
61.1304
54.5602
38.5156
54.6783
44.6086
52.8063
49.5999
33.8455
61.5163
65.5704
48.5482
51.4802
38.262
49.5858
69.9415
41.7824
38.1607
44.0369
44.1015
37.7391
58.7208
65.1215
58.6807
73.2858
64.4666
13.3969
69.5854
52.5187
52.6976
49.0794
58.1647
62.9046
68.7577
48.1964
38.0886
60.512
79.8616
68.2142
47.0281
38.7242
56.281
52.6323
61.7597
100.447
89.2571
52.0841
68.8819
78.1193
58.3775
68.3524
63.7356
59.898
50.5634
65.1132
40.1553
73.9772
75.5766
41.766
50.1555
67.6768
102.858
108.325
57.3839
53.8675
48.7332
115.325
20.1439
52.5333
48.5874
36.7267
62.6215
59.2628
50.579
65.3412
33.6788
34.8241
45.4743
45.8008
25.7199
39.3655
58.1364
53.0557
45.6543
55.6102
48.8805
40.1298
55.6352
42.5739
49.4912
39.3105
26.0343
40.1892
22.6054
26.8254
28.1692
35.4995
22.1
44.07
34.6549
27.1459
44.401
31.5626
32.5375
31.4485
25.5142
25.3583
21.4366
24.5491
27.7507
18.3847
17.7958
30.4651
44.4669
40.2061
31.6111
23.5606
39.028
37.4622
30.4915
21.3691
33.3815
40.207
22.0462
42.2629
26.2585
32.1019
27.9468
34.5791
23.8703
19.0124
26.5431
16.3559
33.1334
33.59
32.0395
23.8099
46.8724
26.5069
53.9419
30.2219
34.6359
43.747
28.3043
27.6511
39.3047
38.6395
30.0117
28.8734
44.8079
51.1334
56.1903
39.4957
67.8525
75.4789
78.21
58.3911
74.2812
86.9387
116.261
81.0755
108.933
93.5383
63.9818
83.5737
77.4899
96.1922
69.2072
67.7158
75.0721
50.8585
36.284
78.5084
59.2167
85.7162
105.452
167.274
93.5526
79.7873
42.2581
95.3477
117.212
89.588
40.8563
84.2483
77.9668
87.1947
76.0705
61.9434
76.968
83.4881
91.7847
77.0387
55.5005
81.5246
73.4857
72.5705
53.5337
68.4439
63.6141
29.7165
44.8517
65.8332
81.8728
103.395
64.7426
66.1474
77.8464
45.1407
55.6847
55.5365
53.2665
74.0718
46.7558
72.4581
45.4529
71.8768
41.0858
51.3785
42.0423
76.4069
42.5097
40.3519
39.9886
46.0193
39.1977
49.5419
51.1669
70.5855
85.8713
84.2045
50.2605
42.1386
35.0531
61.5327
31.611
47.3481
42.5745
45.1452
78.5066
48.4933
71.8611
53.4909
59.3392
62.02
62.5856
31.6973
64.2898
45.3921
47.9947
43.7823
46.5914
49.9438
47.6916
78.4564
68.3241
76.1066
76.7356
60.6979
95.1254
89.2443
135.763
9.24331
8.52005
10.7812
10
9.38432
8.02898
13.2908
8.79276
7.91807
104.354
111.855
95.1953
72.613
83.9986
56.4891
88.7322
99.5164
60.9399
63.6061
99.112
98.1749
7.24698
70.4135
58.7614
80.6212
90.6501
59.2392
46.2326
40.8067
56.9826
61.6866
77.5318
72.288
95.2426
71.6685
71.1421
90.5235
96.332
105.194
100.102
131.496
135.676
107.886
107.542
87.7815
19.0971
9.99226
8.85297
9.92365
8.0974
10.4004
13.3732
83.1127
79.2384
65.8341
76.802
66.581
71.2326
56.3753
40.8517
42.1742
39.0325
63.6476
68.5243
91.3964
102.02
108.003
96.4966
72.7606
54.2159
50.9933
61.7069
65.7415
78.8719
73.5388
90.3437
80.5877
105.761
90.6674
62.201
52.8258
59.5496
107.975
68.5592
82.6993
73.0214
108.542
100.955
6.37422
80.5445
5.28729
10.8361
121.811
157.697
115.158
9.541
96.4755
8.14599
54.7393
68.4368
13.6233
8.83636
8.22639
7.84559
55.1848
73.1864
89.8156
146.213
83.0153
72.8248
72.682
70.024
43.1749
39.8659
45.4991
65.684
44.1173
49.6384
67.5587
33.5616
45.2592
52.0307
26.9943
49.3759
46.0995
31.7644
22.9116
26.7282
26.363
45.58
50.969
29.1761
45.198
42.7545
40.0753
64.3175
67.7224
74.9579
95.7262
7.30703
113.765
81.3022
48.4861
104.824
98.6253
85.072
92.3856
134.975
8.6972
6.48868
120.401
120.69
4.19766
3.58588
14.1748
13.2529
90.2003
125.349
24.7592
9.19761
6.06458
23.4727
126.101
130.612
9.13904
106.24
7.81438
8.45447
70.2964
116.947
102.191
126.477
101.125
102.918
59.2467
65.5774
74.0984
59.3597
49.4894
55.2628
70.0581
59.5185
57.7337
43.6557
53.2683
59.2063
62.7869
56.2634
56.4529
49.3329
47.2174
60.8443
52.1388
77.4324
73.3754
77.09
137.757
15.8524
104.666
110.468
104.154
119.72
71.9753
77.7678
10.688
97.1034
8.3069
9.03377
3.65362
3.42414
5.38195
14.599
5.69214
4.5428
8.8492
11.6557
8.32413
4.2535
4.71881
4.06936
9.89044
4.62917
3.92642
11.792
6.54733
9.80403
5.05367
6.14661
7.12659
9.99182
12.0413
14.2677
6.34218
7.38023
120.96
14.91
137.555
82.7701
82.3486
69.308
76.4813
100.716
89.5476
81.9732
114.112
74.2687
63.3872
53.1265
46.2345
74.8861
48.5306
50.0952
60.9701
66.4239
51.8368
53.7598
69.2374
46.2705
35.4753
54.9925
90.4721
61.1047
51.1579
76.4113
15.869
61.7764
22.0422
122.007
124.085
17.8978
23.4169
82.7611
12.5081
77.4794
104.983
18.9896
28.9353
37.8875
83.3313
24.4641
12.9558
83.7842
62.5729
63.1013
41.5836
12.6687
28.5857
57.0356
44.0723
19.0154
45.7341
34.2965
43.2174
37.0213
31.444
39.6566
30.4652
28.9174
35.929
47.2987
37.7875
34.3955
30.9251
24.737
28.4228
35.0321
31.7454
42.8922
41.7006
47.5637
28.3656
35.3534
36.2061
41.8089
45.4498
42.4686
39.3791
52.1838
114.444
42.2673
44.6875
71.9983
39.7515
49.906
61.8983
60.0351
56.8135
52.0609
66.6536
56.3181
36.7068
39.5884
41.8585
58.0482
42.6637
55.5817
45.4786
68.7892
66.7415
57.7201
57.8093
46.6457
30.5296
37.2347
46.7544
60.5809
60.7349
48.7538
70.0369
80.0208
38.9821
48.4363
54.1961
47.6906
36.5586
67.5514
56.0147
53.1906
43.42
73.7343
72.0786
60.5696
105.751
70.6361
103.707
28.1585
69.4057
3.77798
56.0005
42.4225
37.1782
46.0914
48.5391
56.9443
43.7729
65.3598
40.3109
29.7037
28.3987
43.7276
34.0647
35.5005
29.4129
36.7188
23.8626
23.2502
33.0106
29.5777
27.1195
29.617
47.7587
28.0016
32.1147
65.1443
70.5799
61.0037
50.5305
70.7874
79.7775
64.8672
45.3801
44.3983
53.5218
54.2142
38.9699
67.3338
39.5069
46.0857
39.2759
46.2826
52.4458
53.472
28.2097
34.7446
26.9622
42.1383
21.5026
35.1045
21.4609
30.0839
30.6129
45.2032
22.1343
22.1011
20.5665
27.7172
42.9832
70.4866
62.1149
37.3629
30.3557
32.8666
29.2584
26.5692
39.0474
24.933
16.7747
16.058
25.6895
19.2276
13.8699
20.0337
20.5555
26.2107
29.1828
26.2814
21.7977
26.8229
15.981
15.3785
27.0706
22.6672
15.2813
20.2732
22.658
15.5947
23.1835
15.4334
27.7858
21.0714
22.8604
24.0824
36.2879
18.5825
26.3315
25.4934
34.9122
22.3157
40.8945
39.7079
34.6663
33.8418
26.3762
19.6366
32.8011
22.2493
32.8337
24.1782
35.1239
21.6547
37.0679
27.4274
30.5261
37.517
31.4476
30.7704
33.8618
39.2227
29.3941
40.7355
46.923
46.4325
38.5864
53.7513
86.2101
41.4825
53.3147
41.0065
30.5166
39.5413
29.0779
31.5822
28.8223
32.8813
39.8196
44.9165
40.0612
36.4205
40.3038
36.2373
27.1141
26.9747
23.0889
28.7268
28.0545
21.3056
33.8651
21.0782
18.8648
17.9274
24.4814
20.1901
22.0418
21.8997
21.259
21.804
20.3873
20.1563
28.9857
30.5007
21.6546
23.8553
31.4102
25.1544
23.0966
38.0954
38.9932
36.2078
42.4414
59.501
33.9396
31.5843
41.4551
33.5521
33.8693
29.2539
39.0894
39.1467
32.0876
37.7373
30.8106
27.5812
35.7558
24.8637
29.823
44.1495
27.4985
54.1706
31.854
29.0029
28.7781
34.0765
24.6512
41.7699
28.747
25.8412
40.5681
42.5963
32.4874
26.0587
36.32
32.4587
27.6271
43.2871
45.4145
35.6917
35.2162
38.101
31.8278
52.8247
40.5007
34.3235
35.5208
54.9765
28.7279
26.9318
31.8311
29.9431
35.0627
18.721
29.8248
15.4791
12.8348
19.2396
14.037
14.5439
14.0952
20.4361
20.7435
13.7892
12.8565
24.3016
17.3279
22.2618
19.5629
16.6386
14.2772
11.6671
17.9094
15.6669
13.5555
11.7272
18.8661
17.6581
30.1938
19.8442
14.2241
14.7709
16.9602
22.106
17.0632
14.8064
13.8112
19.4247
18.2253
16.9752
18.9526
19.7416
19.3066
23.1568
30.2298
21.4442
17.9182
20.0516
23.7084
27.5277
24.7927
21.5096
30.0597
21.7508
27.3209
26.8564
25.0666
36.5244
31.5611
28.9875
29.5786
24.6978
50.075
42.588
55.9989
62.093
87.9414
105.115
64.1068
54.7318
54.8384
41.9304
69.6452
61.8298
53.0916
58.0231
63.5676
45.5328
76.2922
63.2692
30.2988
45.9071
77.2562
60.8729
69.0215
61.8479
53.9597
51.3782
41.2134
54.4564
90.3197
70.0797
51.0983
62.4924
68.0177
71.522
68.8183
59.6152
48.608
9.78153
90.1714
77.6397
48.2701
46.8297
43.1271
56.9908
48.0758
39.1439
35.3648
45.4068
68.9016
46.1452
45.1199
35.6479
44.37
48.4095
52.1644
53.3426
40.2051
42.0141
50.6643
35.3706
33.2358
30.3965
35.1424
53.9887
46.6231
65.8079
50.6081
38.7625
38.9018
39.9976
55.53
42.6089
35.4683
31.9033
53.4113
48.3709
53.8534
37.5336
50.3172
56.2192
27.2944
25.611
30.9274
29.8435
26.4036
30.4897
26.5901
27.1167
21.1708
27.9617
17.192
20.5506
23.059
23.4669
22.8059
24.4319
28.9369
21.8447
34.8153
20.0651
19.5476
22.5895
27.3773
27.5522
33.8131
29.6871
26.6068
25.889
31.5826
27.62
29.4275
31.9474
33.4645
39.7048
36.7217
42.1672
41.4111
43.8618
49.4798
43.2477
39.4273
50.8964
50.1006
41.0726
37.8757
40.8874
49.712
47.8955
40.6047
39.9928
43.5842
41.0001
57.1394
59.3013
41.8009
37.1253
34.1844
33.176
52.9363
47.6562
59.2216
37.1045
46.1095
34.4826
35.9972
34.9333
53.5033
34.06
42.6202
38.3638
58.298
47.6037
42.414
31.7653
34.6159
37.2017
35.2127
48.068
33.8172
26.6009
30.2546
29.745
47.0942
37.8565
26.4023
28.9846
28.7788
20.3338
17.9558
33.2188
35.8164
24.2992
22.8254
28.1349
17.8877
19.8511
25.6942
20.5238
24.5475
23.4443
23.9089
17.328
16.6185
21.8641
16.6285
19.9278
15.6237
15.7398
21.1987
22.5917
17.2506
28.7753
18.6819
23.0577
20.8146
21.9281
23.8758
24.3443
31.4065
35.1262
25.155
22.9979
32.9302
25.7576
42.9895
26.1268
24.0057
43.8877
17.3139
57.3955
33.5169
20.2994
38.0622
15.6343
19.4124
20.8443
15.8881
16.2931
13.2944
13.1084
20.1899
7.23039
9.97494
6.42688
6.45043
5.60117
8.539
8.62355
3.29569
5.44654
2.9031
2.80814
3.23808
4.34652
4.46427
4.99459
3.62951
2.88269
4.3358
4.37128
4.85617
5.21919
3.70969
8.07901
2.96131
8.28061
8.41859
9.79811
5.4321
12.3061
7.00652
10.1692
7.5658
8.21178
7.82031
16.3937
9.74398
13.7046
15.3172
13.8969
24.2135
13.9045
19.3924
24.8757
28.2399
25.5796
30.3797
19.2839
30.1126
24.7397
27.561
33.1287
27.1837
20.8345
25.3613
26.864
26.766
36.512
36.0296
38.4632
29.023
27.6532
29.454
49.7085
37.338
27.5316
37.6988
32.5124
43.0519
28.423
