0 0.000241 0.008971 100.000000 5.780347
0 0.000347 0.011938 200.000000 6.329114
0 0.000299 0.030262 300.000000 6.711410
0 0.000325 0.025940 400.000000 6.908463
0 0.000245 0.023901 500.000000 6.289308
0 0.000192 0.023811 600.000000 6.734007
10 0.000248 0.007189 100.000000 6.060606
10 0.000341 0.012611 200.000000 6.430868
10 0.000297 0.030538 300.000000 6.833713
10 0.000321 0.025762 400.000000 7.005254
10 0.000244 0.023652 500.000000 6.361323
10 0.000191 0.024128 600.000000 6.795017
20 0.000274 0.008113 100.000000 6.369427
20 0.000332 0.014387 200.000000 6.451613
20 0.000292 0.030580 300.000000 6.944445
20 0.000311 0.025529 400.000000 7.104796
20 0.000238 0.023064 500.000000 6.426735
20 0.000188 0.024271 600.000000 6.841505
30 0.000295 0.009963 100.000000 6.622517
30 0.000338 0.015720 200.000000 6.514658
30 0.000290 0.030607 300.000000 7.025761
30 0.000302 0.025396 400.000000 7.207207
30 0.000234 0.022667 500.000000 6.493506
30 0.000186 0.024447 600.000000 6.880734
40 0.000332 0.013157 100.000000 6.849315
40 0.000337 0.016167 200.000000 6.557377
40 0.000278 0.029220 300.000000 7.058824
40 0.000289 0.025163 400.000000 7.285975
40 0.000225 0.022090 500.000000 6.553080
40 0.000184 0.024352 600.000000 6.888634
50 0.000363 0.014152 100.000000 6.993007
50 0.000361 0.020452 200.000000 6.600660
50 0.000303 0.032203 300.000000 7.042253
50 0.000293 0.026611 400.000000 7.352941
50 0.000228 0.022348 500.000000 6.596306
50 0.000198 0.024659 600.000000 6.880734
60 0.000359 0.015497 100.000000 7.092198
60 0.000379 0.024389 200.000000 6.622517
60 0.000339 0.032825 300.000000 6.976744
60 0.000293 0.027759 400.000000 7.393715
60 0.000235 0.022739 500.000000 6.631300
60 0.000208 0.024465 600.000000 6.872852
70 0.000244 0.013845 100.000000 7.142857
70 0.000391 0.023366 200.000000 6.644518
70 0.000392 0.030990 300.000000 6.928406
70 0.000290 0.029234 400.000000 7.421150
70 0.000240 0.023313 500.000000 6.657790
70 0.000208 0.023538 600.000000 6.864988
80 0.000090 0.007757 100.000000 7.142857
80 0.000394 0.015734 200.000000 6.688963
80 0.000409 0.027096 300.000000 6.912442
80 0.000290 0.031270 400.000000 7.434944
80 0.000232 0.024042 500.000000 6.675568
80 0.000204 0.022220 600.000000 6.857143
90 0.000117 0.006617 100.000000 7.142857
90 0.000427 0.018227 200.000000 6.711410
90 0.000424 0.027665 300.000000 6.928406
90 0.000307 0.034468 400.000000 7.421150
90 0.000241 0.025036 500.000000 6.702413
90 0.000225 0.021777 600.000000 6.841505
100 0.000333 0.003869 100.000000 7.092198
100 0.000466 0.023140 200.000000 6.756757
100 0.000439 0.028739 300.000000 6.960557
100 0.000316 0.037512 400.000000 7.259528
100 0.000248 0.026199 500.000000 6.720430
100 0.000246 0.021776 600.000000 6.825939
110 0.000414 0.003165 100.000000 7.092198
110 0.000468 0.028235 200.000000 6.802721
110 0.000436 0.028531 300.000000 6.976744
110 0.000345 0.038683 400.000000 6.201550
110 0.000247 0.027159 500.000000 6.747638
110 0.000252 0.021417 600.000000 6.795017
120 0.000553 0.008890 100.000000 7.142857
120 0.000468 0.033984 200.000000 6.872852
120 0.000435 0.029477 300.000000 7.025761
120 0.000346 0.038001 400.000000 6.201550
120 0.000249 0.027980 500.000000 6.784261
120 0.000255 0.021311 600.000000 6.764374
130 0.000675 0.011628 100.000000 7.352941
130 0.000486 0.037065 200.000000 6.993007
130 0.000463 0.031538 300.000000 7.092198
130 0.000359 0.039205 400.000000 6.240250
130 0.000259 0.029493 500.000000 6.830601
130 0.000268 0.022017 600.000000 6.703911
140 0.000756 0.017399 100.000000 7.575758
140 0.000514 0.042179 200.000000 7.142857
140 0.000490 0.034224 300.000000 7.177033
140 0.000373 0.039840 400.000000 6.289308
140 0.000270 0.031182 500.000000 6.887053
140 0.000294 0.022923 600.000000 6.637168
150 0.000812 0.020030 100.000000 7.692307
150 0.000523 0.045936 200.000000 7.220217
150 0.000500 0.036019 300.000000 7.246377
150 0.000370 0.039237 400.000000 6.339144
150 0.000273 0.032096 500.000000 6.925208
150 0.000308 0.022853 600.000000 6.578948
160 0.000892 0.019382 100.000000 7.692307
160 0.000543 0.049352 200.000000 7.272727
160 0.000505 0.038310 300.000000 7.299270
160 0.000370 0.038032 400.000000 6.379585
160 0.000278 0.032381 500.000000 6.954103
160 0.000312 0.022140 600.000000 6.514658
170 0.000859 0.022521 100.000000 7.142857
170 0.000535 0.051580 200.000000 7.272727
170 0.000498 0.039321 300.000000 7.352941
170 0.000356 0.036060 400.000000 6.410256
170 0.000270 0.032979 500.000000 6.954103
180 0.000885 0.023085 100.000000 6.329114
180 0.000534 0.052756 200.000000 7.194244
180 0.000478 0.040774 300.000000 7.389163
180 0.000345 0.034675 400.000000 6.451613
180 0.000261 0.032695 500.000000 6.915629
190 0.000977 0.030963 100.000000 6.172840
190 0.000577 0.056731 200.000000 7.042253
190 0.000475 0.043919 300.000000 7.444169
190 0.000348 0.034639 400.000000 6.482982
190 0.000281 0.033185 500.000000 6.849315
200 0.000995 0.035478 100.000000 6.134969
200 0.000647 0.055320 200.000000 6.849315
200 0.000474 0.046620 300.000000 7.462687
200 0.000348 0.034282 400.000000 6.514658
200 0.000286 0.031974 500.000000 6.811989
210 0.000880 0.035478 100.000000 6.172840
210 0.000652 0.046914 200.000000 6.779661
210 0.000420 0.044880 300.000000 7.481297
210 0.000320 0.032627 400.000000 6.535948
210 0.000262 0.029169 500.000000 6.793478
220 0.000843 0.038234 100.000000 6.211180
220 0.000643 0.043429 200.000000 6.779661
220 0.000404 0.044684 300.000000 7.500000
220 0.000304 0.031617 400.000000 6.557377
220 0.000259 0.027159 500.000000 6.784261
230 0.000746 0.035559 100.000000 6.289308
230 0.000582 0.037807 200.000000 6.802721
230 0.000369 0.043822 300.000000 7.500000
230 0.000276 0.030166 400.000000 6.589786
230 0.000258 0.024289 500.000000 6.775068
240 0.000633 0.029179 100.000000 6.410256
240 0.000512 0.031284 200.000000 6.849315
240 0.000320 0.041531 300.000000 7.263923
240 0.000235 0.028270 400.000000 6.622517
240 0.000238 0.021527 500.000000 6.756757
250 0.000552 0.029230 100.000000 6.493506
250 0.000465 0.027309 200.000000 6.896552
250 0.000330 0.039212 300.000000 5.940594
250 0.000213 0.027412 400.000000 6.655574
250 0.000227 0.020248 500.000000 6.729475
260 0.000401 0.025602 100.000000 6.578948
260 0.000386 0.022067 200.000000 6.920415
260 0.000279 0.032988 300.000000 5.917160
260 0.000184 0.025969 400.000000 6.688963
260 0.000206 0.018704 500.000000 6.666667
270 0.000323 0.024765 100.000000 6.666667
270 0.000371 0.021684 200.000000 6.944445
270 0.000255 0.029851 300.000000 5.928854
270 0.000170 0.025461 400.000000 6.711410
270 0.000222 0.018469 500.000000 6.476684
280 0.000273 0.023514 100.000000 6.756757
280 0.000346 0.019813 200.000000 7.017544
280 0.000227 0.025985 300.000000 5.964215
280 0.000159 0.023503 400.000000 6.745363
280 0.000227 0.017244 500.000000 6.361323
290 0.000227 0.022157 100.000000 6.849315
290 0.000318 0.018667 200.000000 7.092198
290 0.000201 0.023102 300.000000 6.024096
290 0.000150 0.021961 400.000000 6.779661
290 0.000217 0.016087 500.000000 6.297229
300 0.000218 0.024026 100.000000 7.042253
300 0.000324 0.019845 200.000000 7.246377
300 0.000196 0.022885 300.000000 6.097561
300 0.000149 0.022219 400.000000 6.825939
310 0.000222 0.024029 100.000000 7.352941
310 0.000324 0.019597 200.000000 7.434944
310 0.000194 0.021454 300.000000 6.198347
310 0.000145 0.021175 400.000000 6.896552
320 0.000226 0.023879 100.000000 7.751938
320 0.000321 0.019388 200.000000 7.662835
320 0.000193 0.020614 300.000000 6.302521
320 0.000143 0.020624 400.000000 6.980803
330 0.000207 0.020770 100.000000 8.130081
330 0.000298 0.015690 200.000000 7.905138
330 0.000179 0.016620 300.000000 6.410256
330 0.000133 0.018139 400.000000 7.042253
340 0.000177 0.017207 100.000000 8.264462
340 0.000267 0.011580 200.000000 8.097166
340 0.000156 0.011578 300.000000 6.493506
340 0.000121 0.014565 400.000000 7.054674
350 0.000182 0.013953 100.000000 8.064516
350 0.000233 0.011063 200.000000 8.230453
350 0.000141 0.010443 300.000000 6.564551
350 0.000127 0.013756 400.000000 7.029877
360 0.000287 0.009792 100.000000 7.692307
360 0.000223 0.012240 200.000000 8.298756
360 0.000139 0.011480 300.000000 6.622517
360 0.000137 0.013729 400.000000 6.980803
370 0.000422 0.005902 100.000000 7.462687
370 0.000211 0.011454 200.000000 8.333333
370 0.000140 0.011041 300.000000 6.637168
370 0.000134 0.012382 400.000000 6.956522
380 0.000452 0.003370 100.000000 7.352941
380 0.000197 0.013586 200.000000 8.298756
380 0.000135 0.013184 300.000000 6.666667
380 0.000141 0.012565 400.000000 6.920415
390 0.000431 0.005652 100.000000 7.299270
390 0.000194 0.016067 200.000000 8.163265
390 0.000127 0.013661 300.000000 6.666667
390 0.000161 0.012045 400.000000 6.872852
400 0.000375 0.006173 100.000000 7.299270
400 0.000221 0.016133 200.000000 5.714286
400 0.000122 0.012328 300.000000 6.681514
400 0.000155 0.011020 400.000000 6.802721
410 0.000387 0.011712 100.000000 7.246377
410 0.000225 0.019131 200.000000 5.617978
410 0.000121 0.015631 300.000000 6.696429
410 0.000160 0.013137 400.000000 6.677796
420 0.000464 0.017494 100.000000 7.194244
420 0.000231 0.020771 200.000000 5.602241
420 0.000131 0.018465 300.000000 6.711410
420 0.000204 0.015931 400.000000 6.369427
430 0.000449 0.019377 100.000000 7.246377
430 0.000207 0.020086 200.000000 5.633803
430 0.000128 0.018090 300.000000 6.726458
430 0.000208 0.016101 400.000000 6.211180
440 0.000456 0.025563 100.000000 7.352941
440 0.000188 0.022498 200.000000 5.681818
440 0.000131 0.020390 300.000000 6.726458
450 0.000420 0.027118 100.000000 7.575758
450 0.000173 0.022207 200.000000 5.763689
450 0.000127 0.020117 300.000000 6.726458
460 0.000371 0.025714 100.000000 7.874016
460 0.000152 0.019238 200.000000 5.847953
460 0.000128 0.017976 300.000000 6.711410
470 0.000300 0.020509 100.000000 8.196721
470 0.000130 0.014131 200.000000 5.952381
470 0.000132 0.013911 300.000000 6.711410
480 0.000263 0.014941 100.000000 8.547009
480 0.000115 0.009997 200.000000 6.060606
480 0.000141 0.010510 300.000000 6.726458
490 0.000200 0.009065 100.000000 8.928572
490 0.000105 0.006926 200.000000 6.172840
490 0.000150 0.006261 300.000000 6.756757
500 0.000174 0.002041 100.000000 9.259259
500 0.000111 0.003415 200.000000 6.250000
500 0.000152 0.002811 300.000000 6.772009
510 0.000153 0.003274 100.000000 9.433962
510 0.000146 0.003082 200.000000 6.309148
510 0.000161 0.005591 300.000000 6.772009
520 0.000144 0.000653 100.000000 9.345795
520 0.000147 0.001512 200.000000 6.349206
520 0.000166 0.010037 300.000000 6.741573
530 0.000132 0.000868 100.000000 8.196721
530 0.000170 0.002227 200.000000 6.369427
530 0.000168 0.011427 300.000000 6.666667
540 0.000132 0.004275 100.000000 4.587156
540 0.000192 0.001218 200.000000 6.410256
540 0.000172 0.011562 300.000000 6.593407
550 0.000074 0.004262 100.000000 4.545455
550 0.000177 0.001518 200.000000 6.430868
550 0.000163 0.013124 300.000000 6.396588
560 0.000078 0.002246 100.000000 4.566210
560 0.000204 0.005616 200.000000 6.472492
560 0.000212 0.018384 300.000000 6.048387
570 0.000146 0.003055 100.000000 4.587156
570 0.000209 0.004165 200.000000 6.451613
570 0.000219 0.019238 300.000000 5.847953
580 0.000180 0.000888 100.000000 4.608295
580 0.000225 0.006855 200.000000 6.349206
590 0.000179 0.002717 100.000000 4.651163
590 0.000234 0.005269 200.000000 6.134969
600 0.000223 0.005009 100.000000 4.672897
600 0.000257 0.011110 200.000000 5.988024
610 0.000291 0.008060 100.000000 4.694836
610 0.000272 0.013965 200.000000 5.934718
620 0.000306 0.010320 100.000000 4.739336
620 0.000261 0.017915 200.000000 5.899705
630 0.000344 0.016828 100.000000 4.807693
630 0.000282 0.023070 200.000000 5.899705
640 0.000363 0.016819 100.000000 4.950495
640 0.000286 0.023812 200.000000 5.952381
650 0.000369 0.016616 100.000000 5.154639
650 0.000284 0.023554 200.000000 6.060606
660 0.000344 0.012490 100.000000 5.405406
660 0.000266 0.020832 200.000000 6.230530
670 0.000342 0.012425 100.000000 5.714286
670 0.000262 0.021207 200.000000 6.430868
680 0.000341 0.012424 100.000000 6.060606
680 0.000259 0.021580 200.000000 6.644518
690 0.000343 0.012817 100.000000 6.451613
690 0.000260 0.022152 200.000000 6.849315
700 0.000351 0.013701 100.000000 6.896552
700 0.000264 0.022986 200.000000 7.092198
710 0.000360 0.014726 100.000000 7.407407
710 0.000265 0.024208 200.000000 7.352941
720 0.000367 0.015537 100.000000 8.000000
720 0.000266 0.025068 200.000000 7.633588
730 0.000353 0.014144 100.000000 8.695652
730 0.000256 0.024050 200.000000 7.936508
740 0.000355 0.012997 100.000000 9.345795
740 0.000245 0.023253 200.000000 8.163265
750 0.000361 0.012513 100.000000 10.101010
750 0.000228 0.023238 200.000000 8.333333
760 0.000329 0.012109 100.000000 10.526316
760 0.000203 0.022605 200.000000 8.333333
770 0.000348 0.010181 100.000000 10.869565
770 0.000225 0.022457 200.000000 7.843137
780 0.000311 0.009844 100.000000 10.869565
780 0.000285 0.023178 200.000000 7.067138
790 0.000280 0.007332 100.000000 10.526316
800 0.000280 0.008048 100.000000 9.433962
810 0.000306 0.008673 100.000000 8.403361
820 0.000273 0.010427 100.000000 8.000000
830 0.000220 0.011147 100.000000 7.692307
840 0.000275 0.012014 100.000000 7.352941
850 0.000291 0.010922 100.000000 6.944445
860 0.000330 0.016311 100.000000 6.134969
870 0.000519 0.022251 100.000000 5.208333
880 0.000477 0.023957 100.000000 4.807693
