0 0.000429 0.051750 100.000000 12.195122
0 0.000374 0.055799 200.000000 15.503876
0 0.000446 0.073053 300.000000 17.543859
0 0.000354 0.092867 400.000000 19.138756
0 0.000327 0.103214 500.000000 20.408163
0 0.000414 0.120282 600.000000 21.276596
0 0.000360 0.191204 700.000000 21.875000
0 0.000293 0.275186 800.000000 22.346369
10 0.000319 0.044704 100.000000 12.987013
10 0.000404 0.049057 200.000000 16.129032
10 0.000420 0.066996 300.000000 18.181818
10 0.000355 0.086802 400.000000 19.704433
10 0.000326 0.097640 500.000000 20.920502
10 0.000389 0.117881 600.000000 21.739130
10 0.000358 0.197420 700.000000 22.292994
10 0.000280 0.279722 800.000000 22.792023
20 0.000370 0.038557 100.000000 13.888889
20 0.000417 0.044530 200.000000 16.949152
20 0.000410 0.063298 300.000000 18.867924
20 0.000323 0.081968 400.000000 20.408163
20 0.000355 0.093635 500.000000 21.459227
20 0.000383 0.117327 600.000000 22.222221
20 0.000322 0.203030 700.000000 22.801304
20 0.000286 0.289028 800.000000 23.188406
30 0.000186 0.029703 100.000000 14.925373
30 0.000344 0.033138 200.000000 17.857143
30 0.000394 0.051349 300.000000 19.607843
30 0.000317 0.070094 400.000000 21.052631
30 0.000321 0.081875 500.000000 22.123894
30 0.000380 0.109771 600.000000 22.813688
30 0.000313 0.207493 700.000000 23.255814
30 0.000278 0.295109 800.000000 23.598820
40 0.000203 0.022560 100.000000 16.129032
40 0.000347 0.027914 200.000000 18.867924
40 0.000393 0.046136 300.000000 20.408163
40 0.000299 0.064213 400.000000 21.739130
40 0.000304 0.076386 500.000000 22.727272
40 0.000374 0.111959 600.000000 23.346304
40 0.000291 0.216491 700.000000 23.728813
40 0.000247 0.302302 800.000000 24.024025
50 0.000185 0.014725 100.000000 17.241379
50 0.000398 0.023378 200.000000 19.801981
50 0.000440 0.042235 300.000000 21.276596
50 0.000304 0.059669 400.000000 22.471910
50 0.000297 0.073431 500.000000 23.255814
50 0.000386 0.121574 600.000000 23.809525
50 0.000312 0.227068 700.000000 24.221453
50 0.000235 0.310543 800.000000 24.464832
60 0.000277 0.010549 100.000000 18.518518
60 0.000393 0.023623 200.000000 20.618557
60 0.000419 0.045000 300.000000 21.897810
60 0.000297 0.059388 400.000000 23.121387
60 0.000312 0.074315 500.000000 23.809525
60 0.000344 0.136443 600.000000 24.291498
60 0.000267 0.245724 700.000000 24.561403
60 0.000246 0.324233 800.000000 24.844721
70 0.000348 0.011213 100.000000 19.230770
70 0.000410 0.028750 200.000000 21.276596
70 0.000389 0.051461 300.000000 22.727272
70 0.000307 0.064210 400.000000 23.668638
70 0.000343 0.081190 500.000000 24.271845
70 0.000333 0.159906 600.000000 24.691359
70 0.000254 0.266048 700.000000 24.911032
70 0.000256 0.343336 800.000000 25.157232
80 0.000377 0.020358 100.000000 20.408163
80 0.000478 0.044021 200.000000 21.978022
80 0.000353 0.067455 300.000000 23.255814
80 0.000323 0.078270 400.000000 24.242424
80 0.000416 0.097923 500.000000 24.752476
80 0.000353 0.193494 600.000000 25.000000
80 0.000285 0.290984 700.000000 25.270758
80 0.000272 0.369220 800.000000 25.396826
90 0.000472 0.017260 100.000000 21.276596
90 0.000442 0.042446 200.000000 22.471910
90 0.000323 0.063398 300.000000 23.809525
90 0.000348 0.074181 400.000000 24.691359
90 0.000387 0.102113 500.000000 25.125628
90 0.000318 0.216169 600.000000 25.316456
90 0.000279 0.316188 700.000000 25.454546
90 0.000258 0.387576 800.000000 25.641026
100 0.000660 0.039160 100.000000 21.739130
100 0.000580 0.062448 200.000000 23.255814
100 0.000364 0.081724 300.000000 24.390244
100 0.000374 0.093312 400.000000 25.000000
100 0.000454 0.133443 500.000000 25.380711
100 0.000344 0.252427 600.000000 25.531916
100 0.000291 0.342672 700.000000 25.735294
100 0.000265 0.415565 800.000000 25.806452
110 0.000682 0.032491 100.000000 22.222221
110 0.000591 0.053156 200.000000 23.809525
110 0.000349 0.068608 300.000000 24.793388
110 0.000353 0.081959 400.000000 25.316456
110 0.000397 0.150860 500.000000 25.641026
110 0.000288 0.272936 600.000000 25.862068
110 0.000273 0.361573 700.000000 25.925926
110 0.000801 0.436842 800.000000 25.974026
120 0.000523 0.024499 100.000000 22.727272
120 0.000426 0.047683 200.000000 24.390244
120 0.000299 0.056457 300.000000 25.210085
120 0.000354 0.074277 400.000000 25.641026
120 0.000348 0.178554 500.000000 25.906736
120 0.000253 0.302789 600.000000 25.974026
120 0.000256 0.386950 700.000000 26.119404
120 0.001034 0.460059 800.000000 26.143791
130 0.000519 0.031392 100.000000 23.255814
130 0.000340 0.052035 200.000000 24.691359
130 0.000332 0.059067 300.000000 25.641026
130 0.000389 0.086659 400.000000 25.974026
130 0.000348 0.222913 500.000000 26.041666
130 0.000273 0.335255 600.000000 26.200872
130 0.000239 0.419962 700.000000 26.217228
130 0.001266 0.486508 800.000000 26.315790
140 0.000503 0.030761 100.000000 23.809525
140 0.000300 0.047698 200.000000 25.316456
140 0.000312 0.057465 300.000000 25.862068
140 0.000421 0.107094 400.000000 26.143791
140 0.000317 0.264533 500.000000 26.178011
140 0.000277 0.372806 600.000000 26.315790
140 0.000233 0.451741 700.000000 26.315790
140 0.002508 0.516005 800.000000 26.402639
150 0.000523 0.016512 100.000000 23.809525
150 0.000233 0.024085 200.000000 25.641026
150 0.000232 0.038694 300.000000 26.086956
150 0.000395 0.139137 400.000000 26.315790
150 0.000263 0.302761 500.000000 26.315790
150 0.000190 0.400479 600.000000 26.431719
150 0.000174 0.481213 700.000000 26.415094
150 0.003776 0.544045 800.000000 26.490067
160 0.000543 0.025801 100.000000 25.000000
160 0.000244 0.028750 200.000000 25.974026
160 0.000326 0.050898 300.000000 26.315790
160 0.000378 0.195609 400.000000 26.490067
160 0.000233 0.345304 500.000000 26.455027
160 0.000241 0.437608 600.000000 26.548672
160 0.001083 0.514645 700.000000 26.515152
160 0.002835 0.575393 800.000000 26.578074
170 0.000189 0.025563 100.000000 25.641026
170 0.000246 0.029390 200.000000 26.315790
170 0.000370 0.071448 300.000000 26.548672
170 0.000307 0.251423 400.000000 26.666666
170 0.000212 0.388650 500.000000 26.595745
170 0.000216 0.475634 600.000000 26.666666
170 0.000351 0.547420 700.000000 26.615969
170 0.001581 0.604416 800.000000 26.666666
180 0.000230 0.020479 100.000000 26.315790
180 0.000247 0.032864 200.000000 26.666666
180 0.000395 0.107771 300.000000 26.785715
180 0.000283 0.313037 400.000000 26.666666
180 0.000243 0.434679 500.000000 26.737968
180 0.000188 0.517032 600.000000 26.666666
180 0.001771 0.581354 700.000000 26.717558
180 0.000340 0.634090 800.000000 26.755854
190 0.000375 0.018847 100.000000 26.315790
190 0.000126 0.034256 200.000000 26.666666
190 0.000360 0.173236 300.000000 26.785715
190 0.000205 0.371652 400.000000 26.666666
190 0.000132 0.475596 500.000000 26.737968
190 0.000121 0.557652 600.000000 26.666666
190 0.004380 0.618791 700.000000 26.717558
190 0.001950 0.666131 800.000000 26.755854
200 0.000333 0.026761 100.000000 26.315790
200 0.000259 0.054701 200.000000 26.666666
200 0.000421 0.260457 300.000000 26.785715
200 0.000194 0.432410 400.000000 26.666666
200 0.000185 0.526072 500.000000 26.737968
200 0.000158 0.601877 600.000000 26.666666
200 0.002032 0.659187 700.000000 26.717558
200 0.003667 0.700509 800.000000 26.755854
210 0.000248 0.047204 100.000000 26.315790
210 0.000548 0.110342 200.000000 26.666666
210 0.000391 0.348524 300.000000 26.785715
210 0.000234 0.496243 400.000000 26.666666
210 0.000207 0.583332 500.000000 26.595745
210 0.003103 0.645953 600.000000 26.666666
210 0.000510 0.696980 700.000000 26.717558
210 0.001464 0.734210 800.000000 26.755854
220 0.000399 0.054564 100.000000 26.315790
220 0.000703 0.183542 200.000000 26.666666
220 0.000364 0.437614 300.000000 26.548672
220 0.000305 0.564049 400.000000 26.490067
220 0.000239 0.633098 500.000000 26.595745
220 0.003044 0.694643 600.000000 26.548672
220 0.003058 0.734559 700.000000 26.717558
220 0.001788 0.769315 800.000000 26.666666
230 0.000465 0.061366 100.000000 26.315790
230 0.000563 0.309247 200.000000 26.315790
230 0.000297 0.518788 300.000000 26.548672
230 0.000280 0.617138 400.000000 26.490067
230 0.001395 0.683400 500.000000 26.595745
230 0.001383 0.736010 600.000000 26.666666
230 0.002179 0.776434 700.000000 26.615969
230 0.002812 0.804043 800.000000 26.578074
240 0.000874 0.123751 100.000000 25.641026
240 0.000620 0.431357 200.000000 26.315790
240 0.000342 0.602701 300.000000 26.315790
240 0.000303 0.678659 400.000000 26.490067
240 0.005972 0.738246 500.000000 26.455027
240 0.002985 0.781995 600.000000 26.548672
240 0.000397 0.812036 700.000000 26.615969
240 0.000566 0.834106 800.000000 26.578074
250 0.000763 0.212096 100.000000 25.641026
250 0.000435 0.545539 200.000000 26.315790
250 0.000279 0.678758 300.000000 26.315790
250 0.000243 0.734181 400.000000 26.490067
250 0.002319 0.786463 500.000000 26.455027
250 0.004445 0.822331 600.000000 26.548672
250 0.002986 0.846246 700.000000 26.615969
250 0.002724 0.865294 800.000000 26.490067
260 0.000808 0.394867 100.000000 25.641026
260 0.000447 0.666860 200.000000 26.315790
260 0.000232 0.753535 300.000000 26.315790
260 0.000172 0.796636 400.000000 26.490067
260 0.001280 0.838948 500.000000 26.455027
260 0.001447 0.866240 600.000000 26.548672
260 0.003417 0.883133 700.000000 26.615969
260 0.001863 0.900063 800.000000 26.402639
270 0.000751 0.619089 100.000000 25.641026
270 0.000280 0.776927 200.000000 26.315790
270 0.000255 0.824241 300.000000 26.315790
270 0.007794 0.855754 400.000000 26.490067
270 0.004916 0.889433 500.000000 26.455027
270 0.001582 0.907096 600.000000 26.548672
270 0.000317 0.919727 700.000000 26.515152
270 0.000411 0.928328 800.000000 26.402639
280 0.000379 0.801315 100.000000 25.641026
280 0.000096 0.871007 200.000000 25.974026
280 0.000115 0.883965 300.000000 26.315790
280 0.001175 0.907925 400.000000 26.315790
280 0.003951 0.926781 500.000000 26.455027
280 0.004645 0.937591 600.000000 26.548672
280 0.002952 0.944089 700.000000 26.515152
280 0.003720 0.952984 800.000000 26.315790
290 0.000181 0.926847 100.000000 25.641026
290 0.000103 0.936017 200.000000 25.974026
290 0.000035 0.925868 300.000000 26.315790
290 0.003340 0.942385 400.000000 26.315790
290 0.000342 0.954705 500.000000 26.455027
290 0.002825 0.960984 600.000000 26.548672
290 0.002298 0.966339 700.000000 26.415094
290 0.001892 0.969924 800.000000 26.315790
300 0.000159 0.967355 100.000000 25.641026
300 0.000243 0.942017 200.000000 25.974026
300 0.000095 0.942111 300.000000 26.315790
300 0.007793 0.959431 400.000000 26.315790
300 0.003319 0.966996 500.000000 26.455027
300 0.000226 0.970360 600.000000 26.548672
300 0.000330 0.973394 700.000000 26.415094
300 0.000398 0.977217 800.000000 26.315790
310 0.000385 0.949826 100.000000 25.641026
310 0.000136 0.937966 200.000000 25.974026
310 0.002048 0.943542 300.000000 26.315790
310 0.005312 0.958323 400.000000 26.490067
310 0.005292 0.964559 500.000000 26.595745
310 0.004543 0.973863 600.000000 26.431719
310 0.004049 0.975972 700.000000 26.315790
310 0.002637 0.977409 800.000000 26.315790
320 0.000161 0.936242 100.000000 25.641026
320 0.000073 0.936420 200.000000 25.974026
320 0.003895 0.943346 300.000000 26.315790
320 0.000845 0.958775 400.000000 26.490067
320 0.003721 0.965758 500.000000 26.595745
320 0.002955 0.972891 600.000000 26.431719
320 0.002389 0.975529 700.000000 26.315790
320 0.002992 0.978169 800.000000 26.315790
330 0.000070 0.948212 100.000000 25.641026
330 0.000031 0.939443 200.000000 25.974026
330 0.009851 0.950575 300.000000 26.315790
330 0.003613 0.964163 400.000000 26.490067
330 0.000155 0.969412 500.000000 26.595745
330 0.001368 0.977941 600.000000 26.315790
330 0.001305 0.981028 700.000000 26.217228
330 0.000758 0.981581 800.000000 26.315790
340 0.000067 0.909159 100.000000 25.641026
340 0.000060 0.943043 200.000000 25.974026
340 0.005117 0.961416 300.000000 26.315790
340 0.007600 0.968423 400.000000 26.490067
340 0.005042 0.975855 500.000000 26.455027
340 0.004370 0.978388 600.000000 26.315790
340 0.003867 0.982548 700.000000 26.217228
340 0.001484 0.984071 800.000000 26.315790
350 0.000302 0.929470 100.000000 25.641026
350 0.008775 0.953624 200.000000 25.974026
350 0.001869 0.962702 300.000000 26.548672
350 0.003157 0.976469 400.000000 26.490067
350 0.003980 0.979604 500.000000 26.455027
350 0.003139 0.981195 600.000000 26.315790
350 0.002570 0.986268 700.000000 26.217228
350 0.003697 0.987967 800.000000 26.315790
360 0.000230 0.931336 100.000000 25.641026
360 0.013582 0.960888 200.000000 25.974026
360 0.006869 0.974494 300.000000 26.315790
360 0.001339 0.979521 400.000000 26.490067
360 0.001242 0.984538 500.000000 26.315790
360 0.001203 0.986105 600.000000 26.200872
360 0.000051 0.988588 700.000000 26.217228
360 0.002917 0.987640 800.000000 26.402639
370 0.000153 0.935842 100.000000 25.641026
370 0.004520 0.970343 200.000000 25.974026
370 0.010213 0.972225 300.000000 26.548672
370 0.005882 0.983009 400.000000 26.490067
370 0.004882 0.985621 500.000000 26.315790
370 0.004219 0.988105 600.000000 26.200872
370 0.001442 0.987968 700.000000 26.315790
370 0.000649 0.991174 800.000000 26.402639
380 0.016033 0.975183 100.000000 25.641026
380 0.000442 0.987615 200.000000 26.315790
380 0.004743 0.990464 300.000000 26.548672
380 0.005367 0.992868 400.000000 26.490067
380 0.004088 0.992614 500.000000 26.315790
380 0.003265 0.995672 600.000000 26.200872
380 0.004002 0.995391 700.000000 26.315790
380 0.001596 0.997321 800.000000 26.402639
390 0.028749 0.977636 100.000000 25.641026
390 0.009511 0.989889 200.000000 26.315790
390 0.001291 0.991477 300.000000 26.548672
390 0.001176 0.997237 400.000000 26.315790
390 0.001151 0.995822 500.000000 26.178011
390 0.000251 0.995716 600.000000 26.200872
390 0.002392 0.997106 700.000000 26.315790
390 0.002845 0.995044 800.000000 26.490067
400 0.010680 0.996407 100.000000 25.641026
400 0.012879 0.999975 200.000000 26.315790
400 0.007274 0.997317 300.000000 26.548672
400 0.005677 0.998265 400.000000 26.315790
400 0.004732 0.997899 500.000000 26.178011
400 0.002753 0.999084 600.000000 26.200872
400 0.000179 1.000922 700.000000 26.315790
400 0.002758 0.998079 800.000000 26.490067
410 0.007048 1.009217 100.000000 25.641026
410 0.004016 1.006988 200.000000 26.315790
410 0.005065 1.009300 300.000000 26.315790
410 0.003563 1.005622 400.000000 26.143791
410 0.002677 1.005500 500.000000 26.041666
410 0.004764 1.002618 600.000000 26.200872
410 0.001554 0.999954 700.000000 26.415094
410 0.000545 1.000447 800.000000 26.490067
420 0.007079 1.026993 100.000000 25.641026
420 0.011084 1.011635 200.000000 26.315790
420 0.009822 1.006348 300.000000 26.315790
420 0.007094 1.002670 400.000000 26.143791
420 0.005508 1.005010 500.000000 26.041666
420 0.003345 1.003867 600.000000 26.200872
420 0.000472 1.001616 700.000000 26.415094
420 0.002312 1.000720 800.000000 26.490067
430 0.015048 1.004413 100.000000 26.315790
430 0.011084 1.013509 200.000000 26.315790
430 0.009792 1.003939 300.000000 26.315790
430 0.007087 1.000828 400.000000 26.143791
430 0.005498 1.005603 500.000000 26.041666
430 0.001998 1.001101 600.000000 26.315790
430 0.000464 1.002564 700.000000 26.415094
430 0.002322 1.000180 800.000000 26.490067
440 0.015057 1.006557 100.000000 26.315790
440 0.011116 1.012371 200.000000 26.315790
440 0.007122 1.008564 300.000000 26.086956
440 0.005104 1.006001 400.000000 25.974026
440 0.005443 1.000897 500.000000 26.178011
440 0.001985 1.002589 600.000000 26.315790
440 0.000474 1.003440 700.000000 26.415094
440 0.001314 1.001906 800.000000 26.402639
450 0.015074 1.002545 100.000000 26.315790
450 0.011137 1.007589 200.000000 26.315790
450 0.007098 1.003116 300.000000 26.086956
450 0.005106 1.004189 400.000000 25.974026
450 0.005443 1.001529 500.000000 26.178011
450 0.001982 1.003607 600.000000 26.315790
450 0.000472 1.003310 700.000000 26.415094
450 0.001312 1.000069 800.000000 26.402639
460 0.007039 1.020884 100.000000 25.641026
460 0.007164 1.008511 200.000000 25.974026
460 0.004414 1.002678 300.000000 25.862068
460 0.003101 1.006434 400.000000 25.806452
460 0.005530 1.005482 500.000000 26.041666
460 0.001968 1.002230 600.000000 26.315790
460 0.000487 1.000881 700.000000 26.415094
460 0.000691 1.001830 800.000000 26.229507
470 0.007167 1.024607 100.000000 25.641026
470 0.007176 1.003506 200.000000 25.974026
470 0.001758 1.008570 300.000000 25.641026
470 0.003117 1.007051 400.000000 25.806452
470 0.005404 1.001485 500.000000 26.178011
470 0.001963 1.002814 600.000000 26.315790
470 0.000656 1.003110 700.000000 26.315790
470 0.000672 0.999787 800.000000 26.229507
480 0.007113 1.016918 100.000000 25.641026
480 0.003126 1.007473 200.000000 25.641026
480 0.001776 1.005781 300.000000 25.641026
480 0.003112 1.007639 400.000000 25.806452
480 0.005403 1.002693 500.000000 26.178011
480 0.001969 1.003165 600.000000 26.315790
480 0.000658 1.001293 700.000000 26.315790
480 0.002657 1.002593 800.000000 26.058632
490 0.007225 1.009099 100.000000 25.641026
490 0.000940 1.012977 200.000000 25.316456
490 0.001788 1.003880 300.000000 25.641026
490 0.005140 1.002180 400.000000 25.974026
490 0.005396 1.003918 500.000000 26.178011
490 0.001965 1.003084 600.000000 26.315790
490 0.001812 1.002226 700.000000 26.217228
490 0.003646 1.001167 800.000000 25.974026
500 0.000802 1.020143 100.000000 25.000000
500 0.000936 1.005188 200.000000 25.316456
500 0.001788 1.001414 300.000000 25.641026
500 0.005158 1.002161 400.000000 25.974026
500 0.005392 1.004014 500.000000 26.178011
500 0.001953 1.001392 600.000000 26.315790
500 0.002946 1.002037 700.000000 26.119404
500 0.002169 1.001301 800.000000 25.806452
510 0.000861 1.005766 100.000000 25.000000
510 0.004971 1.012938 200.000000 25.000000
510 0.001774 1.002338 300.000000 25.641026
510 0.005149 1.004218 400.000000 25.974026
510 0.005404 1.004585 500.000000 26.178011
510 0.003300 1.003500 600.000000 26.200872
510 0.004070 1.002889 700.000000 26.022305
510 0.000138 1.002215 800.000000 25.641026
520 0.008982 1.020200 100.000000 24.390244
520 0.004937 1.012622 200.000000 25.000000
520 0.001788 1.005207 300.000000 25.641026
520 0.005162 1.007383 400.000000 25.974026
520 0.003781 1.000813 500.000000 26.315790
520 0.003300 1.002397 600.000000 26.200872
520 0.004038 1.000295 700.000000 26.022305
520 0.001882 1.002433 800.000000 25.477707
530 0.009112 1.016833 100.000000 24.390244
530 0.000940 1.002463 200.000000 25.316456
530 0.004449 1.001469 300.000000 25.862068
530 0.007149 1.003924 400.000000 26.143791
530 0.003800 1.002613 500.000000 26.315790
530 0.003315 1.001260 600.000000 26.200872
530 0.002620 1.003286 700.000000 25.830257
530 0.002911 1.000024 800.000000 25.396826
540 0.009136 1.014689 100.000000 24.390244
540 0.000964 1.005830 200.000000 25.316456
540 0.004452 1.006714 300.000000 25.862068
540 0.006538 1.000760 400.000000 26.315790
540 0.003791 1.003509 500.000000 26.315790
540 0.004644 1.003995 600.000000 26.086956
540 0.001436 1.001761 700.000000 25.735294
540 0.001938 1.001449 800.000000 25.157232
550 0.009061 1.021706 100.000000 24.390244
550 0.003083 1.002047 200.000000 25.641026
550 0.007151 1.004648 300.000000 26.086956
550 0.006544 1.005002 400.000000 26.315790
550 0.003791 1.003567 500.000000 26.315790
550 0.004596 1.003055 600.000000 26.086956
550 0.000282 1.001769 700.000000 25.641026
550 0.001059 1.000183 800.000000 24.922119
560 0.000891 1.005324 100.000000 25.000000
560 0.003130 1.010882 200.000000 25.641026
560 0.009876 1.002530 300.000000 26.315790
560 0.004505 1.002417 400.000000 26.490067
560 0.003781 1.003848 500.000000 26.315790
560 0.004557 1.001511 600.000000 26.086956
560 0.000868 1.000314 700.000000 25.547445
560 0.000968 1.001715 800.000000 24.464832
570 0.000838 1.013550 100.000000 25.000000
570 0.007188 1.007545 200.000000 25.974026
570 0.009895 1.008856 300.000000 26.315790
570 0.004494 1.005777 400.000000 26.490067
570 0.003774 1.003210 500.000000 26.315790
570 0.004575 1.001054 600.000000 25.974026
570 0.003178 1.000825 700.000000 25.362318
570 0.003251 0.998913 800.000000 24.024025
580 0.000878 1.022798 100.000000 25.000000
580 0.011245 1.001865 200.000000 26.315790
580 0.008360 1.004774 300.000000 26.548672
580 0.002455 1.000924 400.000000 26.666666
580 0.003746 1.001902 500.000000 26.315790
580 0.001850 1.003525 600.000000 25.751074
580 0.002365 1.002263 700.000000 25.089605
580 0.003231 0.989358 800.000000 23.529411
590 0.007141 1.007761 100.000000 25.641026
590 0.011218 1.009703 200.000000 26.315790
590 0.008392 1.008409 300.000000 26.548672
590 0.004496 1.005377 400.000000 26.490067
590 0.005320 1.003895 500.000000 26.178011
590 0.000494 1.002321 600.000000 25.641026
590 0.002215 1.002125 700.000000 24.734982
590 0.002866 0.968298 800.000000 22.988506
600 0.007129 1.018492 100.000000 25.641026
600 0.015251 1.001686 200.000000 26.666666
600 0.005706 1.002105 300.000000 26.785715
600 0.004502 1.003912 400.000000 26.490067
600 0.005289 1.000242 500.000000 26.178011
600 0.002216 1.002596 600.000000 25.423729
600 0.000175 1.002069 700.000000 24.221453
600 0.001525 0.931284 800.000000 22.535212
610 0.015213 1.002134 100.000000 26.315790
610 0.015249 1.006996 200.000000 26.666666
610 0.005712 1.003271 300.000000 26.785715
610 0.004502 1.000594 400.000000 26.490067
610 0.004036 1.002838 500.000000 25.906736
610 0.004912 1.001556 600.000000 25.210085
610 0.001664 0.998439 700.000000 23.648649
610 0.001157 0.881593 800.000000 22.160666
620 0.015263 1.009368 100.000000 26.315790
620 0.015241 1.009164 200.000000 26.666666
620 0.005670 1.001070 300.000000 26.785715
620 0.006491 1.002069 400.000000 26.315790
620 0.000770 1.003308 500.000000 25.641026
620 0.001563 1.001129 600.000000 24.896265
620 0.002147 0.985011 700.000000 23.026316
620 0.002991 0.824341 800.000000 21.798365
630 0.015305 1.013690 100.000000 26.315790
630 0.015258 1.009947 200.000000 26.666666
630 0.008370 1.004073 300.000000 26.548672
630 0.007294 1.002643 400.000000 26.143791
630 0.002451 1.003584 500.000000 25.380711
630 0.005098 1.001247 600.000000 24.390244
630 0.003711 0.955710 700.000000 22.508039
630 0.003099 0.765202 800.000000 21.447721
640 0.015322 1.016621 100.000000 26.315790
640 0.015249 1.008025 200.000000 26.666666
640 0.009872 1.006996 300.000000 26.315790
640 0.003285 1.006350 400.000000 25.806452
640 0.005710 1.002302 500.000000 25.125628
640 0.003582 1.000358 600.000000 23.715416
640 0.004240 0.908574 700.000000 21.943573
640 0.002191 0.704887 800.000000 21.052631
650 0.015288 1.017721 100.000000 26.315790
650 0.015244 1.004266 200.000000 26.666666
650 0.007190 1.007503 300.000000 26.086956
650 0.000790 1.005220 400.000000 25.477707
650 0.002027 1.002735 500.000000 24.752476
650 0.003098 0.993939 600.000000 22.988506
650 0.003351 0.846584 700.000000 21.472393
650 0.001755 0.641291 800.000000 20.618557
660 0.015245 1.012103 100.000000 26.315790
660 0.011219 1.008803 200.000000 26.315790
660 0.004546 1.007009 300.000000 25.862068
660 0.004867 1.005126 400.000000 25.157232
660 0.004393 1.002000 500.000000 24.271845
660 0.003890 0.973318 600.000000 22.222221
660 0.002361 0.777758 700.000000 21.021021
660 0.002080 0.575902 800.000000 20.151133
670 0.015207 1.008321 100.000000 26.315790
670 0.007181 1.013355 200.000000 25.974026
670 0.001920 1.004903 300.000000 25.641026
670 0.006792 1.003740 400.000000 24.844721
670 0.001331 1.002593 500.000000 23.584906
670 0.003334 0.932005 600.000000 21.582733
670 0.000863 0.710451 700.000000 20.648968
670 0.002454 0.521001 800.000000 19.704433
680 0.015198 1.002046 100.000000 26.315790
680 0.003126 1.013349 200.000000 25.641026
680 0.003427 1.004955 300.000000 25.210085
680 0.000704 1.006363 400.000000 24.390244
680 0.000972 1.001418 500.000000 22.727272
680 0.001654 0.870608 600.000000 21.052631
680 0.001440 0.642964 700.000000 20.231215
680 0.002331 0.481574 800.000000 19.323671
690 0.007213 1.018019 100.000000 25.641026
690 0.000870 1.012724 200.000000 25.316456
690 0.008873 1.004551 300.000000 24.793388
690 0.005304 1.003700 400.000000 23.952095
690 0.000695 0.987235 500.000000 21.929825
690 0.000997 0.795396 600.000000 20.547945
690 0.001992 0.570494 700.000000 19.774012
700 0.000869 1.026300 100.000000 25.000000
700 0.004748 1.013317 200.000000 25.000000
700 0.006685 1.007143 300.000000 24.390244
700 0.002413 1.003557 400.000000 23.391813
700 0.000961 0.954889 500.000000 21.186441
700 0.002795 0.719805 600.000000 20.134228
700 0.000793 0.498035 700.000000 19.230770
710 0.000888 1.011212 100.000000 25.000000
710 0.008698 1.011017 200.000000 24.691359
710 0.001290 1.006313 300.000000 24.000000
710 0.006437 1.001598 400.000000 22.598869
710 0.002876 0.899950 500.000000 20.576132
710 0.005157 0.646432 600.000000 19.736841
710 0.001004 0.442138 700.000000 18.817204
720 0.008953 1.018694 100.000000 24.390244
720 0.012749 1.002588 200.000000 24.390244
720 0.004120 1.001646 300.000000 23.622047
720 0.007103 0.998455 400.000000 21.621622
720 0.004948 0.824394 500.000000 20.000000
720 0.003687 0.571886 600.000000 19.292604
720 0.001962 0.399175 700.000000 18.469658
730 0.008906 1.006759 100.000000 24.390244
730 0.010455 1.007913 200.000000 23.809525
730 0.008803 1.003144 300.000000 23.076923
730 0.005903 0.976395 400.000000 20.833334
730 0.004516 0.739879 500.000000 19.531250
730 0.002911 0.491683 600.000000 18.808777
740 0.016647 1.023258 100.000000 23.809525
740 0.006439 1.007212 200.000000 23.529411
740 0.001870 1.004241 300.000000 22.388060
740 0.003287 0.934782 400.000000 20.100502
740 0.001200 0.658217 500.000000 19.157087
740 0.002209 0.415731 600.000000 18.348623
750 0.016516 1.006952 100.000000 23.809525
750 0.001704 1.012222 200.000000 22.988506
750 0.003716 1.004900 300.000000 21.428572
750 0.001376 0.867418 400.000000 19.417477
750 0.004860 0.581939 500.000000 18.796993
750 0.000724 0.354087 600.000000 17.964071
760 0.024644 1.007586 100.000000 23.255814
760 0.005733 1.003083 200.000000 22.727272
760 0.009840 0.995559 300.000000 20.547945
760 0.004574 0.780954 400.000000 18.867924
760 0.005667 0.504297 500.000000 18.315018
760 0.002429 0.304081 600.000000 17.647058
770 0.029814 1.006294 100.000000 22.727272
770 0.013628 1.010215 200.000000 21.978022
770 0.007511 0.970382 300.000000 19.607843
770 0.003581 0.689944 400.000000 18.518518
770 0.003274 0.420717 500.000000 17.857143
780 0.021495 1.014736 100.000000 22.222221
780 0.001549 1.007413 200.000000 21.276596
780 0.001959 0.918926 300.000000 18.867924
780 0.002719 0.600882 400.000000 18.099548
780 0.001270 0.338162 500.000000 17.421602
790 0.013151 1.016193 100.000000 21.739130
790 0.013686 1.006477 200.000000 20.202021
790 0.005336 0.842215 300.000000 18.181818
790 0.005742 0.525294 400.000000 17.777779
790 0.003116 0.265274 500.000000 17.064846
800 0.013134 1.003370 100.000000 21.739130
800 0.004739 0.997740 200.000000 19.230770
800 0.004730 0.749459 300.000000 17.751480
800 0.001739 0.457940 400.000000 17.391304
800 0.004865 0.203623 500.000000 16.778524
810 0.005411 1.002504 100.000000 21.276596
810 0.008903 0.971466 200.000000 18.348623
810 0.006685 0.651714 300.000000 17.341040
810 0.007793 0.391739 400.000000 17.021276
820 0.018525 1.016234 100.000000 20.000000
820 0.009503 0.915815 200.000000 17.543859
820 0.002392 0.566506 300.000000 17.045454
820 0.003076 0.323309 400.000000 16.597511
830 0.021117 1.014496 100.000000 18.867924
830 0.008304 0.841428 200.000000 16.949152
830 0.009443 0.510711 300.000000 16.759777
830 0.002414 0.261386 400.000000 16.194332
840 0.008176 1.005727 100.000000 17.543859
840 0.010098 0.752059 200.000000 16.260162
840 0.002489 0.485503 300.000000 16.393442
840 0.005382 0.216112 400.000000 15.936255
850 0.028841 0.974747 100.000000 16.666666
850 0.010970 0.670262 200.000000 15.873015
850 0.007930 0.480440 300.000000 16.042780
860 0.006210 0.943350 100.000000 15.625000
860 0.007545 0.622206 200.000000 15.748032
860 0.004427 0.479555 300.000000 15.706806
870 0.008546 0.899685 100.000000 15.151515
870 0.004092 0.622567 200.000000 15.625000
870 0.003107 0.481012 300.000000 15.463918
880 0.013736 0.878352 100.000000 14.925373
880 0.003876 0.663667 200.000000 15.625000
880 0.007008 0.480788 300.000000 15.306123
890 0.012695 0.865303 100.000000 14.925373
890 0.003470 0.722875 200.000000 15.625000
890 0.006937 0.479405 300.000000 15.306123
900 0.012605 0.866464 100.000000 14.925373
900 0.003361 0.777611 200.000000 15.625000
900 0.007612 0.474679 300.000000 15.306123
910 0.013585 0.881151 100.000000 14.925373
910 0.003516 0.816364 200.000000 15.625000
920 0.003772 0.893106 100.000000 15.384615
920 0.003820 0.834754 200.000000 15.625000
930 0.007300 0.928382 100.000000 15.625000
930 0.002647 0.834027 200.000000 15.503876
940 0.012190 0.964668 100.000000 15.873015
940 0.005016 0.813065 200.000000 15.384615
950 0.017440 0.989942 100.000000 16.129032
950 0.005066 0.771539 200.000000 15.384615
960 0.015964 1.007055 100.000000 16.129032
960 0.005688 0.718361 200.000000 15.384615
970 0.016462 0.995083 100.000000 16.129032
970 0.006612 0.669491 200.000000 15.384615
980 0.003937 0.977461 100.000000 15.625000
990 0.009816 0.928997 100.000000 15.151515
1000 0.021955 0.868023 100.000000 14.705882
1010 0.026793 0.815981 100.000000 14.492754
1020 0.028531 0.817806 100.000000 14.285714
1030 0.028823 0.855422 100.000000 14.492754
