0 0.000692 0.036991 100.000000 6.289308
0 0.000435 0.054327 200.000000 6.666667
0 0.000435 0.072949 300.000000 7.194244
0 0.000370 0.087800 400.000000 7.326007
0 0.000441 0.105365 500.000000 7.610350
10 0.000578 0.041841 100.000000 6.211180
10 0.000468 0.052998 200.000000 6.666667
10 0.000432 0.071136 300.000000 7.194244
10 0.000361 0.084283 400.000000 7.312614
10 0.000441 0.102160 500.000000 7.598784
20 0.000650 0.041545 100.000000 6.134969
20 0.000469 0.051054 200.000000 6.666667
20 0.000406 0.069015 300.000000 7.211538
20 0.000373 0.081615 400.000000 7.312614
20 0.000425 0.100314 500.000000 7.575758
30 0.000578 0.043070 100.000000 5.988024
30 0.000489 0.049729 200.000000 6.688963
30 0.000410 0.067741 300.000000 7.228916
30 0.000366 0.079921 400.000000 7.326007
30 0.000407 0.098968 500.000000 7.564297
40 0.000541 0.044285 100.000000 5.882353
40 0.000499 0.050339 200.000000 6.711410
40 0.000387 0.067831 300.000000 7.246377
40 0.000370 0.079191 400.000000 7.352941
40 0.000423 0.097907 500.000000 7.552870
50 0.000529 0.045956 100.000000 5.882353
50 0.000465 0.051950 200.000000 6.779661
50 0.000403 0.068268 300.000000 7.299270
50 0.000387 0.080198 400.000000 7.380074
50 0.000430 0.098953 500.000000 7.530120
60 0.000565 0.048326 100.000000 5.988024
60 0.000481 0.056250 200.000000 6.872852
60 0.000400 0.072470 300.000000 7.371007
60 0.000402 0.083953 400.000000 7.448790
60 0.000421 0.103462 500.000000 7.496252
70 0.000456 0.048527 100.000000 6.211180
70 0.000483 0.053202 200.000000 7.042253
70 0.000386 0.069966 300.000000 7.481297
70 0.000410 0.080833 400.000000 7.532957
70 0.000413 0.100945 500.000000 7.485030
80 0.000336 0.041148 100.000000 6.451613
80 0.000436 0.044672 200.000000 7.220217
80 0.000351 0.061126 300.000000 7.614213
80 0.000408 0.071633 400.000000 7.633588
80 0.000401 0.092173 500.000000 7.507507
90 0.000180 0.026418 100.000000 6.711410
90 0.000366 0.029925 200.000000 7.380074
90 0.000292 0.045321 300.000000 7.751938
90 0.000377 0.055985 400.000000 7.736944
90 0.000368 0.076735 500.000000 7.507507
100 0.000134 0.023323 100.000000 6.896552
100 0.000381 0.027362 200.000000 7.490637
100 0.000274 0.042282 300.000000 7.853403
100 0.000376 0.053590 400.000000 7.812500
100 0.000379 0.074061 500.000000 7.440476
110 0.000081 0.019143 100.000000 6.896552
110 0.000379 0.019453 200.000000 7.547170
110 0.000259 0.034677 300.000000 7.915567
110 0.000355 0.047669 400.000000 7.874016
120 0.000082 0.018199 100.000000 6.849315
120 0.000366 0.019958 200.000000 7.547170
120 0.000242 0.033743 300.000000 7.915567
120 0.000360 0.047416 400.000000 7.920792
130 0.000216 0.018307 100.000000 6.849315
130 0.000326 0.024739 200.000000 7.575758
130 0.000275 0.038925 300.000000 7.832898
130 0.000387 0.054245 400.000000 7.936508
140 0.000268 0.016986 100.000000 6.896552
140 0.000336 0.029197 200.000000 7.604563
140 0.000298 0.042106 300.000000 7.751938
140 0.000411 0.058203 400.000000 7.968128
150 0.000228 0.015583 100.000000 6.944445
150 0.000302 0.027682 200.000000 7.662835
150 0.000285 0.041895 300.000000 7.731959
150 0.000406 0.058924 400.000000 7.984032
160 0.000324 0.017897 100.000000 7.042253
160 0.000361 0.033486 200.000000 7.722008
160 0.000319 0.048365 300.000000 7.731959
160 0.000418 0.066917 400.000000 8.016032
170 0.000422 0.020035 100.000000 7.092198
170 0.000416 0.037710 200.000000 7.782101
170 0.000346 0.052863 300.000000 7.731959
170 0.000438 0.072684 400.000000 8.016032
180 0.000380 0.017744 100.000000 7.194244
180 0.000347 0.031029 200.000000 7.843137
180 0.000332 0.044193 300.000000 7.772021
180 0.000417 0.063819 400.000000 8.032128
190 0.000457 0.020224 100.000000 7.352941
190 0.000368 0.030662 200.000000 7.936508
190 0.000323 0.043136 300.000000 7.832898
190 0.000404 0.063041 400.000000 8.048289
200 0.000530 0.019556 100.000000 7.575758
200 0.000399 0.038024 200.000000 8.064516
200 0.000373 0.051919 300.000000 7.915567
200 0.000433 0.072745 400.000000 8.097166
210 0.000531 0.020342 100.000000 7.812500
210 0.000420 0.040568 200.000000 8.196721
210 0.000394 0.055054 300.000000 8.000000
210 0.000451 0.076143 400.000000 8.113590
220 0.000480 0.022030 100.000000 7.936508
220 0.000412 0.040779 200.000000 8.264462
220 0.000403 0.055100 300.000000 8.042895
220 0.000454 0.076045 400.000000 8.064516
230 0.000604 0.028084 100.000000 8.000000
230 0.000442 0.049513 200.000000 8.298756
230 0.000458 0.062964 300.000000 8.086253
230 0.000454 0.085914 400.000000 7.858546
240 0.000671 0.030181 100.000000 8.064516
240 0.000401 0.050344 200.000000 8.368201
240 0.000483 0.062158 300.000000 8.130081
240 0.000453 0.085382 400.000000 7.648183
250 0.000686 0.026897 100.000000 8.196721
250 0.000365 0.044593 200.000000 8.438819
250 0.000463 0.056412 300.000000 8.196721
260 0.000710 0.028179 100.000000 8.264462
260 0.000350 0.043861 200.000000 8.510638
260 0.000458 0.056675 300.000000 8.287292
270 0.000576 0.027957 100.000000 8.333333
270 0.000312 0.041030 200.000000 8.474576
270 0.000450 0.055310 300.000000 8.333333
280 0.000432 0.025267 100.000000 8.403361
280 0.000336 0.036622 200.000000 8.298756
280 0.000453 0.052526 300.000000 8.356546
290 0.000433 0.031672 100.000000 8.403361
290 0.000338 0.042023 200.000000 8.163265
290 0.000483 0.058512 300.000000 8.356546
300 0.000456 0.029300 100.000000 8.474576
300 0.000333 0.040341 200.000000 8.097166
300 0.000459 0.058503 300.000000 8.356546
310 0.000489 0.025757 100.000000 8.474576
310 0.000330 0.035466 200.000000 8.064516
310 0.000448 0.054501 300.000000 8.333333
320 0.000439 0.024292 100.000000 8.474576
320 0.000344 0.033182 200.000000 8.032128
320 0.000429 0.051534 300.000000 8.310249
330 0.000425 0.022502 100.000000 8.547009
330 0.000344 0.031041 200.000000 8.064516
330 0.000412 0.048712 300.000000 8.264462
340 0.000468 0.024606 100.000000 8.474576
340 0.000380 0.033579 200.000000 8.032128
340 0.000444 0.050905 300.000000 8.152174
350 0.000446 0.025222 100.000000 8.474576
350 0.000409 0.034688 200.000000 8.064516
350 0.000435 0.054855 300.000000 7.894737
360 0.000397 0.025846 100.000000 8.547009
360 0.000442 0.032308 200.000000 8.097166
360 0.000409 0.051354 300.000000 7.556675
370 0.000387 0.025622 100.000000 8.620689
370 0.000410 0.029757 200.000000 8.163265
380 0.000419 0.030050 100.000000 8.620689
380 0.000408 0.034381 200.000000 8.230453
390 0.000264 0.021628 100.000000 8.403361
390 0.000408 0.028447 200.000000 8.298756
400 0.000233 0.019222 100.000000 8.000000
400 0.000498 0.030917 200.000000 8.298756
410 0.000281 0.023130 100.000000 7.751938
410 0.000523 0.036036 200.000000 8.264462
420 0.000304 0.016613 100.000000 7.633588
420 0.000492 0.032161 200.000000 8.264462
430 0.000325 0.016397 100.000000 7.575758
430 0.000501 0.030631 200.000000 8.196721
440 0.000288 0.017050 100.000000 7.575758
440 0.000471 0.029292 200.000000 8.130081
450 0.000305 0.017486 100.000000 7.575758
450 0.000493 0.032225 200.000000 8.032128
460 0.000363 0.018346 100.000000 7.575758
460 0.000501 0.031997 200.000000 7.843137
470 0.000539 0.015670 100.000000 7.575758
470 0.000500 0.038950 200.000000 7.407407
480 0.000687 0.017085 100.000000 7.633588
480 0.000536 0.047224 200.000000 6.896552
490 0.000669 0.019783 100.000000 7.751938
500 0.000724 0.026385 100.000000 7.874016
510 0.000761 0.026668 100.000000 8.130081
520 0.000703 0.023789 100.000000 8.403361
530 0.000776 0.027998 100.000000 8.620689
540 0.000787 0.035760 100.000000 8.771930
550 0.000775 0.036066 100.000000 8.849558
560 0.000709 0.033522 100.000000 8.849558
570 0.000685 0.036805 100.000000 8.695652
580 0.000679 0.035114 100.000000 8.474576
590 0.000672 0.031162 100.000000 8.064516
600 0.000490 0.029867 100.000000 7.142857
610 0.000471 0.022230 100.000000 6.172840
