0 0.000150 0.013688 100.000000 13.513514
0 0.000386 0.019133 200.000000 13.605442
0 0.000314 0.038220 300.000000 14.084507
10 0.000302 0.021507 100.000000 13.513514
10 0.000495 0.034160 200.000000 13.698630
10 0.000373 0.054849 300.000000 14.218010
20 0.000232 0.014869 100.000000 13.513514
20 0.000407 0.027597 200.000000 13.793103
20 0.000323 0.046367 300.000000 14.354067
30 0.000235 0.014454 100.000000 13.513514
30 0.000434 0.027620 200.000000 13.793103
30 0.000289 0.045723 300.000000 14.423077
40 0.000417 0.014464 100.000000 13.333333
40 0.000439 0.033664 200.000000 13.888889
40 0.000309 0.050003 300.000000 14.492754
50 0.000505 0.013916 100.000000 13.333333
50 0.000399 0.034815 200.000000 13.986014
50 0.000302 0.049061 300.000000 14.563107
60 0.000634 0.020758 100.000000 13.333333
60 0.000435 0.046158 200.000000 14.084507
60 0.000302 0.059931 300.000000 14.634147
70 0.000669 0.021414 100.000000 13.333333
70 0.000422 0.048041 200.000000 14.184397
80 0.000728 0.026317 100.000000 13.513514
80 0.000429 0.050597 200.000000 14.388489
90 0.000602 0.030033 100.000000 13.698630
90 0.000378 0.050536 200.000000 14.492754
100 0.000676 0.035318 100.000000 13.888889
100 0.000356 0.054080 200.000000 14.705882
110 0.000535 0.027667 100.000000 14.084507
110 0.000280 0.040074 200.000000 14.925373
120 0.000367 0.017405 100.000000 14.285714
120 0.000193 0.025968 200.000000 15.037594
130 0.000274 0.018108 100.000000 14.492754
130 0.000159 0.023652 200.000000 15.267176
140 0.000207 0.017850 100.000000 14.705882
140 0.000111 0.021465 200.000000 15.384615
150 0.000148 0.014400 100.000000 14.925373
160 0.000127 0.012921 100.000000 15.151515
170 0.000053 0.011032 100.000000 15.384615
180 0.000092 0.007972 100.000000 15.384615
190 0.000111 0.011291 100.000000 15.625000
200 0.000092 0.006973 100.000000 15.625000
