0 0.000274 0.010718 100.000000 9.009009
0 0.000513 0.024891 200.000000 7.604563
0 0.000557 0.054125 300.000000 7.142857
0 0.000367 0.042798 400.000000 6.884682
0 0.000227 0.017066 500.000000 7.267442
0 0.000255 0.020589 600.000000 7.263923
0 0.000343 0.026835 700.000000 7.179487
0 0.000297 0.043766 800.000000 7.299270
10 0.000322 0.009114 100.000000 8.849558
10 0.000552 0.029358 200.000000 7.722008
10 0.000562 0.060524 300.000000 7.075472
10 0.000376 0.044718 400.000000 6.932409
10 0.000243 0.019427 500.000000 7.309941
10 0.000273 0.023876 600.000000 7.281553
10 0.000349 0.030426 700.000000 7.194244
10 0.000308 0.047958 800.000000 7.326007
20 0.000460 0.011636 100.000000 8.196721
20 0.000551 0.032219 200.000000 7.782101
20 0.000550 0.061452 300.000000 7.025761
20 0.000357 0.042177 400.000000 6.956522
20 0.000249 0.019319 500.000000 7.342144
20 0.000279 0.026261 600.000000 7.290401
20 0.000356 0.031879 700.000000 7.201646
20 0.000314 0.049844 800.000000 7.346189
30 0.000514 0.012845 100.000000 7.751938
30 0.000661 0.035899 200.000000 7.751938
30 0.000555 0.064337 300.000000 7.009346
30 0.000359 0.040920 400.000000 6.968641
30 0.000242 0.019313 500.000000 7.363770
30 0.000273 0.028518 600.000000 7.290401
30 0.000360 0.034150 700.000000 7.179487
30 0.000315 0.052597 800.000000 7.352941
40 0.000349 0.019607 100.000000 7.518797
40 0.000663 0.038167 200.000000 7.692307
40 0.000532 0.062436 300.000000 6.993007
40 0.000356 0.035688 400.000000 6.956522
40 0.000240 0.017271 500.000000 7.363770
40 0.000263 0.029012 600.000000 7.263923
40 0.000339 0.034310 700.000000 7.142857
40 0.000312 0.053333 800.000000 7.346189
50 0.000351 0.022452 100.000000 7.407407
50 0.000680 0.043182 200.000000 7.575758
50 0.000537 0.063490 300.000000 6.960557
50 0.000348 0.032285 400.000000 6.932409
50 0.000245 0.017091 500.000000 7.363770
50 0.000302 0.030293 600.000000 7.177033
50 0.000333 0.036632 700.000000 7.106599
50 0.000318 0.056227 800.000000 7.326007
60 0.000431 0.025539 100.000000 7.246377
60 0.000707 0.050529 200.000000 7.407407
60 0.000552 0.065845 300.000000 6.928406
60 0.000327 0.030175 400.000000 6.908463
60 0.000257 0.018294 500.000000 7.342144
60 0.000337 0.032000 600.000000 7.042253
60 0.000349 0.039769 700.000000 7.092198
60 0.000341 0.059976 800.000000 7.299270
70 0.000602 0.027871 100.000000 6.944445
70 0.000705 0.058935 200.000000 7.220217
70 0.000560 0.069306 300.000000 6.849315
70 0.000309 0.028188 400.000000 6.896552
70 0.000276 0.019104 500.000000 7.320644
70 0.000372 0.031360 600.000000 6.984866
70 0.000338 0.042380 700.000000 7.092198
70 0.000341 0.062977 800.000000 7.239819
80 0.000791 0.035953 100.000000 6.711410
80 0.000787 0.072196 200.000000 6.968641
80 0.000527 0.074987 300.000000 6.607930
80 0.000294 0.027699 400.000000 6.884682
80 0.000241 0.020312 500.000000 7.267442
80 0.000377 0.031467 600.000000 6.952491
80 0.000339 0.046328 700.000000 7.085020
80 0.000347 0.067840 800.000000 7.098492
90 0.000857 0.038319 100.000000 6.535948
90 0.000776 0.077785 200.000000 6.711410
90 0.000534 0.067738 300.000000 6.382979
90 0.000274 0.025133 400.000000 6.872852
90 0.000294 0.021432 500.000000 7.153076
90 0.000390 0.031264 600.000000 6.928406
90 0.000344 0.048166 700.000000 7.077857
90 0.000369 0.067343 800.000000 7.042253
100 0.001105 0.055716 100.000000 6.451613
100 0.000871 0.093835 200.000000 6.557377
100 0.000520 0.070696 300.000000 6.342494
100 0.000295 0.027117 400.000000 6.884682
100 0.000326 0.025527 500.000000 6.993007
100 0.000419 0.035031 600.000000 6.920415
100 0.000367 0.054024 700.000000 7.077857
100 0.000388 0.069831 800.000000 7.017544
110 0.001149 0.055869 100.000000 6.535948
110 0.000894 0.093582 200.000000 6.430868
110 0.000512 0.064475 300.000000 6.369427
110 0.000291 0.024831 400.000000 6.920415
110 0.000325 0.027023 500.000000 6.973501
110 0.000421 0.035013 600.000000 6.928406
110 0.000357 0.054434 700.000000 7.092198
110 0.000380 0.066834 800.000000 7.023705
120 0.001055 0.040233 100.000000 6.756757
120 0.000809 0.080807 200.000000 6.389776
120 0.000452 0.050887 300.000000 6.423983
120 0.000248 0.020983 400.000000 6.980803
120 0.000289 0.025871 500.000000 7.012623
120 0.000379 0.031570 600.000000 6.960557
120 0.000327 0.050025 700.000000 7.135576
120 0.000362 0.060219 800.000000 7.054674
130 0.000972 0.028882 100.000000 6.993007
130 0.000756 0.069612 200.000000 6.451613
130 0.000393 0.040366 300.000000 6.507592
130 0.000200 0.018437 400.000000 7.054674
130 0.000261 0.024650 500.000000 7.062147
130 0.000342 0.028425 600.000000 7.001167
130 0.000306 0.046110 700.000000 7.179487
130 0.000341 0.054664 800.000000 7.092198
140 0.000989 0.032252 100.000000 7.299270
140 0.000744 0.070844 200.000000 6.535948
140 0.000374 0.039625 300.000000 6.593407
140 0.000206 0.018912 400.000000 7.142857
140 0.000266 0.025879 500.000000 7.122507
140 0.000357 0.029542 600.000000 7.042253
140 0.000313 0.047517 700.000000 7.223942
140 0.000338 0.054634 800.000000 7.123775
150 0.001022 0.030599 100.000000 7.575758
150 0.000702 0.066962 200.000000 6.622517
150 0.000358 0.035829 300.000000 6.681514
150 0.000173 0.018205 400.000000 7.207207
150 0.000243 0.025687 500.000000 7.163324
150 0.000342 0.028388 600.000000 7.075472
150 0.000299 0.045694 700.000000 7.268951
150 0.000323 0.051341 800.000000 7.155635
160 0.001017 0.028648 100.000000 7.751938
160 0.000669 0.061670 200.000000 6.666667
160 0.000347 0.031475 300.000000 6.726458
160 0.000185 0.017756 400.000000 7.272727
160 0.000242 0.026610 500.000000 7.194244
160 0.000341 0.028722 600.000000 7.083825
160 0.000293 0.046511 700.000000 7.291667
160 0.000311 0.050118 800.000000 7.168459
170 0.001049 0.034317 100.000000 7.751938
170 0.000665 0.062695 200.000000 6.711410
170 0.000357 0.031058 300.000000 6.756757
170 0.000223 0.018904 400.000000 7.299270
170 0.000259 0.029797 500.000000 7.204611
170 0.000336 0.032059 600.000000 7.067138
170 0.000309 0.050195 700.000000 7.306890
170 0.000332 0.050970 800.000000 7.149240
180 0.000985 0.037958 100.000000 7.692307
180 0.000642 0.059634 200.000000 6.734007
180 0.000349 0.027688 300.000000 6.756757
180 0.000235 0.019247 400.000000 7.326007
180 0.000269 0.031204 500.000000 7.153076
180 0.000331 0.033214 600.000000 7.050529
180 0.000311 0.051823 700.000000 7.306890
180 0.000338 0.048061 800.000000 7.104796
190 0.001003 0.044652 100.000000 7.575758
190 0.000648 0.059913 200.000000 6.756757
190 0.000342 0.026059 300.000000 6.772009
190 0.000248 0.020277 400.000000 7.339449
190 0.000322 0.031555 500.000000 7.052186
190 0.000340 0.035165 600.000000 7.050529
190 0.000314 0.054142 700.000000 7.306890
190 0.000355 0.045617 800.000000 7.073386
200 0.001032 0.045195 100.000000 7.518797
200 0.000616 0.057050 200.000000 6.779661
200 0.000295 0.023398 300.000000 6.802721
200 0.000246 0.020914 400.000000 7.366483
200 0.000351 0.030453 500.000000 6.983240
200 0.000335 0.035972 600.000000 7.067138
200 0.000326 0.055132 700.000000 7.299270
200 0.000337 0.042056 800.000000 7.073386
210 0.000883 0.040907 100.000000 7.407407
210 0.000556 0.050050 200.000000 6.756757
210 0.000274 0.020725 300.000000 6.849315
210 0.000297 0.021822 400.000000 7.393715
210 0.000376 0.029614 500.000000 6.973501
210 0.000318 0.036874 600.000000 7.092198
210 0.000324 0.055727 700.000000 7.276507
210 0.000330 0.039031 800.000000 7.079646
220 0.000792 0.040825 100.000000 7.299270
220 0.000487 0.047995 200.000000 6.666667
220 0.000285 0.019343 300.000000 6.896552
220 0.000271 0.023926 400.000000 7.407407
220 0.000386 0.029204 500.000000 6.983240
220 0.000315 0.038011 600.000000 7.117438
220 0.000310 0.057400 700.000000 7.209063
220 0.000320 0.036533 800.000000 7.098492
230 0.000801 0.038392 100.000000 7.142857
230 0.000422 0.042845 200.000000 6.493506
230 0.000290 0.018719 300.000000 6.944445
230 0.000283 0.026260 400.000000 7.393715
230 0.000384 0.028486 500.000000 6.993007
230 0.000299 0.039262 600.000000 7.142857
230 0.000316 0.058243 700.000000 7.142857
230 0.000310 0.034016 800.000000 7.117438
240 0.000759 0.038032 100.000000 6.849315
240 0.000477 0.036727 200.000000 6.309148
240 0.000287 0.017945 300.000000 6.976744
240 0.000317 0.026243 400.000000 7.339449
240 0.000382 0.026987 500.000000 7.002801
240 0.000297 0.039394 600.000000 7.159904
240 0.000325 0.056220 700.000000 7.113821
240 0.000304 0.030554 800.000000 7.130125
250 0.000678 0.031125 100.000000 6.711410
250 0.000395 0.028784 200.000000 6.269592
250 0.000311 0.017491 300.000000 7.009346
250 0.000340 0.030559 400.000000 7.168459
250 0.000382 0.027029 500.000000 7.012623
250 0.000303 0.040041 600.000000 7.177033
250 0.000325 0.054519 700.000000 7.099391
250 0.000308 0.027913 800.000000 7.136485
260 0.000690 0.026392 100.000000 6.369427
260 0.000336 0.024170 200.000000 6.250000
260 0.000351 0.017912 300.000000 7.025761
260 0.000394 0.035533 400.000000 7.079646
260 0.000406 0.027608 500.000000 7.002801
260 0.000310 0.041460 600.000000 7.185629
260 0.000323 0.053667 700.000000 7.092198
260 0.000313 0.025593 800.000000 7.142857
270 0.000586 0.024926 100.000000 5.952381
270 0.000293 0.020343 200.000000 6.269592
270 0.000344 0.018062 300.000000 7.042253
270 0.000389 0.035688 400.000000 7.054674
270 0.000374 0.026882 500.000000 6.983240
270 0.000300 0.042673 600.000000 7.194244
270 0.000319 0.052241 700.000000 7.092198
270 0.000306 0.022914 800.000000 7.149240
280 0.000424 0.019308 100.000000 5.813953
280 0.000318 0.017706 200.000000 6.269592
280 0.000365 0.018218 300.000000 7.075472
280 0.000387 0.036465 400.000000 7.054674
280 0.000363 0.027364 500.000000 6.973501
280 0.000293 0.043665 600.000000 7.202881
280 0.000297 0.050607 700.000000 7.092198
280 0.000294 0.020687 800.000000 7.162041
290 0.000349 0.016635 100.000000 5.813953
290 0.000286 0.016107 200.000000 6.289308
290 0.000411 0.018906 300.000000 7.109005
290 0.000388 0.037069 400.000000 7.054674
290 0.000354 0.027981 500.000000 6.954103
290 0.000282 0.045308 600.000000 7.211538
290 0.000273 0.050075 700.000000 7.085020
290 0.000294 0.018778 800.000000 7.174888
300 0.000285 0.012605 100.000000 5.882353
300 0.000305 0.014128 200.000000 6.309148
300 0.000428 0.021388 300.000000 7.142857
300 0.000384 0.038180 400.000000 7.054674
300 0.000329 0.029812 500.000000 6.925208
300 0.000266 0.046165 600.000000 7.228916
300 0.000289 0.048302 700.000000 7.056452
300 0.000281 0.016935 800.000000 7.194244
310 0.000307 0.012812 100.000000 5.952381
310 0.000383 0.013173 200.000000 6.349206
310 0.000441 0.024651 300.000000 7.194244
310 0.000385 0.040517 400.000000 7.005254
310 0.000312 0.031672 500.000000 6.925208
310 0.000269 0.047413 600.000000 7.237636
310 0.000285 0.045806 700.000000 7.014028
310 0.000275 0.014739 800.000000 7.213706
320 0.000314 0.012273 100.000000 6.024096
320 0.000393 0.012824 200.000000 6.389776
320 0.000456 0.027739 300.000000 7.228916
320 0.000403 0.040253 400.000000 6.908463
320 0.000314 0.033017 500.000000 6.934813
320 0.000264 0.049034 600.000000 7.246377
320 0.000309 0.044155 700.000000 7.000000
320 0.000278 0.013447 800.000000 7.239819
330 0.000247 0.013190 100.000000 6.097561
330 0.000407 0.012084 200.000000 6.451613
330 0.000459 0.029991 300.000000 7.281553
330 0.000412 0.037836 400.000000 6.849315
330 0.000304 0.034446 500.000000 6.963789
330 0.000275 0.050450 600.000000 7.255139
330 0.000287 0.041866 700.000000 7.000000
330 0.000278 0.012322 800.000000 7.259528
340 0.000231 0.014550 100.000000 6.134969
340 0.000431 0.012153 200.000000 6.535948
340 0.000492 0.032894 300.000000 7.334963
340 0.000427 0.036491 400.000000 6.837607
340 0.000288 0.036231 500.000000 7.002801
340 0.000274 0.051866 600.000000 7.246377
340 0.000278 0.040216 700.000000 7.021063
340 0.000282 0.011384 800.000000 7.292616
350 0.000291 0.023932 100.000000 6.097561
350 0.000453 0.015363 200.000000 6.622517
350 0.000516 0.036438 300.000000 7.389163
350 0.000451 0.036495 400.000000 6.872852
350 0.000305 0.037401 500.000000 7.042253
350 0.000283 0.054805 600.000000 7.211538
350 0.000295 0.038351 700.000000 7.042253
350 0.000303 0.008094 800.000000 7.319304
360 0.000198 0.019210 100.000000 6.024096
360 0.000512 0.013925 200.000000 6.711410
360 0.000483 0.041618 300.000000 7.425743
360 0.000429 0.037253 400.000000 6.908463
360 0.000283 0.039056 500.000000 7.092198
360 0.000263 0.055345 600.000000 7.142857
360 0.000271 0.036698 700.000000 7.070707
360 0.000287 0.008279 800.000000 7.352941
370 0.000566 0.015633 100.000000 5.882353
370 0.000528 0.015784 200.000000 6.825939
370 0.000472 0.044401 300.000000 7.462687
370 0.000416 0.037191 400.000000 6.944445
370 0.000266 0.040444 500.000000 7.142857
370 0.000271 0.055495 600.000000 7.125891
370 0.000271 0.035167 700.000000 7.106599
370 0.000280 0.007717 800.000000 7.393715
380 0.000551 0.017966 100.000000 5.780347
380 0.000536 0.016545 200.000000 6.944445
380 0.000499 0.046452 300.000000 7.481297
380 0.000429 0.035419 400.000000 7.005254
380 0.000279 0.041462 500.000000 7.183908
380 0.000287 0.056507 600.000000 7.134364
380 0.000279 0.034120 700.000000 7.142857
380 0.000288 0.006942 800.000000 7.434944
390 0.000575 0.016394 100.000000 5.780347
390 0.000576 0.018803 200.000000 7.042253
390 0.000517 0.051012 300.000000 7.425743
390 0.000434 0.035939 400.000000 7.042253
390 0.000299 0.042010 500.000000 7.235890
390 0.000299 0.056470 600.000000 7.151371
390 0.000288 0.032466 700.000000 7.172131
390 0.000303 0.006579 800.000000 7.469655
400 0.000536 0.010086 100.000000 5.847953
400 0.000593 0.020285 200.000000 7.168459
400 0.000542 0.054890 300.000000 7.299270
400 0.000436 0.036015 400.000000 7.079646
400 0.000301 0.042986 500.000000 7.278020
400 0.000299 0.055810 600.000000 7.168459
400 0.000294 0.031319 700.000000 7.201646
400 0.000303 0.007985 800.000000 7.504691
410 0.000520 0.008102 100.000000 5.988024
410 0.000635 0.028022 200.000000 7.272727
410 0.000572 0.061851 300.000000 7.299270
410 0.000463 0.038782 400.000000 7.130125
410 0.000310 0.044418 500.000000 7.320644
410 0.000303 0.055754 600.000000 7.194244
410 0.000301 0.029934 700.000000 7.238883
410 0.000307 0.008694 800.000000 7.547170
420 0.000502 0.008785 100.000000 6.172840
420 0.000640 0.031833 200.000000 7.434944
420 0.000568 0.063623 300.000000 7.371007
420 0.000444 0.040118 400.000000 7.194244
420 0.000299 0.046029 500.000000 7.385524
420 0.000292 0.055576 600.000000 7.237636
420 0.000291 0.029307 700.000000 7.276507
420 0.000301 0.009711 800.000000 7.590133
430 0.000550 0.007923 100.000000 6.410256
430 0.000641 0.034964 200.000000 7.633588
430 0.000574 0.065693 300.000000 7.444169
430 0.000443 0.040263 400.000000 7.259528
430 0.000310 0.046471 500.000000 7.451565
430 0.000310 0.055467 600.000000 7.281553
430 0.000299 0.027430 700.000000 7.322176
430 0.000312 0.010109 800.000000 7.640879
440 0.000591 0.008289 100.000000 6.622517
440 0.000662 0.037692 200.000000 7.782101
440 0.000579 0.066057 300.000000 7.518797
440 0.000416 0.040502 400.000000 7.299270
440 0.000313 0.047721 500.000000 7.507507
440 0.000303 0.055447 600.000000 7.326007
440 0.000294 0.026623 700.000000 7.368421
440 0.000316 0.010836 800.000000 7.684918
450 0.000746 0.010876 100.000000 6.711410
450 0.000677 0.039167 200.000000 7.874016
450 0.000571 0.064753 300.000000 7.556675
450 0.000429 0.039070 400.000000 7.312614
450 0.000320 0.049229 500.000000 7.541478
450 0.000302 0.055694 600.000000 7.343941
450 0.000305 0.024332 700.000000 7.391764
450 0.000323 0.012283 800.000000 7.707129
460 0.000739 0.012348 100.000000 6.756757
460 0.000731 0.042665 200.000000 7.936508
460 0.000564 0.064956 300.000000 7.556675
460 0.000422 0.039621 400.000000 7.285975
460 0.000306 0.051292 500.000000 7.564297
460 0.000285 0.055745 600.000000 7.334963
460 0.000309 0.022445 700.000000 7.415254
460 0.000329 0.013766 800.000000 7.722008
470 0.000736 0.016354 100.000000 6.756757
470 0.000748 0.048500 200.000000 7.968128
470 0.000560 0.065977 300.000000 7.518797
470 0.000403 0.040840 400.000000 7.233273
470 0.000305 0.053874 500.000000 7.552870
470 0.000317 0.054763 600.000000 7.272727
470 0.000309 0.019723 700.000000 7.423118
470 0.000333 0.016263 800.000000 7.707129
480 0.000818 0.017853 100.000000 6.756757
480 0.000743 0.051188 200.000000 8.000000
480 0.000554 0.062804 300.000000 7.352941
480 0.000363 0.042931 400.000000 7.194244
480 0.000295 0.056547 500.000000 7.541478
480 0.000315 0.052226 600.000000 7.202881
480 0.000300 0.018481 700.000000 7.438895
480 0.000324 0.017169 800.000000 7.670182
490 0.000906 0.025177 100.000000 6.756757
490 0.000750 0.059025 200.000000 8.000000
490 0.000539 0.062522 300.000000 7.142857
490 0.000346 0.046609 400.000000 7.194244
490 0.000291 0.059141 500.000000 7.530120
490 0.000315 0.049945 600.000000 7.168459
490 0.000295 0.017443 700.000000 7.446808
490 0.000330 0.018423 800.000000 7.490637
500 0.000948 0.029856 100.000000 6.896552
500 0.000798 0.065819 200.000000 8.064516
500 0.000567 0.060528 300.000000 7.075472
500 0.000339 0.048616 400.000000 7.233273
500 0.000300 0.061270 500.000000 7.507507
500 0.000297 0.047341 600.000000 7.168459
500 0.000305 0.015849 700.000000 7.470651
500 0.000329 0.020887 800.000000 7.462687
510 0.000950 0.028061 100.000000 7.092198
510 0.000803 0.066899 200.000000 8.163265
510 0.000563 0.056135 300.000000 7.125891
510 0.000340 0.048497 400.000000 7.285975
510 0.000295 0.063001 500.000000 7.473842
510 0.000307 0.045363 600.000000 7.202881
510 0.000317 0.013784 700.000000 7.510730
510 0.000350 0.023204 800.000000 7.483630
520 0.001017 0.026003 100.000000 7.352941
520 0.000758 0.069835 200.000000 8.298756
520 0.000583 0.052513 300.000000 7.194244
520 0.000358 0.047286 400.000000 7.366483
520 0.000308 0.064549 500.000000 7.429420
520 0.000320 0.043609 600.000000 7.255139
520 0.000329 0.011509 700.000000 7.559395
520 0.000365 0.027136 800.000000 7.511737
530 0.000961 0.021332 100.000000 7.692307
530 0.000734 0.066099 200.000000 8.438819
530 0.000592 0.044262 300.000000 7.281553
530 0.000369 0.045770 400.000000 7.448790
530 0.000331 0.066471 500.000000 7.407407
530 0.000330 0.041330 600.000000 7.299270
530 0.000345 0.009747 700.000000 7.616975
530 0.000378 0.030828 800.000000 7.554296
540 0.000963 0.029674 100.000000 8.064516
540 0.000756 0.073786 200.000000 8.583691
540 0.000582 0.041297 300.000000 7.389163
540 0.000362 0.048268 400.000000 7.532957
540 0.000333 0.067808 500.000000 7.429420
540 0.000338 0.040030 600.000000 7.352941
540 0.000345 0.009320 700.000000 7.667032
540 0.000378 0.031863 800.000000 7.597341
550 0.001032 0.035584 100.000000 8.474576
550 0.000826 0.079137 200.000000 8.695652
550 0.000599 0.041662 300.000000 7.481297
550 0.000370 0.049374 400.000000 7.619048
550 0.000348 0.068297 500.000000 7.462687
550 0.000343 0.038812 600.000000 7.407407
550 0.000352 0.009259 700.000000 7.726269
550 0.000383 0.033814 800.000000 7.640879
560 0.000934 0.026841 100.000000 8.849558
560 0.000779 0.068675 200.000000 8.620689
560 0.000579 0.033143 300.000000 7.556675
560 0.000380 0.050635 400.000000 7.692307
560 0.000364 0.068686 500.000000 7.485030
560 0.000354 0.037398 600.000000 7.453416
560 0.000360 0.009367 700.000000 7.777778
560 0.000378 0.034614 800.000000 7.677543
570 0.000919 0.026098 100.000000 9.090909
570 0.000764 0.064856 200.000000 8.264462
570 0.000573 0.030917 300.000000 7.594937
570 0.000395 0.052644 400.000000 7.722008
570 0.000373 0.068112 500.000000 7.485030
570 0.000368 0.035368 600.000000 7.481297
570 0.000362 0.010312 700.000000 7.812500
570 0.000374 0.036762 800.000000 7.707129
580 0.000879 0.029077 100.000000 9.259259
580 0.000728 0.062102 200.000000 8.097166
580 0.000552 0.034129 300.000000 7.575758
580 0.000366 0.055442 400.000000 7.736944
580 0.000356 0.066466 500.000000 7.473842
580 0.000352 0.032734 600.000000 7.490637
580 0.000349 0.011138 700.000000 7.829978
580 0.000359 0.037434 800.000000 7.722008
590 0.000888 0.033827 100.000000 9.345795
590 0.000734 0.059216 200.000000 8.032128
590 0.000521 0.034636 300.000000 7.537688
590 0.000383 0.058548 400.000000 7.751938
590 0.000377 0.066830 500.000000 7.473842
590 0.000362 0.029892 600.000000 7.500000
590 0.000367 0.013079 700.000000 7.856341
590 0.000371 0.042057 800.000000 7.729469
600 0.000833 0.026619 100.000000 9.433962
600 0.000693 0.045203 200.000000 8.000000
600 0.000539 0.035918 300.000000 7.481297
600 0.000379 0.062807 400.000000 7.751938
600 0.000371 0.066739 500.000000 7.462687
600 0.000373 0.027366 600.000000 7.509387
600 0.000373 0.015991 700.000000 7.865169
600 0.000376 0.044686 800.000000 7.744434
610 0.000935 0.031458 100.000000 9.523809
610 0.000658 0.043698 200.000000 7.968128
610 0.000510 0.040718 300.000000 7.425743
610 0.000389 0.065496 400.000000 7.766990
610 0.000362 0.066266 500.000000 7.418397
610 0.000378 0.025076 600.000000 7.528231
610 0.000382 0.018153 700.000000 7.856341
610 0.000375 0.046874 800.000000 7.759457
620 0.000920 0.035545 100.000000 9.615385
620 0.000619 0.039920 200.000000 7.874016
620 0.000453 0.046328 300.000000 7.352941
620 0.000362 0.067868 400.000000 7.766990
620 0.000392 0.062462 500.000000 7.331378
620 0.000356 0.022495 600.000000 7.537688
620 0.000368 0.019340 700.000000 7.838746
620 0.000368 0.047469 800.000000 7.774539
630 0.000906 0.037226 100.000000 9.615385
630 0.000670 0.031593 200.000000 7.518797
630 0.000479 0.050015 300.000000 7.334963
630 0.000372 0.072284 400.000000 7.736944
630 0.000432 0.060116 500.000000 7.256894
630 0.000366 0.020313 600.000000 7.556675
630 0.000385 0.022657 700.000000 7.751938
630 0.000372 0.052049 800.000000 7.782101
640 0.000749 0.027985 100.000000 9.615385
640 0.000661 0.022531 200.000000 7.220217
640 0.000482 0.054792 300.000000 7.317073
640 0.000411 0.075495 400.000000 7.692307
640 0.000425 0.056009 500.000000 7.225433
640 0.000375 0.018541 600.000000 7.566204
640 0.000379 0.026821 700.000000 7.559395
640 0.000363 0.054955 800.000000 7.797271
650 0.000742 0.022490 100.000000 9.433962
650 0.000638 0.024379 200.000000 7.092198
650 0.000439 0.058611 300.000000 7.334963
650 0.000392 0.078030 400.000000 7.547170
650 0.000416 0.051664 500.000000 7.215007
650 0.000377 0.017173 600.000000 7.575758
650 0.000388 0.029309 700.000000 7.526882
650 0.000360 0.056424 800.000000 7.804878
660 0.000695 0.022125 100.000000 9.174312
660 0.000649 0.027934 200.000000 7.042253
660 0.000452 0.063459 300.000000 7.334963
660 0.000436 0.083413 400.000000 7.285975
660 0.000409 0.048461 500.000000 7.215007
660 0.000379 0.016109 600.000000 7.585335
660 0.000389 0.033905 700.000000 7.518797
660 0.000370 0.061266 800.000000 7.812500
670 0.000832 0.022477 100.000000 8.403361
670 0.000697 0.033309 200.000000 6.993007
670 0.000487 0.067966 300.000000 7.334963
670 0.000493 0.085936 400.000000 7.194244
670 0.000438 0.045278 500.000000 7.204611
670 0.000393 0.016479 600.000000 7.604563
670 0.000391 0.038123 700.000000 7.518797
670 0.000377 0.065681 800.000000 7.820137
680 0.000754 0.017906 100.000000 7.407407
680 0.000710 0.038793 200.000000 6.968641
680 0.000501 0.070954 300.000000 7.334963
680 0.000504 0.084302 400.000000 7.142857
680 0.000455 0.041400 500.000000 7.204611
680 0.000391 0.017737 600.000000 7.614213
680 0.000379 0.041226 700.000000 7.526882
680 0.000372 0.068000 800.000000 7.835455
690 0.000751 0.021652 100.000000 7.042253
690 0.000696 0.046183 200.000000 6.896552
690 0.000472 0.074396 300.000000 7.317073
690 0.000505 0.081801 400.000000 7.117438
690 0.000448 0.036819 500.000000 7.194244
690 0.000391 0.018856 600.000000 7.633588
690 0.000370 0.043552 700.000000 7.534984
690 0.000369 0.070217 800.000000 7.843137
700 0.000689 0.023055 100.000000 6.944445
700 0.000695 0.052147 200.000000 6.802721
700 0.000489 0.077544 300.000000 7.317073
700 0.000496 0.080412 400.000000 7.092198
700 0.000444 0.033332 500.000000 7.204611
700 0.000388 0.020716 600.000000 7.643312
700 0.000379 0.046330 700.000000 7.543103
700 0.000370 0.072453 800.000000 7.858546
710 0.000634 0.028569 100.000000 6.849315
710 0.000750 0.058493 200.000000 6.711410
710 0.000518 0.084286 300.000000 7.299270
710 0.000497 0.082544 400.000000 7.054674
710 0.000455 0.029955 500.000000 7.204611
710 0.000408 0.023445 600.000000 7.633588
710 0.000385 0.050976 700.000000 7.543103
710 0.000373 0.077031 800.000000 7.858546
720 0.000556 0.035433 100.000000 6.666667
720 0.000722 0.064990 200.000000 6.578948
720 0.000548 0.087985 300.000000 7.281553
720 0.000558 0.079916 400.000000 6.944445
720 0.000442 0.026288 500.000000 7.215007
720 0.000411 0.026209 600.000000 7.604563
720 0.000389 0.054008 700.000000 7.551240
720 0.000366 0.079543 800.000000 7.858546
730 0.000870 0.036450 100.000000 6.211180
730 0.000710 0.071183 200.000000 6.514658
730 0.000572 0.092817 300.000000 7.246377
730 0.000573 0.075366 400.000000 6.837607
730 0.000440 0.023411 500.000000 7.225433
730 0.000409 0.029330 600.000000 7.537688
730 0.000378 0.057816 700.000000 7.559395
730 0.000368 0.082545 800.000000 7.858546
740 0.000918 0.041012 100.000000 5.780347
740 0.000735 0.075742 200.000000 6.514658
740 0.000600 0.097087 300.000000 7.194244
740 0.000576 0.069808 400.000000 6.791172
740 0.000434 0.021176 500.000000 7.235890
740 0.000423 0.032789 600.000000 7.299270
740 0.000374 0.060703 700.000000 7.575758
740 0.000367 0.085216 800.000000 7.850834
750 0.001035 0.043723 100.000000 5.649717
750 0.000714 0.078615 200.000000 6.535948
750 0.000617 0.099076 300.000000 7.109005
750 0.000572 0.063126 400.000000 6.779661
750 0.000446 0.018795 500.000000 7.256894
750 0.000407 0.035749 600.000000 7.263923
750 0.000365 0.062631 700.000000 7.592191
750 0.000366 0.085770 800.000000 7.850834
760 0.001157 0.044037 100.000000 5.649717
760 0.000701 0.084887 200.000000 6.578948
760 0.000609 0.105777 300.000000 6.896552
760 0.000538 0.059017 400.000000 6.802721
760 0.000437 0.018456 500.000000 7.288630
760 0.000404 0.038575 600.000000 7.272727
760 0.000373 0.065457 700.000000 7.616975
760 0.000378 0.088802 800.000000 7.843137
770 0.001118 0.049179 100.000000 5.714286
770 0.000665 0.088155 200.000000 6.666667
770 0.000640 0.106903 300.000000 6.787330
770 0.000520 0.055051 400.000000 6.837607
770 0.000418 0.018616 500.000000 7.331378
770 0.000406 0.040784 600.000000 7.299270
770 0.000376 0.067629 700.000000 7.650273
770 0.000380 0.090723 800.000000 7.835455
780 0.001020 0.040529 100.000000 5.813953
780 0.000606 0.076504 200.000000 6.756757
780 0.000620 0.093422 300.000000 6.802721
780 0.000484 0.044126 400.000000 6.884682
780 0.000384 0.019730 500.000000 7.385524
780 0.000371 0.042760 600.000000 7.334963
780 0.000345 0.066454 700.000000 7.692307
780 0.000362 0.086434 800.000000 7.835455
790 0.000940 0.039454 100.000000 5.988024
790 0.000597 0.071453 200.000000 6.896552
790 0.000624 0.086953 300.000000 6.849315
790 0.000471 0.039054 400.000000 6.956522
790 0.000368 0.020969 500.000000 7.462687
790 0.000353 0.043913 600.000000 7.389163
790 0.000334 0.065997 700.000000 7.751938
790 0.000358 0.085247 800.000000 7.820137
800 0.000964 0.042069 100.000000 6.211180
800 0.000606 0.073874 200.000000 7.042253
800 0.000642 0.087302 300.000000 6.928406
800 0.000480 0.038591 400.000000 7.042253
800 0.000375 0.022031 500.000000 7.541478
800 0.000351 0.045267 600.000000 7.453416
800 0.000332 0.067568 700.000000 7.812500
800 0.000363 0.086602 800.000000 7.812500
810 0.001028 0.043236 100.000000 6.451613
810 0.000649 0.076776 200.000000 7.194244
810 0.000640 0.089033 300.000000 7.009346
810 0.000502 0.037738 400.000000 7.117438
810 0.000377 0.022801 500.000000 7.621951
810 0.000351 0.046778 600.000000 7.518797
810 0.000337 0.069490 700.000000 7.865169
810 0.000356 0.087691 800.000000 7.797271
820 0.001062 0.043047 100.000000 6.578948
820 0.000635 0.074710 200.000000 7.326007
820 0.000619 0.084591 300.000000 7.075472
820 0.000496 0.033196 400.000000 7.168459
820 0.000365 0.024303 500.000000 7.692307
820 0.000335 0.048305 600.000000 7.566204
820 0.000329 0.069808 700.000000 7.918552
820 0.000344 0.086742 800.000000 7.766990
830 0.001023 0.047498 100.000000 6.666667
830 0.000583 0.075681 200.000000 7.407407
830 0.000620 0.080737 300.000000 7.109005
830 0.000490 0.029659 400.000000 7.207207
830 0.000369 0.026274 500.000000 7.739938
830 0.000331 0.049949 600.000000 7.604563
830 0.000325 0.071323 700.000000 7.954545
830 0.000344 0.086445 800.000000 7.759457
840 0.001032 0.053967 100.000000 6.622517
840 0.000612 0.078288 200.000000 7.462687
840 0.000607 0.079057 300.000000 7.109005
840 0.000472 0.027197 400.000000 7.246377
840 0.000370 0.028348 500.000000 7.776050
840 0.000342 0.051911 600.000000 7.633588
840 0.000334 0.073298 700.000000 7.981756
840 0.000349 0.086757 800.000000 7.759457
850 0.001106 0.061145 100.000000 6.535948
850 0.000622 0.085505 200.000000 7.490637
850 0.000608 0.080771 300.000000 7.109005
850 0.000466 0.025808 400.000000 7.272727
850 0.000384 0.030832 500.000000 7.788162
850 0.000355 0.054902 600.000000 7.653061
850 0.000327 0.076255 700.000000 8.009153
850 0.000357 0.087825 800.000000 7.774539
860 0.001055 0.070981 100.000000 6.451613
860 0.000655 0.090486 200.000000 7.518797
860 0.000604 0.080917 300.000000 7.058824
860 0.000462 0.024397 400.000000 7.299270
860 0.000394 0.033165 500.000000 7.800312
860 0.000362 0.057776 600.000000 7.672634
860 0.000340 0.079036 700.000000 8.027523
860 0.000365 0.088920 800.000000 7.797271
870 0.001117 0.078663 100.000000 6.410256
870 0.000689 0.096578 200.000000 7.575758
870 0.000665 0.080183 300.000000 7.009346
870 0.000453 0.023672 400.000000 7.352941
870 0.000400 0.035272 500.000000 7.812500
870 0.000371 0.060456 600.000000 7.712082
870 0.000342 0.081893 700.000000 8.055236
870 0.000372 0.090398 800.000000 7.835455
880 0.001055 0.075561 100.000000 6.578948
880 0.000682 0.093459 200.000000 7.722008
880 0.000636 0.072763 300.000000 7.009346
880 0.000435 0.021538 400.000000 7.421150
880 0.000392 0.037259 500.000000 7.836991
880 0.000356 0.062011 600.000000 7.772021
880 0.000340 0.082702 700.000000 8.101851
880 0.000368 0.090043 800.000000 7.881773
890 0.000777 0.043471 100.000000 6.802721
890 0.000560 0.063327 200.000000 7.843137
890 0.000546 0.045674 300.000000 7.042253
890 0.000348 0.016856 400.000000 7.504691
890 0.000327 0.037384 500.000000 7.849294
890 0.000297 0.057277 600.000000 7.832898
890 0.000303 0.073782 700.000000 8.149011
890 0.000339 0.078658 800.000000 7.928642
900 0.000845 0.048480 100.000000 7.042253
900 0.000560 0.068174 200.000000 8.000000
900 0.000587 0.045446 300.000000 7.109005
900 0.000361 0.017658 400.000000 7.604563
900 0.000365 0.038853 500.000000 7.776050
900 0.000303 0.059625 600.000000 7.894737
900 0.000309 0.076278 700.000000 8.206330
900 0.000343 0.080490 800.000000 7.984032
910 0.000814 0.043987 100.000000 7.352941
910 0.000599 0.063247 200.000000 8.163265
910 0.000548 0.037357 300.000000 7.177033
910 0.000332 0.019028 400.000000 7.692307
910 0.000326 0.040171 500.000000 7.704160
910 0.000290 0.059448 600.000000 7.957560
910 0.000305 0.075005 700.000000 8.254717
910 0.000336 0.077845 800.000000 8.032128
920 0.000701 0.032052 100.000000 7.575758
920 0.000544 0.052061 200.000000 8.196721
920 0.000479 0.025782 300.000000 7.228916
920 0.000305 0.021132 400.000000 7.751938
920 0.000281 0.040465 500.000000 7.692307
920 0.000266 0.056615 600.000000 8.010681
920 0.000297 0.070507 700.000000 8.293839
920 0.000325 0.072218 800.000000 8.072654
930 0.000635 0.028605 100.000000 7.751938
930 0.000483 0.048017 200.000000 8.000000
930 0.000447 0.018336 300.000000 7.263923
930 0.000308 0.023699 400.000000 7.812500
930 0.000302 0.041592 500.000000 7.692307
930 0.000271 0.056502 600.000000 8.053691
930 0.000316 0.070146 700.000000 8.303678
930 0.000328 0.070735 800.000000 8.105370
940 0.000584 0.024604 100.000000 7.874016
940 0.000506 0.042259 200.000000 7.547170
940 0.000372 0.012186 300.000000 7.281553
940 0.000282 0.026796 400.000000 7.858546
940 0.000284 0.042968 500.000000 7.704160
940 0.000274 0.056920 600.000000 8.086253
940 0.000331 0.070504 700.000000 8.284023
940 0.000337 0.069759 800.000000 8.121827
950 0.000501 0.020013 100.000000 7.936508
950 0.000511 0.035271 200.000000 7.380074
950 0.000349 0.010297 300.000000 7.317073
950 0.000255 0.029180 400.000000 7.905138
950 0.000276 0.043543 500.000000 7.727975
950 0.000277 0.056935 600.000000 8.108109
950 0.000346 0.070301 700.000000 8.225616
950 0.000342 0.068230 800.000000 8.146640
960 0.000458 0.019318 100.000000 8.064516
960 0.000544 0.031881 200.000000 7.326007
960 0.000352 0.012004 300.000000 7.334963
960 0.000246 0.031787 400.000000 7.936508
960 0.000262 0.044744 500.000000 7.751938
960 0.000275 0.057375 600.000000 8.141112
960 0.000358 0.070486 700.000000 8.083141
960 0.000340 0.066805 800.000000 8.163265
970 0.000448 0.020880 100.000000 8.130081
970 0.000462 0.027983 200.000000 7.299270
970 0.000332 0.017447 300.000000 7.352941
970 0.000221 0.032892 400.000000 8.000000
970 0.000240 0.043853 500.000000 7.776050
970 0.000275 0.055021 600.000000 8.174387
970 0.000355 0.066870 700.000000 7.954545
970 0.000335 0.062658 800.000000 8.188332
980 0.000317 0.015765 100.000000 8.264462
980 0.000448 0.018983 200.000000 7.299270
980 0.000333 0.019162 300.000000 7.389163
980 0.000243 0.034295 400.000000 8.048289
980 0.000258 0.046237 500.000000 7.812500
980 0.000300 0.059291 600.000000 8.207934
980 0.000374 0.071141 700.000000 7.927520
980 0.000355 0.066829 800.000000 8.213552
990 0.000250 0.009179 100.000000 8.403361
990 0.000407 0.011205 200.000000 7.352941
990 0.000305 0.022254 300.000000 7.444169
990 0.000258 0.035673 400.000000 8.097166
990 0.000286 0.047966 500.000000 7.849294
990 0.000323 0.062339 600.000000 8.253095
990 0.000389 0.074089 700.000000 7.945517
990 0.000373 0.069156 800.000000 8.238929
1000 0.000261 0.011917 100.000000 8.620689
1000 0.000383 0.011179 200.000000 7.380074
1000 0.000274 0.025416 300.000000 7.500000
1000 0.000254 0.035957 400.000000 8.146640
1000 0.000280 0.047028 500.000000 7.898894
1000 0.000311 0.060964 600.000000 8.298756
1000 0.000389 0.070840 700.000000 7.972665
1000 0.000378 0.066339 800.000000 8.264462
1010 0.000305 0.011284 100.000000 8.849558
1010 0.000366 0.011857 200.000000 7.380074
1010 0.000295 0.027019 300.000000 7.575758
1010 0.000272 0.037616 400.000000 8.196721
1010 0.000291 0.049741 500.000000 7.949126
1010 0.000334 0.064392 600.000000 8.333333
1010 0.000395 0.072706 700.000000 8.018328
1010 0.000384 0.068484 800.000000 8.290155
1020 0.000319 0.009319 100.000000 9.090909
1020 0.000436 0.008871 200.000000 7.352941
1020 0.000275 0.029063 300.000000 7.653061
1020 0.000285 0.039396 400.000000 8.230453
1020 0.000307 0.052562 500.000000 8.000000
1020 0.000342 0.068084 600.000000 8.379889
1020 0.000410 0.075358 700.000000 8.055236
1020 0.000393 0.070839 800.000000 8.324662
1030 0.000319 0.010107 100.000000 9.174312
1030 0.000437 0.010241 200.000000 7.220217
1030 0.000278 0.030694 300.000000 7.731959
1030 0.000300 0.041994 400.000000 8.213552
1030 0.000321 0.056908 500.000000 8.038586
1030 0.000358 0.073212 600.000000 8.415147
1030 0.000421 0.079294 700.000000 8.092485
1030 0.000399 0.074350 800.000000 8.342023
1040 0.000328 0.008542 100.000000 9.174312
1040 0.000475 0.012634 200.000000 7.092198
1040 0.000263 0.032712 300.000000 7.772021
1040 0.000337 0.042347 400.000000 7.968128
1040 0.000323 0.057569 500.000000 8.064516
1040 0.000365 0.073954 600.000000 8.415147
1040 0.000417 0.077834 700.000000 8.120649
1040 0.000399 0.072321 800.000000 8.350731
1050 0.000425 0.010627 100.000000 8.849558
1050 0.000420 0.016909 200.000000 7.042253
1050 0.000284 0.034607 300.000000 7.792208
1050 0.000319 0.046070 400.000000 7.707129
1050 0.000339 0.061679 500.000000 8.090615
1050 0.000402 0.079491 600.000000 8.403361
1050 0.000425 0.081073 700.000000 8.139535
1050 0.000404 0.073944 800.000000 8.359457
1060 0.000390 0.014705 100.000000 7.812500
1060 0.000399 0.021143 200.000000 6.993007
1060 0.000323 0.036863 300.000000 7.812500
1060 0.000378 0.049310 400.000000 7.648183
1060 0.000361 0.065797 500.000000 8.103727
1060 0.000442 0.084559 600.000000 8.368201
1060 0.000435 0.083452 700.000000 8.139535
1060 0.000403 0.074081 800.000000 8.359457
1070 0.000633 0.021201 100.000000 6.944445
1070 0.000396 0.025995 200.000000 6.993007
1070 0.000332 0.041879 300.000000 7.832898
1070 0.000394 0.055659 400.000000 7.648183
1070 0.000380 0.073355 500.000000 8.116883
1070 0.000460 0.092382 600.000000 8.310249
1070 0.000448 0.087620 700.000000 8.158508
1070 0.000433 0.076261 800.000000 8.368201
1080 0.000673 0.008310 100.000000 6.666667
1080 0.000353 0.027787 200.000000 6.993007
1080 0.000327 0.040507 300.000000 7.874016
1080 0.000374 0.052626 400.000000 7.648183
1080 0.000377 0.069365 500.000000 8.130081
1080 0.000473 0.088223 600.000000 8.141112
1080 0.000441 0.081071 700.000000 8.168028
1080 0.000431 0.068177 800.000000 8.385744
1090 0.000608 0.003427 100.000000 6.535948
1090 0.000382 0.029381 200.000000 6.993007
1090 0.000319 0.040285 300.000000 7.915567
1090 0.000359 0.052586 400.000000 7.662835
1090 0.000386 0.069231 500.000000 8.156607
1090 0.000478 0.087447 600.000000 7.926024
1090 0.000437 0.078981 700.000000 8.177570
1090 0.000415 0.064437 800.000000 8.394544
1100 0.000687 0.007417 100.000000 6.493506
1100 0.000420 0.032363 200.000000 6.993007
1100 0.000361 0.044094 300.000000 7.936508
1100 0.000369 0.057744 400.000000 7.677543
1100 0.000403 0.074616 500.000000 8.183306
1100 0.000480 0.090145 600.000000 7.863696
1100 0.000442 0.081585 700.000000 8.187135
1100 0.000415 0.066015 800.000000 8.403361
1110 0.000624 0.011452 100.000000 6.451613
1110 0.000371 0.036576 200.000000 6.993007
1110 0.000345 0.043940 300.000000 7.978724
1110 0.000377 0.057138 400.000000 7.707129
1110 0.000411 0.075103 500.000000 8.196721
1110 0.000480 0.087965 600.000000 7.853403
1110 0.000454 0.079045 700.000000 8.196721
1110 0.000409 0.061912 800.000000 8.394544
1120 0.000518 0.017473 100.000000 6.329114
1120 0.000388 0.039426 200.000000 7.042253
1120 0.000387 0.046518 300.000000 7.957560
1120 0.000397 0.061307 400.000000 7.722008
1120 0.000432 0.079916 500.000000 8.223684
1120 0.000496 0.090309 600.000000 7.874016
1120 0.000467 0.081518 700.000000 8.206330
1120 0.000423 0.062055 800.000000 8.324662
1130 0.000647 0.021511 100.000000 6.060606
1130 0.000355 0.040801 200.000000 7.067138
1130 0.000392 0.046278 300.000000 7.936508
1130 0.000410 0.062677 400.000000 7.751938
1130 0.000443 0.082792 500.000000 8.237232
1130 0.000510 0.090593 600.000000 7.894737
1130 0.000476 0.081249 700.000000 8.206330
1130 0.000385 0.057210 800.000000 8.179959
1140 0.000581 0.025680 100.000000 5.847953
1140 0.000360 0.040022 200.000000 7.142857
1140 0.000380 0.046865 300.000000 7.874016
1140 0.000417 0.064586 400.000000 7.782101
1140 0.000450 0.085493 500.000000 8.250825
1140 0.000516 0.091071 600.000000 7.926024
1140 0.000478 0.081645 700.000000 8.225616
1140 0.000375 0.054165 800.000000 8.154943
1150 0.000682 0.022851 100.000000 5.747127
1150 0.000374 0.036768 200.000000 7.194244
1150 0.000452 0.045021 300.000000 7.500000
1150 0.000427 0.065855 400.000000 7.827789
1150 0.000471 0.087844 500.000000 8.278146
1150 0.000520 0.092340 600.000000 7.957560
1150 0.000484 0.082769 700.000000 8.244994
1150 0.000378 0.051963 800.000000 8.163265
1160 0.000556 0.026416 100.000000 5.780347
1160 0.000377 0.034750 200.000000 7.299270
1160 0.000431 0.046072 300.000000 7.352941
1160 0.000436 0.067788 400.000000 7.874016
1160 0.000506 0.090937 500.000000 8.291874
1160 0.000522 0.093139 600.000000 8.000000
1160 0.000490 0.082085 700.000000 8.274232
1160 0.000382 0.048705 800.000000 8.179959
1170 0.000514 0.027997 100.000000 5.917160
1170 0.000402 0.033058 200.000000 7.434944
1170 0.000446 0.046167 300.000000 7.389163
1170 0.000442 0.068617 400.000000 7.968128
1170 0.000536 0.092573 500.000000 8.347245
1170 0.000529 0.093084 600.000000 8.064516
1170 0.000489 0.080450 700.000000 8.323424
1170 0.000383 0.046022 800.000000 8.230453
1180 0.000533 0.032550 100.000000 6.097561
1180 0.000445 0.039288 200.000000 7.604563
1180 0.000505 0.052438 300.000000 7.500000
1180 0.000464 0.075126 400.000000 8.064516
1180 0.000546 0.098700 500.000000 8.417508
1180 0.000531 0.096896 600.000000 8.130081
1180 0.000490 0.082818 700.000000 8.383233
1180 0.000390 0.048099 800.000000 8.281573
1190 0.000516 0.032872 100.000000 6.369427
1190 0.000448 0.040348 200.000000 7.843137
1190 0.000514 0.055554 300.000000 7.614213
1190 0.000474 0.078581 400.000000 8.196721
1190 0.000571 0.102970 500.000000 8.503402
1190 0.000541 0.099882 600.000000 8.207934
1190 0.000493 0.084456 700.000000 8.454106
1190 0.000394 0.048411 800.000000 8.342023
1200 0.000441 0.035179 100.000000 6.666667
1200 0.000454 0.041618 200.000000 8.064516
1200 0.000519 0.057909 300.000000 7.731959
1200 0.000484 0.081223 400.000000 8.316009
1200 0.000577 0.106083 500.000000 8.576329
1200 0.000547 0.101123 600.000000 8.287292
1200 0.000506 0.084423 700.000000 8.526188
1200 0.000396 0.047992 800.000000 8.412198
1210 0.000430 0.030561 100.000000 6.896552
1210 0.000464 0.038970 200.000000 8.264462
1210 0.000531 0.058510 300.000000 7.853403
1210 0.000495 0.083914 400.000000 8.421053
1210 0.000592 0.110571 500.000000 8.605852
1210 0.000560 0.103187 600.000000 8.368201
1210 0.000521 0.084490 700.000000 8.588957
1210 0.000402 0.045472 800.000000 8.465609
1220 0.000379 0.025657 100.000000 7.092198
1220 0.000474 0.032421 200.000000 8.438819
1220 0.000524 0.054556 300.000000 7.936508
1220 0.000493 0.080793 400.000000 8.510638
1220 0.000600 0.108399 500.000000 8.591065
1220 0.000556 0.099530 600.000000 8.426967
1220 0.000519 0.079613 700.000000 8.641975
1220 0.000402 0.039899 800.000000 8.519702
1230 0.000478 0.019835 100.000000 7.246377
1230 0.000532 0.028494 200.000000 8.620689
1230 0.000524 0.053766 300.000000 8.021390
1230 0.000504 0.081072 400.000000 8.583691
1230 0.000624 0.109622 500.000000 8.460237
1230 0.000562 0.099311 600.000000 8.474576
1230 0.000525 0.078317 700.000000 8.695652
1230 0.000402 0.035997 800.000000 8.556149
1240 0.000551 0.020177 100.000000 7.407407
1240 0.000533 0.031851 200.000000 8.733624
1240 0.000527 0.057582 300.000000 8.086253
1240 0.000524 0.084567 400.000000 8.658009
1240 0.000633 0.112102 500.000000 8.278146
1240 0.000558 0.099563 600.000000 8.510638
1240 0.000510 0.076262 700.000000 8.728180
1240 0.000404 0.033149 800.000000 8.592911
1250 0.000483 0.020653 100.000000 7.462687
1250 0.000524 0.029907 200.000000 8.849558
1250 0.000509 0.056129 300.000000 8.152174
1250 0.000527 0.083089 400.000000 8.714597
1250 0.000628 0.108222 500.000000 8.196721
1250 0.000551 0.095453 600.000000 8.534851
1250 0.000498 0.070926 700.000000 8.750000
1250 0.000392 0.027392 800.000000 8.629990
1260 0.000477 0.023278 100.000000 7.575758
1260 0.000540 0.036434 200.000000 8.968610
1260 0.000526 0.063831 300.000000 8.196721
1260 0.000555 0.091099 400.000000 8.752735
1260 0.000630 0.112026 500.000000 8.183306
1260 0.000566 0.097132 600.000000 8.559201
1260 0.000497 0.069562 700.000000 8.760951
1260 0.000396 0.023867 800.000000 8.648648
1270 0.000636 0.026495 100.000000 7.692307
1270 0.000583 0.042628 200.000000 9.049774
1270 0.000548 0.070588 300.000000 8.241758
1270 0.000563 0.097694 400.000000 8.810573
1270 0.000639 0.114386 500.000000 8.223684
1270 0.000584 0.098781 600.000000 8.583691
1270 0.000500 0.068435 700.000000 8.739077
1270 0.000397 0.021722 800.000000 8.686211
1280 0.000759 0.035722 100.000000 7.936508
1280 0.000626 0.049900 200.000000 9.132421
1280 0.000561 0.076807 300.000000 8.333333
1280 0.000592 0.103094 400.000000 8.888889
1280 0.000650 0.116357 500.000000 8.278146
1280 0.000586 0.100992 600.000000 8.633094
1280 0.000490 0.068379 700.000000 8.674102
1280 0.000405 0.021439 800.000000 8.724100
1290 0.000696 0.019282 100.000000 8.264462
1290 0.000580 0.044632 200.000000 9.259259
1290 0.000552 0.073449 300.000000 8.450705
1290 0.000588 0.101234 400.000000 8.968610
1290 0.000652 0.112086 500.000000 8.347245
1290 0.000585 0.095864 600.000000 8.683068
1290 0.000463 0.059237 700.000000 8.599508
1290 0.000400 0.013238 800.000000 8.771930
1300 0.000618 0.016565 100.000000 8.620689
1300 0.000560 0.044733 200.000000 9.389671
1300 0.000544 0.072943 300.000000 8.595988
1300 0.000588 0.100762 400.000000 9.070294
1300 0.000647 0.107999 500.000000 8.431704
1300 0.000575 0.090042 600.000000 8.746356
1300 0.000445 0.050598 700.000000 8.599508
1300 0.000392 0.007482 800.000000 8.830022
1310 0.000581 0.013397 100.000000 9.090909
1310 0.000510 0.041542 200.000000 9.478673
1310 0.000540 0.069854 300.000000 8.720930
1310 0.000571 0.097370 400.000000 9.174312
1310 0.000636 0.101922 500.000000 8.517887
1310 0.000566 0.083864 600.000000 8.810573
1310 0.000426 0.043766 700.000000 8.631319
1310 0.000386 0.004046 800.000000 8.879024
1320 0.000551 0.012912 100.000000 9.433962
1320 0.000526 0.039343 200.000000 9.009009
1320 0.000535 0.066417 300.000000 8.849558
1320 0.000578 0.094367 400.000000 9.237875
1320 0.000620 0.096233 500.000000 8.591065
1320 0.000560 0.077826 600.000000 8.862629
1320 0.000412 0.036511 700.000000 8.663366
1320 0.000385 0.005633 800.000000 8.928572
1330 0.000585 0.015345 100.000000 9.708738
1330 0.000554 0.043839 200.000000 8.510638
1330 0.000546 0.072793 300.000000 8.928572
1330 0.000620 0.100179 400.000000 9.280743
1330 0.000626 0.098322 500.000000 8.650519
1330 0.000564 0.078233 600.000000 8.888889
1330 0.000418 0.035822 700.000000 8.684863
1330 0.000388 0.006086 800.000000 8.958567
1340 0.000568 0.017938 100.000000 9.900990
1340 0.000607 0.045839 200.000000 8.403361
1340 0.000559 0.075128 300.000000 8.982036
1340 0.000665 0.102739 400.000000 9.259259
1340 0.000624 0.095695 500.000000 8.680555
1340 0.000561 0.073083 600.000000 8.915304
1340 0.000412 0.030560 700.000000 8.706468
1340 0.000387 0.009918 800.000000 8.988764
1350 0.000595 0.020959 100.000000 10.101010
1350 0.000659 0.048915 200.000000 8.368201
1350 0.000562 0.077984 300.000000 9.036144
1350 0.000680 0.106481 400.000000 9.195402
1350 0.000621 0.095274 500.000000 8.695652
1350 0.000553 0.071488 600.000000 8.928572
1350 0.000415 0.030150 700.000000 8.728180
1350 0.000387 0.012539 800.000000 8.998875
1360 0.000644 0.018073 100.000000 10.204082
1360 0.000633 0.047489 200.000000 8.403361
1360 0.000561 0.076561 300.000000 9.063444
1360 0.000691 0.105852 400.000000 9.009009
1360 0.000618 0.090874 500.000000 8.726004
1360 0.000555 0.066199 600.000000 8.955224
1360 0.000413 0.024685 700.000000 8.750000
1360 0.000378 0.016328 800.000000 9.019166
1370 0.000676 0.016547 100.000000 10.526316
1370 0.000621 0.047188 200.000000 8.438819
1370 0.000576 0.075418 300.000000 9.118541
1370 0.000712 0.104437 400.000000 8.639309
1370 0.000605 0.084487 500.000000 8.741259
1370 0.000542 0.056549 600.000000 8.968610
1370 0.000405 0.015139 700.000000 8.771930
1370 0.000373 0.023075 800.000000 9.029346
1380 0.000682 0.023072 100.000000 10.638298
1380 0.000628 0.052499 200.000000 8.474576
1380 0.000615 0.079487 300.000000 9.174312
1380 0.000717 0.105739 400.000000 8.385744
1380 0.000611 0.083939 500.000000 8.756567
1380 0.000525 0.053439 600.000000 8.982036
1380 0.000396 0.010654 700.000000 8.793970
1380 0.000376 0.026936 800.000000 9.039548
1390 0.000697 0.027894 100.000000 10.869565
1390 0.000625 0.057619 200.000000 8.474576
1390 0.000629 0.083616 300.000000 9.202454
1390 0.000710 0.104333 400.000000 8.333333
1390 0.000612 0.081795 500.000000 8.771930
1390 0.000520 0.049336 600.000000 8.982036
1390 0.000397 0.006281 700.000000 8.816121
1390 0.000377 0.031400 800.000000 9.039548
1400 0.000622 0.017608 100.000000 10.752688
1400 0.000577 0.046328 200.000000 8.510638
1400 0.000586 0.072468 300.000000 9.230769
1400 0.000673 0.086907 400.000000 8.333333
1400 0.000598 0.066266 500.000000 8.771930
1400 0.000486 0.034557 600.000000 8.902077
1400 0.000375 0.010226 700.000000 8.827238
1400 0.000358 0.039439 800.000000 9.029346
1410 0.000563 0.015738 100.000000 10.416667
1410 0.000556 0.044170 200.000000 8.510638
1410 0.000582 0.070203 300.000000 9.202454
1410 0.000663 0.078155 400.000000 8.350731
1410 0.000577 0.059734 500.000000 8.756567
1410 0.000431 0.027393 600.000000 8.633094
1410 0.000375 0.017249 700.000000 8.838384
1410 0.000341 0.044796 800.000000 8.958567
1420 0.000522 0.017662 100.000000 9.615385
1420 0.000542 0.045750 200.000000 8.510638
1420 0.000579 0.071658 300.000000 9.174312
1420 0.000653 0.074661 400.000000 8.368201
1420 0.000567 0.057572 500.000000 8.741259
1420 0.000400 0.023762 600.000000 8.534851
1420 0.000369 0.020314 700.000000 8.838384
1420 0.000256 0.048268 800.000000 8.048289
1430 0.000612 0.019507 100.000000 7.575758
1430 0.000546 0.048242 200.000000 8.510638
1430 0.000624 0.073788 300.000000 9.118541
1430 0.000637 0.072658 400.000000 8.385744
1430 0.000565 0.055565 500.000000 8.726004
1430 0.000395 0.020874 600.000000 8.510638
1430 0.000375 0.022218 700.000000 8.849558
1430 0.000251 0.048234 800.000000 7.976072
1440 0.000675 0.018311 100.000000 7.194244
1440 0.000554 0.048295 200.000000 8.510638
1440 0.000699 0.074879 300.000000 9.036144
1440 0.000639 0.068670 400.000000 8.385744
1440 0.000560 0.048052 500.000000 8.710801
1440 0.000390 0.012168 600.000000 8.510638
1440 0.000366 0.026474 700.000000 8.849558
1440 0.000237 0.049399 800.000000 7.960199
1450 0.000722 0.021257 100.000000 7.092198
1450 0.000560 0.049868 200.000000 8.510638
1450 0.000714 0.077550 300.000000 8.849558
1450 0.000635 0.064569 400.000000 8.385744
1450 0.000548 0.042303 500.000000 8.710801
1450 0.000384 0.012710 600.000000 8.522727
1450 0.000363 0.031359 700.000000 8.849558
1450 0.000229 0.049692 800.000000 7.960199
1460 0.000588 0.015516 100.000000 6.993007
1460 0.000525 0.039516 200.000000 8.510638
1460 0.000711 0.067835 300.000000 8.379889
1460 0.000598 0.051864 400.000000 8.385744
1460 0.000532 0.030659 500.000000 8.710801
1460 0.000362 0.013767 600.000000 8.522727
1460 0.000345 0.037433 700.000000 8.838384
1460 0.000208 0.050627 800.000000 7.960199
1470 0.000595 0.018553 100.000000 6.944445
1470 0.000578 0.042173 200.000000 8.510638
1470 0.000735 0.068661 300.000000 7.853403
1470 0.000593 0.049844 400.000000 8.368201
1470 0.000497 0.025864 500.000000 8.695652
1470 0.000359 0.015875 600.000000 8.522727
1470 0.000355 0.041398 700.000000 8.827238
1470 0.000212 0.051209 800.000000 7.960199
1480 0.000581 0.019365 100.000000 6.896552
1480 0.000604 0.043058 200.000000 8.510638
1480 0.000723 0.064899 300.000000 7.712082
1480 0.000587 0.045782 400.000000 8.350731
1480 0.000487 0.019879 500.000000 8.665511
1480 0.000352 0.019408 600.000000 8.534851
1480 0.000349 0.045768 700.000000 8.816121
1480 0.000204 0.052095 800.000000 7.952286
1490 0.000551 0.016609 100.000000 6.944445
1490 0.000573 0.040875 200.000000 8.547009
1490 0.000697 0.057244 300.000000 7.731959
1490 0.000596 0.040697 400.000000 8.350731
1490 0.000469 0.015419 500.000000 8.605852
1490 0.000342 0.023935 600.000000 8.547009
1490 0.000340 0.049147 700.000000 8.805032
1490 0.000195 0.052540 800.000000 7.960199
1500 0.000548 0.014777 100.000000 7.042253
1500 0.000612 0.038817 200.000000 8.620689
1500 0.000703 0.051179 300.000000 7.772021
1500 0.000587 0.034791 400.000000 8.385744
1500 0.000421 0.007247 500.000000 8.417508
1500 0.000342 0.029083 600.000000 8.583691
1500 0.000328 0.053359 700.000000 8.793970
1500 0.000181 0.053535 800.000000 7.976072
1510 0.000567 0.019200 100.000000 7.194244
1510 0.000622 0.045095 200.000000 8.695652
1510 0.000711 0.053551 300.000000 7.853403
1510 0.000586 0.037893 400.000000 8.421053
1510 0.000408 0.006637 500.000000 8.305648
1510 0.000343 0.029044 600.000000 8.633094
1510 0.000294 0.054758 700.000000 8.728180
1510 0.000191 0.053305 800.000000 8.000000
1520 0.000617 0.024477 100.000000 7.462687
1520 0.000639 0.051429 200.000000 8.849558
1520 0.000727 0.056146 300.000000 7.957560
1520 0.000597 0.039961 400.000000 8.492569
1520 0.000401 0.007101 500.000000 8.319468
1520 0.000351 0.030226 600.000000 8.683068
1520 0.000235 0.056853 700.000000 7.856341
1520 0.000207 0.053468 800.000000 8.032128
1530 0.000610 0.023825 100.000000 7.874016
1530 0.000666 0.051216 200.000000 9.090909
1530 0.000716 0.054916 300.000000 8.108109
1530 0.000595 0.038285 400.000000 8.602151
1530 0.000392 0.001110 500.000000 8.389262
1530 0.000340 0.031819 600.000000 8.771930
1530 0.000210 0.057388 700.000000 7.865169
1530 0.000184 0.053821 800.000000 8.080808
1540 0.000623 0.022695 100.000000 8.403361
1540 0.000661 0.048783 200.000000 9.433962
1540 0.000703 0.051425 300.000000 8.287292
1540 0.000589 0.034701 400.000000 8.752735
1540 0.000378 0.006016 500.000000 8.503402
1540 0.000342 0.034570 600.000000 8.875740
1540 0.000197 0.058500 700.000000 7.918552
1540 0.000168 0.054367 800.000000 8.146640
1550 0.000619 0.022654 100.000000 9.009009
1550 0.000665 0.048332 200.000000 9.756098
1550 0.000702 0.049680 300.000000 8.474576
1550 0.000586 0.033053 400.000000 8.908686
1550 0.000372 0.007784 500.000000 8.605852
1550 0.000336 0.035941 600.000000 8.982036
1550 0.000198 0.058833 700.000000 7.972665
1550 0.000166 0.054534 800.000000 8.213552
1560 0.000575 0.021084 100.000000 9.615385
1560 0.000689 0.047428 200.000000 10.050251
1560 0.000686 0.048077 300.000000 8.645534
1560 0.000585 0.031962 400.000000 9.029346
1560 0.000373 0.004706 500.000000 8.710801
1560 0.000343 0.034918 600.000000 9.077156
1560 0.000209 0.057629 700.000000 8.027523
1560 0.000182 0.053967 800.000000 8.273009
1570 0.000558 0.020451 100.000000 10.000000
1570 0.000752 0.046139 200.000000 10.204082
1570 0.000671 0.044218 300.000000 8.771930
1570 0.000574 0.026956 400.000000 9.111617
1570 0.000361 0.009246 500.000000 8.771930
1570 0.000335 0.037787 600.000000 9.146341
1570 0.000205 0.058076 700.000000 8.055236
1570 0.000180 0.054178 800.000000 8.307373
1580 0.000446 0.014289 100.000000 10.416667
1580 0.000747 0.038791 200.000000 10.256411
1580 0.000638 0.036250 300.000000 8.849558
1580 0.000544 0.019903 400.000000 9.174312
1580 0.000340 0.013376 500.000000 8.818342
1580 0.000320 0.040098 600.000000 9.188361
1580 0.000183 0.057184 700.000000 8.073818
1580 0.000169 0.053937 800.000000 8.342023
1590 0.000403 0.010408 100.000000 10.526316
1590 0.000737 0.037345 200.000000 10.050251
1590 0.000626 0.031115 300.000000 8.902077
1590 0.000519 0.014968 400.000000 9.216590
1590 0.000328 0.016795 500.000000 8.865249
1590 0.000311 0.042238 600.000000 9.216590
1590 0.000173 0.056586 700.000000 8.092485
1590 0.000164 0.053928 800.000000 8.359457
1600 0.000428 0.012136 100.000000 10.752688
1600 0.000788 0.041677 200.000000 9.389671
1600 0.000628 0.030974 300.000000 8.928572
1600 0.000530 0.013648 400.000000 9.237875
1600 0.000332 0.019147 500.000000 8.880995
1600 0.000314 0.043890 600.000000 9.230769
1600 0.000171 0.056078 700.000000 8.111239
1600 0.000157 0.054339 800.000000 8.368201
1610 0.000533 0.016846 100.000000 10.752688
1610 0.000825 0.041584 200.000000 8.474576
1610 0.000602 0.030309 300.000000 8.928572
1610 0.000500 0.011859 400.000000 9.237875
1610 0.000336 0.020869 500.000000 8.912656
1610 0.000332 0.045246 600.000000 9.230769
1610 0.000179 0.055464 700.000000 8.111239
1610 0.000172 0.054820 800.000000 8.368201
1620 0.000649 0.016780 100.000000 10.869565
1620 0.000834 0.042962 200.000000 8.163265
1620 0.000612 0.030362 300.000000 8.928572
1620 0.000495 0.009734 400.000000 9.237875
1620 0.000329 0.024681 500.000000 8.928572
1620 0.000337 0.048584 600.000000 9.230769
1620 0.000168 0.056296 700.000000 8.111239
1620 0.000171 0.055290 800.000000 8.359457
1630 0.000676 0.020672 100.000000 10.869565
1630 0.000841 0.044374 200.000000 8.130081
1630 0.000647 0.033650 300.000000 8.928572
1630 0.000489 0.011773 400.000000 9.153318
1630 0.000320 0.026637 500.000000 8.944544
1630 0.000325 0.050450 600.000000 9.202454
1630 0.000158 0.056190 700.000000 8.111239
1630 0.000150 0.055489 800.000000 8.359457
1640 0.000807 0.022543 100.000000 10.869565
1640 0.000840 0.041441 200.000000 8.163265
1640 0.000647 0.031251 300.000000 8.902077
1640 0.000447 0.006603 400.000000 8.849558
1640 0.000329 0.031488 500.000000 8.944544
1640 0.000319 0.054001 600.000000 9.146341
1640 0.000149 0.056772 700.000000 8.111239
1640 0.000151 0.055669 800.000000 8.368201
1650 0.000772 0.025502 100.000000 10.752688
1650 0.000831 0.038656 200.000000 8.163265
1650 0.000626 0.029666 300.000000 8.875740
1650 0.000405 0.004927 400.000000 8.547009
1650 0.000320 0.034015 500.000000 8.960573
1650 0.000265 0.056513 600.000000 8.862629
1650 0.000169 0.056749 700.000000 8.101851
1650 0.000151 0.055838 800.000000 8.368201
1660 0.000725 0.021050 100.000000 10.526316
1660 0.000761 0.028247 200.000000 8.196721
1660 0.000594 0.019489 300.000000 8.823529
1660 0.000354 0.011286 400.000000 8.492569
1660 0.000334 0.038060 500.000000 8.960573
1660 0.000205 0.058497 600.000000 7.812500
1660 0.000158 0.056346 700.000000 8.101851
1660 0.000156 0.056011 800.000000 8.359457
1670 0.001005 0.023123 100.000000 10.204082
1670 0.000755 0.026199 200.000000 8.196721
1670 0.000591 0.014432 300.000000 8.797654
1670 0.000346 0.016924 400.000000 8.474576
1670 0.000325 0.042087 500.000000 8.960573
1670 0.000196 0.059242 600.000000 7.782101
1670 0.000168 0.056768 700.000000 8.101851
1670 0.000167 0.056278 800.000000 8.342023
1680 0.001085 0.025979 100.000000 9.708738
1680 0.000738 0.022988 200.000000 8.196721
1680 0.000563 0.010836 300.000000 8.797654
1680 0.000326 0.021901 400.000000 8.492569
1680 0.000312 0.044765 500.000000 8.960573
1680 0.000174 0.058198 600.000000 7.772021
1680 0.000154 0.055739 700.000000 8.101851
1680 0.000148 0.055049 800.000000 8.324662
1690 0.001109 0.032945 100.000000 8.620689
1690 0.000728 0.022910 200.000000 8.196721
1690 0.000565 0.009870 300.000000 8.797654
1690 0.000327 0.023849 400.000000 8.492569
1690 0.000312 0.045693 500.000000 8.960573
1690 0.000169 0.057104 600.000000 7.782101
1690 0.000151 0.055844 700.000000 8.101851
1690 0.000156 0.055710 800.000000 8.324662
1700 0.001184 0.028510 100.000000 6.993007
1700 0.000669 0.019026 200.000000 8.163265
1700 0.000509 0.007676 300.000000 8.771930
1700 0.000311 0.026044 400.000000 8.510638
1700 0.000322 0.045837 500.000000 8.944544
1700 0.000172 0.054885 600.000000 7.772021
1700 0.000157 0.054542 700.000000 8.092485
1700 0.000149 0.054958 800.000000 8.324662
1710 0.001072 0.019998 100.000000 6.493506
1710 0.000601 0.014258 200.000000 8.163265
1710 0.000466 0.004693 300.000000 8.746356
1710 0.000288 0.028425 400.000000 8.510638
1710 0.000340 0.046225 500.000000 8.928572
1710 0.000168 0.053458 600.000000 7.772021
1710 0.000169 0.053745 700.000000 8.083141
1710 0.000153 0.055224 800.000000 8.324662
1720 0.001005 0.016715 100.000000 6.410256
1720 0.000629 0.010686 200.000000 8.130081
1720 0.000437 0.008284 300.000000 8.670520
1720 0.000278 0.033024 400.000000 8.528785
1720 0.000340 0.049013 500.000000 8.912656
1720 0.000172 0.053621 600.000000 7.772021
1720 0.000162 0.053731 700.000000 8.073818
1720 0.000158 0.055153 800.000000 8.324662
1730 0.000899 0.007673 100.000000 6.451613
1730 0.000578 0.005360 200.000000 8.097166
1730 0.000360 0.015161 300.000000 8.310249
1730 0.000287 0.035573 400.000000 8.547009
1730 0.000352 0.050783 500.000000 8.849558
1730 0.000173 0.052516 600.000000 7.761966
1730 0.000173 0.052743 700.000000 8.083141
1730 0.000166 0.055357 800.000000 8.307373
1740 0.000887 0.004939 100.000000 6.535948
1740 0.000556 0.004191 200.000000 8.097166
1740 0.000322 0.019785 300.000000 8.000000
1740 0.000305 0.037701 400.000000 8.565310
1740 0.000313 0.054206 500.000000 8.635578
1740 0.000197 0.053002 600.000000 7.772021
1740 0.000182 0.053516 700.000000 8.092485
1740 0.000176 0.056532 800.000000 8.307373
1750 0.000831 0.007448 100.000000 6.622517
1750 0.000547 0.007623 200.000000 8.130081
1750 0.000320 0.013639 300.000000 7.957560
1750 0.000311 0.033171 400.000000 8.602151
1750 0.000253 0.052243 500.000000 7.429420
1750 0.000192 0.051551 600.000000 7.782101
1750 0.000181 0.053658 700.000000 8.101851
1750 0.000176 0.057471 800.000000 8.316009
1760 0.000670 0.005218 100.000000 6.711410
1760 0.000480 0.009437 200.000000 8.163265
1760 0.000304 0.015452 300.000000 7.957560
1760 0.000346 0.031197 400.000000 8.639309
1760 0.000273 0.050534 500.000000 7.407407
1760 0.000218 0.050349 600.000000 7.792208
1760 0.000192 0.053646 700.000000 8.111239
1760 0.000190 0.058886 800.000000 8.333333
1770 0.000512 0.004470 100.000000 6.849315
1770 0.000406 0.008490 200.000000 8.230453
1770 0.000287 0.015018 300.000000 8.021390
1770 0.000358 0.028699 400.000000 8.695652
1770 0.000293 0.047367 500.000000 7.418397
1770 0.000240 0.047733 600.000000 7.822686
1770 0.000211 0.052262 700.000000 8.120649
1770 0.000207 0.058518 800.000000 8.359457
1780 0.000434 0.005329 100.000000 6.993007
1780 0.000370 0.005959 200.000000 8.333333
1780 0.000289 0.013726 300.000000 8.108109
1780 0.000349 0.028144 400.000000 8.752735
1780 0.000299 0.045156 500.000000 7.462687
1780 0.000242 0.046181 600.000000 7.863696
1780 0.000215 0.051182 700.000000 8.149011
1780 0.000215 0.057808 800.000000 8.394544
1790 0.000431 0.002972 100.000000 7.246377
1790 0.000419 0.005394 200.000000 8.510638
1790 0.000290 0.013400 300.000000 8.219178
1790 0.000351 0.028633 400.000000 8.849558
1790 0.000290 0.044866 500.000000 7.507507
1790 0.000245 0.046119 600.000000 7.915567
1790 0.000218 0.051197 700.000000 8.187135
1790 0.000217 0.058103 800.000000 8.438819
1800 0.000394 0.006464 100.000000 7.575758
1800 0.000409 0.006789 200.000000 8.733624
1800 0.000300 0.008888 300.000000 8.356546
1800 0.000350 0.026440 400.000000 8.948545
1800 0.000301 0.042245 500.000000 7.575758
1800 0.000240 0.044747 600.000000 7.968128
1800 0.000221 0.050046 700.000000 8.235294
1800 0.000219 0.057067 800.000000 8.483563
1810 0.000375 0.005852 100.000000 7.936508
1810 0.000395 0.005996 200.000000 8.968610
1810 0.000314 0.009740 300.000000 8.522727
1810 0.000359 0.027155 400.000000 9.090909
1810 0.000303 0.042334 500.000000 7.656968
1810 0.000239 0.044688 600.000000 8.042895
1810 0.000229 0.050226 700.000000 8.303678
1810 0.000224 0.057526 800.000000 8.547009
1820 0.000304 0.006462 100.000000 8.474576
1820 0.000376 0.008197 200.000000 9.259259
1820 0.000315 0.008830 300.000000 8.695652
1820 0.000371 0.027371 400.000000 9.237875
1820 0.000320 0.041922 500.000000 7.739938
1820 0.000251 0.044260 600.000000 8.119080
1820 0.000235 0.050092 700.000000 8.373206
1820 0.000231 0.057546 800.000000 8.620689
1830 0.000256 0.005590 100.000000 9.009009
1830 0.000370 0.007887 200.000000 9.615385
1830 0.000325 0.011614 300.000000 8.902077
1830 0.000390 0.029839 400.000000 9.411765
1830 0.000325 0.043693 500.000000 7.836991
1830 0.000256 0.045768 600.000000 8.207934
1830 0.000240 0.051651 700.000000 8.454106
1830 0.000239 0.059458 800.000000 8.686211
1840 0.000219 0.007280 100.000000 9.615385
1840 0.000374 0.011205 200.000000 9.950249
1840 0.000345 0.016697 300.000000 9.090909
1840 0.000424 0.034406 400.000000 9.569378
1840 0.000344 0.046735 500.000000 7.923930
1840 0.000281 0.048330 600.000000 8.275862
1840 0.000252 0.054250 700.000000 8.526188
1840 0.000254 0.062536 800.000000 8.752735
1850 0.000249 0.014261 100.000000 10.204082
1850 0.000385 0.019297 200.000000 10.256411
1850 0.000371 0.023625 300.000000 9.287926
1850 0.000466 0.041032 400.000000 9.708738
1850 0.000356 0.050993 500.000000 8.000000
1850 0.000303 0.051774 600.000000 8.344924
1850 0.000265 0.057795 700.000000 8.599508
1850 0.000264 0.066714 800.000000 8.820287
1860 0.000299 0.012375 100.000000 10.638298
1860 0.000422 0.018911 200.000000 10.471204
1860 0.000377 0.022876 300.000000 9.433962
1860 0.000485 0.042228 400.000000 9.803922
1860 0.000339 0.050261 500.000000 8.064516
1860 0.000300 0.051792 600.000000 8.403361
1860 0.000267 0.058130 700.000000 8.652658
1870 0.000344 0.007606 100.000000 10.869565
1870 0.000396 0.013332 200.000000 10.526316
1870 0.000362 0.018758 300.000000 9.523809
1870 0.000468 0.041166 400.000000 9.828010
1870 0.000333 0.047028 500.000000 8.090615
1870 0.000282 0.049910 600.000000 8.426967
1870 0.000254 0.056417 700.000000 8.674102
1880 0.000352 0.008928 100.000000 10.869565
1880 0.000381 0.009357 200.000000 10.101010
1880 0.000371 0.015495 300.000000 9.523809
1880 0.000463 0.041004 400.000000 9.779951
1880 0.000311 0.044523 500.000000 8.077544
1880 0.000272 0.048339 600.000000 8.426967
1880 0.000248 0.055125 700.000000 8.663366
1890 0.000268 0.007997 100.000000 10.526316
1890 0.000388 0.010140 200.000000 9.009009
1890 0.000395 0.018402 300.000000 9.523809
1890 0.000425 0.048215 400.000000 9.501187
1890 0.000324 0.045737 500.000000 8.064516
1890 0.000281 0.049509 600.000000 8.415147
1890 0.000256 0.056633 700.000000 8.631319
1900 0.000314 0.009522 100.000000 10.309278
1900 0.000381 0.015376 200.000000 8.771930
1900 0.000415 0.025075 300.000000 9.523809
1900 0.000430 0.054408 400.000000 7.648183
1900 0.000327 0.049400 500.000000 8.038586
1900 0.000289 0.053300 600.000000 8.403361
1900 0.000265 0.060503 700.000000 8.620689
1910 0.000326 0.011562 100.000000 10.204082
1910 0.000373 0.017714 200.000000 8.733624
1910 0.000463 0.029984 300.000000 9.493670
1910 0.000425 0.055578 400.000000 7.561437
1910 0.000333 0.051408 500.000000 8.038586
1910 0.000279 0.055868 600.000000 8.379889
1910 0.000270 0.063072 700.000000 8.610086
1920 0.000282 0.011781 100.000000 10.101010
1920 0.000402 0.017775 200.000000 8.733624
1920 0.000474 0.033480 300.000000 9.493670
1920 0.000430 0.054820 400.000000 7.561437
1920 0.000341 0.051651 500.000000 8.038586
1920 0.000292 0.056139 600.000000 8.356546
1920 0.000277 0.063774 700.000000 8.620689
1930 0.000513 0.009166 100.000000 10.101010
1930 0.000449 0.017721 200.000000 8.733624
1930 0.000502 0.038046 300.000000 9.493670
1930 0.000437 0.055845 400.000000 7.561437
1930 0.000343 0.053341 500.000000 8.038586
1930 0.000306 0.058010 600.000000 8.344924
1930 0.000288 0.066197 700.000000 8.620689
1940 0.000545 0.008553 100.000000 10.204082
1940 0.000476 0.019914 200.000000 8.771930
1940 0.000540 0.042982 300.000000 9.493670
1940 0.000444 0.056762 400.000000 7.561437
1940 0.000336 0.055320 500.000000 8.038586
1940 0.000308 0.060149 600.000000 8.356546
1940 0.000296 0.068482 700.000000 8.631319
1950 0.000618 0.011824 100.000000 10.101010
1950 0.000500 0.023397 200.000000 8.849558
1950 0.000607 0.049083 300.000000 9.493670
1950 0.000437 0.057958 400.000000 7.575758
1950 0.000363 0.057117 500.000000 8.038586
1950 0.000318 0.062175 600.000000 8.368201
1950 0.000305 0.070968 700.000000 8.631319
1960 0.000548 0.008684 100.000000 10.000000
1960 0.000498 0.020617 200.000000 8.888889
1960 0.000603 0.049769 300.000000 9.493670
1960 0.000433 0.054266 400.000000 7.575758
1960 0.000354 0.054669 500.000000 8.038586
1960 0.000315 0.060341 600.000000 8.368201
1970 0.000568 0.011489 100.000000 9.433962
1970 0.000563 0.023380 200.000000 8.928572
1970 0.000626 0.057435 300.000000 9.433962
1970 0.000439 0.055831 400.000000 7.575758
1970 0.000365 0.056050 500.000000 8.051530
1970 0.000326 0.061911 600.000000 8.368201
1980 0.000660 0.011966 100.000000 8.000000
1980 0.000580 0.024366 200.000000 9.009009
1980 0.000590 0.061332 300.000000 9.287926
1980 0.000426 0.054195 400.000000 7.590133
1980 0.000363 0.054968 500.000000 8.064516
1980 0.000323 0.061330 600.000000 8.356546
1990 0.000726 0.015157 100.000000 7.575758
1990 0.000587 0.029310 200.000000 9.049774
1990 0.000628 0.066758 300.000000 7.109005
1990 0.000442 0.055753 400.000000 7.590133
1990 0.000367 0.056705 500.000000 8.077544
1990 0.000324 0.062998 600.000000 8.368201
2000 0.000786 0.024502 100.000000 7.518797
2000 0.000700 0.043092 200.000000 9.090909
2000 0.000622 0.078355 300.000000 6.976744
2000 0.000463 0.065123 400.000000 7.604563
2000 0.000378 0.066247 500.000000 8.077544
2000 0.000340 0.072852 600.000000 8.368201
2010 0.000814 0.033637 100.000000 7.518797
2010 0.000790 0.056617 200.000000 9.132421
2010 0.000641 0.086419 300.000000 6.944445
2010 0.000481 0.073470 400.000000 7.619048
2010 0.000405 0.074779 500.000000 8.064516
2010 0.000360 0.081947 600.000000 8.379889
2020 0.000603 0.019968 100.000000 7.575758
2020 0.000644 0.044571 200.000000 9.174312
2020 0.000582 0.067185 300.000000 6.944445
2020 0.000444 0.060410 400.000000 7.619048
2020 0.000372 0.063318 500.000000 8.051530
2020 0.000345 0.071579 600.000000 8.391608
2030 0.000703 0.024119 100.000000 7.633588
2030 0.000670 0.048796 200.000000 9.132421
2030 0.000585 0.064498 300.000000 6.944445
2030 0.000435 0.057656 400.000000 7.619048
2030 0.000377 0.060751 500.000000 8.038586
2030 0.000347 0.068771 600.000000 8.403361
2040 0.000651 0.027579 100.000000 7.692307
2040 0.000726 0.051967 200.000000 9.132421
2040 0.000569 0.063247 300.000000 6.944445
2040 0.000432 0.058492 400.000000 7.619048
2040 0.000378 0.062470 500.000000 8.051530
2040 0.000353 0.071429 600.000000 8.403361
2050 0.000657 0.028513 100.000000 7.751938
2050 0.000796 0.053298 200.000000 9.132421
2050 0.000524 0.059469 300.000000 6.960557
2050 0.000433 0.058005 400.000000 7.619048
2050 0.000381 0.063202 500.000000 8.064516
2060 0.000682 0.029118 100.000000 7.936508
2060 0.000775 0.055133 200.000000 9.174312
2060 0.000520 0.056698 300.000000 6.993007
2060 0.000413 0.056510 400.000000 7.633588
2060 0.000370 0.062219 500.000000 8.090615
2070 0.000791 0.029941 100.000000 8.196721
2070 0.000787 0.061979 200.000000 9.302325
2070 0.000524 0.059390 300.000000 7.058824
2070 0.000415 0.059115 400.000000 7.707129
2070 0.000373 0.065245 500.000000 8.130081
2080 0.000711 0.034575 100.000000 8.620689
2080 0.000735 0.056814 200.000000 9.478673
2080 0.000496 0.050717 300.000000 7.142857
2080 0.000405 0.050533 400.000000 7.797271
2080 0.000360 0.056892 500.000000 8.196721
2090 0.000869 0.031008 100.000000 9.259259
2090 0.000851 0.070675 200.000000 9.756098
2090 0.000501 0.065848 300.000000 7.263923
2090 0.000418 0.067149 400.000000 7.905138
2090 0.000371 0.074855 500.000000 8.291874
2100 0.001003 0.035349 100.000000 9.900990
2100 0.000816 0.078458 200.000000 9.950249
2100 0.000509 0.071904 300.000000 7.389163
2100 0.000440 0.074602 400.000000 8.016032
2100 0.000380 0.083436 500.000000 8.389262
2110 0.000995 0.039802 100.000000 10.526316
2110 0.000763 0.084046 200.000000 9.950249
2110 0.000516 0.073434 300.000000 7.500000
2110 0.000427 0.076327 400.000000 8.113590
2110 0.000378 0.085328 500.000000 8.460237
2120 0.001058 0.046095 100.000000 10.989011
2120 0.000798 0.089683 200.000000 6.872852
2120 0.000530 0.076374 300.000000 7.556675
2120 0.000431 0.079200 400.000000 8.179959
2120 0.000379 0.088197 500.000000 8.517887
2130 0.001095 0.046445 100.000000 11.235955
2130 0.000688 0.085892 200.000000 6.688963
2130 0.000490 0.072393 300.000000 7.594937
2130 0.000402 0.075752 400.000000 8.196721
2130 0.000366 0.084728 500.000000 8.532423
2140 0.001055 0.049416 100.000000 11.363636
2140 0.000666 0.080040 200.000000 6.644518
2140 0.000479 0.069085 300.000000 7.614213
2140 0.000399 0.072541 400.000000 8.179959
2140 0.000358 0.081766 500.000000 8.547009
2150 0.000912 0.045472 100.000000 11.363636
2150 0.000622 0.066827 200.000000 6.622517
2150 0.000442 0.058953 300.000000 7.614213
2150 0.000365 0.063269 400.000000 8.146640
2150 0.000342 0.073009 500.000000 8.547009
2160 0.000797 0.035884 100.000000 11.235955
2160 0.000559 0.051543 200.000000 6.622517
2160 0.000384 0.045835 300.000000 7.594937
2160 0.000338 0.050258 400.000000 8.130081
2160 0.000317 0.059961 500.000000 8.547009
2170 0.000912 0.035218 100.000000 11.111111
2170 0.000535 0.047666 200.000000 6.600660
2170 0.000383 0.043308 300.000000 7.575758
2170 0.000336 0.047786 400.000000 8.130081
2170 0.000318 0.057507 500.000000 8.547009
2180 0.001065 0.036172 100.000000 10.869565
2180 0.000472 0.041265 200.000000 6.578948
2180 0.000363 0.039120 300.000000 7.537688
2180 0.000332 0.043948 400.000000 8.113590
2190 0.000832 0.034068 100.000000 10.526316
2190 0.000428 0.031144 200.000000 6.557377
2190 0.000315 0.028444 300.000000 7.518797
2190 0.000296 0.032777 400.000000 8.097166
2200 0.000646 0.032309 100.000000 9.900990
2200 0.000414 0.023408 200.000000 6.535948
2200 0.000319 0.021881 300.000000 7.518797
2200 0.000277 0.026893 400.000000 8.064516
2210 0.000856 0.038577 100.000000 4.926108
2210 0.000409 0.023144 200.000000 6.514658
2210 0.000310 0.021152 300.000000 7.518797
2210 0.000274 0.026488 400.000000 8.032128
2220 0.000773 0.026510 100.000000 4.694836
2220 0.000417 0.020870 200.000000 6.493506
2220 0.000305 0.021102 300.000000 7.481297
2220 0.000260 0.026188 400.000000 8.016032
2230 0.000765 0.021988 100.000000 4.651163
2230 0.000411 0.022092 200.000000 6.493506
2230 0.000300 0.023993 300.000000 7.444169
2230 0.000256 0.029887 400.000000 8.032128
2240 0.000831 0.022970 100.000000 4.651163
2240 0.000417 0.023412 200.000000 6.493506
2240 0.000306 0.026328 300.000000 7.407407
2240 0.000267 0.033272 400.000000 8.032128
2250 0.000838 0.023347 100.000000 4.651163
2250 0.000402 0.026473 200.000000 6.514658
2250 0.000283 0.029603 300.000000 7.425743
2250 0.000252 0.034522 400.000000 8.048289
2260 0.000835 0.031116 100.000000 4.672897
2260 0.000384 0.041096 200.000000 6.493506
2260 0.000306 0.041066 300.000000 7.444169
2260 0.000243 0.043023 400.000000 8.048289
2270 0.000802 0.042584 100.000000 4.672897
2270 0.000381 0.051213 200.000000 6.493506
2270 0.000319 0.050462 300.000000 7.444169
2280 0.000863 0.048306 100.000000 4.716981
2280 0.000410 0.054837 200.000000 6.514658
2280 0.000322 0.053529 300.000000 7.481297
2290 0.000824 0.046285 100.000000 4.761905
2290 0.000408 0.053168 200.000000 6.578948
2290 0.000318 0.053313 300.000000 7.500000
2300 0.000769 0.044597 100.000000 4.854369
2300 0.000368 0.048965 200.000000 6.688963
2300 0.000294 0.048777 300.000000 7.556675
2310 0.000581 0.032928 100.000000 5.000000
2310 0.000330 0.036349 200.000000 6.825939
2310 0.000278 0.038389 300.000000 7.672634
2320 0.000511 0.034140 100.000000 5.181347
2320 0.000303 0.036705 200.000000 7.017544
2320 0.000264 0.039269 300.000000 7.812500
2330 0.000487 0.034863 100.000000 5.434783
2330 0.000303 0.036466 200.000000 7.246377
2330 0.000264 0.039044 300.000000 8.000000
2340 0.000511 0.037305 100.000000 5.747127
2340 0.000312 0.038366 200.000000 7.518797
2340 0.000267 0.040230 300.000000 8.219178
2350 0.000500 0.035808 100.000000 6.097561
2350 0.000307 0.037056 200.000000 7.812500
2350 0.000264 0.039128 300.000000 8.450705
2360 0.000416 0.032513 100.000000 6.493506
2360 0.000271 0.034082 200.000000 8.130081
2360 0.000245 0.036685 300.000000 8.695652
2370 0.000378 0.029593 100.000000 6.944445
2370 0.000260 0.032289 200.000000 8.438819
2370 0.000239 0.035711 300.000000 8.955224
2380 0.000378 0.029766 100.000000 7.462687
2380 0.000260 0.032652 200.000000 8.810573
2380 0.000239 0.036152 300.000000 9.230769
2390 0.000380 0.029512 100.000000 8.064516
2390 0.000262 0.032791 200.000000 9.216590
2390 0.000241 0.036548 300.000000 9.523809
2400 0.000407 0.031077 100.000000 8.771930
2400 0.000276 0.036398 200.000000 9.661836
2400 0.000250 0.041398 300.000000 9.836065
2410 0.000330 0.018017 100.000000 9.345795
2410 0.000252 0.024501 200.000000 10.050251
2410 0.000234 0.033066 300.000000 10.101010
2420 0.000345 0.011416 100.000000 9.900990
2420 0.000261 0.020678 200.000000 10.362695
2420 0.000249 0.032206 300.000000 10.309278
2430 0.000312 0.011019 100.000000 10.309278
2430 0.000240 0.018478 200.000000 10.526316
2430 0.000238 0.029416 300.000000 10.452962
2440 0.000267 0.010802 100.000000 10.526316
2440 0.000232 0.017289 200.000000 10.582010
2440 0.000234 0.028767 300.000000 10.526316
2450 0.000214 0.009692 100.000000 10.638298
2450 0.000216 0.015893 200.000000 10.471204
2450 0.000229 0.027409 300.000000 10.563380
2460 0.000227 0.010477 100.000000 10.638298
2460 0.000263 0.019824 200.000000 10.471204
2460 0.000261 0.032197 300.000000 10.563380
2470 0.000318 0.016000 100.000000 10.526316
2470 0.000296 0.025978 200.000000 10.471204
2470 0.000288 0.038287 300.000000 10.563380
2480 0.000289 0.014195 100.000000 10.416667
2480 0.000272 0.020502 200.000000 10.526316
2490 0.000262 0.014092 100.000000 10.416667
2490 0.000276 0.021891 200.000000 10.526316
2500 0.000266 0.014600 100.000000 10.526316
2500 0.000256 0.023089 200.000000 10.471204
2510 0.000227 0.010467 100.000000 10.638298
2510 0.000227 0.018300 200.000000 10.416667
2520 0.000203 0.011467 100.000000 10.638298
2520 0.000220 0.017337 200.000000 10.416667
2530 0.000191 0.012115 100.000000 10.416667
2530 0.000224 0.016873 200.000000 10.416667
2540 0.000198 0.009477 100.000000 10.204082
2540 0.000224 0.017046 200.000000 10.416667
2550 0.000290 0.012128 100.000000 10.101010
2550 0.000275 0.023406 200.000000 10.416667
2560 0.000326 0.014809 100.000000 10.204082
2560 0.000312 0.027019 200.000000 10.471204
2570 0.000267 0.011709 100.000000 10.309278
2570 0.000282 0.021410 200.000000 10.526316
2580 0.000306 0.011328 100.000000 10.416667
2590 0.000248 0.013592 100.000000 10.309278
2600 0.000232 0.014252 100.000000 10.101010
2610 0.000215 0.014250 100.000000 10.000000
2620 0.000259 0.016000 100.000000 10.101010
2630 0.000214 0.014470 100.000000 10.309278
2640 0.000296 0.016097 100.000000 10.526316
2650 0.000281 0.014441 100.000000 10.638298
2660 0.000360 0.014374 100.000000 10.638298
