0 0.000458 0.028000 100.000000 5.780347
0 0.000164 0.029021 200.000000 6.329114
0 0.000277 0.011319 300.000000 6.711410
0 0.000316 0.016487 400.000000 6.908463
0 0.001711 0.079330 500.000000 6.289308
0 0.001343 0.194743 600.000000 6.734007
10 0.000548 0.023761 100.000000 6.060606
10 0.000182 0.030452 200.000000 6.430868
10 0.000303 0.011218 300.000000 6.833713
10 0.000322 0.018132 400.000000 7.005254
10 0.001701 0.082753 500.000000 6.361323
10 0.001337 0.196038 600.000000 6.795017
20 0.000686 0.016843 100.000000 6.369427
20 0.000238 0.038334 200.000000 6.451613
20 0.000350 0.019690 300.000000 6.944445
20 0.000320 0.020409 400.000000 7.104796
20 0.001651 0.090298 500.000000 6.426735
20 0.001297 0.197825 600.000000 6.841505
30 0.000656 0.020042 100.000000 6.622517
30 0.000222 0.038754 200.000000 6.514658
30 0.000329 0.020594 300.000000 7.025761
30 0.000312 0.019737 400.000000 7.207207
30 0.001640 0.093580 500.000000 6.493506
30 0.001293 0.200672 600.000000 6.880734
40 0.000712 0.026549 100.000000 6.849315
40 0.000260 0.044569 200.000000 6.557377
40 0.000327 0.024178 300.000000 7.058824
40 0.000330 0.022286 400.000000 7.285975
40 0.001629 0.099981 500.000000 6.553080
40 0.001284 0.204860 600.000000 6.888634
50 0.000804 0.033095 100.000000 6.993007
50 0.000280 0.047485 200.000000 6.600660
50 0.000341 0.025448 300.000000 7.042253
50 0.000343 0.023936 400.000000 7.352941
50 0.001611 0.108804 500.000000 6.596306
50 0.001297 0.207682 600.000000 6.880734
60 0.000745 0.036689 100.000000 7.092198
60 0.000260 0.044181 200.000000 6.622517
60 0.000318 0.022853 300.000000 6.976744
60 0.000336 0.024554 400.000000 7.393715
60 0.001628 0.117889 500.000000 6.631300
60 0.001293 0.210250 600.000000 6.872852
70 0.000708 0.042743 100.000000 7.142857
70 0.000311 0.043347 200.000000 6.644518
70 0.000330 0.021553 300.000000 6.928406
70 0.000342 0.025965 400.000000 7.421150
70 0.001622 0.129577 500.000000 6.657790
70 0.001290 0.213146 600.000000 6.864988
80 0.000698 0.046075 100.000000 7.142857
80 0.000289 0.040590 200.000000 6.688963
80 0.000326 0.020170 300.000000 6.912442
80 0.000390 0.027648 400.000000 7.434944
80 0.001614 0.142492 500.000000 6.675568
80 0.001282 0.216212 600.000000 6.857143
90 0.000564 0.046552 100.000000 7.142857
90 0.000298 0.034426 200.000000 6.711410
90 0.000326 0.017233 300.000000 6.928406
90 0.000385 0.030423 400.000000 7.421150
90 0.001612 0.153940 500.000000 6.702413
90 0.001288 0.220494 600.000000 6.841505
100 0.000492 0.048713 100.000000 7.092198
100 0.000283 0.032808 200.000000 6.756757
100 0.000329 0.016075 300.000000 6.960557
100 0.001485 0.057867 400.000000 7.259528
100 0.001600 0.166774 500.000000 6.720430
100 0.001298 0.224130 600.000000 6.825939
110 0.000400 0.042473 100.000000 7.092198
110 0.000276 0.026916 200.000000 6.802721
110 0.000290 0.014397 300.000000 6.976744
110 0.002066 0.055491 400.000000 6.201550
110 0.001603 0.178185 500.000000 6.747638
110 0.001310 0.229020 600.000000 6.795017
120 0.000378 0.031796 100.000000 7.142857
120 0.000225 0.020779 200.000000 6.872852
120 0.000234 0.012285 300.000000 7.025761
120 0.002124 0.052811 400.000000 6.201550
120 0.001605 0.188275 500.000000 6.784261
120 0.001313 0.233453 600.000000 6.764374
130 0.000361 0.024690 100.000000 7.352941
130 0.000198 0.016983 200.000000 6.993007
130 0.000240 0.011570 300.000000 7.092198
130 0.002145 0.056635 400.000000 6.240250
130 0.001609 0.197300 500.000000 6.830601
130 0.001316 0.237558 600.000000 6.703911
140 0.000315 0.019148 100.000000 7.575758
140 0.000189 0.013416 200.000000 7.142857
140 0.000246 0.012978 300.000000 7.177033
140 0.002158 0.063297 400.000000 6.289308
140 0.001617 0.204478 500.000000 6.887053
140 0.001367 0.241011 600.000000 6.637168
150 0.000216 0.010617 100.000000 7.692307
150 0.000140 0.009728 200.000000 7.220217
150 0.000278 0.013381 300.000000 7.246377
150 0.002187 0.070271 400.000000 6.339144
150 0.001631 0.216126 500.000000 6.925208
150 0.001398 0.246809 600.000000 6.578948
160 0.000128 0.008210 100.000000 7.692307
160 0.000188 0.008868 200.000000 7.272727
160 0.000301 0.014857 300.000000 7.299270
160 0.002196 0.082742 400.000000 6.379585
160 0.001627 0.227213 500.000000 6.954103
160 0.001414 0.251577 600.000000 6.514658
170 0.000143 0.008440 100.000000 7.142857
170 0.000192 0.008718 200.000000 7.272727
170 0.000326 0.017619 300.000000 7.352941
170 0.002184 0.098949 400.000000 6.410256
170 0.001636 0.239338 500.000000 6.954103
180 0.000236 0.005915 100.000000 6.329114
180 0.000188 0.006806 200.000000 7.194244
180 0.000349 0.021210 300.000000 7.389163
180 0.002167 0.113675 400.000000 6.451613
180 0.001647 0.251864 500.000000 6.915629
190 0.000369 0.007551 100.000000 6.172840
190 0.000275 0.007151 200.000000 7.042253
190 0.000355 0.024961 300.000000 7.444169
190 0.002161 0.130242 400.000000 6.482982
190 0.001670 0.260061 500.000000 6.849315
200 0.000330 0.008681 100.000000 6.134969
200 0.000334 0.009074 200.000000 6.849315
200 0.000367 0.029404 300.000000 7.462687
200 0.002178 0.146649 400.000000 6.514658
200 0.001666 0.263795 500.000000 6.811989
210 0.000215 0.010341 100.000000 6.172840
210 0.000348 0.005819 200.000000 6.779661
210 0.000352 0.028772 300.000000 7.481297
210 0.002152 0.164865 400.000000 6.535948
210 0.001651 0.266293 500.000000 6.793478
220 0.000201 0.011675 100.000000 6.211180
220 0.000361 0.009094 200.000000 6.779661
220 0.000416 0.031950 300.000000 7.500000
220 0.002145 0.183055 400.000000 6.557377
220 0.001641 0.270095 500.000000 6.784261
230 0.000257 0.012257 100.000000 6.289308
230 0.000435 0.011947 200.000000 6.802721
230 0.000452 0.038568 300.000000 7.500000
230 0.002125 0.199034 400.000000 6.589786
230 0.001639 0.273740 500.000000 6.775068
240 0.000272 0.013330 100.000000 6.410256
240 0.000495 0.017151 200.000000 6.849315
240 0.002570 0.074086 300.000000 7.263923
240 0.002107 0.214365 400.000000 6.622517
240 0.001648 0.277685 500.000000 6.756757
250 0.000331 0.015097 100.000000 6.493506
250 0.000481 0.020548 200.000000 6.896552
250 0.002879 0.067301 300.000000 5.940594
250 0.002094 0.229214 400.000000 6.655574
250 0.001646 0.282293 500.000000 6.729475
260 0.000456 0.015249 100.000000 6.578948
260 0.000471 0.022441 200.000000 6.920415
260 0.002918 0.074565 300.000000 5.917160
260 0.002066 0.242038 400.000000 6.688963
260 0.001626 0.285914 500.000000 6.666667
270 0.000431 0.017554 100.000000 6.666667
270 0.000517 0.027607 200.000000 6.944445
270 0.002943 0.088334 300.000000 5.928854
270 0.002070 0.260905 400.000000 6.711410
270 0.001674 0.292934 500.000000 6.476684
280 0.000349 0.014409 100.000000 6.756757
280 0.000499 0.026001 200.000000 7.017544
280 0.002949 0.102612 300.000000 5.964215
280 0.002063 0.275639 400.000000 6.745363
280 0.001685 0.300371 500.000000 6.361323
290 0.000420 0.012872 100.000000 6.849315
290 0.000510 0.026395 200.000000 7.092198
290 0.002938 0.116402 300.000000 6.024096
290 0.002046 0.288373 400.000000 6.779661
290 0.001702 0.304555 500.000000 6.297229
300 0.000461 0.009424 100.000000 7.042253
300 0.000507 0.026585 200.000000 7.246377
300 0.002908 0.128593 300.000000 6.097561
300 0.002047 0.295461 400.000000 6.825939
310 0.000510 0.008282 100.000000 7.352941
310 0.000523 0.028799 200.000000 7.434944
310 0.002894 0.135166 300.000000 6.198347
310 0.002034 0.299260 400.000000 6.896552
320 0.000583 0.013048 100.000000 7.751938
320 0.000498 0.028717 200.000000 7.662835
320 0.002845 0.141244 300.000000 6.302521
320 0.002013 0.298677 400.000000 6.980803
330 0.000591 0.014727 100.000000 8.130081
330 0.000508 0.030298 200.000000 7.905138
330 0.002832 0.147423 300.000000 6.410256
330 0.002006 0.304030 400.000000 7.042253
340 0.000485 0.020583 100.000000 8.264462
340 0.000508 0.031355 200.000000 8.097166
340 0.002812 0.159106 300.000000 6.493506
340 0.001997 0.310752 400.000000 7.054674
350 0.000471 0.028787 100.000000 8.064516
350 0.000451 0.029018 200.000000 8.230453
350 0.002761 0.171762 300.000000 6.564551
350 0.001993 0.313048 400.000000 7.029877
360 0.000508 0.026747 100.000000 7.692307
360 0.000472 0.032850 200.000000 8.298756
360 0.002785 0.188937 300.000000 6.622517
360 0.001999 0.319052 400.000000 6.980803
370 0.000536 0.019517 100.000000 7.462687
370 0.000473 0.031624 200.000000 8.333333
370 0.002799 0.216260 300.000000 6.637168
370 0.002013 0.326769 400.000000 6.956522
380 0.000607 0.018259 100.000000 7.352941
380 0.000576 0.036233 200.000000 8.298756
380 0.002796 0.240238 300.000000 6.666667
380 0.002005 0.333428 400.000000 6.920415
390 0.000668 0.017011 100.000000 7.299270
390 0.000573 0.039512 200.000000 8.163265
390 0.002781 0.270589 300.000000 6.666667
390 0.002018 0.341661 400.000000 6.872852
400 0.000759 0.018982 100.000000 7.299270
400 0.004234 0.095693 200.000000 5.714286
400 0.002790 0.300774 300.000000 6.681514
400 0.002048 0.352981 400.000000 6.802721
410 0.000808 0.027279 100.000000 7.246377
410 0.004447 0.097722 200.000000 5.617978
410 0.002803 0.331418 300.000000 6.696429
410 0.002067 0.364753 400.000000 6.677796
420 0.000878 0.035868 100.000000 7.194244
420 0.004466 0.129849 200.000000 5.602241
420 0.002799 0.359216 300.000000 6.711410
420 0.002135 0.375235 400.000000 6.369427
430 0.000930 0.046687 100.000000 7.246377
430 0.004501 0.164798 200.000000 5.633803
430 0.002793 0.388071 300.000000 6.726458
430 0.002142 0.388407 400.000000 6.211180
440 0.000989 0.057390 100.000000 7.352941
440 0.004491 0.201767 200.000000 5.681818
440 0.002816 0.413359 300.000000 6.726458
450 0.000947 0.055711 100.000000 7.575758
450 0.004436 0.223209 200.000000 5.763689
450 0.002799 0.425521 300.000000 6.726458
460 0.000779 0.042093 100.000000 7.874016
460 0.004299 0.235994 200.000000 5.847953
460 0.002717 0.423127 300.000000 6.711410
470 0.000684 0.035116 100.000000 8.196721
470 0.004218 0.247958 200.000000 5.952381
470 0.002692 0.421424 300.000000 6.711410
480 0.000633 0.027009 100.000000 8.547009
480 0.004139 0.260262 200.000000 6.060606
480 0.002668 0.417660 300.000000 6.726458
490 0.000571 0.025379 100.000000 8.928572
490 0.004153 0.275282 200.000000 6.172840
490 0.002644 0.418683 300.000000 6.756757
500 0.000583 0.024274 100.000000 9.259259
500 0.004112 0.300389 200.000000 6.250000
500 0.002634 0.421655 300.000000 6.772009
510 0.000592 0.017943 100.000000 9.433962
510 0.004072 0.327475 200.000000 6.309148
510 0.002588 0.424188 300.000000 6.772009
520 0.000655 0.016340 100.000000 9.345795
520 0.003996 0.357128 200.000000 6.349206
520 0.002562 0.427613 300.000000 6.741573
530 0.006466 0.225443 100.000000 8.196721
530 0.003909 0.388853 200.000000 6.369427
530 0.002553 0.432317 300.000000 6.666667
540 0.008196 0.207710 100.000000 4.587156
540 0.003886 0.419915 200.000000 6.410256
540 0.002550 0.441197 300.000000 6.593407
550 0.008202 0.217041 100.000000 4.545455
550 0.003835 0.452320 200.000000 6.430868
550 0.002518 0.449355 300.000000 6.396588
560 0.008173 0.253708 100.000000 4.566210
560 0.003798 0.481305 200.000000 6.472492
560 0.002615 0.460284 300.000000 6.048387
570 0.008150 0.309695 100.000000 4.587156
570 0.003758 0.518373 200.000000 6.451613
570 0.002618 0.472541 300.000000 5.847953
580 0.008041 0.382101 100.000000 4.608295
580 0.003774 0.555691 200.000000 6.349206
590 0.008009 0.452317 100.000000 4.651163
590 0.003831 0.591864 200.000000 6.134969
600 0.008103 0.529143 100.000000 4.672897
600 0.003868 0.608374 200.000000 5.988024
610 0.008037 0.605702 100.000000 4.694836
610 0.003865 0.619156 200.000000 5.934718
620 0.008057 0.676975 100.000000 4.739336
620 0.003876 0.634298 200.000000 5.899705
630 0.007989 0.734928 100.000000 4.807693
630 0.003880 0.643705 200.000000 5.899705
640 0.007621 0.745827 100.000000 4.950495
640 0.003710 0.624665 200.000000 5.952381
650 0.002058 0.222351 100.000000 5.154639
650 0.000949 0.174745 200.000000 6.060606
660 0.000706 0.091522 100.000000 5.405406
660 0.000306 0.063297 200.000000 6.230530
670 0.000732 0.088537 100.000000 5.714286
670 0.000288 0.062217 200.000000 6.430868
680 0.000740 0.085089 100.000000 6.060606
680 0.000269 0.060393 200.000000 6.644518
690 0.000801 0.081159 100.000000 6.451613
690 0.000241 0.058739 200.000000 6.849315
700 0.000889 0.081697 100.000000 6.896552
700 0.000248 0.060145 200.000000 7.092198
710 0.000913 0.081821 100.000000 7.407407
710 0.000252 0.060376 200.000000 7.352941
720 0.000878 0.079161 100.000000 8.000000
720 0.000236 0.058017 200.000000 7.633588
730 0.000781 0.060526 100.000000 8.695652
730 0.000156 0.043845 200.000000 7.936508
740 0.000638 0.043093 100.000000 9.345795
740 0.000086 0.032514 200.000000 8.163265
750 0.000618 0.030165 100.000000 10.101010
750 0.000145 0.027254 200.000000 8.333333
760 0.000708 0.023138 100.000000 10.526316
760 0.000310 0.034032 200.000000 8.333333
770 0.000710 0.022594 100.000000 10.869565
770 0.000343 0.032084 200.000000 7.843137
780 0.000746 0.023116 100.000000 10.869565
780 0.000239 0.031412 200.000000 7.067138
790 0.000703 0.022851 100.000000 10.526316
800 0.000565 0.018329 100.000000 9.433962
810 0.000343 0.017572 100.000000 8.403361
820 0.000470 0.016669 100.000000 8.000000
830 0.000512 0.015566 100.000000 7.692307
840 0.000505 0.014088 100.000000 7.352941
850 0.000634 0.010850 100.000000 6.944445
860 0.000425 0.006829 100.000000 6.134969
870 0.000273 0.012431 100.000000 5.208333
880 0.000367 0.011834 100.000000 4.807693
