0 0.000566 0.041023 100.000000 7.692307
0 0.000583 0.043686 200.000000 7.782101
0 0.000192 0.052779 300.000000 7.772021
0 0.000293 0.054434 400.000000 8.130081
0 0.000184 0.065569 500.000000 8.000000
0 0.000169 0.069126 600.000000 7.947020
0 0.000170 0.072983 700.000000 8.495146
0 0.000166 0.059002 800.000000 8.501594
10 0.000525 0.035044 100.000000 8.196721
10 0.000552 0.037777 200.000000 8.000000
10 0.000181 0.046873 300.000000 7.936508
10 0.000290 0.049555 400.000000 8.264462
10 0.000148 0.061304 500.000000 7.961783
10 0.000158 0.063924 600.000000 8.032128
10 0.000162 0.067621 700.000000 8.578431
10 0.000158 0.053751 800.000000 8.574491
20 0.000543 0.024195 100.000000 8.620689
20 0.000524 0.029715 200.000000 8.130081
20 0.000163 0.038350 300.000000 8.064516
20 0.000271 0.041843 400.000000 8.385744
20 0.000139 0.052340 500.000000 7.911392
20 0.000141 0.054757 600.000000 8.108109
20 0.000149 0.058521 700.000000 8.663366
20 0.000149 0.045613 800.000000 8.629990
30 0.000478 0.019708 100.000000 8.928572
30 0.000489 0.025080 200.000000 8.230453
30 0.000162 0.033764 300.000000 8.130081
30 0.000255 0.038613 400.000000 8.456659
30 0.000111 0.047898 500.000000 7.861635
30 0.000134 0.049773 600.000000 8.174387
30 0.000144 0.053402 700.000000 8.728180
30 0.000144 0.040165 800.000000 8.648648
40 0.000492 0.014009 100.000000 9.009009
40 0.000393 0.023853 200.000000 8.230453
40 0.000166 0.031814 300.000000 8.174387
40 0.000238 0.037184 400.000000 8.510638
40 0.000098 0.043301 500.000000 7.836991
40 0.000161 0.044940 600.000000 8.230453
40 0.000141 0.048958 700.000000 8.771930
40 0.000142 0.035138 800.000000 8.519702
50 0.000344 0.008821 100.000000 9.090909
50 0.000357 0.026256 200.000000 8.163265
50 0.000175 0.032951 300.000000 8.174387
50 0.000231 0.037886 400.000000 8.528785
50 0.000085 0.040747 500.000000 7.824726
50 0.000147 0.042630 600.000000 8.275862
50 0.000137 0.046501 700.000000 8.793970
50 0.000101 0.031690 800.000000 8.281573
60 0.000336 0.003870 100.000000 9.090909
60 0.000330 0.026105 200.000000 8.130081
60 0.000185 0.031879 300.000000 8.196721
60 0.000202 0.035687 400.000000 8.510638
60 0.000070 0.034139 500.000000 7.836991
60 0.000132 0.035894 600.000000 8.321775
60 0.000134 0.039409 700.000000 8.760951
60 0.000077 0.026850 800.000000 8.255934
70 0.000291 0.007735 100.000000 9.174312
70 0.000339 0.032258 200.000000 8.130081
70 0.000187 0.038028 300.000000 8.241758
70 0.000215 0.041103 400.000000 8.474576
70 0.000090 0.038559 500.000000 7.861635
70 0.000142 0.040287 600.000000 8.368201
70 0.000135 0.042738 700.000000 8.695652
70 0.000078 0.029789 800.000000 8.255934
80 0.000362 0.005467 100.000000 9.174312
80 0.000301 0.032139 200.000000 8.097166
80 0.000193 0.037179 300.000000 8.264462
80 0.000212 0.041287 400.000000 8.456659
80 0.000095 0.040032 500.000000 7.886436
80 0.000150 0.041890 600.000000 8.426967
80 0.000155 0.042152 700.000000 8.663366
80 0.000087 0.029947 800.000000 8.255934
90 0.000517 0.011002 100.000000 8.928572
90 0.000286 0.033914 200.000000 8.000000
90 0.000226 0.040368 300.000000 8.241758
90 0.000221 0.044072 400.000000 8.403361
90 0.000120 0.042042 500.000000 7.898894
90 0.000162 0.042808 600.000000 8.462624
90 0.000127 0.040011 700.000000 8.631319
90 0.000097 0.029133 800.000000 8.255934
100 0.000589 0.011099 100.000000 8.620689
100 0.000254 0.038263 200.000000 7.905138
100 0.000243 0.043403 300.000000 8.219178
100 0.000200 0.047377 400.000000 8.333333
100 0.000127 0.045037 500.000000 7.911392
100 0.000164 0.046239 600.000000 8.498584
100 0.000139 0.041153 700.000000 8.610086
100 0.000104 0.031407 800.000000 8.247422
110 0.000830 0.006459 100.000000 8.333333
110 0.000233 0.035910 200.000000 7.843137
110 0.000282 0.041932 300.000000 8.219178
110 0.000189 0.046493 400.000000 8.281573
110 0.000144 0.044952 500.000000 7.923930
110 0.000163 0.046002 600.000000 8.547009
110 0.000153 0.038205 700.000000 8.610086
110 0.000114 0.030030 800.000000 8.247422
120 0.000892 0.012957 100.000000 8.000000
120 0.000276 0.040659 200.000000 7.812500
120 0.000300 0.046597 300.000000 8.241758
120 0.000167 0.050292 400.000000 8.230453
120 0.000163 0.048910 500.000000 7.949126
120 0.000165 0.050515 600.000000 8.583691
120 0.000144 0.039770 700.000000 8.620689
120 0.000115 0.033078 800.000000 8.238929
130 0.001070 0.025635 100.000000 7.751938
130 0.000345 0.052014 200.000000 7.782101
130 0.000382 0.059289 300.000000 8.264462
130 0.000187 0.060387 400.000000 7.968128
130 0.000176 0.059018 500.000000 7.987220
130 0.000194 0.059229 600.000000 8.633094
130 0.000149 0.044548 700.000000 8.620689
130 0.000099 0.037587 800.000000 8.213552
140 0.000987 0.028464 100.000000 7.575758
140 0.000384 0.048170 200.000000 7.751938
140 0.000384 0.056646 300.000000 8.287292
140 0.000182 0.054130 400.000000 7.619048
140 0.000176 0.052269 500.000000 8.025682
140 0.000188 0.051935 600.000000 8.683068
140 0.000144 0.036645 700.000000 8.599508
140 0.000104 0.033050 800.000000 8.113590
150 0.000891 0.038834 100.000000 7.462687
150 0.000396 0.052778 200.000000 7.751938
150 0.000397 0.060888 300.000000 8.310249
150 0.000193 0.057874 400.000000 7.561437
150 0.000230 0.055879 500.000000 8.064516
150 0.000195 0.055653 600.000000 8.708273
150 0.000125 0.036832 700.000000 8.413462
160 0.000771 0.049060 100.000000 7.352941
160 0.000377 0.055434 200.000000 7.751938
160 0.000351 0.060810 300.000000 8.310249
160 0.000165 0.056080 400.000000 7.547170
160 0.000208 0.054481 500.000000 8.116883
160 0.000179 0.055222 600.000000 8.720930
160 0.000066 0.035400 700.000000 8.158508
170 0.000695 0.053087 100.000000 7.246377
170 0.000350 0.054057 200.000000 7.782101
170 0.000346 0.059294 300.000000 8.287292
170 0.000148 0.056980 400.000000 7.561437
170 0.000199 0.055754 500.000000 8.169934
170 0.000191 0.055726 600.000000 8.670520
170 0.000070 0.035682 700.000000 8.130081
180 0.000523 0.045221 100.000000 7.194244
180 0.000273 0.042791 200.000000 7.812500
180 0.000374 0.048878 300.000000 8.241758
180 0.000150 0.049045 400.000000 7.575758
180 0.000195 0.047910 500.000000 8.223684
180 0.000174 0.045419 600.000000 8.595988
180 0.000084 0.027932 700.000000 8.130081
190 0.000282 0.025767 100.000000 7.194244
190 0.000102 0.018145 200.000000 7.843137
190 0.000263 0.021212 300.000000 8.219178
190 0.000073 0.025304 400.000000 7.619048
190 0.000114 0.027679 500.000000 8.291874
190 0.000154 0.025709 600.000000 8.571428
190 0.000143 0.016149 700.000000 8.139535
200 0.000213 0.021490 100.000000 7.194244
200 0.000099 0.015222 200.000000 7.874016
200 0.000242 0.014726 300.000000 8.219178
200 0.000063 0.020089 400.000000 7.648183
200 0.000101 0.022293 500.000000 8.347245
200 0.000119 0.018535 600.000000 8.571428
200 0.000175 0.011811 700.000000 8.149011
210 0.000204 0.014979 100.000000 7.194244
210 0.000122 0.013984 200.000000 7.968128
210 0.000222 0.010136 300.000000 8.219178
210 0.000077 0.017808 400.000000 7.707129
210 0.000089 0.019618 500.000000 8.417508
210 0.000099 0.014703 600.000000 8.583691
210 0.000186 0.008437 700.000000 8.168028
220 0.000225 0.007189 100.000000 7.299270
220 0.000221 0.012291 200.000000 8.032128
220 0.000245 0.014207 300.000000 8.219178
220 0.000083 0.023480 400.000000 7.751938
220 0.000083 0.024720 500.000000 8.503402
220 0.000102 0.018748 600.000000 8.608321
220 0.000194 0.010293 700.000000 8.196721
230 0.000473 0.013814 100.000000 7.352941
230 0.000384 0.018239 200.000000 8.130081
230 0.000310 0.027197 300.000000 8.241758
230 0.000153 0.037459 400.000000 7.812500
230 0.000109 0.039375 500.000000 8.576329
230 0.000109 0.032400 600.000000 8.645534
230 0.000209 0.019174 700.000000 8.225616
240 0.000549 0.020671 100.000000 7.462687
240 0.000429 0.024275 200.000000 8.264462
240 0.000292 0.031085 300.000000 8.264462
240 0.000155 0.040036 400.000000 7.889546
240 0.000096 0.041531 500.000000 8.665511
240 0.000105 0.034285 600.000000 8.695652
240 0.000220 0.019060 700.000000 8.244994
250 0.000569 0.024834 100.000000 7.633588
250 0.000466 0.027112 200.000000 8.403361
250 0.000316 0.034093 300.000000 8.241758
250 0.000154 0.042463 400.000000 7.968128
250 0.000098 0.043269 500.000000 8.741259
250 0.000103 0.035694 600.000000 8.746356
250 0.000237 0.019186 700.000000 8.274232
260 0.000627 0.029790 100.000000 7.751938
260 0.000519 0.028657 200.000000 8.510638
260 0.000265 0.041226 300.000000 7.853403
260 0.000147 0.046224 400.000000 8.032128
260 0.000104 0.046411 500.000000 8.833922
260 0.000114 0.037826 600.000000 8.771930
260 0.000236 0.019792 700.000000 8.264462
270 0.000627 0.031434 100.000000 7.874016
270 0.000559 0.025897 200.000000 8.620689
270 0.000302 0.041583 300.000000 7.633588
270 0.000154 0.045322 400.000000 8.113590
270 0.000106 0.045308 500.000000 8.912656
270 0.000119 0.036281 600.000000 8.784773
270 0.000236 0.018005 700.000000 8.196721
280 0.000427 0.024979 100.000000 7.936508
280 0.000515 0.018970 200.000000 8.733624
280 0.000211 0.039366 300.000000 7.575758
280 0.000124 0.040753 400.000000 8.196721
280 0.000089 0.039517 500.000000 8.976661
280 0.000124 0.029207 600.000000 8.670520
290 0.000365 0.021700 100.000000 8.064516
290 0.000513 0.016938 200.000000 8.810573
290 0.000187 0.038855 300.000000 7.575758
290 0.000152 0.039678 400.000000 8.264462
290 0.000094 0.037578 500.000000 9.025270
290 0.000182 0.026397 600.000000 8.321775
300 0.000435 0.022243 100.000000 8.196721
300 0.000451 0.011238 200.000000 8.888889
300 0.000182 0.024557 300.000000 7.614213
300 0.000140 0.026180 400.000000 8.350731
300 0.000105 0.023658 500.000000 9.041592
300 0.000158 0.017011 600.000000 8.275862
310 0.000531 0.022119 100.000000 8.333333
310 0.000512 0.009491 200.000000 8.849558
310 0.000187 0.024032 300.000000 7.653061
310 0.000148 0.025795 400.000000 8.438819
310 0.000109 0.022739 500.000000 8.976661
310 0.000155 0.015717 600.000000 8.275862
320 0.000351 0.026268 100.000000 8.403361
320 0.000420 0.010052 200.000000 8.810573
320 0.000101 0.019458 300.000000 7.692307
320 0.000123 0.020560 400.000000 8.528785
320 0.000126 0.015574 500.000000 8.896797
320 0.000163 0.009233 600.000000 8.287292
330 0.000194 0.017052 100.000000 8.547009
330 0.000393 0.017385 200.000000 8.810573
330 0.000142 0.033208 300.000000 7.751938
330 0.000118 0.033821 400.000000 8.602151
330 0.000164 0.027324 500.000000 8.880995
330 0.000188 0.015576 600.000000 8.310249
340 0.000341 0.014110 100.000000 8.620689
340 0.000406 0.020570 200.000000 8.771930
340 0.000151 0.032564 300.000000 7.812500
340 0.000135 0.032799 400.000000 8.695652
340 0.000131 0.025150 500.000000 8.896797
340 0.000205 0.014011 600.000000 8.321775
350 0.000322 0.012116 100.000000 8.771930
350 0.000381 0.028096 200.000000 8.733624
350 0.000111 0.035783 300.000000 7.853403
350 0.000145 0.035766 400.000000 8.791209
350 0.000158 0.026934 500.000000 8.896797
350 0.000207 0.016768 600.000000 8.344924
360 0.000473 0.011923 100.000000 8.928572
360 0.000379 0.033259 200.000000 8.733624
360 0.000145 0.039414 300.000000 7.915567
360 0.000146 0.039699 400.000000 8.869180
360 0.000172 0.028662 500.000000 8.928572
360 0.000220 0.018958 600.000000 8.356546
370 0.000642 0.009360 100.000000 9.090909
370 0.000351 0.040171 200.000000 8.658009
370 0.000178 0.045157 300.000000 7.978724
370 0.000147 0.045048 400.000000 8.968610
370 0.000170 0.031018 500.000000 8.960573
370 0.000226 0.020317 600.000000 8.368201
380 0.000786 0.011629 100.000000 9.174312
380 0.000359 0.046244 200.000000 8.510638
380 0.000200 0.050527 300.000000 8.042895
380 0.000156 0.049553 400.000000 9.049774
380 0.000171 0.033405 500.000000 8.976661
380 0.000253 0.023232 600.000000 8.379889
390 0.000846 0.014881 100.000000 9.345795
390 0.000256 0.053782 200.000000 7.692307
390 0.000160 0.050590 300.000000 8.130081
390 0.000147 0.048827 400.000000 9.153318
390 0.000178 0.031254 500.000000 8.992805
390 0.000254 0.023554 600.000000 8.321775
400 0.000786 0.014777 100.000000 9.523809
400 0.000149 0.052397 200.000000 7.407407
400 0.000158 0.046613 300.000000 8.196721
400 0.000132 0.044137 400.000000 9.216590
400 0.000189 0.026641 500.000000 8.944544
400 0.000271 0.022515 600.000000 8.064516
410 0.000874 0.021988 100.000000 9.615385
410 0.000165 0.055448 200.000000 7.326007
410 0.000212 0.049278 300.000000 8.287292
410 0.000143 0.046555 400.000000 9.280743
410 0.000221 0.026164 500.000000 8.445946
420 0.000959 0.032135 100.000000 9.523809
420 0.000197 0.062382 200.000000 7.299270
420 0.000198 0.056303 300.000000 8.379889
420 0.000152 0.051522 400.000000 9.237875
420 0.000224 0.028633 500.000000 8.278146
430 0.000989 0.035472 100.000000 9.259259
430 0.000162 0.058026 200.000000 7.326007
430 0.000174 0.052571 300.000000 8.450705
430 0.000178 0.045938 400.000000 9.090909
430 0.000219 0.024512 500.000000 8.250825
440 0.000931 0.042497 100.000000 9.090909
440 0.000160 0.058180 200.000000 7.352941
440 0.000180 0.051500 300.000000 8.547009
440 0.000233 0.041512 400.000000 8.968610
440 0.000225 0.022358 500.000000 8.237232
450 0.000776 0.046861 100.000000 8.928572
450 0.000155 0.055772 200.000000 7.380074
450 0.000130 0.048754 300.000000 8.645534
450 0.000209 0.036272 400.000000 8.928572
450 0.000274 0.019927 500.000000 8.237232
460 0.000708 0.049889 100.000000 8.620689
460 0.000163 0.052667 200.000000 7.434944
460 0.000144 0.045426 300.000000 8.720930
460 0.000185 0.031899 400.000000 8.908686
460 0.000291 0.019046 500.000000 8.237232
470 0.000594 0.041515 100.000000 8.474576
470 0.000121 0.041493 200.000000 7.462687
470 0.000116 0.032226 300.000000 8.823529
470 0.000192 0.018696 400.000000 8.908686
470 0.000323 0.014346 500.000000 8.237232
480 0.000423 0.033151 100.000000 8.196721
480 0.000153 0.028664 200.000000 7.490637
480 0.000144 0.018833 300.000000 8.902077
480 0.000185 0.007427 400.000000 8.908686
480 0.000332 0.016114 500.000000 8.223684
490 0.000438 0.026250 100.000000 7.518797
490 0.000217 0.018585 200.000000 7.547170
490 0.000175 0.004344 300.000000 8.982036
490 0.000179 0.004703 400.000000 8.888889
490 0.000356 0.020942 500.000000 8.183306
500 0.000458 0.027192 100.000000 6.134969
500 0.000260 0.009781 200.000000 7.604563
500 0.000232 0.011753 300.000000 9.063444
500 0.000195 0.015056 400.000000 8.830022
500 0.000357 0.028459 500.000000 8.012820
510 0.000544 0.022332 100.000000 5.917160
510 0.000246 0.009082 200.000000 7.692307
510 0.000263 0.020511 300.000000 9.118541
510 0.000266 0.018896 400.000000 8.438819
520 0.000608 0.016793 100.000000 5.847953
520 0.000273 0.017585 200.000000 7.782101
520 0.000237 0.029288 300.000000 9.118541
520 0.000303 0.024140 400.000000 8.000000
530 0.000649 0.015794 100.000000 5.917160
530 0.000296 0.024242 200.000000 7.936508
530 0.000236 0.037039 300.000000 9.063444
530 0.000271 0.027161 400.000000 7.984032
540 0.000527 0.020715 100.000000 6.024096
540 0.000333 0.029165 200.000000 8.097166
540 0.000187 0.042327 300.000000 8.955224
540 0.000304 0.029845 400.000000 8.016032
550 0.000577 0.023684 100.000000 6.134969
550 0.000326 0.031074 200.000000 8.264462
550 0.000141 0.040736 300.000000 8.902077
550 0.000298 0.028184 400.000000 8.032128
560 0.000430 0.019362 100.000000 6.250000
560 0.000319 0.021513 200.000000 8.438819
560 0.000123 0.030253 300.000000 8.902077
560 0.000304 0.022101 400.000000 8.064516
570 0.000394 0.027305 100.000000 6.369427
570 0.000291 0.022917 200.000000 8.620689
570 0.000156 0.028922 300.000000 8.928572
570 0.000364 0.022633 400.000000 8.097166
580 0.000480 0.018556 100.000000 6.535948
580 0.000356 0.027857 200.000000 8.810573
580 0.000171 0.033216 300.000000 8.982036
580 0.000308 0.025847 400.000000 8.146640
590 0.000436 0.017055 100.000000 6.666667
590 0.000355 0.028608 200.000000 9.009009
590 0.000238 0.031892 300.000000 9.036144
590 0.000334 0.027550 400.000000 8.179959
600 0.000333 0.007449 100.000000 6.849315
600 0.000351 0.023439 200.000000 9.216590
600 0.000231 0.023177 300.000000 9.118541
600 0.000323 0.024758 400.000000 8.213552
610 0.000344 0.009473 100.000000 7.092198
610 0.000330 0.025195 200.000000 9.478673
610 0.000214 0.021605 300.000000 9.230769
610 0.000344 0.026121 400.000000 8.264462
620 0.000369 0.008320 100.000000 7.407407
620 0.000329 0.025036 200.000000 9.852217
620 0.000200 0.020326 300.000000 9.404388
620 0.000348 0.025958 400.000000 8.333333
630 0.000327 0.008458 100.000000 7.936508
630 0.000324 0.023188 200.000000 10.256411
630 0.000185 0.019111 300.000000 9.615385
630 0.000333 0.025038 400.000000 8.438819
640 0.000301 0.010657 100.000000 8.547009
640 0.000303 0.022702 200.000000 10.752688
640 0.000217 0.015226 300.000000 9.868421
640 0.000338 0.024516 400.000000 8.565310
650 0.000303 0.013739 100.000000 9.174312
650 0.000311 0.023374 200.000000 11.235955
650 0.000208 0.017348 300.000000 10.101010
650 0.000350 0.026515 400.000000 8.658009
660 0.000362 0.016365 100.000000 9.803922
660 0.000322 0.027902 200.000000 11.764706
660 0.000248 0.019237 300.000000 10.309278
660 0.000369 0.030660 400.000000 8.658009
670 0.000347 0.017860 100.000000 10.416667
670 0.000297 0.027526 200.000000 12.195122
670 0.000291 0.016745 300.000000 10.309278
670 0.000373 0.030968 400.000000 8.179959
680 0.000504 0.019282 100.000000 10.989011
680 0.000298 0.029108 200.000000 12.500000
680 0.000359 0.012131 300.000000 9.554140
690 0.000470 0.024956 100.000000 11.494253
690 0.000289 0.031383 200.000000 12.578616
690 0.000331 0.012341 300.000000 9.063444
700 0.000458 0.027433 100.000000 11.904762
700 0.000308 0.032346 200.000000 12.048193
700 0.000311 0.015187 300.000000 8.982036
710 0.000462 0.018241 100.000000 12.345679
710 0.000322 0.019774 200.000000 11.494253
710 0.000327 0.014119 300.000000 8.928572
720 0.000394 0.018112 100.000000 12.820513
720 0.000299 0.016936 200.000000 11.173184
720 0.000420 0.016591 300.000000 8.875740
730 0.000364 0.012270 100.000000 13.333333
730 0.000271 0.015124 200.000000 10.989011
730 0.000444 0.019413 300.000000 8.849558
740 0.000346 0.010650 100.000000 13.698630
740 0.000267 0.015142 200.000000 10.928962
740 0.000471 0.023581 300.000000 8.797654
750 0.000345 0.010889 100.000000 14.084507
750 0.000193 0.017954 200.000000 10.810811
750 0.000513 0.028332 300.000000 8.695652
760 0.000346 0.010289 100.000000 14.285714
760 0.000242 0.016658 200.000000 10.526316
760 0.000514 0.033422 300.000000 8.356546
770 0.000305 0.013384 100.000000 14.084507
770 0.000601 0.019635 200.000000 8.771930
780 0.000296 0.011816 100.000000 12.500000
780 0.000607 0.020669 200.000000 8.000000
790 0.000571 0.016118 100.000000 10.416667
790 0.000712 0.028066 200.000000 7.782101
800 0.000556 0.020668 100.000000 9.523809
800 0.000821 0.035307 200.000000 7.604563
810 0.000499 0.027515 100.000000 9.009009
810 0.000847 0.045175 200.000000 7.434944
820 0.000505 0.030689 100.000000 8.620689
820 0.000910 0.056427 200.000000 7.246377
830 0.000621 0.039219 100.000000 8.064516
830 0.000927 0.071563 200.000000 6.756757
840 0.001314 0.038829 100.000000 6.097561
850 0.001361 0.039009 100.000000 5.780347
860 0.001277 0.033922 100.000000 5.847953
870 0.001283 0.031000 100.000000 5.988024
880 0.001319 0.035987 100.000000 6.097561
890 0.001328 0.048605 100.000000 6.211180
900 0.001304 0.038424 100.000000 6.250000
910 0.001348 0.049155 100.000000 6.289308
920 0.001506 0.068407 100.000000 6.289308
930 0.001459 0.072522 100.000000 6.250000
940 0.001487 0.080725 100.000000 6.134969
950 0.001495 0.094923 100.000000 5.813953
960 0.001423 0.094606 100.000000 4.807693
