-1.1631 1.1069 0.58237
-1.2363 1.0316 0.58982
-1.1993 1.1525 0.62922
-1.1999 1.0479 0.67324
-1.2118 1.0743 0.6636
-1.2766 1.1257 0.60321
-1.019 1.1776 0.52896
-1.1254 1.1364 0.58205
-1.0014 1.1544 0.56252
-1.0688 1.094 0.61103
-1.1616 0.98707 0.59855
-1.021 0.97632 0.54284
-1.0339 1.1344 0.59906
-1.1373 1.1176 0.58411
-1.1517 1.1156 0.57178
-0.98418 1.0227 0.52464
-1.1056 1.1444 0.59396
-1.0546 0.97234 0.52909
-0.99478 1.0144 0.53025
-1.21 1.1983 0.60552
-1.0707 0.96108 0.53346
-1.0103 1.0026 0.53597
-1.1886 1.065 0.66828
-1.2444 1.1152 0.61188
-1.0267 0.98903 0.54264
-1.009 1.1713 0.51606
-1.2031 1.1701 0.63272
-1.0404 1.0738 0.60599
-0.98768 1.0211 0.5434
-0.95223 1.0829 0.50131
-1.0699 0.97274 0.53545
-1.0041 1.01 0.54735
-1.0769 1.1161 0.61388
-1.2416 1.1046 0.62049
-1.0191 1.0029 0.54783
-1.1777 1.0118 0.66698
-1.0115 1.1663 0.55749
-1.0392 0.99996 0.53943
-1.1756 1.0085 0.66277
-1.147 1.1166 0.57504
-1.0575 0.99532 0.53436
-0.9885 1.0298 0.55182
-0.95408 1.0925 0.50838
-1.068 0.98445 0.54291
-1.0013 1.0209 0.55636
-1.0977 1.0996 0.61129
-1.1315 1.1313 0.57944
-1.0163 1.0111 0.55987
-1.0582 1.1336 0.6095
-1.0551 1.1478 0.60416
-1.095 1.163 0.58513
-1.1077 1.0952 0.60853
-0.99319 1.1555 0.54169
-1.0637 0.99832 0.5452
-0.9933 1.0317 0.56494
-0.99555 1.1511 0.55674
-1.0521 1.142 0.60574
-1.0228 1.0136 0.56617
-1.26 1.1433 0.57178
-1.0202 1.173 0.55376
-1.0672 0.99771 0.55262
-0.99875 1.0326 0.56894
-1.0916 1.1172 0.6116
-1.2425 1.1147 0.61093
-1.0557 1.1722 0.58178
-1.0421 1.1384 0.60266
-0.95311 1.1173 0.51484
-1.0942 0.98619 0.55305
-1.0247 1.02 0.57161
-1.2243 1.0698 0.65998
-0.99092 1.1537 0.53642
-1.0776 0.99587 0.5607
-1.0099 1.0313 0.57543
-1.1829 1.1581 0.60079
-1.0712 1.1484 0.60563
-1.0672 1.0108 0.55706
-0.9983 1.0454 0.57384
-1.179 1.0294 0.67069
-1.2239 1.0472 0.56351
-1.2047 1.104 0.64227
-1.168 1.0183 0.6628
-0.96202 1.1277 0.51526
-1.1286 1.138 0.50335
-1.0363 1.02 0.58128
-1.0559 1.1127 0.61005
-1.0044 1.1677 0.52688
-1.0988 0.98882 0.5706
-1.0319 1.0246 0.58433
-1.0606 1.1123 0.61166
-1.2456 1.1029 0.62007
-1.0937 0.99512 0.57234
-1.0259 1.0305 0.58723
-1.1171 1.0811 0.60704
-1.0388 1.1619 0.58988
-1.0867 1.0029 0.57414
-1.0188 1.0381 0.58909
-1.2485 1.1328 0.58478
-1.1966 1.0835 0.66299
-1.0732 1.0204 0.57016
-1.0054 1.0557 0.5849
-1.1328 1.1341 0.57482
-1.1049 0.99138 0.58191
-1.0383 1.0278 0.59447
-1.1083 1.0832 0.60691
-1.0854 1.1616 0.59195
-1.0893 1.0097 0.57874
-1.0215 1.0451 0.59324
-1.1023 1.157 0.58568
-1.1258 0.97972 0.58773
-1.0711 1.0258 0.58001
-1.0057 1.0632 0.59031
-0.99825 1.1552 0.55551
-1.1104 0.99313 0.58984
-1.045 1.0305 0.60009
-1.0235 1.1778 0.54275
-1.0736 1.1649 0.59137
-1.0966 1.0105 0.58625
-1.0295 1.0463 0.5996
-1.065 1.1864 0.53334
-1.2155 1.1737 0.62736
-1.0824 1.0273 0.58359
-1.0146 1.0627 0.59792
-1.1709 1.008 0.65754
-1.1201 0.99325 0.59624
-1.0857 1.1685 0.58347
-1.0919 1.1607 0.58948
-1.1728 1.1075 0.5745
-1.1062 1.0079 0.59576
-1.0412 1.0455 0.60526
-0.9951 1.0988 0.58303
-1.0499 1.0787 0.60141
-1.0943 1.0242 0.59181
-1.0278 1.0606 0.60388
-1.1595 1.0199 0.65822
-1.1356 0.9905 0.60121
-1.0811 1.0369 0.593
-1.0175 1.0757 0.60014
-1.199 1.1756 0.61654
-1.1218 1.0028 0.60332
-1.0215 1.1691 0.56619
-1.016 1.1679 0.56142
-1.2141 1.0837 0.65725
-1.1101 1.0166 0.60197
-1.0476 1.0563 0.6073
-1.1213 1.077 0.60841
-1.1505 1.0961 0.59933
-1.098 1.0328 0.59844
-1.0337 1.071 0.60654
-1.1787 1.1097 0.56045
-1.1404 1 0.60599
-1.0841 1.0449 0.60068
-1.025 1.0873 0.6002
-1.2472 1.0979 0.62038
-1.1255 1.0139 0.60711
-1.1675 1.0897 0.61336
-1.0139 1.1044 0.59526
-1.0683 1.1676 0.58857
-1.1142 1.0282 0.60507
-1.0576 1.0727 0.60107
-1.0169 1.1608 0.57578
-1.1579 0.99899 0.60764
-1.1013 1.0436 0.603
-1.0444 1.088 0.59871
-1.1985 1.0983 0.65029
-1.138 1.0138 0.61156
-1.0826 1.0594 0.60496
-1.0256 1.1036 0.60073
-1.0705 1.1328 0.61063
-1.1226 1.0323 0.60828
-1.0657 1.0767 0.60394
-1.1314 1.0767 0.61033
-1.1594 1.0076 0.61123
-1.104 1.0532 0.60472
-1.0465 1.097 0.60146
-1.2077 1.1291 0.63245
-1.136 1.0271 0.61286
-1.08 1.0722 0.6072
-1.0262 1.1191 0.59775
-1.2079 1.2286 0.60056
-1.1141 1.053 0.60672
-1.0545 1.0951 0.60674
-1.0311 1.1611 0.58711
-1.1419 1.031 0.61356
-1.0854 1.0756 0.60876
-1.032 1.1229 0.59881
-1.2262 1.0791 0.57243
-1.1165 1.0591 0.60776
-1.0563 1.1006 0.60873
-1.2003 1.0062 0.60469
-1.1463 1.0362 0.61413
-1.1841 1.0699 0.5044
-1.1933 1.2103 0.59149
-1.0144 0.96831 0.53593
-0.97006 1.027 0.51451
-1.2029 1.2268 0.61038
-1.0052 0.98463 0.53184
-0.96164 1.0432 0.50975
-1.1623 1.1103 0.5776
-1.0019 0.99284 0.53092
-0.9611 1.0511 0.50657
-1.0697 0.93529 0.5348
-1.0021 0.99618 0.53202
-0.96161 1.0543 0.50741
-1.1985 1.2001 0.6115
-1.158 1.0808 0.61575
-0.96377 1.0514 0.51312
-1.0409 1.1437 0.60171
-1.0041 1.1567 0.56453
-0.96855 1.0468 0.51841
-0.94152 1.1036 0.48299
-0.9992 1.1208 0.58263
-0.9751 1.039 0.52544
-0.9429 1.0962 0.49413
-1.1958 1.1703 0.6146
-1.0231 1.1788 0.53777
-0.99599 1.1096 0.58331
-1.19 1.1064 0.62148
-1.203 1.2062 0.62543
-0.96118 1.077 0.50718
-1.309 1.185 0.55148
-1.1795 1.181 0.60663
-0.96518 1.0665 0.51952
-1.1578 1.0624 0.63421
-1.1979 1.1526 0.62113
-0.9685 1.0575 0.53069
-0.93926 1.1143 0.49676
-1.024 1.1767 0.54776
-0.96962 1.0547 0.53712
-0.94118 1.1114 0.50264
-1.2017 1.2072 0.6163
-0.97011 1.0564 0.53942
-0.94185 1.1131 0.50482
-1.1971 1.2244 0.60284
-0.97027 1.0597 0.54044
-0.94202 1.1164 0.50583
-1.0463 1.1099 0.60499
-0.97066 1.063 0.54123
-0.94238 1.1197 0.50665
-1.1983 1.1495 0.62383
-0.97131 1.0662 0.54181
-0.94299 1.1229 0.50728
-1.1895 1.1507 0.61979
-0.97204 1.0694 0.54235
-0.94372 1.1261 0.5078
-1.0051 1.1429 0.5776
-0.97236 1.0727 0.5432
-0.9447 1.1293 0.50813
-1.1783 1.0673 0.6551
-0.97274 1.0759 0.544
-0.9459 1.1325 0.5083
-1.1725 1.0286 0.66595
-0.9731 1.0792 0.54479
-0.94745 1.1356 0.50822
-1.1732 1.027 0.66688
-0.97451 1.0808 0.54636
-0.94942 1.1372 0.50933
-1.1742 1.0255 0.66777
-0.97677 1.0809 0.54881
-0.95205 1.1372 0.51146
-1.1947 1.224 0.60017
-0.97855 1.0764 0.55632
-1.0111 1.1273 0.58856
-1.1871 1.1699 0.61191
-0.98454 1.0671 0.56533
-0.97018 1.1228 0.52013
-1.1543 1.0699 0.62479
-0.99234 1.0562 0.57452
-0.97031 1.1124 0.53523
-1.156 1.0791 0.61437
-1.2323 1.037 0.57411
-0.97366 1.1018 0.54775
-1.191 1.2173 0.60003
-1.1662 1.05 0.6447
-0.9784 1.0926 0.55766
-1.0466 1.0885 0.59969
-1.1744 1.174 0.60331
-0.98334 1.0818 0.56898
-0.97672 1.137 0.51789
-1.2005 0.98921 0.57122
-0.99177 1.0693 0.57923
-0.97484 1.1252 0.53617
-1.2237 1.0146 0.62764
-1.1484 1.0598 0.62103
-0.9765 1.1117 0.55301
-1.1983 1.1951 0.61184
-1.1536 1.0378 0.63453
-0.98327 1.0962 0.56762
-0.99627 1.1425 0.56741
-1.2349 1.0225 0.5997
-0.99364 1.079 0.58112
-0.97845 1.1348 0.53665
-1.1541 1.0301 0.61881
-1.0175 1.137 0.59141
-0.98026 1.1182 0.55657
-1.1782 1.0468 0.66642
-1.2034 1.2174 0.61903
-0.98806 1.0981 0.57509
-1.1523 1.0216 0.61488
-1.011 1.1675 0.49658
-1.0033 1.0745 0.59105
-0.98144 1.1307 0.55163
-1.1998 1.1647 0.62648
-1.1899 1.1275 0.61918
-0.98925 1.1061 0.57473
-1.1836 1.1827 0.60642
-1.0048 1.1444 0.57631
-1.0049 1.0794 0.59353
-0.98449 1.1355 0.55309
-1.1999 1.1663 0.62486
-1.1608 1.061 0.63783
-0.99255 1.1079 0.57906
-1.015 1.1587 0.57591
-1.2377 1.0439 0.57658
-1.1995 1.192 0.61407
-0.98719 1.1372 0.55792
-1.1561 1.0196 0.65529
-0.99506 1.1238 0.57844
-1.0011 1.0736 0.43874
-1.1337 0.97158 0.5298
-1.1888 1.1043 0.60051
-0.96438 1.1041 0.45034
-0.96118 1.0502 0.5025
-0.97376 1.1068 0.44485
-1.258 1.1401 0.5713
-0.96266 1.1156 0.45054
-1.2798 1.1582 0.55365
-0.94967 1.1167 0.46369
-1.1315 0.96968 0.54558
-1.2516 1.1292 0.57137
-1.0141 1.0997 0.43312
-1.1786 1.0992 0.59346
-0.96263 1.1283 0.4526
-1.2908 1.1745 0.55977
-0.94503 1.1266 0.47158
-1.1333 1.1473 0.53609
-1.132 0.97315 0.52722
-1.0127 1.1119 0.43639
-1.236 1.1006 0.58549
-1.1252 1.1513 0.5241
-1.1126 0.97565 0.55142
-0.95314 1.1385 0.46784
-1.1349 1.143 0.54804
-0.94047 1.1299 0.48912
-1.017 1.1204 0.43883
-1.2741 1.1499 0.55567
-0.97025 1.144 0.45855
-1.0309 1.1724 0.48597
-0.94567 1.1399 0.48499
-1.0297 1.1231 0.43543
-1.2649 1.1459 0.56584
-1.2415 1.0374 0.6019
-1.2045 1.2284 0.61298
-0.94763 1.1438 0.48853
-1.03 1.1287 0.43891
-1.2517 1.1366 0.58376
-1.2059 0.99613 0.55219
-1.2805 1.1608 0.55559
-0.94907 1.1463 0.49364
-1.0296 1.1333 0.44381
-1.146 0.97092 0.52684
-1.251 1.0565 0.63234
-1.1234 1.1585 0.5533
-1.1285 0.97117 0.56933
-1.0139 1.1417 0.45703
-1.1408 1.1365 0.54932
-0.96177 1.1556 0.48872
-1.1606 1.1189 0.53884
-1.1791 1.0972 0.61388
-1.0001 1.1447 0.47348
-1.2788 1.1617 0.56564
-1.2912 1.1734 0.54599
-1.024 1.1464 0.45826
-1.2025 0.99325 0.63326
-1.2237 1.0101 0.59847
-1.1802 1.0018 0.60489
-1.1967 1.0023 0.61309
-1.0042 1.1513 0.47738
-1.2805 1.1622 0.55909
-1.2929 1.1753 0.54271
-1.0263 1.151 0.46529
-1.1905 1.1059 0.60257
-0.98523 1.1463 0.50447
-1.2102 1.2128 0.62289
-0.98956 1.1513 0.53951
-0.99823 1.155 0.49148
-1.2993 1.1836 0.5599
-1.3002 1.1863 0.55673
-1.0166 1.1583 0.47911
-1.2715 1.1548 0.56747
-0.9836 1.1457 0.519
-1.0379 1.1587 0.46702
-1.2478 1.1289 0.57938
-0.99447 1.1564 0.50579
-1.2811 1.1242 0.59785
-1.0224 1.1759 0.50638
-1.0121 1.1642 0.49012
-1.2791 1.1611 0.57091
-0.98435 1.1465 0.53055
-1.2277 1.0965 0.63539
-1.1724 1.1016 0.58421
-1.3053 1.1832 0.56694
-1.1149 1.1253 0.59883
-1.1743 1.0982 0.59285
-1.2323 1.0958 0.6325
-1.2476 1.0735 0.63683
-1.3128 1.1743 0.57611
-1.0809 1.1612 0.59393
-1.121 1.1206 0.59664
-1.239 1.0404 0.58341
-1.1622 1.079 0.62508
-1.1992 1.0638 0.67023
-1.2363 1.107 0.61737
-1.0391 1.1558 0.59562
-1.2051 1.233 0.60662
-1.0722 1.1531 0.60268
-1.1319 1.1063 0.59522
-1.1581 1.0999 0.59356
-1.3127 1.1627 0.58072
-1.2217 1.0091 0.59657
-1.2164 1.0288 0.54593
-1.283 1.1617 0.57524
-1.2928 1.1485 0.56635
-1.2419 1.0444 0.64595
-1.1574 1.0829 0.60882
-1.0517 1.0654 0.60613
-1.0755 1.124 0.61205
-1.2152 1.0217 0.54114
-1.0906 1.1483 0.60018
-1.2125 1.2037 0.61658
-1.0523 1.1868 0.54301
-1.1331 1.0929 0.60285
-1.3007 1.1556 0.58577
-1.1208 1.0931 0.60329
-1.2106 1.0065 0.54271
-1.1947 1.0615 0.67089
-1.1006 1.1427 0.59836
-1.2442 1.0619 0.64857
-1.2261 1.0343 0.65364
-1.1025 1.1417 0.59807
-0.96853 1.1522 0.49991
-1.037 1.1824 0.54575
-1.2077 0.99797 0.57037
-1.2699 1.1509 0.58396
-0.97796 1.1453 0.5003
-1.046 1.1834 0.55282
-1.2083 1.0047 0.57994
-1.2731 1.1504 0.58811
-0.98307 1.1443 0.50469
-1.0512 1.1829 0.55737
-1.2126 1.0086 0.56908
-1.2745 1.149 0.59091
-1.0677 1.1647 0.47871
-1.0526 1.1819 0.56055
-1.2168 1.0212 0.55777
-1.2701 1.1469 0.59151
-0.98166 1.1428 0.51034
-1.0501 1.1808 0.56246
-1.1989 0.99809 0.58841
-1.1429 1.0912 0.60422
-0.96563 1.1432 0.51008
-1.034 1.1774 0.55874
-1.2074 1.0287 0.5177
-1.2151 1.1014 0.63943
-1.2033 1.0927 0.65429
-1.1628 1.0944 0.59768
-1.0821 1.1754 0.57394
-1.2392 1.0419 0.58177
-1.2684 1.1414 0.59725
-1.1178 1.1169 0.59997
-1.0541 1.1775 0.57152
-1.0766 1.1849 0.54212
-1.1692 1.096 0.5971
-1.1962 1.0576 0.6718
-1.1613 1.1026 0.58936
-1.0868 1.1712 0.57895
-1.2491 1.0839 0.62313
-1.2557 1.1359 0.59624
-1.1038 1.1277 0.60495
-1.0472 1.1748 0.5745
-1.1182 1.1521 0.57515
-1.0933 0.92674 0.52031
-1.2029 1.0917 0.57105
-1.0881 0.92825 0.52726
-1.0169 0.96528 0.53533
-1.0984 0.93222 0.51937
-1.0294 0.96222 0.53438
-1.1211 0.94872 0.48682
-1.1943 1.022 0.67028
-1.1777 1.0576 0.49384
-1.1024 0.94037 0.51586
-1.0356 0.96472 0.53649
-1.137 0.95564 0.47582
-1.0836 0.93885 0.53694
-1.1854 1.0042 0.65963
-1.1183 0.95877 0.49114
-1.1774 0.98379 0.59065
-1.1913 1.0006 0.59799
-1.1506 0.97218 0.5828
-1.0366 0.97353 0.53963
-1.1478 0.9695 0.57419
-1.1715 0.98113 0.58895
-1.2854 1.1293 0.5962
-1.1055 0.97471 0.49593
-1.0431 0.97995 0.53656
-1.2937 1.1373 0.59156
-1.201 1.0086 0.65718
-1.0699 1.0349 0.59422
-1.1177 0.97894 0.49141
-1.1158 0.98034 0.52335
-1.1999 1.0063 0.65592
-1.181 0.97598 0.5741
-1.2345 1.0412 0.65289
-1.1646 0.969 0.57155
-1.0768 0.97413 0.53759
-1.2001 0.99891 0.65024
-1.1141 0.98675 0.49926
-1.0511 0.99871 0.53207
-1.2312 1.0409 0.65542
-1.1002 0.97906 0.5237
-1.0339 1.0018 0.54606
-1.2021 1.0108 0.65851
-1.0859 0.97805 0.54034
-1.0169 1.0093 0.55468
-1.1875 0.98329 0.58385
-1.1877 1.0149 0.66903
-1.1741 0.97746 0.5821
-1.1922 1.206 0.59181
-1.051 1.0064 0.54225
-1.1607 0.97168 0.5805
-1.1082 0.98167 0.53361
-1.0406 1.0084 0.55238
-1.1677 1.0019 0.6093
-1.0996 0.98327 0.5427
-1.032 1.0102 0.56142
-1.059 1.045 0.60484
-1.0633 1.0475 0.60342
-1.0608 1.0567 0.60413
-1.2165 1.1309 0.62998
-1.0616 1.0478 0.60434
-1.1909 0.99582 0.59456
-1.1616 0.98064 0.59218
-1.0774 1.1649 0.48535
-1.0292 1.0154 0.57163
-1.2021 1.0174 0.66487
-1.0605 1.0326 0.59897
-1.0344 1.015 0.57293
-1.1752 1.0046 0.65345
-1.1757 1.0029 0.65063
-1.0411 1.0152 0.57255
-1.1628 0.98262 0.59365
-1.1648 1.1016 0.51337
-1.0506 1.0167 0.56847
-1.1955 1.0103 0.66365
-1.1552 1.1142 0.50816
-1.0618 1.0184 0.56295
-1.2359 1.0257 0.61281
-1.127 1.154 0.54034
-1.3064 1.1789 0.55004
-1.1172 0.99658 0.44355
-1.1041 0.9491 0.5032
-1.123 1.016 0.42365
-1.3023 1.1678 0.55442
-1.3184 1.1603 0.57653
-1.1383 0.97211 0.4673
-1.1014 0.94203 0.52134
-1.1198 1.0092 0.4417
-1.0993 0.96692 0.49962
-1.2288 1.0177 0.58757
-1.128 0.96762 0.48723
-1.217 1.1725 0.62556
-1.1296 0.99003 0.46619
-1.0982 0.9555 0.52159
-1.1181 1.0168 0.4476
-1.098 0.97431 0.50561
-1.2295 1.0255 0.57919
-1.2454 1.0472 0.6366
-1.2796 1.1319 0.56952
-1.1287 0.98729 0.48281
-1.2945 1.1337 0.58824
-1.0509 1.1869 0.52465
-1.0957 0.97288 0.52184
-1.1066 1.038 0.44941
-1.1025 0.9833 0.51099
-0.9895 1.1418 0.47711
-1.122 0.98886 0.49804
-1.0501 1.1798 0.50078
-1.1357 1.0039 0.47825
-1.24 1.0356 0.61317
-1.1135 1.0489 0.44692
-1.2398 1.0423 0.61955
-1.219 1.1277 0.62784
-1.1375 0.99971 0.49024
-1.2731 1.1185 0.56547
-1.1149 1.0485 0.45549
-1.2155 1.0189 0.64587
-1.2115 1.2141 0.61643
-1.1551 0.99336 0.49575
-1.2181 1.156 0.62749
-1.1185 1.0527 0.45766
-1.2429 1.0683 0.59367
-1.2213 1.137 0.62151
-1.0888 1.1702 0.50898
-1.3059 1.1922 0.55099
-1.1249 1.063 0.45184
-1.1622 1.0827 0.49378
-1.2516 1.0734 0.62388
-1.0577 1.1761 0.49609
-1.245 1.0493 0.60055
-1.141 1.1362 0.54661
-1.1744 0.98856 0.51109
-1.3066 1.1454 0.5817
-1.1292 1.063 0.46265
-1.1703 0.9732 0.5342
-1.2401 1.0382 0.61475
-1.0853 1.1818 0.55111
-1.1058 0.97997 0.55957
-1.1358 1.0828 0.44629
-1.1846 0.98693 0.51962
-1.2832 1.1364 0.55845
-1.1353 1.0664 0.46865
-1.1767 0.97611 0.54007
-1.2732 1.1246 0.55604
-1.1985 1.0904 0.56701
-1.1654 0.96952 0.55802
-1.0901 1.1751 0.5165
-1.1928 0.99335 0.52064
-1.2465 1.0883 0.59969
-1.1438 1.0778 0.46475
-1.1912 0.98251 0.53739
-1.3117 1.1773 0.56072
-1.0741 1.1751 0.50225
-1.1844 0.97576 0.55288
-1.2571 1.1001 0.60282
-1.1987 1.0114 0.51074
-1.1735 0.97214 0.5675
-1.1926 1.091 0.53874
-1.2021 0.99653 0.52868
-1.247 1.0681 0.61507
-1.1489 1.0848 0.4721
-1.1989 0.98702 0.54502
-1.2953 1.1353 0.58176
-1.0648 1.1866 0.53609
-1.1912 0.97917 0.56203
-1.2571 1.1024 0.59613
-1.2051 1.0136 0.52168
-1.2192 1.0289 0.65923
-1.1517 1.1006 0.46694
-1.2061 0.99887 0.5407
-1.251 1.0942 0.59537
-1.1391 1.128 0.50602
-1.2013 0.98725 0.56003
-1.272 1.1128 0.59331
-1.2082 1.0257 0.52002
-1.0734 1.1629 0.47916
-1.1605 1.117 0.55598
-1.1377 1.1308 0.50833
-1.0426 1.1742 0.48766
-1.1307 1.1339 0.48252
-1.0602 1.1871 0.54141
-1.1175 1.0351 0.42746
-1.1127 1.0404 0.43243
-1.2103 1.2309 0.60935
-1.1113 1.0421 0.43215
-1.0525 1.1874 0.53292
-1.1856 1.0934 0.53251
-1.1719 1.1098 0.54067
-1.1597 1.1186 0.5473
-1.1058 1.1727 0.54764
-1.1952 1.0929 0.56661
-1.0974 1.178 0.54375
-1.2205 1.1187 0.61488
-1.1666 1.1132 0.54277
-1.0704 1.1765 0.50191
-1.1006 1.168 0.51241
-1.0647 1.1785 0.50143
-1.1052 1.1559 0.50339
-1.2218 1.1093 0.60846
-1.0934 1.1557 0.48921
-1.0776 1.1745 0.50798
-1.0866 1.16 0.48831
-1.0982 1.1756 0.52487
-1.3037 1.1908 0.54857
-1.1908 1.0912 0.53584
-1.0866 1.1682 0.50091
-1.0529 1.1726 0.4854
-1.0415 1.1805 0.50328
-1.1375 1.1389 0.54885
-1.0335 1.1725 0.48486
-1.0574 1.1858 0.51945
-1.1413 1.1186 0.48796
-1.1002 1.1533 0.47588
-1.1216 1.1419 0.47544
-1.1117 1.0333 0.41267
-1.1178 1.0214 0.41156
-1.1271 1.1361 0.48488
-1.0845 1.1827 0.53992
-0.98782 1.1414 0.46842
-1.1301 1.1443 0.51149
-1.2043 1.1042 0.58989
-1.0847 1.1825 0.53718
-1.0685 1.1772 0.50174
-1.1131 1.1665 0.53506
-1.1908 1.1026 0.58713
-0.99373 1.1336 0.46403
-1.1468 1.1181 0.47411
-1.0414 1.1689 0.47731
-1.1883 1.1014 0.58455
-1.1036 1.1754 0.53605
-1.129 1.1315 0.49119
-1.1447 1.1197 0.47947
-1.186 1.1003 0.58192
-1.1267 1.1444 0.5726
-1.0467 1.1744 0.49051
-1.1792 1.1084 0.54948
-1.1819 1.1003 0.57904
-1.1248 1.1497 0.56877
-1.1526 1.1236 0.52944
-1.1662 1.1146 0.55377
-1.1791 1.1033 0.57553
-1.1228 1.1546 0.56506
-1.0844 1.1769 0.51607
-1.1317 1.144 0.51713
-1.1764 1.1067 0.57205
-1.1205 1.1586 0.56149
-0.96989 1.1507 0.46936
-1.1591 1.1179 0.52776
-1.1736 1.1096 0.56867
-1.1176 1.1615 0.55814
-1.0646 1.1603 0.47097
-1.1117 1.0424 0.42917
-1.1689 1.1132 0.56512
-1.1131 1.1657 0.55455
-1.1726 1.0849 0.50659
-1.0762 1.0514 0.41146
-1.1366 0.95946 0.45211
-1.1959 1.0581 0.51596
-1.1058 1.1659 0.51352
-1.0462 1.0788 0.41342
-1.1912 1.0783 0.52217
-1.1365 0.96915 0.4528
-1.0525 1.0771 0.41537
-1.1129 1.0361 0.41589
-1.1401 0.9652 0.458
-1.0476 1.084 0.41652
-1.1074 1.0424 0.41779
-1.137 0.97356 0.45701
-1.0381 1.0947 0.41689
-1.0971 1.0523 0.41935
-1.1295 0.98605 0.45505
-1.2166 1.0756 0.56413
-1.0832 1.067 0.41903
-1.1186 1.0033 0.45112
-0.99077 1.1063 0.44124
-1.0718 1.0813 0.41766
-1.1738 1.0865 0.50863
-0.97333 1.1177 0.44528
-1.0546 1.0956 0.41926
-1.107 1.0475 0.42977
-1.1163 0.97457 0.54607
-1.0364 1.1065 0.42426
-1.0986 1.0668 0.42261
-1.1271 0.99721 0.46357
-1.2109 1.0378 0.52877
-1.0843 1.0839 0.42058
-1.1162 1.0171 0.45745
-0.98992 1.1215 0.44552
-1.0686 1.0969 0.42247
-1.2928 1.1579 0.53962
-1.2008 1.0485 0.5171
-1.055 1.1093 0.42369
-1.1102 1.0635 0.43099
-1.1899 1.1915 0.59347
-1.0445 1.1189 0.42573
-1.1056 1.0784 0.42524
-1.1309 1.0058 0.47055
-1.1785 1.0941 0.52016
-1.0943 1.0902 0.4258
-1.1242 1.0216 0.4654
-0.99867 1.1241 0.45438
-1.0811 1.1029 0.42654
-1.1115 1.0347 0.46564
-0.98588 1.137 0.45485
-1.066 1.1137 0.42998
-1.218 1.0743 0.5645
-1.2338 1.0575 0.57411
-1.0508 1.1246 0.43341
-1.1142 1.0861 0.42997
-1.1385 1.0126 0.47683
-1.2025 1.1698 0.59658
-1.0966 1.1029 0.42991
-1.1258 1.0336 0.47073
-1.2334 1.0763 0.57918
-1.073 1.1193 0.43335
-1.2246 1.0908 0.58025
-1.1492 0.99743 0.49223
-1.1789 1.0952 0.52314
-1.1005 1.105 0.4339
-1.1314 1.0373 0.47254
-1.2089 1.0819 0.56329
-1.0589 1.1318 0.4388
-1.1228 1.0938 0.43471
-1.1461 1.0196 0.483
-1.1189 0.97772 0.53028
-1.0803 1.1225 0.43857
-1.2267 1.0941 0.58472
-1.1608 1.0044 0.49156
-1.2157 1.0961 0.58098
-1.0977 1.115 0.43904
-1.1309 1.0495 0.47464
-1.1991 1.0769 0.53118
-1.0434 1.1436 0.44964
-1.112 1.11 0.4392
-1.1439 1.0432 0.47669
-1.1616 1.0024 0.63275
-1.0601 1.1406 0.44675
-1.1256 1.1043 0.4403
-1.1543 1.0347 0.48198
-1.0996 1.1563 0.50039
-1.0748 1.1362 0.44625
-1.137 1.0966 0.44432
-1.1672 1.0285 0.48386
-1.1924 1.1944 0.59372
-1.0886 1.1333 0.44493
-1.1433 1.087 0.4527
-1.1768 1.0218 0.48807
-1.2279 1.0746 0.5712
-1.1092 1.1233 0.4456
-1.1431 1.0583 0.48063
-1.1859 1.0017 0.50371
-1.0702 1.1446 0.45378
-1.135 1.1073 0.4484
-1.168 1.0417 0.48452
-1.206 1.1346 0.60024
-1.0969 1.1347 0.45097
-1.2437 1.0724 0.5938
-1.1858 1.0239 0.49325
-1.1617 1.1035 0.50939
-1.12 1.1243 0.45065
-1.1545 1.0599 0.48488
-1.232 1.0777 0.57873
-1.0739 1.1498 0.45933
-1.1389 1.1128 0.45356
-1.1739 1.0489 0.4871
-1.1973 1.0666 0.52026
-1.0967 1.1418 0.45721
-1.2941 1.1622 0.53902
-1.1885 1.0335 0.4957
-1.0438 1.1638 0.4726
-1.117 1.1341 0.45609
-1.1541 1.0722 0.48688
-1.2143 1.1825 0.60843
-1.0684 0.93251 0.52762
-1.1345 1.1241 0.45856
-1.1704 1.061 0.49101
-1.2107 1.193 0.60544
-1.0887 1.1525 0.46482
-1.1487 1.111 0.46555
-1.1135 1.0186 0.41
-1.0515 1.0606 0.4116
-1.0817 1.0368 0.4136
-1.1193 1.0099 0.41534
-1.0571 1.0515 0.41701
-1.0994 1.0195 0.41865
-1.0379 1.0633 0.42027
-1.0826 1.0324 0.42179
-1.0198 1.0721 0.42354
-1.0676 1.0443 0.42491
-1.1128 1.0018 0.42651
-1.0543 1.0548 0.42799
-1.1013 1.0115 0.42952
-1.0421 1.0624 0.43107
-1.0949 1.0239 0.43233
-1.0325 1.0647 0.43412
-1.0857 1.0277 0.43533
-1.0198 1.0576 0.43735
-1.085 1.0251 0.43809
-1.019 1.0548 0.44013
-1.106 0.99235 0.44029
-1.0483 1.0478 0.44191
-0.98357 1.0816 0.44388
-1.0869 1.0175 0.4435
-1.0211 1.0478 0.44555
-1.1306 0.9702 0.44495
-1.0724 1.0244 0.44666
-1.0076 1.0578 0.44866
-1.1264 0.96995 0.44776
-1.0683 1.0244 0.4495
-0.98898 1.065 0.45198
-1.1136 0.97559 0.45084
-1.0554 1.0298 0.45262
-0.96977 1.0768 0.4553
-1.0992 0.98293 0.45398
-1.0411 1.0373 0.45578
-1.1296 0.97063 0.54301
-1.0846 0.98963 0.45709
-1.0242 1.0367 0.459
-1.1342 0.9541 0.45817
-1.0758 1.0076 0.46002
-1.0099 1.0378 0.46211
-1.1247 0.95701 0.46112
-1.0664 1.0107 0.46298
-0.97901 1.0588 0.46577
-1.1189 0.95826 0.46395
-1.0605 1.0118 0.46584
-0.97623 1.0565 0.46854
-1.12 0.95502 0.46656
-1.0616 1.0082 0.46847
-0.99637 1.0405 0.47055
-1.1301 0.94691 0.46886
-1.0676 0.98745 0.4709
-1.0059 1.0308 0.47291
-0.94965 1.0906 0.47481
-1.0755 0.98569 0.47331
-1.0139 1.0292 0.47532
-0.9543 1.0788 0.47729
-1.0955 0.96294 0.47527
-1.0139 1.0291 0.47798
-0.95399 1.0776 0.47998
-1.0949 0.96075 0.47791
-1.0098 1.029 0.48078
-0.951 1.081 0.48276
-1.0638 0.98137 0.4816
-1.0039 1.0301 0.48363
-0.94707 1.0881 0.48558
-1.0575 0.9811 0.48445
-0.99818 1.0315 0.48648
-0.9433 1.0955 0.48838
-1.0586 0.97773 0.48705
-1.0003 1.0312 0.48908
-0.9445 1.0923 0.49106
-1.0907 0.9532 0.48849
-1.0083 1.0234 0.49145
-0.95089 1.0797 0.49347
-1.1072 0.94619 0.49043
-1.0265 1.0078 0.49348
-1.1837 1.0006 0.61588
-1.1502 0.97006 0.53725
-1.0551 0.97249 0.49502
-0.99705 1.027 0.49713
-1.1693 0.99918 0.64341
-1.0997 0.94111 0.49593
-1.0405 0.99227 0.49828
-0.97506 1.0237 0.50043
-1.1938 1.0054 0.6074
-1.0833 0.94872 0.49912
-1.0247 1.0015 0.50147
-1.1635 1.0018 0.62995
-1.1555 0.98985 0.50016
-1.069 0.95632 0.50226
-1.0105 1.0093 0.50459
-1.1935 0.99011 0.63436
-1.1419 0.9867 0.50323
-1.058 0.96086 0.50526
-0.99584 1.0027 0.50763
-1.1524 0.96764 0.56346
-1.1292 0.98613 0.50626
-1.0468 0.965 0.50826
-0.98461 1.0066 0.51064
-1.1982 0.99997 0.61565
-1.0968 0.93096 0.50885
-1.0377 0.98219 0.51154
-0.97355 1.0175 0.51367
-1.1548 0.98011 0.51074
-1.0682 0.94632 0.51253
-1.0059 0.98755 0.51508
-1.1802 0.99554 0.62386
-1.122 0.9823 0.51442
-1.0399 0.96249 0.51624
-1.1624 1.003 0.64921
-1.1199 0.97216 0.55378
-1.0755 0.93582 0.51729
-1.0133 0.97745 0.5199
-1.1181 0.97337 0.54861
-1.1327 0.97607 0.51935
-1.0499 0.95384 0.52099
-1.1239 0.97272 0.54059
-1.1791 0.98283 0.52077
-1.0851 0.92589 0.52194
-1.0226 0.96672 0.52458
-1.1396 0.96711 0.56369
-1.1441 0.97192 0.52429
-1.1941 0.99313 0.62353
-1.2959 1.1809 0.54362
-1.2922 1.1708 0.5397
-1.1837 1.2143 0.5862
-1.1965 1.1116 0.60191
-1.235 1.0936 0.58816
-1.1885 1.1403 0.6019
-1.2751 1.128 0.55306
-1.1927 1.2275 0.58535
-1.2886 1.1674 0.54393
-1.1804 1.1585 0.60412
-1.183 1.183 0.59425
-1.2891 1.1652 0.5407
-1.2364 1.1044 0.58378
-1.2222 1.1009 0.58906
-1.2562 1.1296 0.56598
-1.2595 1.1296 0.56271
-1.1895 1.1366 0.60207
-0.90214 1.0265 0.43772
-0.91238 1.005 0.393
-0.8881 1.058 0.51482
-0.94895 1.1523 0.5172
-0.98867 1.1933 0.48607
-1.0319 1.1675 0.58056
-0.9132 1.0592 0.49928
-1.0384 1.0611 0.585
-0.86461 1.0262 0.55898
-0.99462 1.1277 0.50093
-1.0228 1.2439 0.49726
-0.94653 1.2124 0.58156
-1.1113 1.0709 0.6521
-1.0888 1.1718 0.60927
-0.98672 1.2758 0.59183
-0.97843 1.1639 0.71664
-1.1321 1.2671 0.50503
-1.1325 1.2577 0.70611
-0.99862 1.1708 0.51116
-0.99068 1.1342 0.61636
-0.76973 0.96616 0.52886
-1.0751 1.2492 0.33427
-1.0069 1.0524 0.33156
-1.0276 1.1435 0.44835
-1.1241 1.0062 0.63568
-1.0268 1.2306 0.65732
-0.91925 1.1325 0.34771
-0.92749 1.2119 0.55969
-1.0386 1.1367 0.5042
-0.96703 1.2005 0.64133
-0.93556 0.89939 0.42687
-1.0216 0.94885 0.53568
-0.82762 0.93202 0.53579
-1.0516 1.1414 0.38638
-0.99287 1.103 0.61563
-1.0252 0.93948 0.47022
-0.82777 0.98514 0.61228
-1.125 0.98335 0.35595
-1.0228 0.97891 0.52991
-0.86106 1.0023 0.59572
-0.98659 1.2361 0.62229
-0.95649 1.1221 0.60008
-1.0886 1.1561 0.45987
-0.9296 1.0974 0.58064
-0.96731 1.1425 0.51168
-1.009 1.1652 0.45654
-0.9688 1.2082 0.5971
-0.93662 1.1718 0.59035
-1.0968 1.1396 0.4492
-1.0476 1.2362 0.56691
