-0.31194 -0.0062631 -0.33585
-0.3864 -0.083137 -0.36699
-0.36874 -0.0050928 -0.24054
-0.39906 -0.071321 -0.33028
-0.13743 -0.052045 -0.32661
-0.32776 0.089118 -0.35177
-0.25046 -0.038581 -0.27711
-0.22127 -0.024681 -0.40432
-0.29846 -0.013627 -0.3088
-0.27481 -0.035538 -0.28609
-0.13384 -0.059168 -0.36112
-0.29017 -0.18752 -0.28742
-0.22204 -0.1761 -0.28294
-0.35572 -0.019343 -0.25084
-0.31395 -0.18906 -0.28352
-0.24514 -0.17787 -0.27491
-0.18105 -0.16483 -0.29919
-0.21748 0.0099374 -0.31393
-0.27437 -0.17837 -0.29476
-0.20624 -0.16701 -0.29111
-0.14708 -0.028888 -0.33576
-0.30562 -0.18159 -0.28762
-0.23689 -0.17047 -0.27931
-0.35135 0.025238 -0.26686
-0.30776 0.11038 -0.3486
-0.27361 -0.17237 -0.29632
-0.20416 -0.16152 -0.28329
-0.23837 0.0095182 -0.32091
-0.30782 -0.17512 -0.29582
-0.23887 -0.16442 -0.28623
-0.40633 0.082941 -0.42244
-0.33257 0.064572 -0.32128
-0.2728 -0.16639 -0.29765
-0.20206 -0.15616 -0.27534
-0.20257 0.0085244 -0.3169
-0.3012 -0.16833 -0.2994
-0.23096 -0.1579 -0.27946
-0.31 -0.041911 -0.28227
-0.16426 -0.017989 -0.30931
-0.3642 0.040298 -0.32226
-0.19142 -0.14847 -0.27733
-0.13122 -0.13361 -0.32891
-0.28953 -0.16113 -0.29262
-0.21926 -0.15066 -0.27408
-0.20948 -0.031178 -0.2819
-0.39617 0.047667 -0.34111
-0.41648 -0.033596 -0.28901
-0.18079 -0.14081 -0.27952
-0.12023 -0.12604 -0.32842
-0.2804 -0.154 -0.29137
-0.21001 -0.14373 -0.27178
-0.23948 0.010573 -0.3265
-0.28348 -0.0261 -0.29395
-0.19263 0.0082784 -0.32893
-0.2716 -0.022797 -0.29122
-0.11365 -0.11917 -0.33082
-0.2791 -0.14828 -0.28911
-0.20854 -0.13808 -0.26832
-0.13825 -0.04346 -0.34154
-0.37048 0.03092 -0.33953
-0.25881 -0.14139 -0.29558
-0.18751 -0.13146 -0.27117
-0.12858 -0.11568 -0.33124
-0.31408 -0.147 -0.30449
-0.21343 -0.0021482 -0.296
-0.37701 -0.0036339 -0.23968
-0.11525 -0.11055 -0.33142
-0.30524 -0.14373 -0.29476
-0.23378 -0.13402 -0.26751
-0.23043 0.012241 -0.32436
-0.37689 0.033808 -0.29194
-0.17532 -0.0013747 -0.32472
-0.23031 -0.13064 -0.2674
-0.34837 0.031837 -0.28413
-0.33134 0.068089 -0.32257
-0.29914 -0.1376 -0.28669
-0.22866 -0.12765 -0.26623
-0.21399 -0.019965 -0.28534
-0.15147 -0.021176 -0.35023
-0.29732 -0.13473 -0.28411
-0.22683 -0.12475 -0.26387
-0.31164 -0.035854 -0.2863
-0.13193 -0.063336 -0.33748
-0.29754 -0.13208 -0.28215
-0.22711 -0.12211 -0.26244
-0.36354 -0.051498 -0.23487
-0.39521 0.052862 -0.34559
-0.30412 -0.1303 -0.28283
-0.23353 -0.12042 -0.26209
-0.37906 -0.047737 -0.23849
-0.13845 -0.043284 -0.35788
-0.31417 -0.12944 -0.28003
-0.41069 -0.031473 -0.3285
-0.26073 -0.030901 -0.28195
-0.40945 -0.0077488 -0.2698
-0.32212 -0.12828 -0.2765
-0.36659 0.036065 -0.29806
-0.22586 -0.028503 -0.27866
-0.334 0.070846 -0.32342
-0.3284 -0.12665 -0.2752
-0.40297 0.062672 -0.36195
-0.19166 -0.10453 -0.26481
-0.40047 0.057862 -0.42305
-0.32261 -0.12304 -0.27294
-0.31958 0.095443 -0.33869
-0.19001 -0.02086 -0.29151
-0.41255 0.093817 -0.42377
-0.31121 -0.11821 -0.27306
-0.24094 -0.10824 -0.25501
-0.2458 -0.031748 -0.27874
-0.19207 0.0033555 -0.31313
-0.30384 -0.11409 -0.2737
-0.23359 -0.10415 -0.25562
-0.23841 -0.027678 -0.27955
-0.38559 0.054717 -0.35177
-0.2969 -0.10971 -0.27717
-0.22605 -0.10011 -0.25508
-0.28238 -0.030459 -0.29009
-0.39941 0.077951 -0.43663
-0.29335 -0.10628 -0.27661
-0.22273 -0.096614 -0.25617
-0.27055 -0.0082934 -0.30814
-0.39544 0.017191 -0.26396
-0.28756 -0.10268 -0.27442
-0.21733 -0.092845 -0.25648
-0.23144 -0.014171 -0.28551
-0.3313 0.087771 -0.33978
-0.28228 -0.09879 -0.276
-0.212 -0.088983 -0.2575
-0.36137 -0.039806 -0.23349
-0.34507 -0.10762 -0.26601
-0.27891 -0.095292 -0.27617
-0.20865 -0.085506 -0.25828
-0.13944 -0.041664 -0.33696
-0.34131 -0.10427 -0.26437
-0.27517 -0.091954 -0.27449
-0.20537 -0.081981 -0.25958
-0.39963 -0.086228 -0.30796
-0.3377 -0.1009 -0.26342
-0.27166 -0.088578 -0.27409
-0.20213 -0.078375 -0.2612
-0.33995 0.04367 -0.31299
-0.33623 -0.097781 -0.26331
-0.27006 -0.085519 -0.27331
-0.20085 -0.075185 -0.26245
-0.37392 0.00011702 -0.24196
-0.33471 -0.094691 -0.26317
-0.26845 -0.082486 -0.2723
-0.19968 -0.071874 -0.26455
-0.29333 -0.024306 -0.29553
-0.33326 -0.091571 -0.2635
-0.26699 -0.079298 -0.27224
-0.19849 -0.068602 -0.26646
-0.37935 -0.028745 -0.23019
-0.33 -0.087996 -0.2647
-0.26363 -0.075839 -0.27302
-0.1956 -0.064846 -0.27034
-0.31249 0.10561 -0.34514
-0.32877 -0.084681 -0.26633
-0.2619 -0.072858 -0.27171
-0.19443 -0.061496 -0.27248
-0.37967 -0.043057 -0.3555
-0.32527 -0.081257 -0.26603
-0.25857 -0.069331 -0.27236
-0.1912 -0.057876 -0.27393
-0.22874 0.0055479 -0.3058
-0.3239 -0.078043 -0.26682
-0.25707 -0.066248 -0.27226
-0.18982 -0.054714 -0.27454
-0.28046 -0.003531 -0.33759
-0.32074 -0.074398 -0.26886
-0.25387 -0.062572 -0.27396
-0.18662 -0.051154 -0.27628
-0.2111 0.012372 -0.32335
-0.3136 -0.070056 -0.27082
-0.24659 -0.058355 -0.27509
-0.30371 -0.034429 -0.28643
-0.28258 -0.016464 -0.30634
-0.30606 -0.065978 -0.27032
-0.23911 -0.054244 -0.27501
-0.30126 -0.027865 -0.28985
-0.36236 -0.072495 -0.27061
-0.29564 -0.060469 -0.27699
-0.22771 -0.049447 -0.2751
-0.14553 -0.047804 -0.3881
-0.34872 -0.067468 -0.26923
-0.28215 -0.055475 -0.27648
-0.21496 -0.043896 -0.27945
-0.34799 0.051982 -0.31557
-0.33155 -0.061527 -0.27081
-0.26466 -0.049733 -0.27571
-0.19847 -0.037514 -0.28551
-0.24775 -0.0258 -0.40435
-0.31267 -0.055029 -0.27404
-0.24512 -0.043746 -0.27493
-0.17996 -0.0308 -0.29131
-0.31704 -0.046359 -0.27954
-0.29232 -0.047896 -0.28088
-0.22408 -0.037102 -0.27705
-0.32152 0.086721 -0.33194
-0.34144 -0.054156 -0.27348
-0.27513 -0.042005 -0.28225
-0.3832 0.0032166 -0.34788
-0.24127 -0.027674 -0.4047
-0.34701 -0.044514 -0.24721
-0.35013 -0.071947 -0.39113
-0.37344 0.036106 -0.31352
-0.19227 -0.17559 -0.29658
-0.13847 -0.056865 -0.37842
-0.39537 -0.068066 -0.34682
-0.19658 -0.17397 -0.29468
-0.35918 -0.088774 -0.38954
-0.29026 -0.195 -0.28602
-0.20655 -0.17399 -0.29033
-0.14887 -0.15651 -0.32468
-0.32702 -0.033473 -0.27644
-0.32326 -0.012328 -0.29512
-0.15881 -0.15769 -0.30851
-0.32733 -0.066918 -0.3971
-0.32977 0.040783 -0.31961
-0.17737 -0.1604 -0.29924
-0.1212 -0.14316 -0.33533
-0.34004 -0.03536 -0.26089
-0.2915 0.088341 -0.36427
-0.14416 -0.14685 -0.32519
-0.29233 0.097992 -0.36775
-0.3541 -0.059749 -0.25127
-0.16238 -0.15024 -0.30667
-0.10787 -0.13337 -0.34468
-0.28211 0.10509 -0.38109
-0.17969 -0.15358 -0.28712
-0.34661 -0.038157 -0.2507
-0.33539 -0.027932 -0.26528
-0.28483 0.068919 -0.35985
-0.15079 -0.14117 -0.31204
-0.099078 -0.1247 -0.35327
-0.3108 0.091338 -0.34756
-0.16823 -0.14455 -0.29268
-0.11432 -0.12788 -0.3314
-0.14024 -0.051839 -0.31974
-0.33297 -0.032974 -0.26747
-0.13535 -0.13029 -0.32783
-0.36179 -0.14219 -0.32881
-0.34911 0.0080437 -0.26732
-0.14079 -0.13 -0.3153
-0.3456 -0.04046 -0.25332
-0.34204 -0.0044789 -0.27319
-0.14755 -0.12971 -0.30738
-0.097237 -0.11338 -0.35016
-0.34941 -0.003606 -0.26873
-0.15433 -0.1294 -0.29941
-0.10212 -0.11293 -0.34009
-0.32718 0.060683 -0.3279
-0.16108 -0.12915 -0.29143
-0.10964 -0.1127 -0.33297
-0.37517 0.033124 -0.36879
-0.17007 -0.12905 -0.28596
-0.34649 -0.025318 -0.25816
-0.20428 -0.021765 -0.28738
-0.17798 -0.12886 -0.27929
-0.1319 -0.11284 -0.32681
-0.20815 -0.025882 -0.28398
-0.18524 -0.12857 -0.2719
-0.13596 -0.11231 -0.31582
-0.2254 -0.055783 -0.27686
-0.16069 -0.030363 -0.30382
-0.14242 -0.112 -0.30752
-0.28823 0.071513 -0.35153
-0.1329 -0.059589 -0.34289
-0.15203 -0.11229 -0.29981
-0.10274 -0.09608 -0.34373
-0.34939 -0.023031 -0.25746
-0.16215 -0.11302 -0.28981
-0.34826 0.017371 -0.26903
-0.17679 -0.041796 -0.28598
-0.17651 -0.11516 -0.27572
-0.13234 -0.099257 -0.32543
-0.29779 0.11765 -0.36345
-0.16166 -0.011813 -0.36352
-0.14722 -0.10252 -0.3032
-0.14384 -0.040824 -0.37706
-0.30266 -0.13359 -0.28467
-0.16542 -0.10644 -0.2818
-0.12801 -0.091166 -0.33921
-0.35739 -0.017009 -0.24881
-0.20488 0.00019396 -0.385
-0.13947 -0.094444 -0.3101
-0.33831 0.0058663 -0.28885
-0.34788 -0.019351 -0.26058
-0.15723 -0.097936 -0.29111
-0.24576 -0.022172 -0.40248
-0.31483 0.061196 -0.33553
-0.17697 -0.10197 -0.27141
-0.13378 -0.086129 -0.32224
-0.34542 0.00062039 -0.27199
-0.2904 0.064516 -0.34729
-0.14987 -0.090265 -0.29553
-0.14692 -0.03971 -0.31656
-0.32692 0.063552 -0.32654
-0.17263 -0.095246 -0.27339
-0.13253 -0.079664 -0.32759
-0.15012 -0.047616 -0.30461
-0.34602 -0.048699 -0.25681
-0.14937 -0.084575 -0.29596
-0.15357 -0.042927 -0.30362
-0.29168 0.074508 -0.35422
-0.17635 -0.090589 -0.2727
-0.13377 -0.074815 -0.32411
-0.39324 -0.085702 -0.35598
-0.31462 0.10448 -0.35784
-0.15403 -0.080392 -0.29346
-0.33727 0.0011078 -0.28429
-0.31613 0.050708 -0.32854
-0.18482 -0.087426 -0.26863
-0.13775 -0.071313 -0.31502
-0.30376 0.08794 -0.35644
-0.14501 -0.041861 -0.31833
-0.16556 -0.078879 -0.28091
-0.34132 -0.014155 -0.26677
-0.30932 0.062765 -0.33803
-0.34947 -0.045859 -0.24139
-0.14974 -0.071029 -0.29449
-0.17246 -0.049491 -0.28404
-0.41458 0.089373 -0.41815
-0.18734 -0.080069 -0.26567
-0.14045 -0.063963 -0.3122
-0.13654 -0.057926 -0.32565
-0.29946 0.11665 -0.35954
-0.33287 0.028443 -0.32147
-0.30822 0.058698 -0.33236
-0.41643 0.10153 -0.42195
-0.35071 -0.033959 -0.24459
-0.15953 -0.065675 -0.28798
-0.32735 -0.03899 -0.27885
-0.15799 -0.03518 -0.39235
-0.20595 -0.010206 -0.29108
-0.17993 -0.16032 -0.41863
-0.13088 -0.14973 -0.38794
-0.15433 -0.16643 -0.32331
-0.13653 -0.1466 -0.39664
-0.15155 -0.16209 -0.3271
-0.13551 -0.14317 -0.39842
-0.37843 0.049067 -0.38833
-0.11562 -0.13732 -0.38653
-0.27641 0.090252 -0.37996
-0.10638 -0.13667 -0.36338
-0.17634 -0.14351 -0.42281
-0.37796 0.051952 -0.38588
-0.11952 -0.13016 -0.39678
-0.28079 0.07464 -0.36557
-0.10097 -0.12947 -0.36312
-0.17038 -0.13551 -0.42227
-0.37325 -0.066133 -0.25124
-0.11509 -0.12344 -0.39671
-0.34436 -0.12824 -0.2791
-0.099008 -0.12123 -0.37241
-0.17372 -0.0088768 -0.3812
-0.40076 0.048301 -0.40191
-0.1539 -0.1259 -0.40497
-0.33925 0.0084115 -0.28623
-0.10103 -0.11414 -0.38124
-0.2191 0.0079132 -0.3739
-0.13451 -0.053906 -0.34378
-0.15393 -0.1194 -0.4082
-0.33713 0.0022826 -0.33671
-0.099073 -0.10828 -0.37856
-0.22687 -0.0023807 -0.39001
-0.36816 -0.066869 -0.25627
-0.40778 -0.050549 -0.2807
-0.13518 -0.052775 -0.33531
-0.095702 -0.10537 -0.36017
-0.16337 -0.1108 -0.41979
-0.34078 0.01759 -0.30307
-0.1018 -0.09946 -0.383
-0.41482 -0.047113 -0.30568
-0.39554 -0.060365 -0.27963
-0.1453 -0.10359 -0.40312
-0.37817 0.042095 -0.38538
-0.096492 -0.096728 -0.36077
-0.16163 -0.1013 -0.42062
-0.17087 -0.051286 -0.41444
-0.10232 -0.091954 -0.37758
-0.41274 0.016029 -0.28004
-0.36981 0.029167 -0.34158
-0.31362 -0.036561 -0.39007
-0.41528 -0.043455 -0.31119
-0.30018 -0.0080335 -0.33104
-0.14522 -0.091754 -0.40331
-0.38488 0.064812 -0.4094
-0.14485 -0.040683 -0.37892
-0.15785 -0.089608 -0.41531
-0.3367 0.012189 -0.32092
-0.14356 -0.038897 -0.32558
-0.17214 -0.088311 -0.4251
-0.34794 -0.13249 -0.28348
-0.40982 -0.011537 -0.28058
-0.37862 -0.071961 -0.2804
-0.37105 0.024441 -0.35237
-0.13703 -0.081292 -0.38661
-0.40836 -0.048298 -0.27821
-0.39206 0.094541 -0.43635
-0.14122 -0.078016 -0.3936
-0.40851 -0.047004 -0.26981
-0.14395 -0.032485 -0.35938
-0.1478 -0.075378 -0.40033
-0.3891 0.077837 -0.43126
-0.26642 -0.050911 -0.42929
-0.15582 -0.073119 -0.40691
-0.14463 -0.043053 -0.38143
-0.12905 -0.074812 -0.35
-0.16253 -0.070488 -0.4135
-0.33086 0.00071261 -0.32162
-0.13052 -0.070807 -0.35734
-0.39783 -0.094396 -0.30744
-0.37556 0.040471 -0.37372
-0.13212 -0.066832 -0.36464
-0.40034 0.058218 -0.42507
-0.33166 -0.15094 -0.31912
-0.1362 -0.062752 -0.37561
-0.40768 0.099067 -0.43192
-0.37935 0.052763 -0.39169
-0.13982 -0.059288 -0.38269
-0.34532 0.030853 -0.29503
-0.39695 0.097664 -0.42647
-0.39544 0.092028 -0.42173
-0.4092 0.10149 -0.41951
-0.41086 -0.0026499 -0.3159
-0.36652 0.034281 -0.28707
-0.3815 0.04203 -0.33668
-0.41036 0.014982 -0.27557
-0.40762 0.022884 -0.28825
-0.35291 0.02545 -0.26632
-0.40983 -0.03063 -0.33264
-0.27443 -0.0082261 -0.31172
-0.29151 0.12172 -0.38032
-0.28244 -0.0086594 -0.31906
-0.31671 -0.023865 -0.29704
-0.35867 0.046287 -0.31699
-0.41584 0.093567 -0.40846
-0.38391 0.034397 -0.3045
-0.40025 -0.080265 -0.31103
-0.3463 0.030806 -0.28675
-0.39118 -0.070948 -0.29467
-0.25182 0.0041997 -0.31621
-0.25647 0.0030026 -0.31735
-0.40774 0.088149 -0.40229
-0.32367 -0.0088477 -0.2984
-0.41712 -0.032666 -0.29492
-0.22242 -0.061492 -0.26895
-0.38067 0.031873 -0.2845
-0.23021 -0.0099987 -0.28942
-0.39519 -0.078503 -0.35052
-0.3873 0.013037 -0.25453
-0.11271 -0.082284 -0.37285
-0.30242 -0.0097445 -0.31744
-0.28966 -0.010961 -0.36621
-0.38859 0.073574 -0.39327
-0.41651 -0.036343 -0.28943
-0.16821 -0.0057738 -0.36338
-0.38616 -0.049793 -0.34962
-0.39057 0.074807 -0.39058
-0.39535 -0.081978 -0.29777
-0.16996 -0.0037673 -0.36043
-0.38519 -0.049352 -0.35169
-0.38938 0.073205 -0.38788
-0.12486 -0.084113 -0.36713
-0.16846 -0.0046171 -0.35753
-0.39045 0.017456 -0.35324
-0.38514 0.068133 -0.38537
-0.11843 -0.082515 -0.36245
-0.16396 -0.0087406 -0.35472
-0.41247 -0.001918 -0.30525
-0.22764 -0.067483 -0.26236
-0.10832 -0.083286 -0.35765
-0.15626 -0.015937 -0.352
-0.18926 -0.0085142 -0.38849
-0.41032 0.021483 -0.28899
-0.22007 -0.05792 -0.27683
-0.22649 -0.0023519 -0.29572
-0.20325 0.012816 -0.35236
-0.30597 -0.0086837 -0.32079
-0.40699 0.074823 -0.37979
-0.39364 0.033165 -0.31799
-0.18668 0.0069514 -0.34752
-0.39798 -0.053934 -0.33412
-0.28772 -0.026167 -0.29476
-0.11419 -0.085053 -0.35055
-0.16016 -0.012348 -0.34356
-0.22184 0.015644 -0.34985
-0.24042 0.0033128 -0.30569
-0.40207 0.072586 -0.37368
-0.23532 -0.011503 -0.28779
-0.18541 0.0063786 -0.34183
-0.41536 0.096074 -0.42301
-0.26685 -0.0014906 -0.31745
-0.27668 -0.0054054 -0.32015
-0.30103 -0.010846 -0.31452
-0.20822 0.014195 -0.34188
-0.40101 0.032874 -0.37964
-0.3634 0.029783 -0.27318
-0.11697 -0.090301 -0.34367
-0.16092 -0.011753 -0.33517
-0.22283 0.015587 -0.34171
-0.41153 0.10333 -0.4284
-0.38098 0.057224 -0.36441
-0.32702 -0.0047295 -0.3299
-0.17088 -0.0032837 -0.33256
-0.23645 0.013647 -0.34205
-0.32814 -0.20081 -0.33689
-0.19979 -0.036785 -0.41444
-0.33011 -0.20002 -0.32151
-0.26922 -0.19611 -0.2894
-0.33937 -0.19655 -0.34257
-0.34476 -0.11808 -0.27099
-0.2253 -0.025254 -0.40453
-0.33026 -0.19564 -0.30775
-0.2647 -0.19051 -0.28251
-0.3511 -0.19057 -0.36675
-0.32385 -0.19347 -0.29049
-0.25109 -0.18688 -0.27398
-0.34611 -0.18807 -0.35081
-0.37239 -0.091064 -0.27601
-0.38779 -0.041207 -0.23568
-0.33614 -0.18479 -0.34423
-0.30484 -0.073072 -0.40632
-0.36638 -0.074138 -0.27171
-0.32415 -0.18103 -0.34039
-0.27386 -0.1793 -0.29415
-0.38522 -0.003332 -0.24141
-0.39828 -0.0012003 -0.25081
-0.25979 -0.17581 -0.28319
-0.25555 -0.082246 -0.26147
-0.26121 -0.11517 -0.27509
-0.41048 0.059635 -0.37045
-0.32641 -0.17179 -0.35121
-0.26265 -0.094125 -0.26458
-0.37579 -0.1225 -0.29268
-0.31308 -0.16831 -0.34249
-0.26464 -0.16706 -0.29387
-0.40115 -0.052629 -0.24724
-0.38828 -0.10727 -0.29706
-0.40577 0.0020296 -0.26097
-0.40294 -0.02745 -0.24979
-0.30359 -0.16508 -0.30239
-0.25791 -0.11043 -0.26319
-0.26563 -0.10229 -0.2701
-0.29454 -0.16199 -0.2945
-0.34921 0.055823 -0.31871
-0.37249 -0.1018 -0.27846
-0.38392 0.0061304 -0.2471
-0.38852 -0.059416 -0.24347
-0.39338 -0.08893 -0.29478
-0.26121 -0.070428 -0.27146
-0.39218 -0.021917 -0.23771
-0.37437 -0.099174 -0.27948
-0.37591 -0.088546 -0.27812
-0.25547 -0.11544 -0.26613
-0.32325 -0.15128 -0.32034
-0.25667 -0.14629 -0.29567
-0.34176 0.070199 -0.32609
-0.35083 0.033741 -0.33833
-0.25595 -0.14362 -0.29351
-0.41808 0.070682 -0.39095
-0.35592 -0.043132 -0.37741
-0.25653 -0.14092 -0.2929
-0.41722 0.070448 -0.38876
-0.22797 -0.020271 -0.40205
-0.24981 -0.072472 -0.26629
-0.39311 -0.016053 -0.24015
-0.40542 0.1035 -0.43471
-0.40649 0.0051543 -0.26351
-0.40478 0.052089 -0.3544
-0.3494 -0.077483 -0.39251
-0.2581 -0.19588 -0.2795
-0.22659 -0.13138 -0.26688
-0.26387 -0.096887 -0.26616
-0.2586 -0.094113 -0.26001
-0.24466 -0.13053 -0.26948
-0.39024 -0.038766 -0.23593
-0.3727 -0.08705 -0.381
-0.25712 -0.12789 -0.28298
-0.38825 -0.086242 -0.28844
-0.33173 -0.076499 -0.39744
-0.39082 -0.075033 -0.29237
-0.39153 -0.05722 -0.24298
-0.25787 -0.11293 -0.26648
-0.37321 -0.096454 -0.27787
-0.24395 -0.12258 -0.26429
-0.40753 -0.043557 -0.25716
-0.35644 0.053084 -0.32427
-0.41272 0.083029 -0.41323
-0.29975 -0.029017 -0.38726
-0.32996 -0.19302 -0.315
-0.3037 -0.17183 -0.42029
-0.4025 0.078753 -0.42774
-0.40261 0.08193 -0.42931
-0.40042 -0.073895 -0.31617
-0.32613 -0.18696 -0.31664
-0.2994 -0.16558 -0.42202
-0.41675 -0.022982 -0.30169
-0.40824 0.066519 -0.39804
-0.39817 -0.075207 -0.33926
-0.32074 -0.18134 -0.3146
-0.29684 -0.15987 -0.4198
-0.39396 0.026736 -0.37147
-0.39912 0.069101 -0.43597
-0.32647 -0.16613 -0.37496
-0.31497 -0.17631 -0.30861
-0.29586 -0.15688 -0.40488
-0.30763 -0.16869 -0.33523
-0.20158 -0.022658 -0.40179
-0.32703 -0.16301 -0.35994
-0.41521 0.065605 -0.38262
-0.23953 0.0025125 -0.37658
-0.31002 -0.16531 -0.32208
-0.27913 -0.1446 -0.41816
-0.41298 -0.0045608 -0.27491
-0.40379 0.077786 -0.42361
-0.32595 -0.15241 -0.37287
-0.3074 -0.16184 -0.30761
-0.28107 -0.13961 -0.41494
-0.31657 -0.15404 -0.34182
-0.40082 0.05144 -0.40347
-0.3241 -0.14547 -0.3804
-0.41531 -0.021384 -0.29349
-0.27878 -0.1322 -0.42443
-0.41323 -0.013131 -0.29051
-0.34424 0.06707 -0.34226
-0.28446 -0.13387 -0.39917
-0.4105 0.076702 -0.40844
-0.30768 0.11285 -0.36387
-0.21822 -0.037261 -0.4115
-0.3929 0.083564 -0.44328
-0.28301 -0.12455 -0.4205
-0.38445 -0.026226 -0.35293
-0.40632 0.075851 -0.41534
-0.28793 -0.1252 -0.40138
-0.35283 -0.053112 -0.3839
-0.40019 0.058597 -0.4271
-0.22027 -0.037699 -0.41119
-0.40914 0.054073 -0.37716
-0.2874 -0.011037 -0.36966
-0.36561 -0.13285 -0.35753
-0.40802 -0.010945 -0.26643
-0.28802 -0.11325 -0.42212
-0.3263 -0.047005 -0.39207
-0.42042 0.079421 -0.40015
-0.29122 -0.11307 -0.40719
-0.37599 -0.13303 -0.32706
-0.41306 0.01546 -0.30846
-0.28304 -0.03196 -0.39875
-0.37316 -0.13206 -0.31506
-0.40904 0.058257 -0.38478
-0.27465 -0.013198 -0.38187
-0.24255 -0.19426 -0.27496
-0.16052 -0.025962 -0.38866
-0.3817 -0.1203 -0.35709
-0.41655 0.0020591 -0.28356
-0.29213 -0.098452 -0.42746
-0.38589 -0.11972 -0.346
-0.15524 -0.022614 -0.37386
-0.29623 -0.097359 -0.41837
-0.38862 -0.11868 -0.33721
-0.40005 0.077479 -0.43452
-0.29818 -0.095747 -0.41163
-0.38994 -0.11714 -0.3306
-0.40699 0.092779 -0.429
-0.29869 -0.094013 -0.40514
-0.39054 -0.11552 -0.32411
-0.35068 0.061691 -0.33406
-0.22975 -0.044035 -0.42708
-0.39005 -0.1138 -0.31779
-0.40075 0.044442 -0.39636
-0.30173 -0.018101 -0.3747
-0.38967 -0.11213 -0.31144
-0.40068 0.047963 -0.39993
-0.38023 -0.097964 -0.37439
-0.39001 -0.11046 -0.30501
-0.4023 0.050038 -0.38093
-0.38598 -0.097281 -0.36513
-0.41542 -0.0056006 -0.28698
-0.41714 -0.038148 -0.29576
-0.39226 -0.096707 -0.35585
-0.40229 0.0071309 -0.33214
-0.29284 -0.07223 -0.42954
-0.39507 -0.095694 -0.34697
-0.40958 -0.0026043 -0.26694
-0.29562 -0.071435 -0.41858
-0.39764 -0.095017 -0.33618
-0.40033 0.031258 -0.36974
-0.24978 -0.0043378 -0.38169
-0.22704 -0.012422 -0.39946
-0.18927 -0.0065579 -0.38655
-0.19909 -0.010305 -0.39404
-0.20298 0.0012153 -0.38233
-0.27869 -0.020451 -0.39019
-0.25591 -0.0066887 -0.38337
-0.17387 -0.0063715 -0.37624
-0.24767 -0.009039 -0.38842
-0.11996 -0.083897 -0.37589
-0.23451 -0.038812 -0.41048
-0.25385 -0.0082948 -0.38557
-0.17199 -0.0072876 -0.37551
-0.31504 0.097586 -0.36343
-0.37368 0.036321 -0.31681
-0.29339 0.11966 -0.38456
-0.35276 0.054023 -0.33524
-0.28605 -0.049963 -0.40598
-0.2497 -0.0162 -0.39673
-0.27113 -0.0053446 -0.36703
-0.27282 -0.03068 -0.39966
-0.12644 -0.084477 -0.372
-0.33223 -0.018743 -0.37088
-0.28964 -0.16512 -0.43484
-0.21197 -0.035652 -0.41268
-0.21698 -0.0088187 -0.39531
-0.2566 -0.034967 -0.40667
-0.27884 -0.025072 -0.39359
-0.21898 -0.0087656 -0.39536
-0.3409 -0.034201 -0.38001
-0.2168 -0.0039733 -0.39217
-0.2627 -0.035653 -0.40617
-0.35131 -0.018659 -0.35696
-0.23293 -0.0061063 -0.39406
-0.36133 0.022606 -0.33728
-0.21875 0.003413 -0.38415
-0.20317 0.0068549 -0.37296
-0.33634 -0.017862 -0.36808
-0.17632 -0.1049 -0.43088
-0.25887 -0.066593 -0.44192
-0.26433 -0.0059687 -0.37701
-0.29167 -0.15561 -0.42374
-0.33049 -0.17423 -0.3817
-0.11232 -0.10376 -0.39605
-0.28507 -0.02297 -0.38829
-0.35955 0.015531 -0.34213
-0.21091 0.0054875 -0.37882
-0.12596 -0.097712 -0.39367
-0.25801 -0.023652 -0.40144
-0.35377 0.012335 -0.34298
-0.18548 -0.0013735 -0.37675
-0.18388 -0.032604 -0.40787
-0.24803 -0.052521 -0.4349
-0.35766 0.011057 -0.34555
-0.21488 0.0058628 -0.37913
-0.2358 -0.045937 -0.42921
-0.24937 -0.16474 -0.43483
-0.21368 -0.03038 -0.40974
-0.25004 -0.05259 -0.43485
-0.23427 0.014153 -0.35121
-0.13247 -0.10821 -0.40013
-0.19144 -0.018443 -0.39807
-0.17945 -0.063938 -0.42239
-0.24868 0.010077 -0.35143
-0.2894 -0.15928 -0.4318
-0.30234 -0.010286 -0.35637
-0.33121 -0.0062325 -0.34206
-0.26116 0.0052064 -0.35108
-0.20809 -0.049232 -0.42653
-0.32674 -0.18842 -0.39324
-0.34271 -0.003995 -0.34742
-0.27391 -0.0010532 -0.34954
-0.20371 0.011726 -0.35956
-0.17371 -0.064542 -0.41847
-0.29153 -0.013552 -0.3712
-0.13017 -0.087859 -0.37991
-0.21545 0.012325 -0.36354
-0.31826 -0.18705 -0.39775
-0.21354 -0.02183 -0.40246
-0.24386 -0.045932 -0.42928
-0.22737 0.011513 -0.36644
-0.27269 -0.052747 -0.428
-0.23046 -0.038497 -0.41068
-0.30838 -0.0083765 -0.35449
-0.23767 0.0082978 -0.36734
-0.24733 -0.16951 -0.43449
-0.23586 -0.16483 -0.43416
-0.35315 -0.064554 -0.38645
-0.23641 -0.16192 -0.43431
-0.37686 -0.07128 -0.37432
-0.29668 0.082691 -0.37174
-0.24905 -0.16062 -0.43489
-0.31021 -0.18045 -0.39816
-0.16739 -0.15557 -0.39998
-0.24344 -0.15705 -0.43396
-0.3601 -0.14343 -0.32786
-0.14983 -0.15006 -0.39873
-0.22392 -0.15128 -0.43343
-0.21051 -0.033044 -0.41224
-0.28137 0.075713 -0.36832
-0.19891 -0.14394 -0.4356
-0.26656 -0.15439 -0.43428
-0.32589 -0.17675 -0.38767
-0.16162 -0.14464 -0.40281
-0.23582 -0.1458 -0.4379
-0.35212 -0.13898 -0.29567
-0.12869 -0.13917 -0.39559
-0.20606 -0.13894 -0.43605
-0.27279 -0.15068 -0.42971
-0.33304 -0.056458 -0.39448
-0.34628 -0.059616 -0.38983
-0.24129 -0.14002 -0.44002
-0.35351 -0.061814 -0.38566
-0.13356 -0.13093 -0.40369
-0.20975 -0.13249 -0.4393
-0.27506 -0.14625 -0.42527
-0.31169 -0.20578 -0.28263
-0.1748 -0.1266 -0.43076
-0.24467 -0.1341 -0.4417
-0.30358 -0.15679 -0.39233
-0.13893 -0.12523 -0.40538
-0.21319 -0.12653 -0.44123
-0.29788 0.10527 -0.37946
-0.30073 0.074956 -0.36686
-0.18314 -0.12005 -0.4374
-0.25195 -0.12896 -0.4428
-0.31 -0.15284 -0.38844
-0.31528 0.087679 -0.3656
-0.2263 -0.1225 -0.44157
-0.28532 -0.14508 -0.39231
-0.12428 -0.11474 -0.40309
-0.19862 -0.11576 -0.44004
-0.26639 -0.12625 -0.43927
-0.21841 -0.032182 -0.40868
-0.35249 -0.012038 -0.35345
-0.23777 -0.11769 -0.44385
-0.29628 -0.14095 -0.3917
-0.13293 -0.11062 -0.40146
-0.20764 -0.11133 -0.43965
-0.27472 -0.12271 -0.43527
-0.29145 0.10099 -0.38352
-0.39816 -0.024173 -0.34472
-0.24691 -0.11308 -0.44434
-0.30539 -0.13626 -0.39182
-0.29119 -0.04489 -0.40288
-0.21078 -0.10574 -0.44065
-0.31196 -0.049774 -0.39611
-0.32164 -0.051674 -0.39456
-0.35929 -0.046757 -0.3771
-0.24005 -0.10606 -0.44456
-0.29864 -0.12908 -0.39271
-0.37779 -0.044925 -0.35883
-0.18478 -0.097641 -0.43396
-0.25462 -0.10524 -0.44489
-0.313 -0.12846 -0.39207
-0.39653 -0.032812 -0.3456
-0.19382 -0.095264 -0.43693
-0.26335 -0.10332 -0.44603
-0.32079 -0.12784 -0.38794
-0.35776 -0.043645 -0.37643
-0.20071 -0.092865 -0.43868
-0.2697 -0.10162 -0.44504
-0.32678 -0.12668 -0.38477
-0.28759 0.10889 -0.38991
-0.20336 -0.090119 -0.43946
-0.27214 -0.099196 -0.44456
-0.32975 -0.12333 -0.38726
-0.36964 -0.052888 -0.37071
-0.20169 -0.087253 -0.4382
-0.27071 -0.096039 -0.4447
-0.32866 -0.11972 -0.38924
-0.29391 0.11291 -0.38448
-0.19999 -0.084473 -0.43664
-0.26935 -0.092699 -0.44529
-0.32761 -0.116 -0.39136
-0.29506 0.10936 -0.38275
-0.19816 -0.081738 -0.43478
-0.26788 -0.089555 -0.44525
-0.32623 -0.11269 -0.39181
-0.31228 0.072596 -0.36436
-0.19435 -0.078829 -0.43252
-0.26434 -0.08621 -0.44475
-0.32309 -0.10881 -0.39364
-0.38298 -0.034862 -0.35384
-0.20106 -0.076574 -0.43374
-0.27065 -0.084554 -0.4436
-0.32992 -0.10644 -0.39524
-0.32129 0.091574 -0.35904
-0.21647 -0.074654 -0.43872
-0.28439 -0.084874 -0.43926
-0.34424 -0.10599 -0.39431
-0.4063 -0.020759 -0.33836
-0.22709 -0.073111 -0.43952
-0.25758 -0.02756 -0.40349
-0.35416 -0.10541 -0.39101
-0.30945 -0.14327 -0.2956
-0.23596 -0.07108 -0.44123
-0.30441 0.090657 -0.37216
-0.36209 -0.1046 -0.38757
-0.17045 -0.064436 -0.41743
-0.24263 -0.068894 -0.44229
-0.30371 -0.088328 -0.40409
-0.36799 -0.10331 -0.38444
-0.30147 -0.039377 -0.39535
-0.24918 -0.066939 -0.44238
-0.30974 -0.087026 -0.40135
-0.37382 -0.10222 -0.3807
-0.38952 -0.030502 -0.351
-0.25349 -0.064977 -0.44118
-0.31415 -0.084951 -0.40064
-0.32411 0.085001 -0.35924
-0.22037 -0.01636 -0.40102
-0.39598 -0.035864 -0.34515
-0.31861 -0.082758 -0.4003
-0.39024 -0.015639 -0.35007
-0.31879 -0.042946 -0.39164
-0.39539 -0.038939 -0.3447
-0.3231 -0.080507 -0.40002
-0.25081 -0.17295 -0.43182
-0.29271 -0.17999 -0.43071
-0.22271 -0.1686 -0.42696
-0.27299 -0.17765 -0.42591
-0.203 -0.16625 -0.42213
-0.25917 -0.17497 -0.42221
-0.18936 -0.16449 -0.41791
-0.24712 -0.17133 -0.41937
-0.30751 -0.18128 -0.41941
-0.23698 -0.16731 -0.41703
-0.30088 -0.18448 -0.41326
-0.22892 -0.1637 -0.41476
-0.29546 -0.184 -0.40953
-0.22314 -0.16146 -0.41201
-0.29415 -0.18414 -0.40606
-0.22176 -0.1612 -0.40873
-0.29267 -0.18351 -0.40304
-0.22061 -0.1621 -0.4048
-0.30205 -0.18725 -0.39907
-0.22962 -0.16407 -0.4018
-0.16125 -0.16016 -0.39357
-0.26963 -0.17176 -0.40018
-0.20172 -0.16999 -0.39072
-0.32823 -0.19229 -0.39379
-0.2561 -0.17043 -0.39569
-0.18846 -0.17002 -0.38545
-0.32501 -0.19282 -0.38983
-0.25279 -0.17056 -0.39191
-0.18463 -0.16761 -0.38311
-0.33393 -0.19444 -0.38712
-0.26188 -0.17293 -0.38873
-0.19405 -0.17152 -0.37902
-0.33282 -0.19558 -0.38312
-0.26069 -0.17367 -0.38493
-0.16758 -0.16541 -0.37537
-0.32951 -0.19573 -0.37939
-0.25739 -0.1738 -0.38117
-0.15875 -0.16762 -0.36949
-0.32615 -0.19567 -0.37579
-0.25407 -0.17393 -0.37745
-0.15544 -0.16776 -0.36576
-0.3249 -0.19622 -0.37217
-0.25284 -0.17448 -0.37381
-0.15628 -0.16872 -0.36219
-0.32773 -0.1972 -0.36893
-0.25567 -0.17546 -0.37054
-0.1609 -0.16874 -0.35976
-0.33464 -0.19877 -0.36598
-0.26267 -0.17745 -0.36734
-0.19499 -0.17683 -0.35717
-0.34939 -0.19983 -0.36456
-0.27991 -0.19047 -0.35924
-0.20911 -0.17479 -0.35745
-0.12278 -0.15112 -0.35792
-0.30507 -0.1938 -0.35809
-0.23346 -0.17421 -0.35847
-0.16554 -0.17241 -0.34894
-0.34296 -0.20112 -0.35665
-0.25492 -0.17887 -0.35596
-0.18693 -0.17668 -0.34664
-0.11243 -0.14312 -0.3549
-0.27 -0.19109 -0.34802
-0.19938 -0.17619 -0.34576
-0.12715 -0.15343 -0.34783
-0.30982 -0.19807 -0.34707
-0.2072 -0.17252 -0.34601
-0.13656 -0.15763 -0.34372
-0.31875 -0.19987 -0.34436
-0.21395 -0.17334 -0.34346
-0.14357 -0.15961 -0.34052
-0.32356 -0.20092 -0.34144
-0.22092 -0.17514 -0.3404
-0.15106 -0.16395 -0.33603
-0.39871 0.043783 -0.41621
-0.23612 -0.17838 -0.33776
-0.16813 -0.17619 -0.32842
-0.39708 -0.062882 -0.25369
-0.25973 -0.18385 -0.33515
-0.18952 -0.1709 -0.33174
-0.32802 -0.14365 -0.29531
-0.32167 -0.20199 -0.33137
-0.22523 -0.17726 -0.3305
-0.3834 -0.066239 -0.27151
-0.39666 -0.059391 -0.28344
-0.27944 -0.19637 -0.32484
-0.20742 -0.17453 -0.32621
-0.37719 -0.12326 -0.29613
-0.33328 -0.146 -0.3594
-0.27603 -0.19609 -0.32141
-0.20403 -0.17428 -0.32271
-0.33183 -0.13436 -0.28286
-0.33232 -0.14792 -0.35502
-0.27472 -0.19638 -0.31797
-0.2027 -0.17444 -0.31931
-0.38865 -0.066831 -0.25652
-0.33315 -0.14887 -0.35148
-0.27544 -0.19687 -0.31476
-0.20341 -0.17481 -0.31611
-0.34307 -0.14804 -0.31345
-0.33775 -0.1489 -0.34908
-0.28024 -0.19794 -0.31188
-0.20826 -0.17601 -0.31308
-0.36751 -0.072702 -0.27185
-0.34236 -0.14891 -0.34669
-0.28505 -0.19902 -0.30901
-0.21527 -0.18777 -0.30426
-0.37681 -0.12442 -0.29846
-0.34501 -0.14911 -0.34388
-0.28786 -0.20009 -0.30583
-0.21823 -0.18951 -0.30064
-0.33156 -0.13608 -0.28492
-0.33052 -0.15286 -0.33634
-0.2723 -0.19865 -0.30112
-0.20255 -0.18741 -0.29629
-0.34411 -0.14164 -0.29595
-0.32614 -0.20669 -0.30223
-0.25664 -0.19665 -0.29671
-0.35984 -0.064508 -0.26896
-0.33437 -0.14254 -0.29391
-0.31268 -0.20582 -0.29756
-0.24302 -0.19502 -0.2924
-0.3671 -0.064927 -0.25085
-0.35497 -0.14687 -0.33428
-0.29911 -0.2044 -0.29318
-0.22945 -0.19358 -0.28799
-0.37064 -0.12355 -0.28885
-0.34263 -0.15124 -0.32685
-0.28504 -0.20057 -0.29008
-0.21502 -0.18645 -0.28701
-0.31592 -0.14275 -0.29388
-0.32938 -0.15152 -0.32155
-0.33668 -0.14115 -0.29203
-0.3221 0.041071 -0.34527
-0.3795 0.021423 -0.36152
-0.34196 0.027075 -0.33796
-0.34875 0.013012 -0.33857
-0.38192 0.01224 -0.34822
-0.30202 0.065086 -0.36135
-0.30149 0.057606 -0.35395
-0.29528 0.077585 -0.36935
-0.28734 0.079072 -0.37166
-0.39268 0.042886 -0.41382
-0.36802 0.020099 -0.34449
-0.27986 0.10158 -0.38992
-0.32593 0.046455 -0.35079
-0.33858 0.037524 -0.34383
-0.38919 0.043692 -0.40769
-0.36582 0.023674 -0.33976
-0.38991 0.058355 -0.42332
-0.37172 0.024664 -0.35486
-0.25783 0.052683 -0.25107
-0.11199 0.049363 -0.26013
-0.2697 -0.042634 -0.3483
-0.15425 -0.065754 -0.25978
-0.10839 0.0077335 -0.31052
-0.13974 -0.12994 -0.22587
-0.13242 -0.13329 -0.28564
-0.092436 -0.091452 -0.203
-0.24537 -0.095027 -0.2198
-0.12114 -0.0024053 -0.21744
-0.24977 -0.1085 -0.34477
-0.17046 0.032585 -0.26867
-0.2111 -0.005201 -0.36963
-0.21872 -0.023521 -0.35038
-0.23374 0.035346 -0.21151
-0.26711 -0.12679 -0.46881
-0.26894 -0.1528 -0.37656
-0.16237 -0.07603 -0.41075
-0.25074 -0.12457 -0.36114
-0.29411 -0.1194 -0.34219
-0.27892 -0.029733 -0.52916
-0.10436 -0.05167 -0.52133
-0.22128 -0.069486 -0.40847
-0.24914 -0.033221 -0.46359
-0.14172 -0.032657 -0.34187
-0.28585 -0.12303 -0.54324
-0.20043 0.015508 -0.53824
-0.20001 -0.10235 -0.3668
-0.1533 -0.18224 -0.38017
-0.26765 -0.063968 -0.4154
0.0019801 -0.024552 -0.47159
-0.03291 -0.02323 -0.22317
-0.14281 -0.2635 -0.4573
-0.14978 -0.0043469 -0.38239
-0.14472 -0.14453 -0.49297
-0.11327 -0.052036 -0.47263
-0.16767 0.014606 -0.39578
-0.055305 -0.051849 -0.32787
-0.20685 -0.28658 -0.45767
-0.090979 -0.1958 -0.45641
-0.10655 -0.10262 -0.26735
-0.070367 -0.16612 -0.37239
-0.26009 -0.15645 -0.46934
-0.11599 -0.037949 -0.34869
-0.24947 -0.20537 -0.50292
-0.43971 -0.10159 -0.28993
-0.48142 -0.059469 -0.1811
-0.31733 0.13674 -0.1456
-0.48015 -0.082072 -0.12725
-0.35169 -0.1157 -0.25387
-0.49473 0.10363 -0.14339
-0.35382 -0.13324 -0.12295
-0.35753 -0.11565 -0.31166
-0.32376 -0.086088 -0.38342
-0.50107 -0.043349 -0.1979
-0.51116 -0.0014181 -0.35354
-0.36287 0.011043 -0.22183
-0.31327 0.0050511 -0.36217
-0.34848 0.08772 -0.28542
-0.53783 -0.13623 -0.31793
-0.34381 -0.052623 -0.34691
-0.44854 -0.091237 -0.31009
-0.38954 0.0016965 -0.34936
-0.45782 0.04188 -0.25595
-0.4284 -0.09483 -0.29623
-0.40005 0.0053875 -0.34095
-0.36348 -0.080867 -0.22277
-0.34204 -0.036093 -0.31699
-0.46667 -0.10545 -0.34466
-0.39469 0.0060841 -0.29171
-0.4547 -0.016389 -0.2336
-0.46606 0.010781 -0.28312
-0.41503 -0.026989 -0.31914
-0.43108 0.030069 -0.22927
-0.34713 -0.025877 -0.34093
