0 0.000353 0.029452 100.000000 6.289308
0 0.000342 0.032577 200.000000 6.666667
0 0.000373 0.042346 300.000000 7.194244
0 0.000312 0.058662 400.000000 7.326007
0 0.000316 0.071159 500.000000 7.610350
10 0.000175 0.024926 100.000000 6.211180
10 0.000298 0.024781 200.000000 6.666667
10 0.000325 0.032401 300.000000 7.194244
10 0.000259 0.046862 400.000000 7.312614
10 0.000261 0.058184 500.000000 7.598784
20 0.000215 0.022870 100.000000 6.134969
20 0.000316 0.023708 200.000000 6.666667
20 0.000307 0.030149 300.000000 7.211538
20 0.000273 0.043380 400.000000 7.312614
20 0.000238 0.054937 500.000000 7.575758
30 0.000330 0.023511 100.000000 5.988024
30 0.000316 0.023110 200.000000 6.688963
30 0.000290 0.029645 300.000000 7.228916
30 0.000266 0.042247 400.000000 7.326007
30 0.000220 0.053690 500.000000 7.564297
40 0.000344 0.025691 100.000000 5.882353
40 0.000359 0.023152 200.000000 6.711410
40 0.000290 0.030873 300.000000 7.246377
40 0.000282 0.042761 400.000000 7.352941
40 0.000203 0.054165 500.000000 7.552870
50 0.000377 0.027209 100.000000 5.882353
50 0.000348 0.023985 200.000000 6.779661
50 0.000327 0.033704 300.000000 7.299270
50 0.000291 0.046712 400.000000 7.380074
50 0.000202 0.058416 500.000000 7.530120
60 0.000433 0.026967 100.000000 5.988024
60 0.000348 0.023826 200.000000 6.872852
60 0.000347 0.033874 300.000000 7.371007
60 0.000288 0.046679 400.000000 7.448790
60 0.000190 0.058926 500.000000 7.496252
70 0.000431 0.028299 100.000000 6.211180
70 0.000357 0.024423 200.000000 7.042253
70 0.000347 0.036288 300.000000 7.481297
70 0.000287 0.048452 400.000000 7.532957
70 0.000184 0.060508 500.000000 7.485030
80 0.000402 0.028858 100.000000 6.451613
80 0.000369 0.024191 200.000000 7.220217
80 0.000344 0.036653 300.000000 7.614213
80 0.000289 0.048956 400.000000 7.633588
80 0.000186 0.061048 500.000000 7.507507
90 0.000364 0.025686 100.000000 6.711410
90 0.000380 0.022320 200.000000 7.380074
90 0.000336 0.033227 300.000000 7.751938
90 0.000282 0.045466 400.000000 7.736944
90 0.000172 0.057700 500.000000 7.507507
100 0.000350 0.025348 100.000000 6.896552
100 0.000398 0.022424 200.000000 7.490637
100 0.000321 0.034236 300.000000 7.853403
100 0.000292 0.046476 400.000000 7.812500
100 0.000181 0.058751 500.000000 7.440476
110 0.000346 0.029286 100.000000 6.896552
110 0.000419 0.022970 200.000000 7.547170
110 0.000302 0.033143 300.000000 7.915567
110 0.000281 0.044119 400.000000 7.874016
120 0.000321 0.028995 100.000000 6.849315
120 0.000400 0.022880 200.000000 7.547170
120 0.000300 0.033838 300.000000 7.915567
120 0.000291 0.044359 400.000000 7.920792
130 0.000393 0.026661 100.000000 6.849315
130 0.000420 0.026649 200.000000 7.575758
130 0.000329 0.042024 300.000000 7.832898
130 0.000335 0.054010 400.000000 7.936508
140 0.000396 0.024467 100.000000 6.896552
140 0.000396 0.027312 200.000000 7.604563
140 0.000336 0.042729 300.000000 7.751938
140 0.000335 0.054263 400.000000 7.968128
150 0.000346 0.026501 100.000000 6.944445
150 0.000356 0.025657 200.000000 7.662835
150 0.000292 0.039520 300.000000 7.731959
150 0.000306 0.049549 400.000000 7.984032
160 0.000400 0.024518 100.000000 7.042253
160 0.000399 0.030692 200.000000 7.722008
160 0.000304 0.047774 300.000000 7.731959
160 0.000322 0.059106 400.000000 8.016032
170 0.000460 0.025347 100.000000 7.092198
170 0.000425 0.035255 200.000000 7.782101
170 0.000306 0.052910 300.000000 7.731959
170 0.000313 0.065088 400.000000 8.016032
180 0.000414 0.025722 100.000000 7.194244
180 0.000367 0.031903 200.000000 7.843137
180 0.000305 0.046485 300.000000 7.772021
180 0.000283 0.058347 400.000000 8.032128
190 0.000371 0.026202 100.000000 7.352941
190 0.000342 0.029807 200.000000 7.936508
190 0.000276 0.042849 300.000000 7.832898
190 0.000257 0.054390 400.000000 8.048289
200 0.000360 0.026040 100.000000 7.575758
200 0.000304 0.031405 200.000000 8.064516
200 0.000277 0.042961 300.000000 7.915567
200 0.000243 0.054421 400.000000 8.097166
210 0.000407 0.024077 100.000000 7.812500
210 0.000335 0.035701 200.000000 8.196721
210 0.000313 0.048629 300.000000 8.000000
210 0.000252 0.061588 400.000000 8.113590
220 0.000404 0.027062 100.000000 7.936508
220 0.000422 0.044451 200.000000 8.264462
220 0.000346 0.059297 300.000000 8.042895
220 0.000273 0.073490 400.000000 8.064516
230 0.000459 0.032468 100.000000 8.000000
230 0.000469 0.051969 200.000000 8.298756
230 0.000357 0.066127 300.000000 8.086253
230 0.000265 0.080879 400.000000 7.858546
240 0.000627 0.030819 100.000000 8.064516
240 0.000465 0.051379 200.000000 8.368201
240 0.000361 0.065103 300.000000 8.130081
240 0.000252 0.079155 400.000000 7.648183
250 0.000608 0.027528 100.000000 8.196721
250 0.000381 0.044479 200.000000 8.438819
250 0.000326 0.055480 300.000000 8.196721
260 0.000542 0.025806 100.000000 8.264462
260 0.000350 0.039486 200.000000 8.510638
260 0.000314 0.049257 300.000000 8.287292
270 0.000542 0.028332 100.000000 8.333333
270 0.000334 0.042505 200.000000 8.474576
270 0.000361 0.052626 300.000000 8.333333
280 0.000360 0.029438 100.000000 8.403361
280 0.000341 0.040779 200.000000 8.298756
280 0.000358 0.050066 300.000000 8.356546
290 0.000401 0.030479 100.000000 8.403361
290 0.000333 0.042403 200.000000 8.163265
290 0.000363 0.051537 300.000000 8.356546
300 0.000496 0.032761 100.000000 8.474576
300 0.000322 0.047709 200.000000 8.097166
300 0.000374 0.058008 300.000000 8.356546
310 0.000431 0.030662 100.000000 8.474576
310 0.000254 0.042485 200.000000 8.064516
310 0.000322 0.052296 300.000000 8.333333
320 0.000346 0.028108 100.000000 8.474576
320 0.000280 0.036460 200.000000 8.032128
320 0.000289 0.046087 300.000000 8.310249
330 0.000445 0.029541 100.000000 8.547009
330 0.000316 0.041176 200.000000 8.064516
330 0.000305 0.053773 300.000000 8.264462
340 0.000489 0.033409 100.000000 8.474576
340 0.000366 0.045397 200.000000 8.032128
340 0.000311 0.058257 300.000000 8.152174
350 0.000626 0.037579 100.000000 8.474576
350 0.000378 0.050790 200.000000 8.064516
350 0.000297 0.064714 300.000000 7.894737
360 0.000493 0.031315 100.000000 8.547009
360 0.000310 0.041087 200.000000 8.097166
360 0.000268 0.052587 300.000000 7.556675
370 0.000357 0.026195 100.000000 8.620689
370 0.000281 0.031965 200.000000 8.163265
380 0.000389 0.029934 100.000000 8.620689
380 0.000337 0.036186 200.000000 8.230453
390 0.000373 0.031827 100.000000 8.403361
390 0.000395 0.039226 200.000000 8.298756
400 0.000370 0.029907 100.000000 8.000000
400 0.000398 0.036557 200.000000 8.298756
410 0.000272 0.029472 100.000000 7.751938
410 0.000373 0.033912 200.000000 8.264462
420 0.000168 0.028600 100.000000 7.633588
420 0.000359 0.032790 200.000000 8.264462
430 0.000162 0.026125 100.000000 7.575758
430 0.000314 0.029366 200.000000 8.196721
440 0.000200 0.026418 100.000000 7.575758
440 0.000305 0.030830 200.000000 8.130081
450 0.000287 0.026807 100.000000 7.575758
450 0.000262 0.030654 200.000000 8.032128
460 0.000224 0.025833 100.000000 7.575758
460 0.000274 0.030173 200.000000 7.843137
470 0.000146 0.024293 100.000000 7.575758
470 0.000306 0.030242 200.000000 7.407407
480 0.000214 0.024661 100.000000 7.633588
480 0.000294 0.029556 200.000000 6.896552
490 0.000258 0.022916 100.000000 7.751938
500 0.000354 0.023384 100.000000 7.874016
510 0.000448 0.024789 100.000000 8.130081
520 0.000425 0.023253 100.000000 8.403361
530 0.000458 0.024495 100.000000 8.620689
540 0.000545 0.026001 100.000000 8.771930
550 0.000649 0.032013 100.000000 8.849558
560 0.000615 0.032473 100.000000 8.849558
570 0.000650 0.033550 100.000000 8.695652
580 0.000643 0.033423 100.000000 8.474576
590 0.000638 0.035550 100.000000 8.064516
600 0.000632 0.038636 100.000000 7.142857
610 0.000670 0.036363 100.000000 6.172840
