0 0.000194 0.020532 100.000000 11.627907
0 0.000173 0.028464 200.000000 12.048193
0 0.000131 0.032171 300.000000 10.309278
0 0.000026 0.019471 400.000000 10.282776
0 0.000056 0.015265 500.000000 10.351967
0 0.000087 0.017767 600.000000 10.791367
0 0.000089 0.023087 700.000000 11.146497
0 0.000047 0.024233 800.000000 10.810811
10 0.000249 0.022646 100.000000 11.627907
10 0.000214 0.030867 200.000000 12.048193
10 0.000089 0.032116 300.000000 9.771987
10 0.000033 0.018990 400.000000 10.335917
10 0.000062 0.015629 500.000000 10.330579
10 0.000092 0.018779 600.000000 10.810811
10 0.000089 0.024230 700.000000 11.164274
10 0.000042 0.023800 800.000000 10.796222
20 0.000165 0.020347 100.000000 11.764706
20 0.000175 0.027832 200.000000 11.904762
20 0.000061 0.026099 300.000000 9.646302
20 0.000037 0.016074 400.000000 10.389610
20 0.000073 0.015116 500.000000 10.351967
20 0.000108 0.020070 600.000000 10.830325
20 0.000097 0.026079 700.000000 11.182109
20 0.000042 0.024135 800.000000 10.810811
30 0.000229 0.017157 100.000000 11.764706
30 0.000098 0.023060 200.000000 11.560694
30 0.000030 0.019702 300.000000 9.615385
30 0.000048 0.013513 400.000000 10.416667
30 0.000094 0.015181 500.000000 10.373444
30 0.000122 0.022108 600.000000 10.869565
30 0.000104 0.029079 700.000000 11.182109
30 0.000047 0.025028 800.000000 10.840109
40 0.000182 0.016795 100.000000 11.904762
40 0.000087 0.020834 200.000000 11.111111
40 0.000031 0.016764 300.000000 9.646302
40 0.000071 0.012623 400.000000 10.443864
40 0.000115 0.016058 500.000000 10.416667
40 0.000125 0.024019 600.000000 10.909091
40 0.000106 0.031227 700.000000 11.182109
40 0.000048 0.025106 800.000000 10.869565
50 0.000293 0.019119 100.000000 11.904762
50 0.000117 0.023037 200.000000 10.752688
50 0.000040 0.017109 300.000000 9.677420
50 0.000075 0.013386 400.000000 10.443864
50 0.000115 0.017220 500.000000 10.460251
50 0.000123 0.025054 600.000000 10.928962
50 0.000103 0.031597 700.000000 11.128776
50 0.000043 0.024060 800.000000 10.899182
60 0.000346 0.027733 100.000000 12.048193
60 0.000152 0.031376 200.000000 10.526316
60 0.000045 0.020722 300.000000 9.708738
60 0.000060 0.015386 400.000000 10.309278
60 0.000099 0.017869 500.000000 10.504202
60 0.000111 0.024402 600.000000 10.968922
60 0.000069 0.029806 700.000000 10.920437
60 0.000039 0.022263 800.000000 10.928962
70 0.000164 0.023163 100.000000 12.048193
70 0.000142 0.023364 200.000000 10.309278
70 0.000045 0.015507 300.000000 9.771987
70 0.000076 0.014475 400.000000 10.152285
70 0.000122 0.019786 500.000000 10.548523
70 0.000126 0.028085 600.000000 10.989011
70 0.000076 0.032781 700.000000 10.736197
70 0.000042 0.023481 800.000000 10.958904
80 0.000203 0.026508 100.000000 12.195122
80 0.000137 0.027336 200.000000 9.900990
80 0.000059 0.016276 300.000000 9.803922
80 0.000091 0.015128 400.000000 10.050251
80 0.000127 0.021099 500.000000 10.570825
80 0.000124 0.028861 600.000000 11.029411
80 0.000073 0.031284 700.000000 10.670732
80 0.000041 0.022785 800.000000 10.989011
90 0.000162 0.022349 100.000000 12.195122
90 0.000050 0.021588 200.000000 9.216590
90 0.000067 0.013588 300.000000 9.868421
90 0.000127 0.016477 400.000000 10.000000
90 0.000149 0.024848 500.000000 10.615711
90 0.000140 0.033990 600.000000 11.049724
90 0.000077 0.034057 700.000000 10.670732
90 0.000047 0.024747 800.000000 11.019283
100 0.000186 0.025541 100.000000 12.048193
100 0.000057 0.022174 200.000000 8.849558
100 0.000084 0.013771 300.000000 9.933775
100 0.000130 0.017465 400.000000 10.000000
100 0.000156 0.026059 500.000000 10.638298
100 0.000138 0.034847 600.000000 11.070110
100 0.000068 0.032468 700.000000 10.670732
100 0.000044 0.023945 800.000000 11.034483
110 0.000075 0.022107 100.000000 11.494253
110 0.000078 0.017269 200.000000 8.733624
110 0.000106 0.012902 300.000000 9.966778
110 0.000152 0.019876 400.000000 10.025063
110 0.000180 0.030453 500.000000 10.660981
110 0.000148 0.039980 600.000000 11.070110
110 0.000077 0.034308 700.000000 10.687023
110 0.000042 0.024968 800.000000 11.049724
120 0.000067 0.019910 100.000000 10.526316
120 0.000135 0.014210 200.000000 8.733624
120 0.000155 0.013345 300.000000 10.000000
120 0.000195 0.023320 400.000000 10.075566
120 0.000203 0.035895 500.000000 10.683761
120 0.000160 0.045907 600.000000 11.049724
120 0.000083 0.036115 700.000000 10.703364
120 0.000048 0.026004 800.000000 11.065007
130 0.000071 0.018355 100.000000 9.803922
130 0.000133 0.012710 200.000000 8.771930
130 0.000178 0.014343 300.000000 10.000000
130 0.000205 0.025439 400.000000 10.101010
130 0.000188 0.037852 500.000000 10.706638
130 0.000156 0.047099 600.000000 11.009174
130 0.000076 0.034614 700.000000 10.736197
130 0.000046 0.025260 800.000000 11.065007
140 0.000178 0.018104 100.000000 9.345795
140 0.000167 0.010467 200.000000 8.771930
140 0.000187 0.016745 300.000000 9.836065
140 0.000200 0.029204 400.000000 10.126582
140 0.000199 0.041883 500.000000 10.729613
140 0.000128 0.051072 600.000000 10.791367
140 0.000078 0.034986 700.000000 10.769231
140 0.000046 0.025537 800.000000 11.080333
150 0.000243 0.015585 100.000000 8.928572
150 0.000163 0.009817 200.000000 8.810573
150 0.000173 0.018498 300.000000 9.584664
150 0.000206 0.030261 400.000000 10.152285
150 0.000193 0.042299 500.000000 10.752688
150 0.000117 0.048667 600.000000 10.526316
150 0.000072 0.032708 700.000000 10.785825
150 0.000039 0.024456 800.000000 11.080333
160 0.000213 0.018048 100.000000 8.264462
160 0.000167 0.010742 200.000000 8.888889
160 0.000182 0.018804 300.000000 9.433962
160 0.000204 0.030543 400.000000 10.178117
160 0.000184 0.041721 500.000000 10.775862
160 0.000113 0.044408 600.000000 10.434783
160 0.000062 0.029935 700.000000 10.802469
160 0.000043 0.023398 800.000000 11.080333
170 0.000176 0.017920 100.000000 7.299270
170 0.000179 0.011596 200.000000 8.928572
170 0.000227 0.023937 300.000000 9.375000
170 0.000230 0.037199 400.000000 10.230179
170 0.000201 0.049255 500.000000 10.799136
170 0.000116 0.047867 600.000000 10.416667
170 0.000073 0.032667 700.000000 10.835914
170 0.000044 0.024939 800.000000 11.095700
180 0.000171 0.016727 100.000000 6.896552
180 0.000220 0.013088 200.000000 9.049774
180 0.000240 0.026865 300.000000 9.404388
180 0.000241 0.040345 400.000000 10.282776
180 0.000202 0.052057 500.000000 10.845987
180 0.000111 0.047167 600.000000 10.434783
180 0.000070 0.032400 700.000000 10.869565
180 0.000046 0.024939 800.000000 11.095700
190 0.000188 0.014443 100.000000 6.896552
190 0.000218 0.014195 200.000000 9.216590
190 0.000226 0.027372 300.000000 9.493670
190 0.000246 0.040349 400.000000 10.362695
190 0.000194 0.051427 500.000000 10.893247
190 0.000105 0.043951 600.000000 10.489511
190 0.000063 0.030425 700.000000 10.920437
190 0.000041 0.023841 800.000000 11.126565
200 0.000173 0.012981 100.000000 7.092198
200 0.000197 0.013934 200.000000 9.389671
200 0.000210 0.025575 300.000000 9.646302
200 0.000229 0.037913 400.000000 10.498688
200 0.000182 0.048367 500.000000 10.989011
200 0.000093 0.039587 600.000000 10.582010
200 0.000057 0.027610 700.000000 11.006289
200 0.000042 0.022228 800.000000 11.173184
210 0.000223 0.011128 100.000000 7.299270
210 0.000217 0.017712 200.000000 9.615385
210 0.000258 0.030584 300.000000 9.803922
210 0.000246 0.043526 400.000000 10.638298
210 0.000192 0.053484 500.000000 11.111111
210 0.000094 0.041957 600.000000 10.676157
210 0.000055 0.029464 700.000000 11.093502
210 0.000039 0.023500 800.000000 11.220197
220 0.000241 0.010346 100.000000 7.575758
220 0.000227 0.018618 200.000000 9.852217
220 0.000250 0.030931 300.000000 10.000000
220 0.000232 0.043974 400.000000 10.781672
220 0.000183 0.053665 500.000000 11.185682
220 0.000089 0.040253 600.000000 10.771993
220 0.000054 0.028581 700.000000 11.182109
220 0.000037 0.023160 800.000000 11.283498
230 0.000263 0.011915 100.000000 7.812500
230 0.000273 0.022363 200.000000 10.000000
230 0.000277 0.035782 300.000000 10.135135
230 0.000236 0.048968 400.000000 10.899182
230 0.000188 0.058108 500.000000 11.235955
230 0.000088 0.041668 600.000000 10.869565
230 0.000054 0.029599 700.000000 11.254020
230 0.000037 0.023785 800.000000 11.331445
240 0.000280 0.012197 100.000000 8.064516
240 0.000271 0.024563 200.000000 10.050251
240 0.000269 0.037800 300.000000 10.273973
240 0.000236 0.050397 400.000000 11.019283
240 0.000173 0.059251 500.000000 11.185682
240 0.000087 0.040465 600.000000 10.968922
240 0.000053 0.028908 700.000000 11.308562
240 0.000038 0.023396 800.000000 11.379801
250 0.000277 0.012528 100.000000 8.333333
250 0.000262 0.025042 200.000000 10.000000
250 0.000259 0.037127 300.000000 10.452962
250 0.000234 0.049363 400.000000 11.142061
250 0.000138 0.057146 500.000000 11.013216
250 0.000079 0.037708 600.000000 11.049724
250 0.000055 0.027150 700.000000 11.382113
250 0.000041 0.022644 800.000000 11.444921
260 0.000333 0.015380 100.000000 8.620689
260 0.000263 0.028756 200.000000 9.900990
260 0.000264 0.039351 300.000000 10.600707
260 0.000233 0.051177 400.000000 11.267606
260 0.000134 0.056606 500.000000 10.893247
260 0.000082 0.036626 600.000000 11.131725
260 0.000062 0.026485 700.000000 11.456629
260 0.000050 0.022299 800.000000 11.510792
270 0.000362 0.018207 100.000000 8.928572
270 0.000275 0.031210 200.000000 9.900990
270 0.000284 0.042188 300.000000 10.752688
270 0.000232 0.053427 400.000000 11.428572
270 0.000143 0.056303 500.000000 10.893247
270 0.000079 0.036396 600.000000 11.235955
270 0.000062 0.026741 700.000000 11.532125
270 0.000050 0.022638 800.000000 11.594203
280 0.000350 0.018073 100.000000 9.433962
280 0.000290 0.030159 200.000000 10.101010
280 0.000275 0.041608 300.000000 10.989011
280 0.000229 0.052585 400.000000 11.627907
280 0.000134 0.053456 500.000000 10.964912
280 0.000074 0.034757 600.000000 11.363636
280 0.000059 0.025991 700.000000 11.627907
280 0.000047 0.022293 800.000000 11.695907
290 0.000390 0.025096 100.000000 10.101010
290 0.000333 0.037033 200.000000 10.362695
290 0.000301 0.048962 300.000000 11.278195
290 0.000245 0.060322 400.000000 11.834319
290 0.000143 0.058723 500.000000 11.111111
290 0.000077 0.038465 600.000000 11.516315
290 0.000058 0.028661 700.000000 11.744967
290 0.000044 0.023846 800.000000 11.799410
300 0.000275 0.017950 100.000000 10.869565
300 0.000288 0.029335 200.000000 10.695188
300 0.000275 0.040885 300.000000 11.583012
300 0.000223 0.052024 400.000000 12.084592
300 0.000121 0.050133 500.000000 11.261261
300 0.000068 0.033063 600.000000 11.673152
300 0.000049 0.025222 700.000000 11.884550
300 0.000042 0.022130 800.000000 11.922503
310 0.000260 0.016543 100.000000 11.764706
310 0.000270 0.027503 200.000000 11.049724
310 0.000259 0.039138 300.000000 11.857708
310 0.000213 0.050070 400.000000 12.307693
310 0.000109 0.046830 500.000000 11.415525
310 0.000064 0.031610 600.000000 11.834319
310 0.000041 0.024580 700.000000 12.006861
310 0.000039 0.022034 800.000000 12.048193
320 0.000296 0.018372 100.000000 12.658228
320 0.000283 0.029799 200.000000 11.299435
320 0.000266 0.041011 300.000000 12.145749
320 0.000214 0.051605 400.000000 12.539185
320 0.000103 0.046556 500.000000 11.547344
320 0.000063 0.031727 600.000000 11.952191
320 0.000035 0.025064 700.000000 12.110726
320 0.000042 0.022540 800.000000 12.139606
330 0.000270 0.019721 100.000000 13.333333
330 0.000263 0.029117 200.000000 11.560694
330 0.000268 0.040225 300.000000 12.295082
330 0.000204 0.049900 400.000000 12.658228
330 0.000092 0.042650 500.000000 11.627907
330 0.000048 0.029579 600.000000 12.048193
330 0.000030 0.024043 700.000000 12.152778
330 0.000032 0.022520 800.000000 12.213740
340 0.000274 0.019690 100.000000 13.698630
340 0.000264 0.028886 200.000000 11.695907
340 0.000265 0.039835 300.000000 12.448133
340 0.000192 0.049197 400.000000 12.698413
340 0.000082 0.039386 500.000000 11.709601
340 0.000039 0.027705 600.000000 12.096774
340 0.000029 0.023079 700.000000 12.131716
340 0.000033 0.022481 800.000000 12.251148
350 0.000247 0.017544 100.000000 13.698630
350 0.000275 0.026377 200.000000 11.764706
350 0.000235 0.037274 300.000000 12.500000
350 0.000172 0.045571 400.000000 12.658228
350 0.000063 0.033975 500.000000 11.737089
350 0.000031 0.024795 600.000000 12.096774
350 0.000026 0.021910 700.000000 12.110726
350 0.000043 0.022405 800.000000 12.269938
360 0.000272 0.017279 100.000000 13.333333
360 0.000266 0.027662 200.000000 11.834319
360 0.000229 0.038246 300.000000 12.500000
360 0.000165 0.045430 400.000000 12.461060
360 0.000050 0.031518 500.000000 11.764706
360 0.000030 0.023813 600.000000 12.096774
360 0.000035 0.021676 700.000000 12.068966
360 0.000045 0.022950 800.000000 12.232416
370 0.000251 0.018328 100.000000 12.195122
370 0.000256 0.027164 200.000000 11.834319
370 0.000222 0.037349 300.000000 12.500000
370 0.000103 0.043882 400.000000 11.834319
370 0.000046 0.028456 500.000000 11.792453
370 0.000040 0.022256 600.000000 12.096774
370 0.000045 0.021449 700.000000 12.068966
370 0.000046 0.023640 800.000000 12.102875
380 0.000232 0.021999 100.000000 10.869565
380 0.000273 0.028437 200.000000 11.834319
380 0.000205 0.037814 300.000000 12.500000
380 0.000099 0.040651 400.000000 11.461318
380 0.000037 0.026458 500.000000 11.792453
380 0.000040 0.022139 600.000000 12.072434
380 0.000053 0.021977 700.000000 12.068966
380 0.000046 0.024168 800.000000 11.958146
390 0.000346 0.024187 100.000000 10.309278
390 0.000298 0.033469 200.000000 11.834319
390 0.000216 0.043000 300.000000 12.448133
390 0.000089 0.040841 400.000000 11.299435
390 0.000034 0.027295 500.000000 11.792453
390 0.000025 0.023185 600.000000 12.024048
390 0.000053 0.022758 700.000000 12.068966
390 0.000035 0.024564 800.000000 11.834319
400 0.000301 0.022586 100.000000 10.101010
400 0.000270 0.029956 200.000000 11.764706
400 0.000190 0.038188 300.000000 12.396694
400 0.000054 0.033357 400.000000 11.235955
400 0.000028 0.023878 500.000000 11.792453
400 0.000032 0.022036 600.000000 11.976048
400 0.000064 0.023464 700.000000 12.048193
400 0.000053 0.025707 800.000000 11.730206
410 0.000318 0.024333 100.000000 10.000000
410 0.000290 0.033521 200.000000 11.764706
410 0.000188 0.041364 300.000000 12.345679
410 0.000057 0.032714 400.000000 11.235955
410 0.000029 0.023725 500.000000 11.764706
410 0.000031 0.022170 600.000000 11.881188
410 0.000053 0.024170 700.000000 12.048193
410 0.000047 0.026268 800.000000 11.611031
420 0.000275 0.021790 100.000000 10.101010
420 0.000244 0.029599 200.000000 11.764706
420 0.000164 0.035957 300.000000 12.244898
420 0.000043 0.026702 400.000000 11.267606
420 0.000049 0.020925 500.000000 11.764706
420 0.000056 0.021754 600.000000 11.834319
420 0.000078 0.025380 700.000000 12.048193
430 0.000251 0.020412 100.000000 10.309278
430 0.000203 0.025596 200.000000 11.904762
430 0.000138 0.030572 300.000000 12.145749
430 0.000049 0.022013 400.000000 11.331445
430 0.000064 0.019168 500.000000 11.820331
430 0.000072 0.021892 600.000000 11.834319
430 0.000089 0.027179 700.000000 12.048193
440 0.000296 0.021705 100.000000 10.752688
440 0.000210 0.028524 200.000000 12.195122
440 0.000109 0.034496 300.000000 11.952191
440 0.000053 0.022720 400.000000 11.461318
440 0.000074 0.020107 500.000000 11.904762
440 0.000078 0.022485 600.000000 11.904762
440 0.000073 0.027630 700.000000 12.068966
450 0.000267 0.022017 100.000000 11.363636
450 0.000229 0.029101 200.000000 12.578616
450 0.000090 0.034452 300.000000 11.673152
450 0.000054 0.022257 400.000000 11.627907
450 0.000074 0.020231 500.000000 12.019231
450 0.000082 0.023149 600.000000 12.000000
450 0.000082 0.028279 700.000000 12.068966
460 0.000284 0.019501 100.000000 12.048193
460 0.000222 0.028374 200.000000 12.987013
460 0.000082 0.033094 300.000000 11.583012
460 0.000057 0.021134 400.000000 11.834319
460 0.000082 0.020138 500.000000 12.165450
460 0.000093 0.023615 600.000000 12.121212
460 0.000078 0.029015 700.000000 12.089810
470 0.000337 0.020190 100.000000 12.820513
470 0.000217 0.029317 200.000000 13.333333
470 0.000081 0.032054 300.000000 11.583012
470 0.000070 0.020591 400.000000 11.976048
470 0.000081 0.020737 500.000000 12.285012
470 0.000094 0.024505 600.000000 12.244898
470 0.000082 0.029780 700.000000 12.089810
480 0.000272 0.018610 100.000000 13.333333
480 0.000192 0.024721 200.000000 13.698630
480 0.000067 0.026020 300.000000 11.583012
480 0.000086 0.018162 400.000000 12.121212
480 0.000091 0.020958 500.000000 12.376238
480 0.000106 0.026201 600.000000 12.320329
480 0.000088 0.032303 700.000000 12.068966
490 0.000265 0.018578 100.000000 13.698630
490 0.000188 0.025162 200.000000 13.793103
490 0.000065 0.023877 300.000000 11.627907
490 0.000077 0.018599 400.000000 12.195122
490 0.000103 0.022045 500.000000 12.406948
490 0.000117 0.027712 600.000000 12.396694
490 0.000089 0.033763 700.000000 12.027492
500 0.000289 0.018550 100.000000 13.888889
500 0.000188 0.024640 200.000000 13.888889
500 0.000073 0.021528 300.000000 11.627907
500 0.000097 0.018119 400.000000 12.232416
500 0.000093 0.023236 500.000000 12.376238
500 0.000117 0.029932 600.000000 12.422360
500 0.000102 0.035740 700.000000 11.965812
510 0.000312 0.020016 100.000000 13.888889
510 0.000172 0.025206 200.000000 13.793103
510 0.000077 0.020326 300.000000 11.627907
510 0.000109 0.018807 400.000000 12.232416
510 0.000107 0.024345 500.000000 12.285012
510 0.000118 0.031684 600.000000 12.422360
520 0.000216 0.017674 100.000000 13.888889
520 0.000133 0.020365 200.000000 13.513514
520 0.000113 0.016252 300.000000 11.627907
520 0.000129 0.018907 400.000000 12.195122
520 0.000123 0.027012 500.000000 12.165450
520 0.000139 0.035640 600.000000 12.396694
530 0.000217 0.018513 100.000000 13.698630
530 0.000119 0.022471 200.000000 12.738853
530 0.000130 0.015380 300.000000 11.673152
530 0.000149 0.020422 400.000000 12.158054
530 0.000147 0.028789 500.000000 12.106538
530 0.000129 0.038082 600.000000 12.295082
540 0.000195 0.018322 100.000000 13.698630
540 0.000132 0.022818 200.000000 11.428572
540 0.000142 0.015367 300.000000 11.673152
540 0.000168 0.022425 400.000000 12.121212
540 0.000156 0.031352 500.000000 12.106538
540 0.000138 0.040769 600.000000 12.096774
550 0.000170 0.017305 100.000000 13.698630
550 0.000101 0.019219 200.000000 10.869565
550 0.000168 0.015155 300.000000 11.673152
550 0.000161 0.025264 400.000000 12.121212
550 0.000171 0.035019 500.000000 12.106538
550 0.000141 0.044323 600.000000 11.904762
560 0.000153 0.017671 100.000000 13.698630
560 0.000138 0.016787 200.000000 10.695188
560 0.000166 0.016989 300.000000 11.718750
560 0.000173 0.028546 400.000000 12.048193
560 0.000186 0.038602 500.000000 12.106538
560 0.000138 0.047665 600.000000 11.764706
570 0.000140 0.018502 100.000000 13.513514
570 0.000176 0.013969 200.000000 10.638298
570 0.000185 0.018899 300.000000 11.718750
570 0.000173 0.032010 400.000000 11.976048
570 0.000187 0.043165 500.000000 12.106538
570 0.000155 0.051708 600.000000 11.650485
580 0.000155 0.019990 100.000000 13.333333
580 0.000210 0.012613 200.000000 10.695188
580 0.000209 0.021466 300.000000 11.718750
580 0.000200 0.035392 400.000000 11.869436
580 0.000196 0.047614 500.000000 12.106538
590 0.000139 0.019047 100.000000 12.987013
590 0.000224 0.012530 200.000000 10.695188
590 0.000220 0.024170 300.000000 11.673152
590 0.000198 0.037631 400.000000 11.764706
590 0.000200 0.049411 500.000000 12.077294
600 0.000162 0.022082 100.000000 11.764706
600 0.000253 0.013012 200.000000 10.752688
600 0.000233 0.027611 300.000000 11.673152
600 0.000221 0.040516 400.000000 11.730206
600 0.000194 0.052569 500.000000 12.019231
610 0.000333 0.025896 100.000000 9.803922
610 0.000268 0.015822 200.000000 10.752688
610 0.000257 0.030911 300.000000 11.627907
610 0.000217 0.043391 400.000000 11.695907
610 0.000195 0.054923 500.000000 11.792453
620 0.000240 0.020253 100.000000 8.928572
620 0.000270 0.018029 200.000000 10.810811
620 0.000239 0.033996 300.000000 11.583012
620 0.000234 0.045609 400.000000 11.695907
620 0.000185 0.055854 500.000000 11.574074
630 0.000301 0.015950 100.000000 8.695652
630 0.000286 0.022271 200.000000 10.810811
630 0.000254 0.038397 300.000000 11.538462
630 0.000240 0.049499 400.000000 11.730206
630 0.000177 0.059199 500.000000 11.441648
640 0.000348 0.013184 100.000000 8.695652
640 0.000275 0.026440 200.000000 10.869565
640 0.000231 0.041674 300.000000 11.494253
640 0.000241 0.053085 400.000000 11.730206
640 0.000186 0.061210 500.000000 11.337869
650 0.000360 0.013145 100.000000 8.695652
650 0.000303 0.029388 200.000000 10.928962
650 0.000227 0.043515 300.000000 11.406844
650 0.000220 0.054961 400.000000 11.764706
650 0.000177 0.062625 500.000000 11.185682
660 0.000404 0.016060 100.000000 8.849558
660 0.000321 0.033726 200.000000 10.989011
660 0.000255 0.047067 300.000000 11.363636
660 0.000241 0.058466 400.000000 11.799410
670 0.000410 0.017171 100.000000 9.090909
670 0.000297 0.034566 200.000000 11.111111
670 0.000246 0.046629 300.000000 11.406844
670 0.000244 0.057678 400.000000 11.869436
680 0.000444 0.020069 100.000000 9.523809
680 0.000322 0.037424 200.000000 11.363636
680 0.000267 0.048758 300.000000 11.538462
680 0.000235 0.059540 400.000000 11.976048
690 0.000294 0.015509 100.000000 10.101010
690 0.000268 0.028101 200.000000 11.764706
690 0.000221 0.037168 300.000000 11.811024
690 0.000179 0.047194 400.000000 12.121212
700 0.000232 0.014635 100.000000 10.869565
700 0.000218 0.023232 200.000000 12.195122
700 0.000201 0.030561 300.000000 12.096774
700 0.000167 0.039769 400.000000 12.232416
710 0.000212 0.016474 100.000000 11.627907
710 0.000224 0.023265 200.000000 12.658228
710 0.000182 0.030279 300.000000 12.396694
710 0.000160 0.039067 400.000000 12.383901
720 0.000269 0.019939 100.000000 12.500000
720 0.000256 0.029927 200.000000 13.071896
720 0.000224 0.037890 300.000000 12.711864
720 0.000174 0.046815 400.000000 12.422360
730 0.000307 0.021176 100.000000 13.333333
730 0.000245 0.032356 200.000000 13.422819
730 0.000234 0.040370 300.000000 12.931034
730 0.000172 0.048430 400.000000 12.422360
740 0.000322 0.022735 100.000000 13.888889
740 0.000213 0.033144 200.000000 13.605442
740 0.000235 0.040731 300.000000 13.100436
740 0.000162 0.047948 400.000000 12.383901
750 0.000181 0.021673 100.000000 14.285714
750 0.000196 0.031098 200.000000 13.605442
750 0.000216 0.038239 300.000000 13.215859
750 0.000142 0.044287 400.000000 12.269938
760 0.000258 0.022306 100.000000 14.285714
760 0.000198 0.030911 200.000000 13.422819
760 0.000205 0.038756 300.000000 13.215859
760 0.000142 0.043712 400.000000 12.084592
770 0.000233 0.022773 100.000000 14.084507
770 0.000179 0.029012 200.000000 13.071896
770 0.000199 0.036691 300.000000 13.215859
780 0.000203 0.022658 100.000000 13.888889
780 0.000150 0.026704 200.000000 12.820513
780 0.000187 0.034058 300.000000 13.100436
790 0.000267 0.022631 100.000000 13.698630
790 0.000212 0.025800 200.000000 12.738853
790 0.000154 0.033497 300.000000 12.711864
800 0.000234 0.022576 100.000000 13.333333
800 0.000170 0.025836 200.000000 12.658228
800 0.000135 0.032170 300.000000 12.244898
810 0.000152 0.020894 100.000000 13.157895
810 0.000191 0.022926 200.000000 12.658228
810 0.000108 0.027645 300.000000 11.904762
820 0.000191 0.026687 100.000000 12.820513
820 0.000226 0.031292 200.000000 12.658228
820 0.000137 0.035709 300.000000 11.627907
830 0.000165 0.024331 100.000000 12.345679
830 0.000199 0.028983 200.000000 12.658228
830 0.000124 0.031928 300.000000 11.363636
840 0.000138 0.020406 100.000000 12.048193
840 0.000176 0.025864 200.000000 12.658228
850 0.000138 0.020307 100.000000 11.764706
850 0.000189 0.026976 200.000000 12.578616
860 0.000196 0.016011 100.000000 11.627907
860 0.000108 0.021078 200.000000 12.269938
870 0.000170 0.014680 100.000000 11.764706
870 0.000106 0.019292 200.000000 11.764706
880 0.000218 0.019030 100.000000 11.904762
880 0.000121 0.024244 200.000000 11.363636
890 0.000242 0.018394 100.000000 12.048193
890 0.000120 0.021670 200.000000 11.111111
900 0.000276 0.023525 100.000000 12.345679
900 0.000165 0.025634 200.000000 10.989011
910 0.000205 0.023468 100.000000 12.658228
910 0.000152 0.024405 200.000000 10.810811
920 0.000256 0.025295 100.000000 12.987013
930 0.000228 0.024549 100.000000 13.333333
940 0.000090 0.020506 100.000000 13.157895
950 0.000115 0.022926 100.000000 12.048193
960 0.000090 0.017339 100.000000 10.989011
970 0.000192 0.015009 100.000000 10.204082
980 0.000235 0.014047 100.000000 9.708738
990 0.000266 0.015289 100.000000 9.090909
