0 0.000356 0.018221 100.000000 6.289308
0 0.000320 0.017448 200.000000 6.666667
0 0.000388 0.025462 300.000000 7.194244
0 0.000340 0.044973 400.000000 7.326007
0 0.000316 0.059812 500.000000 7.610350
10 0.000220 0.013377 100.000000 6.211180
10 0.000266 0.010004 200.000000 6.666667
10 0.000339 0.015814 300.000000 7.194244
10 0.000276 0.034051 400.000000 7.312614
10 0.000264 0.047868 500.000000 7.598784
20 0.000238 0.011572 100.000000 6.134969
20 0.000271 0.010931 200.000000 6.666667
20 0.000324 0.014451 300.000000 7.211538
20 0.000291 0.031449 400.000000 7.312614
20 0.000242 0.045854 500.000000 7.575758
30 0.000316 0.012268 100.000000 5.988024
30 0.000280 0.011599 200.000000 6.688963
30 0.000308 0.014394 300.000000 7.228916
30 0.000285 0.030859 400.000000 7.326007
30 0.000227 0.045368 500.000000 7.564297
40 0.000341 0.014146 100.000000 5.882353
40 0.000325 0.011496 200.000000 6.711410
40 0.000309 0.016279 300.000000 7.246377
40 0.000301 0.031919 400.000000 7.352941
40 0.000215 0.046409 500.000000 7.552870
50 0.000366 0.015389 100.000000 5.882353
50 0.000313 0.010551 200.000000 6.779661
50 0.000346 0.020886 300.000000 7.299270
50 0.000306 0.037595 400.000000 7.380074
50 0.000215 0.052005 500.000000 7.530120
60 0.000420 0.013191 100.000000 5.988024
60 0.000307 0.010557 200.000000 6.872852
60 0.000364 0.020116 300.000000 7.371007
60 0.000303 0.036768 400.000000 7.448790
60 0.000204 0.051877 500.000000 7.496252
70 0.000415 0.014937 100.000000 6.211180
70 0.000310 0.010757 200.000000 7.042253
70 0.000366 0.022899 300.000000 7.481297
70 0.000303 0.038582 400.000000 7.532957
70 0.000193 0.053164 500.000000 7.485030
80 0.000376 0.014595 100.000000 6.451613
80 0.000315 0.010481 200.000000 7.220217
80 0.000362 0.022992 300.000000 7.614213
80 0.000303 0.039069 400.000000 7.633588
80 0.000194 0.053654 500.000000 7.507507
90 0.000358 0.012335 100.000000 6.711410
90 0.000325 0.011591 200.000000 7.380074
90 0.000356 0.018889 300.000000 7.751938
90 0.000299 0.035470 400.000000 7.736944
90 0.000184 0.050521 500.000000 7.507507
100 0.000338 0.012273 100.000000 6.896552
100 0.000351 0.010569 200.000000 7.490637
100 0.000347 0.021872 300.000000 7.853403
100 0.000311 0.038510 400.000000 7.812500
100 0.000197 0.053422 500.000000 7.440476
110 0.000312 0.017531 100.000000 6.896552
110 0.000363 0.012275 200.000000 7.547170
110 0.000327 0.020041 300.000000 7.915567
110 0.000299 0.035433 400.000000 7.874016
120 0.000284 0.018285 100.000000 6.849315
120 0.000344 0.011773 200.000000 7.547170
120 0.000328 0.020498 300.000000 7.915567
120 0.000310 0.035266 400.000000 7.920792
130 0.000323 0.013849 100.000000 6.849315
130 0.000367 0.011171 200.000000 7.575758
130 0.000359 0.029494 300.000000 7.832898
130 0.000352 0.045388 400.000000 7.936508
140 0.000336 0.011026 100.000000 6.896552
140 0.000405 0.012225 200.000000 7.604563
140 0.000370 0.032827 300.000000 7.751938
140 0.000352 0.048092 400.000000 7.968128
150 0.000296 0.014210 100.000000 6.944445
150 0.000384 0.012216 200.000000 7.662835
150 0.000338 0.030544 300.000000 7.731959
150 0.000326 0.044831 400.000000 7.984032
160 0.000344 0.010193 100.000000 7.042253
160 0.000432 0.017444 200.000000 7.722008
160 0.000353 0.040270 300.000000 7.731959
160 0.000341 0.055281 400.000000 8.016032
170 0.000377 0.010725 100.000000 7.092198
170 0.000465 0.023338 200.000000 7.782101
170 0.000338 0.046869 300.000000 7.731959
170 0.000334 0.062042 400.000000 8.016032
180 0.000313 0.013796 100.000000 7.194244
180 0.000403 0.018785 200.000000 7.843137
180 0.000336 0.038920 300.000000 7.772021
180 0.000304 0.054149 400.000000 8.032128
190 0.000282 0.016984 100.000000 7.352941
190 0.000378 0.016090 200.000000 7.936508
190 0.000306 0.034539 300.000000 7.832898
190 0.000277 0.049863 400.000000 8.048289
200 0.000300 0.015331 100.000000 7.575758
200 0.000370 0.018963 200.000000 8.064516
200 0.000321 0.037080 300.000000 7.915567
200 0.000273 0.052748 400.000000 8.097166
210 0.000365 0.010352 100.000000 7.812500
210 0.000401 0.025362 200.000000 8.196721
210 0.000361 0.044807 300.000000 8.000000
210 0.000291 0.061528 400.000000 8.113590
220 0.000374 0.013420 100.000000 7.936508
220 0.000491 0.037246 200.000000 8.264462
220 0.000393 0.058109 300.000000 8.042895
220 0.000313 0.075359 400.000000 8.064516
230 0.000425 0.019659 100.000000 8.000000
230 0.000541 0.045124 200.000000 8.298756
230 0.000407 0.064934 300.000000 8.086253
230 0.000301 0.082257 400.000000 7.858546
240 0.000583 0.017123 100.000000 8.064516
240 0.000525 0.043774 200.000000 8.368201
240 0.000400 0.062463 300.000000 8.130081
240 0.000283 0.078565 400.000000 7.648183
250 0.000566 0.015746 100.000000 8.196721
250 0.000460 0.038562 200.000000 8.438819
250 0.000373 0.054868 300.000000 8.196721
260 0.000525 0.014773 100.000000 8.264462
260 0.000457 0.036350 200.000000 8.510638
260 0.000378 0.052333 300.000000 8.287292
270 0.000537 0.016989 100.000000 8.333333
270 0.000446 0.039854 200.000000 8.474576
270 0.000425 0.055750 300.000000 8.333333
280 0.000473 0.018750 100.000000 8.403361
280 0.000449 0.037253 200.000000 8.298756
280 0.000415 0.052105 300.000000 8.356546
290 0.000515 0.020314 100.000000 8.403361
290 0.000448 0.041064 200.000000 8.163265
290 0.000419 0.055713 300.000000 8.356546
300 0.000669 0.025077 100.000000 8.474576
300 0.000452 0.050014 200.000000 8.097166
300 0.000436 0.065440 300.000000 8.356546
310 0.000622 0.023449 100.000000 8.474576
310 0.000365 0.045778 200.000000 8.064516
310 0.000388 0.060594 300.000000 8.333333
320 0.000541 0.020567 100.000000 8.474576
320 0.000389 0.038969 200.000000 8.032128
320 0.000349 0.054293 300.000000 8.310249
330 0.000619 0.023490 100.000000 8.547009
330 0.000415 0.045469 200.000000 8.064516
330 0.000367 0.062848 300.000000 8.264462
340 0.000654 0.028021 100.000000 8.474576
340 0.000457 0.049454 200.000000 8.032128
340 0.000378 0.066384 300.000000 8.152174
350 0.000784 0.034910 100.000000 8.474576
350 0.000472 0.055948 200.000000 8.064516
350 0.000363 0.073182 300.000000 7.894737
360 0.000657 0.026287 100.000000 8.547009
360 0.000407 0.045002 200.000000 8.097166
360 0.000327 0.060119 300.000000 7.556675
370 0.000523 0.016907 100.000000 8.620689
370 0.000379 0.034223 200.000000 8.163265
380 0.000584 0.022579 100.000000 8.620689
380 0.000440 0.040417 200.000000 8.230453
390 0.000599 0.029213 100.000000 8.403361
390 0.000507 0.046162 200.000000 8.298756
400 0.000531 0.024162 100.000000 8.000000
400 0.000460 0.038308 200.000000 8.298756
410 0.000422 0.021240 100.000000 7.751938
410 0.000421 0.033206 200.000000 8.264462
420 0.000310 0.018596 100.000000 7.633588
420 0.000390 0.030002 200.000000 8.264462
430 0.000255 0.014029 100.000000 7.575758
430 0.000345 0.024717 200.000000 8.196721
440 0.000276 0.014658 100.000000 7.575758
440 0.000327 0.025611 200.000000 8.130081
450 0.000326 0.012221 100.000000 7.575758
450 0.000311 0.022311 200.000000 8.032128
460 0.000270 0.011888 100.000000 7.575758
460 0.000328 0.021871 200.000000 7.843137
470 0.000194 0.010126 100.000000 7.575758
470 0.000367 0.020003 200.000000 7.407407
480 0.000235 0.010204 100.000000 7.633588
480 0.000345 0.017855 200.000000 6.896552
490 0.000272 0.008630 100.000000 7.751938
500 0.000341 0.008927 100.000000 7.874016
510 0.000430 0.010287 100.000000 8.130081
520 0.000389 0.009890 100.000000 8.403361
530 0.000410 0.010398 100.000000 8.620689
540 0.000504 0.011646 100.000000 8.771930
550 0.000610 0.018469 100.000000 8.849558
560 0.000644 0.023260 100.000000 8.849558
570 0.000687 0.024184 100.000000 8.695652
580 0.000739 0.023954 100.000000 8.474576
590 0.000738 0.026511 100.000000 8.064516
600 0.000732 0.028287 100.000000 7.142857
610 0.000751 0.026085 100.000000 6.172840
