0 0.008265 0.418954 100.000000 12.195122
0 0.006097 0.606759 200.000000 15.503876
0 0.004788 0.787554 300.000000 17.543859
0 0.004251 0.910503 400.000000 19.138756
0 0.003755 1.018095 500.000000 20.408163
0 0.003322 1.108230 600.000000 21.276596
0 0.003000 1.187069 700.000000 21.875000
0 0.002777 1.250555 800.000000 22.346369
10 0.006827 0.370172 100.000000 12.987013
10 0.005330 0.536486 200.000000 16.129032
10 0.004198 0.692872 300.000000 18.181818
10 0.003874 0.815904 400.000000 19.704433
10 0.003402 0.922812 500.000000 20.920502
10 0.003038 1.013110 600.000000 21.739130
10 0.002774 1.092796 700.000000 22.292994
10 0.002559 1.152442 800.000000 22.792023
20 0.006953 0.385630 100.000000 13.888889
20 0.005330 0.563961 200.000000 16.949152
20 0.004170 0.713613 300.000000 18.867924
20 0.003833 0.826448 400.000000 20.408163
20 0.003376 0.937740 500.000000 21.459227
20 0.003009 1.023893 600.000000 22.222221
20 0.002727 1.094621 700.000000 22.801304
20 0.002546 1.157959 800.000000 23.188406
30 0.006605 0.357446 100.000000 14.925373
30 0.005054 0.540245 200.000000 17.857143
30 0.003968 0.686732 300.000000 19.607843
30 0.003698 0.802578 400.000000 21.052631
30 0.003233 0.904106 500.000000 22.123894
30 0.002894 0.989915 600.000000 22.813688
30 0.002636 1.066072 700.000000 23.255814
30 0.002475 1.129027 800.000000 23.598820
40 0.006573 0.336050 100.000000 16.129032
40 0.004900 0.529856 200.000000 18.867924
40 0.003881 0.674730 300.000000 20.408163
40 0.003637 0.792941 400.000000 21.739130
40 0.003145 0.892540 500.000000 22.727272
40 0.002824 0.976525 600.000000 23.346304
40 0.002577 1.050857 700.000000 23.728813
40 0.002423 1.113147 800.000000 24.024025
50 0.006336 0.312890 100.000000 17.241379
50 0.004669 0.510268 200.000000 19.801981
50 0.003762 0.644217 300.000000 21.276596
50 0.003511 0.765132 400.000000 22.471910
50 0.003036 0.869815 500.000000 23.255814
50 0.002747 0.951968 600.000000 23.809525
50 0.002510 1.019306 700.000000 24.221453
50 0.002364 1.081474 800.000000 24.464832
60 0.005151 0.237468 100.000000 18.518518
60 0.003963 0.423389 200.000000 20.618557
60 0.003404 0.551809 300.000000 21.897810
60 0.003157 0.666252 400.000000 23.121387
60 0.002762 0.768771 500.000000 23.809525
60 0.002489 0.850859 600.000000 24.291498
60 0.002292 0.923440 700.000000 24.561403
60 0.002183 0.981956 800.000000 24.844721
70 0.004520 0.200029 100.000000 19.230770
70 0.003446 0.361131 200.000000 21.276596
70 0.003111 0.473315 300.000000 22.727272
70 0.002886 0.595323 400.000000 23.668638
70 0.002533 0.694322 500.000000 24.271845
70 0.002301 0.774810 600.000000 24.691359
70 0.002131 0.846261 700.000000 24.911032
70 0.002041 0.905737 800.000000 25.157232
80 0.004078 0.179787 100.000000 20.408163
80 0.003160 0.326926 200.000000 21.978022
80 0.002998 0.440040 300.000000 23.255814
80 0.002696 0.552939 400.000000 24.242424
80 0.002388 0.647670 500.000000 24.752476
80 0.002163 0.730899 600.000000 25.000000
80 0.002029 0.795610 700.000000 25.270758
80 0.001943 0.859618 800.000000 25.396826
90 0.003745 0.166391 100.000000 21.276596
90 0.002864 0.299472 200.000000 22.471910
90 0.002855 0.408966 300.000000 23.809525
90 0.002517 0.517588 400.000000 24.691359
90 0.002255 0.607912 500.000000 25.125628
90 0.002050 0.688019 600.000000 25.316456
90 0.001937 0.755580 700.000000 25.454546
90 0.001863 0.814613 800.000000 25.641026
100 0.003334 0.150237 100.000000 21.739130
100 0.002597 0.258550 200.000000 23.255814
100 0.002681 0.372335 300.000000 24.390244
100 0.002323 0.482071 400.000000 25.000000
100 0.002100 0.567791 500.000000 25.380711
100 0.001930 0.643987 600.000000 25.531916
100 0.001837 0.705703 700.000000 25.735294
100 0.001768 0.768634 800.000000 25.806452
110 0.003014 0.145055 100.000000 22.222221
110 0.002547 0.242048 200.000000 23.809525
110 0.002567 0.360207 300.000000 24.793388
110 0.002203 0.463041 400.000000 25.316456
110 0.002010 0.544899 500.000000 25.641026
110 0.001834 0.613144 600.000000 25.862068
110 0.001786 0.678233 700.000000 25.925926
110 0.001712 0.739659 800.000000 25.974026
120 0.002509 0.109850 100.000000 22.727272
120 0.002450 0.207030 200.000000 24.390244
120 0.002368 0.325584 300.000000 25.210085
120 0.002056 0.421949 400.000000 25.641026
120 0.001870 0.500263 500.000000 25.906736
120 0.001744 0.570050 600.000000 25.974026
120 0.001695 0.630536 700.000000 26.119404
120 0.001613 0.690555 800.000000 26.143791
130 0.002183 0.091591 100.000000 23.255814
130 0.002468 0.195555 200.000000 24.691359
130 0.002222 0.307096 300.000000 25.641026
130 0.001926 0.397169 400.000000 25.974026
130 0.001782 0.476244 500.000000 26.041666
130 0.001681 0.539186 600.000000 26.200872
130 0.001614 0.602994 700.000000 26.217228
130 0.001547 0.657706 800.000000 26.315790
140 0.001898 0.075642 100.000000 23.809525
140 0.002380 0.183973 200.000000 25.316456
140 0.002063 0.295210 300.000000 25.862068
140 0.001842 0.379550 400.000000 26.143791
140 0.001687 0.454277 500.000000 26.178011
140 0.001633 0.515059 600.000000 26.315790
140 0.001569 0.578002 700.000000 26.315790
140 0.001497 0.631585 800.000000 26.402639
150 0.002095 0.082320 100.000000 23.809525
150 0.002378 0.193341 200.000000 25.641026
150 0.001961 0.296540 300.000000 26.086956
150 0.001792 0.376065 400.000000 26.315790
150 0.001640 0.446784 500.000000 26.315790
150 0.001596 0.506374 600.000000 26.431719
150 0.001528 0.568109 700.000000 26.415094
150 0.001461 0.620858 800.000000 26.490067
160 0.002503 0.102217 100.000000 25.000000
160 0.002384 0.220652 200.000000 25.974026
160 0.001980 0.314897 300.000000 26.315790
160 0.001794 0.389707 400.000000 26.490067
160 0.001643 0.456310 500.000000 26.455027
160 0.001612 0.514950 600.000000 26.548672
160 0.001522 0.574510 700.000000 26.515152
160 0.001449 0.626991 800.000000 26.578074
170 0.002717 0.109116 100.000000 25.641026
170 0.002281 0.219623 200.000000 26.315790
170 0.001872 0.303578 300.000000 26.548672
170 0.001667 0.373348 400.000000 26.666666
170 0.001575 0.436874 500.000000 26.595745
170 0.001545 0.494891 600.000000 26.666666
170 0.001469 0.552835 700.000000 26.615969
170 0.001394 0.604462 800.000000 26.666666
180 0.002874 0.130508 100.000000 26.315790
180 0.002180 0.232893 200.000000 26.666666
180 0.001830 0.308513 300.000000 26.785715
180 0.001661 0.377315 400.000000 26.666666
180 0.001600 0.433862 500.000000 26.737968
180 0.001530 0.494635 600.000000 26.666666
180 0.001464 0.547174 700.000000 26.717558
180 0.001371 0.597374 800.000000 26.755854
190 0.002770 0.138030 100.000000 26.315790
190 0.001949 0.224460 200.000000 26.666666
190 0.001732 0.292626 300.000000 26.785715
190 0.001561 0.355921 400.000000 26.666666
190 0.001528 0.411054 500.000000 26.737968
190 0.001466 0.470508 600.000000 26.666666
190 0.001400 0.522085 700.000000 26.717558
190 0.001324 0.570480 800.000000 26.755854
200 0.002289 0.114798 100.000000 26.315790
200 0.001689 0.185951 200.000000 26.666666
200 0.001560 0.248743 300.000000 26.785715
200 0.001432 0.307411 400.000000 26.666666
200 0.001407 0.362468 500.000000 26.737968
200 0.001363 0.420194 600.000000 26.666666
200 0.001299 0.472089 700.000000 26.717558
200 0.001234 0.518903 800.000000 26.755854
210 0.001695 0.091002 100.000000 26.315790
210 0.001473 0.146764 200.000000 26.666666
210 0.001335 0.204459 300.000000 26.785715
210 0.001290 0.260559 400.000000 26.666666
210 0.001293 0.318919 500.000000 26.595745
210 0.001253 0.372112 600.000000 26.666666
210 0.001203 0.423416 700.000000 26.717558
210 0.001177 0.469616 800.000000 26.755854
220 0.001417 0.079203 100.000000 26.315790
220 0.001334 0.129833 200.000000 26.666666
220 0.001226 0.186963 300.000000 26.548672
220 0.001281 0.242293 400.000000 26.490067
220 0.001270 0.297612 500.000000 26.595745
220 0.001248 0.352921 600.000000 26.548672
220 0.001161 0.400259 700.000000 26.717558
220 0.001160 0.448467 800.000000 26.666666
230 0.001122 0.063308 100.000000 26.315790
230 0.001177 0.115231 200.000000 26.315790
230 0.001136 0.166329 300.000000 26.548672
230 0.001229 0.222012 400.000000 26.490067
230 0.001232 0.277489 500.000000 26.595745
230 0.001191 0.330117 600.000000 26.666666
230 0.001112 0.381082 700.000000 26.615969
230 0.001147 0.428674 800.000000 26.578074
240 0.001149 0.060489 100.000000 25.641026
240 0.001175 0.108138 200.000000 26.315790
240 0.001166 0.160616 300.000000 26.315790
240 0.001225 0.214805 400.000000 26.490067
240 0.001200 0.271943 500.000000 26.455027
240 0.001141 0.324216 600.000000 26.548672
240 0.001098 0.370730 700.000000 26.615969
240 0.001145 0.418585 800.000000 26.578074
250 0.001236 0.062732 100.000000 25.641026
250 0.001176 0.112447 200.000000 26.315790
250 0.001203 0.164847 300.000000 26.315790
250 0.001242 0.220236 400.000000 26.490067
250 0.001191 0.276373 500.000000 26.455027
250 0.001122 0.327802 600.000000 26.548672
250 0.001106 0.373184 700.000000 26.615969
250 0.001146 0.423614 800.000000 26.490067
260 0.001197 0.074162 100.000000 25.641026
260 0.001251 0.123097 200.000000 26.315790
260 0.001260 0.176689 300.000000 26.315790
260 0.001268 0.232749 400.000000 26.490067
260 0.001226 0.288325 500.000000 26.455027
260 0.001131 0.337680 600.000000 26.548672
260 0.001139 0.382273 700.000000 26.615969
260 0.001168 0.435209 800.000000 26.402639
270 0.001348 0.080633 100.000000 25.641026
270 0.001237 0.124962 200.000000 26.315790
270 0.001296 0.180072 300.000000 26.315790
270 0.001251 0.235454 400.000000 26.490067
270 0.001197 0.291012 500.000000 26.455027
270 0.001117 0.337848 600.000000 26.548672
270 0.001167 0.384642 700.000000 26.515152
270 0.001152 0.434518 800.000000 26.402639
280 0.001334 0.075069 100.000000 25.641026
280 0.001218 0.120220 200.000000 25.974026
280 0.001279 0.173934 300.000000 26.315790
280 0.001240 0.230773 400.000000 26.315790
280 0.001144 0.282508 500.000000 26.455027
280 0.001087 0.327577 600.000000 26.548672
280 0.001145 0.375197 700.000000 26.515152
280 0.001127 0.427281 800.000000 26.315790
290 0.001256 0.071767 100.000000 25.641026
290 0.001303 0.117153 200.000000 25.974026
290 0.001257 0.171269 300.000000 26.315790
290 0.001240 0.226824 400.000000 26.315790
290 0.001118 0.277043 500.000000 26.455027
290 0.001116 0.321272 600.000000 26.548672
290 0.001144 0.371734 700.000000 26.415094
290 0.001125 0.421223 800.000000 26.315790
300 0.001135 0.064680 100.000000 25.641026
300 0.001257 0.110774 200.000000 25.974026
300 0.001250 0.165446 300.000000 26.315790
300 0.001191 0.220162 400.000000 26.315790
300 0.001093 0.268005 500.000000 26.455027
300 0.001109 0.312079 600.000000 26.548672
300 0.001133 0.362976 700.000000 26.415094
300 0.001087 0.412734 800.000000 26.315790
310 0.001108 0.061544 100.000000 25.641026
310 0.001258 0.111227 200.000000 25.974026
310 0.001224 0.164838 300.000000 26.315790
310 0.001140 0.217355 400.000000 26.490067
310 0.001061 0.262351 500.000000 26.595745
310 0.001130 0.311769 600.000000 26.431719
310 0.001125 0.362297 700.000000 26.315790
310 0.001109 0.409776 800.000000 26.315790
320 0.001244 0.068033 100.000000 25.641026
320 0.001282 0.120986 200.000000 25.974026
320 0.001237 0.173030 300.000000 26.315790
320 0.001104 0.223913 400.000000 26.490067
320 0.001087 0.267206 500.000000 26.595745
320 0.001135 0.317484 600.000000 26.431719
320 0.001117 0.367370 700.000000 26.315790
320 0.001127 0.415730 800.000000 26.315790
330 0.001377 0.078777 100.000000 25.641026
330 0.001334 0.130096 200.000000 25.974026
330 0.001259 0.180848 300.000000 26.315790
330 0.001119 0.229457 400.000000 26.490067
330 0.001111 0.271793 500.000000 26.595745
330 0.001156 0.324793 600.000000 26.315790
330 0.001125 0.374795 700.000000 26.217228
330 0.001135 0.421396 800.000000 26.315790
340 0.001512 0.083870 100.000000 25.641026
340 0.001425 0.138142 200.000000 25.974026
340 0.001264 0.188955 300.000000 26.315790
340 0.001097 0.232738 400.000000 26.490067
340 0.001156 0.277500 500.000000 26.455027
340 0.001142 0.327897 600.000000 26.315790
340 0.001098 0.377578 700.000000 26.217228
340 0.001152 0.425596 800.000000 26.315790
350 0.001426 0.085487 100.000000 25.641026
350 0.001358 0.136867 200.000000 25.974026
350 0.001170 0.183588 300.000000 26.548672
350 0.001059 0.226813 400.000000 26.490067
350 0.001147 0.272271 500.000000 26.455027
350 0.001124 0.322202 600.000000 26.315790
350 0.001125 0.372377 700.000000 26.217228
350 0.001162 0.421839 800.000000 26.315790
360 0.001468 0.088965 100.000000 25.641026
360 0.001310 0.137160 200.000000 25.974026
360 0.001116 0.184153 300.000000 26.315790
360 0.001070 0.223131 400.000000 26.490067
360 0.001134 0.272055 500.000000 26.315790
360 0.001101 0.321672 600.000000 26.200872
360 0.001126 0.370354 700.000000 26.217228
360 0.001146 0.418287 800.000000 26.402639
370 0.001402 0.073180 100.000000 25.641026
370 0.001189 0.115703 200.000000 25.974026
370 0.001021 0.156698 300.000000 26.548672
370 0.001047 0.198349 400.000000 26.490067
370 0.001097 0.248124 500.000000 26.315790
370 0.001058 0.298373 600.000000 26.200872
370 0.001101 0.345585 700.000000 26.315790
370 0.001113 0.397582 800.000000 26.402639
380 0.001285 0.075918 100.000000 25.641026
380 0.001102 0.116587 200.000000 26.315790
380 0.000957 0.152873 300.000000 26.548672
380 0.001066 0.194312 400.000000 26.490067
380 0.001072 0.244431 500.000000 26.315790
380 0.001041 0.294648 600.000000 26.200872
380 0.001102 0.343609 700.000000 26.315790
380 0.001096 0.395943 800.000000 26.402639
390 0.001139 0.070311 100.000000 25.641026
390 0.000977 0.109702 200.000000 26.315790
390 0.000938 0.142907 300.000000 26.548672
390 0.001084 0.189406 400.000000 26.315790
390 0.001047 0.239516 500.000000 26.178011
390 0.001057 0.287879 600.000000 26.200872
390 0.001109 0.338707 700.000000 26.315790
390 0.001078 0.387761 800.000000 26.490067
400 0.001038 0.066981 100.000000 25.641026
400 0.000893 0.103974 200.000000 26.315790
400 0.000943 0.137943 300.000000 26.548672
400 0.001059 0.186088 400.000000 26.315790
400 0.001057 0.236505 500.000000 26.178011
400 0.001071 0.285940 600.000000 26.200872
400 0.001097 0.338186 700.000000 26.315790
400 0.001063 0.385944 800.000000 26.490067
410 0.001063 0.069401 100.000000 25.641026
410 0.000897 0.102230 200.000000 26.315790
410 0.001007 0.140758 300.000000 26.315790
410 0.001086 0.190509 400.000000 26.143791
410 0.001010 0.241494 500.000000 26.041666
410 0.001071 0.289277 600.000000 26.200872
410 0.001092 0.339784 700.000000 26.415094
410 0.001084 0.389262 800.000000 26.490067
420 0.001007 0.084669 100.000000 25.641026
420 0.000910 0.107308 200.000000 26.315790
420 0.001083 0.146232 300.000000 26.315790
420 0.001075 0.196522 400.000000 26.143791
420 0.001046 0.247275 500.000000 26.041666
420 0.001107 0.297204 600.000000 26.200872
420 0.001085 0.347793 700.000000 26.415094
420 0.001073 0.396170 800.000000 26.490067
430 0.000869 0.082949 100.000000 26.315790
430 0.000910 0.107822 200.000000 26.315790
430 0.001078 0.150336 300.000000 26.315790
430 0.001063 0.200193 400.000000 26.143791
430 0.001081 0.251447 500.000000 26.041666
430 0.001115 0.300344 600.000000 26.315790
430 0.001086 0.352446 700.000000 26.415094
430 0.001092 0.399973 800.000000 26.490067
440 0.000853 0.076444 100.000000 26.315790
440 0.000992 0.101513 200.000000 26.315790
440 0.001076 0.145935 300.000000 26.086956
440 0.001050 0.195924 400.000000 25.974026
440 0.001064 0.242385 500.000000 26.178011
440 0.001099 0.295141 600.000000 26.315790
440 0.001068 0.345810 700.000000 26.415094
440 0.001075 0.395102 800.000000 26.402639
450 0.000944 0.071982 100.000000 26.315790
450 0.001033 0.102180 200.000000 26.315790
450 0.001098 0.147898 300.000000 26.086956
450 0.001004 0.198219 400.000000 25.974026
450 0.001082 0.245572 500.000000 26.178011
450 0.001106 0.299447 600.000000 26.315790
450 0.001094 0.348864 700.000000 26.415094
450 0.001056 0.396633 800.000000 26.402639
460 0.000971 0.070703 100.000000 25.641026
460 0.001158 0.106769 200.000000 25.974026
460 0.001131 0.156177 300.000000 25.862068
460 0.001101 0.206837 400.000000 25.806452
460 0.001143 0.257487 500.000000 26.041666
460 0.001121 0.308439 600.000000 26.315790
460 0.001098 0.356816 700.000000 26.415094
460 0.001067 0.407270 800.000000 26.229507
470 0.001143 0.081619 100.000000 25.641026
470 0.001218 0.117192 200.000000 25.974026
470 0.001161 0.169471 300.000000 25.641026
470 0.001169 0.218263 400.000000 25.806452
470 0.001195 0.268219 500.000000 26.178011
470 0.001144 0.320627 600.000000 26.315790
470 0.001141 0.370935 700.000000 26.315790
470 0.001046 0.415930 800.000000 26.229507
480 0.001171 0.077606 100.000000 25.641026
480 0.001240 0.114226 200.000000 25.641026
480 0.001138 0.164874 300.000000 25.641026
480 0.001165 0.213677 400.000000 25.806452
480 0.001187 0.265328 500.000000 26.178011
480 0.001145 0.316079 600.000000 26.315790
480 0.001124 0.365583 700.000000 26.315790
480 0.001036 0.411748 800.000000 26.058632
490 0.001394 0.080883 100.000000 25.641026
490 0.001246 0.125182 200.000000 25.316456
490 0.001100 0.172746 300.000000 25.641026
490 0.001209 0.220603 400.000000 25.974026
490 0.001183 0.275919 500.000000 26.178011
490 0.001148 0.325344 600.000000 26.315790
490 0.001111 0.375185 700.000000 26.217228
490 0.001026 0.417209 800.000000 25.974026
500 0.001553 0.088867 100.000000 25.000000
500 0.001260 0.133997 200.000000 25.316456
500 0.001213 0.180045 300.000000 25.641026
500 0.001269 0.231243 400.000000 25.974026
500 0.001198 0.285470 500.000000 26.178011
500 0.001172 0.333461 600.000000 26.315790
500 0.001103 0.383059 700.000000 26.119404
500 0.001001 0.422878 800.000000 25.806452
510 0.001394 0.081813 100.000000 25.000000
510 0.001255 0.130118 200.000000 25.000000
510 0.001205 0.173359 300.000000 25.641026
510 0.001240 0.226811 400.000000 25.974026
510 0.001185 0.278795 500.000000 26.178011
510 0.001176 0.328682 600.000000 26.200872
510 0.001080 0.374333 700.000000 26.022305
510 0.000958 0.411277 800.000000 25.641026
520 0.001339 0.071307 100.000000 24.390244
520 0.001121 0.117337 200.000000 25.000000
520 0.001183 0.159861 300.000000 25.641026
520 0.001202 0.215132 400.000000 25.974026
520 0.001159 0.262216 500.000000 26.315790
520 0.001130 0.313759 600.000000 26.200872
520 0.001041 0.355754 700.000000 26.022305
520 0.000906 0.391246 800.000000 25.477707
530 0.001136 0.062157 100.000000 24.390244
530 0.000992 0.103490 200.000000 25.316456
530 0.001162 0.148804 300.000000 25.862068
530 0.001141 0.204357 400.000000 26.143791
530 0.001113 0.253168 500.000000 26.315790
530 0.001073 0.302053 600.000000 26.200872
530 0.000989 0.344221 700.000000 25.830257
530 0.000853 0.372495 800.000000 25.396826
540 0.000962 0.050435 100.000000 24.390244
540 0.001043 0.089799 200.000000 25.316456
540 0.001179 0.140197 300.000000 25.862068
540 0.001111 0.191714 400.000000 26.315790
540 0.001120 0.242113 500.000000 26.315790
540 0.001042 0.290636 600.000000 26.086956
540 0.000934 0.328025 700.000000 25.735294
540 0.000815 0.354356 800.000000 25.157232
550 0.001056 0.052188 100.000000 24.390244
550 0.001072 0.086231 200.000000 25.641026
550 0.001164 0.139369 300.000000 26.086956
550 0.001105 0.191189 400.000000 26.315790
550 0.001123 0.240985 500.000000 26.315790
550 0.001024 0.285721 600.000000 26.086956
550 0.000902 0.320248 700.000000 25.641026
550 0.000749 0.343561 800.000000 24.922119
560 0.000908 0.055003 100.000000 25.000000
560 0.001142 0.086201 200.000000 25.641026
560 0.001170 0.139258 300.000000 26.315790
560 0.001160 0.188742 400.000000 26.490067
560 0.001102 0.239650 500.000000 26.315790
560 0.001012 0.280314 600.000000 26.086956
560 0.000871 0.311510 700.000000 25.547445
560 0.000687 0.332277 800.000000 24.464832
570 0.000913 0.057187 100.000000 25.000000
570 0.001215 0.093336 200.000000 25.974026
570 0.001183 0.149634 300.000000 26.315790
570 0.001127 0.197828 400.000000 26.490067
570 0.001090 0.245906 500.000000 26.315790
570 0.000985 0.284225 600.000000 25.974026
570 0.000845 0.311531 700.000000 25.362318
570 0.000685 0.326439 800.000000 24.024025
580 0.001187 0.055082 100.000000 25.000000
580 0.001299 0.100044 200.000000 26.315790
580 0.001208 0.154791 300.000000 26.548672
580 0.001170 0.201817 400.000000 26.666666
580 0.001071 0.249502 500.000000 26.315790
580 0.000949 0.286693 600.000000 25.751074
580 0.000815 0.309582 700.000000 25.089605
580 0.000683 0.317112 800.000000 23.529411
590 0.001221 0.043203 100.000000 25.641026
590 0.001261 0.093425 200.000000 26.315790
590 0.001167 0.144361 300.000000 26.548672
590 0.001156 0.193026 400.000000 26.490067
590 0.001037 0.235839 500.000000 26.178011
590 0.000904 0.267624 600.000000 25.641026
590 0.000739 0.287947 700.000000 24.734982
590 0.000675 0.288178 800.000000 22.988506
600 0.001389 0.050933 100.000000 25.641026
600 0.001320 0.107888 200.000000 26.666666
600 0.001235 0.156908 300.000000 26.785715
600 0.001156 0.206954 400.000000 26.490067
600 0.001043 0.245318 500.000000 26.178011
600 0.000879 0.274688 600.000000 25.423729
600 0.000682 0.290034 700.000000 24.221453
600 0.000673 0.281931 800.000000 22.535212
610 0.001439 0.054337 100.000000 26.315790
610 0.001272 0.111999 200.000000 26.666666
610 0.001190 0.157806 300.000000 26.785715
610 0.001116 0.204226 400.000000 26.490067
610 0.000987 0.241330 500.000000 25.906736
610 0.000837 0.264057 600.000000 25.210085
610 0.000676 0.273819 700.000000 23.648649
610 0.000649 0.256713 800.000000 22.160666
620 0.001365 0.053832 100.000000 26.315790
620 0.001191 0.101810 200.000000 26.666666
620 0.001178 0.145303 300.000000 26.785715
620 0.001031 0.189754 400.000000 26.315790
620 0.000911 0.222249 500.000000 25.641026
620 0.000767 0.239795 600.000000 24.896265
620 0.000644 0.243209 700.000000 23.026316
620 0.000567 0.220030 800.000000 21.798365
630 0.001332 0.059405 100.000000 26.315790
630 0.001150 0.101836 200.000000 26.666666
630 0.001143 0.146609 300.000000 26.548672
630 0.000999 0.185113 400.000000 26.143791
630 0.000845 0.212968 500.000000 25.380711
630 0.000667 0.226122 600.000000 24.390244
630 0.000618 0.223559 700.000000 22.508039
630 0.000509 0.196890 800.000000 21.447721
640 0.001260 0.061384 100.000000 26.315790
640 0.001165 0.098001 200.000000 26.666666
640 0.001065 0.142517 300.000000 26.315790
640 0.000948 0.176670 400.000000 25.806452
640 0.000774 0.197403 500.000000 25.125628
640 0.000589 0.204627 600.000000 23.715416
640 0.000583 0.198306 700.000000 21.943573
640 0.000461 0.172583 800.000000 21.052631
650 0.001099 0.051141 100.000000 26.315790
650 0.001043 0.081165 200.000000 26.666666
650 0.001001 0.123063 300.000000 26.086956
650 0.000865 0.153073 400.000000 25.477707
650 0.000725 0.168222 500.000000 24.752476
650 0.000601 0.170399 600.000000 22.988506
650 0.000534 0.164743 700.000000 21.472393
650 0.000444 0.142996 800.000000 20.618557
660 0.001004 0.042127 100.000000 26.315790
660 0.001049 0.071052 200.000000 26.315790
660 0.000901 0.108392 300.000000 25.862068
660 0.000800 0.133945 400.000000 25.157232
660 0.000650 0.144806 500.000000 24.271845
660 0.000580 0.145145 600.000000 22.222221
660 0.000468 0.141222 700.000000 21.021021
660 0.000446 0.116665 800.000000 20.151133
670 0.000980 0.038639 100.000000 26.315790
670 0.001017 0.072737 200.000000 25.974026
670 0.000867 0.104816 300.000000 25.641026
670 0.000753 0.124938 400.000000 24.844721
670 0.000598 0.130356 500.000000 23.584906
670 0.000548 0.133635 600.000000 21.582733
670 0.000427 0.128876 700.000000 20.648968
670 0.000470 0.095553 800.000000 19.704433
680 0.000985 0.046050 100.000000 26.315790
680 0.000971 0.084573 200.000000 25.641026
680 0.000854 0.112845 300.000000 25.210085
680 0.000714 0.127308 400.000000 24.390244
680 0.000581 0.127379 500.000000 22.727272
680 0.000507 0.132787 600.000000 21.052631
680 0.000389 0.124375 700.000000 20.231215
680 0.000482 0.081575 800.000000 19.323671
690 0.001167 0.045554 100.000000 25.641026
690 0.000917 0.082809 200.000000 25.316456
690 0.000781 0.106459 300.000000 24.793388
690 0.000662 0.114659 400.000000 23.952095
690 0.000560 0.112982 500.000000 21.929825
690 0.000439 0.120635 600.000000 20.547945
690 0.000366 0.109044 700.000000 19.774012
700 0.001159 0.043935 100.000000 25.000000
700 0.000873 0.076374 200.000000 25.000000
700 0.000735 0.094108 300.000000 24.390244
700 0.000604 0.097292 400.000000 23.391813
700 0.000535 0.100597 500.000000 21.186441
700 0.000395 0.109189 600.000000 20.134228
700 0.000392 0.090014 700.000000 19.230770
710 0.000886 0.025055 100.000000 25.000000
710 0.000826 0.050093 200.000000 24.691359
710 0.000704 0.061602 300.000000 24.000000
710 0.000624 0.060248 400.000000 22.598869
710 0.000495 0.081483 500.000000 20.576132
710 0.000378 0.093909 600.000000 19.736841
710 0.000406 0.067378 700.000000 18.817204
720 0.000972 0.043077 100.000000 24.390244
720 0.000807 0.062201 200.000000 24.390244
720 0.000698 0.067128 300.000000 23.622047
720 0.000634 0.065446 400.000000 21.621622
720 0.000451 0.091270 500.000000 20.000000
720 0.000342 0.095319 600.000000 19.292604
720 0.000408 0.057668 700.000000 18.469658
730 0.000755 0.018302 100.000000 24.390244
730 0.000755 0.034277 200.000000 23.809525
730 0.000675 0.036550 300.000000 23.076923
730 0.000643 0.054293 400.000000 20.833334
730 0.000404 0.083453 500.000000 19.531250
730 0.000312 0.081060 600.000000 18.808777
740 0.000771 0.014922 100.000000 23.809525
740 0.000748 0.024657 200.000000 23.529411
740 0.000732 0.032676 300.000000 22.388060
740 0.000588 0.067336 400.000000 20.100502
740 0.000412 0.084108 500.000000 19.157087
740 0.000319 0.070609 600.000000 18.348623
750 0.000899 0.015432 100.000000 23.809525
750 0.000795 0.023605 200.000000 22.988506
750 0.000788 0.040032 300.000000 21.428572
750 0.000495 0.075288 400.000000 19.417477
750 0.000384 0.082046 500.000000 18.796993
750 0.000337 0.059077 600.000000 17.964071
760 0.000784 0.018162 100.000000 23.255814
760 0.000760 0.025412 200.000000 22.727272
760 0.000776 0.049669 300.000000 20.547945
760 0.000416 0.076692 400.000000 18.867924
760 0.000315 0.077282 500.000000 18.315018
760 0.000317 0.050066 600.000000 17.647058
770 0.000848 0.016367 100.000000 22.727272
770 0.000738 0.025174 200.000000 21.978022
770 0.000727 0.058945 300.000000 19.607843
770 0.000390 0.073267 400.000000 18.518518
770 0.000259 0.069457 500.000000 17.857143
780 0.000868 0.015987 100.000000 22.222221
780 0.000891 0.037424 200.000000 21.276596
780 0.000640 0.070871 300.000000 18.867924
780 0.000417 0.072828 400.000000 18.099548
780 0.000249 0.061759 500.000000 17.421602
790 0.000852 0.021473 100.000000 21.739130
790 0.000975 0.054257 200.000000 20.202021
790 0.000453 0.071595 300.000000 18.181818
790 0.000347 0.064496 400.000000 17.777779
790 0.000244 0.050211 500.000000 17.064846
800 0.000835 0.028232 100.000000 21.739130
800 0.000934 0.061770 200.000000 19.230770
800 0.000358 0.068292 300.000000 17.751480
800 0.000258 0.061642 400.000000 17.391304
800 0.000254 0.045961 500.000000 16.778524
810 0.000761 0.026237 100.000000 21.276596
810 0.000816 0.062624 200.000000 18.348623
810 0.000339 0.061230 300.000000 17.341040
810 0.000159 0.057727 400.000000 17.021276
820 0.000849 0.024119 100.000000 20.000000
820 0.000643 0.055957 200.000000 17.543859
820 0.000321 0.052925 300.000000 17.045454
820 0.000164 0.051685 400.000000 16.597511
830 0.001265 0.051988 100.000000 18.867924
830 0.000445 0.051536 200.000000 16.949152
830 0.000299 0.050688 300.000000 16.759777
830 0.000254 0.047130 400.000000 16.194332
840 0.001097 0.048793 100.000000 17.543859
840 0.000371 0.039794 200.000000 16.260162
840 0.000180 0.052611 300.000000 16.393442
840 0.000374 0.044490 400.000000 15.936255
850 0.001053 0.054264 100.000000 16.666666
850 0.000387 0.043201 200.000000 15.873015
850 0.000132 0.052602 300.000000 16.042780
860 0.000904 0.053133 100.000000 15.625000
860 0.000373 0.046702 200.000000 15.748032
860 0.000158 0.053355 300.000000 15.706806
870 0.000650 0.032612 100.000000 15.151515
870 0.000338 0.063922 200.000000 15.625000
870 0.000436 0.061656 300.000000 15.463918
880 0.000923 0.028479 100.000000 14.925373
880 0.000357 0.081949 200.000000 15.625000
880 0.000674 0.067994 300.000000 15.306123
890 0.001237 0.054649 100.000000 14.925373
890 0.000414 0.100207 200.000000 15.625000
890 0.000825 0.072606 300.000000 15.306123
900 0.001292 0.064953 100.000000 14.925373
900 0.000447 0.092349 200.000000 15.625000
900 0.000844 0.065263 300.000000 15.306123
910 0.001146 0.076736 100.000000 14.925373
910 0.000494 0.086100 200.000000 15.625000
920 0.000917 0.082386 100.000000 15.384615
920 0.000555 0.076518 200.000000 15.625000
930 0.000551 0.085768 100.000000 15.625000
930 0.000566 0.062973 200.000000 15.503876
940 0.000280 0.083092 100.000000 15.873015
940 0.000644 0.044466 200.000000 15.384615
950 0.000369 0.082781 100.000000 16.129032
950 0.000735 0.030584 200.000000 15.384615
960 0.000507 0.081262 100.000000 16.129032
960 0.000732 0.018556 200.000000 15.384615
970 0.000441 0.074352 100.000000 16.129032
970 0.000765 0.006938 200.000000 15.384615
980 0.000438 0.058232 100.000000 15.625000
990 0.000684 0.036470 100.000000 15.151515
1000 0.001247 0.032263 100.000000 14.705882
1010 0.001727 0.058591 100.000000 14.492754
1020 0.001791 0.083261 100.000000 14.285714
1030 0.001730 0.102264 100.000000 14.492754
