0 0.001280 0.108231 100.000000 13.513514
0 0.000481 0.111518 200.000000 13.605442
0 0.000277 0.102958 300.000000 14.084507
10 0.000293 0.020742 100.000000 13.513514
10 0.000303 0.019559 200.000000 13.698630
10 0.000185 0.028839 300.000000 14.218010
20 0.000385 0.015643 100.000000 13.513514
20 0.000394 0.031653 200.000000 13.793103
20 0.000225 0.047207 300.000000 14.354067
30 0.000344 0.015026 100.000000 13.513514
30 0.000358 0.030963 200.000000 13.793103
30 0.000184 0.043574 300.000000 14.423077
40 0.000421 0.016461 100.000000 13.333333
40 0.000351 0.033541 200.000000 13.888889
40 0.000169 0.043709 300.000000 14.492754
50 0.000422 0.016673 100.000000 13.333333
50 0.000321 0.033916 200.000000 13.986014
50 0.000169 0.041658 300.000000 14.563107
60 0.000452 0.013112 100.000000 13.333333
60 0.000306 0.034044 200.000000 14.084507
60 0.000160 0.039631 300.000000 14.634147
70 0.000507 0.013420 100.000000 13.333333
70 0.000291 0.034136 200.000000 14.184397
80 0.000461 0.013652 100.000000 13.513514
80 0.000267 0.031734 200.000000 14.388489
90 0.000473 0.018766 100.000000 13.698630
90 0.000226 0.034382 200.000000 14.492754
100 0.000395 0.018623 100.000000 13.888889
100 0.000185 0.030594 200.000000 14.705882
110 0.000343 0.016559 100.000000 14.084507
110 0.000160 0.023652 200.000000 14.925373
120 0.000242 0.015035 100.000000 14.285714
120 0.000160 0.019016 200.000000 15.037594
130 0.000191 0.014064 100.000000 14.492754
130 0.000141 0.016280 200.000000 15.267176
140 0.000113 0.007036 100.000000 14.705882
140 0.000140 0.012806 200.000000 15.384615
150 0.000161 0.007291 100.000000 14.925373
160 0.000208 0.009552 100.000000 15.151515
170 0.000273 0.012812 100.000000 15.384615
180 0.000313 0.013326 100.000000 15.384615
190 0.000345 0.015608 100.000000 15.625000
200 0.000382 0.023778 100.000000 15.625000
