0 0.000354 0.018165 100.000000 11.627907
0 0.000481 0.031915 200.000000 12.048193
0 0.000365 0.055624 300.000000 10.309278
0 0.000332 0.023023 400.000000 10.282776
0 0.000301 0.014895 500.000000 10.351967
0 0.000314 0.034746 600.000000 10.791367
0 0.000341 0.057911 700.000000 11.146497
0 0.000338 0.063775 800.000000 10.810811
10 0.000409 0.014257 100.000000 11.627907
10 0.000502 0.038982 200.000000 12.048193
10 0.000385 0.059352 300.000000 9.771987
10 0.000346 0.020600 400.000000 10.335917
10 0.000313 0.015115 500.000000 10.330579
10 0.000329 0.038597 600.000000 10.810811
10 0.000355 0.063127 700.000000 11.164274
10 0.000347 0.060880 800.000000 10.796222
20 0.000465 0.011758 100.000000 11.764706
20 0.000507 0.040435 200.000000 11.904762
20 0.000378 0.051903 300.000000 9.646302
20 0.000349 0.015621 400.000000 10.389610
20 0.000315 0.017846 500.000000 10.351967
20 0.000328 0.042598 600.000000 10.830325
20 0.000354 0.067052 700.000000 11.182109
20 0.000350 0.056782 800.000000 10.810811
30 0.000621 0.010864 100.000000 11.764706
30 0.000533 0.040024 200.000000 11.560694
30 0.000370 0.043831 300.000000 9.615385
30 0.000372 0.011046 400.000000 10.416667
30 0.000322 0.022059 500.000000 10.373444
30 0.000327 0.045966 600.000000 10.869565
30 0.000349 0.070461 700.000000 11.182109
30 0.000342 0.052179 800.000000 10.840109
40 0.000558 0.014280 100.000000 11.904762
40 0.000563 0.040779 200.000000 11.111111
40 0.000355 0.037841 300.000000 9.646302
40 0.000369 0.008091 400.000000 10.443864
40 0.000325 0.025101 500.000000 10.416667
40 0.000334 0.048886 600.000000 10.909091
40 0.000345 0.073255 700.000000 11.182109
40 0.000330 0.047649 800.000000 10.869565
50 0.000748 0.021445 100.000000 11.904762
50 0.000595 0.050496 200.000000 10.752688
50 0.000381 0.037270 300.000000 9.677420
50 0.000392 0.006945 400.000000 10.443864
50 0.000345 0.028590 500.000000 10.460251
50 0.000354 0.053542 600.000000 10.928962
50 0.000364 0.078217 700.000000 11.128776
50 0.000338 0.044561 800.000000 10.899182
60 0.000820 0.036333 100.000000 12.048193
60 0.000565 0.064601 200.000000 10.526316
60 0.000401 0.038041 300.000000 9.708738
60 0.000400 0.007429 400.000000 10.309278
60 0.000366 0.032414 500.000000 10.504202
60 0.000382 0.058590 600.000000 10.968922
60 0.000429 0.085544 700.000000 10.920437
60 0.000348 0.041792 800.000000 10.928962
70 0.000675 0.030712 100.000000 12.048193
70 0.000400 0.056396 200.000000 10.309278
70 0.000353 0.027905 300.000000 9.771987
70 0.000329 0.011546 400.000000 10.152285
70 0.000339 0.034927 500.000000 10.548523
70 0.000369 0.059678 600.000000 10.989011
70 0.000391 0.077470 700.000000 10.736197
70 0.000329 0.035779 800.000000 10.958904
80 0.000740 0.046517 100.000000 12.195122
80 0.000396 0.070196 200.000000 9.900990
80 0.000391 0.026998 300.000000 9.803922
80 0.000332 0.014924 400.000000 10.050251
80 0.000362 0.039626 500.000000 10.570825
80 0.000387 0.064952 600.000000 11.029411
80 0.000379 0.074542 700.000000 10.670732
80 0.000342 0.032926 800.000000 10.989011
90 0.000700 0.043659 100.000000 12.195122
90 0.000453 0.069262 200.000000 9.216590
90 0.000371 0.020158 300.000000 9.868421
90 0.000314 0.018047 400.000000 10.000000
90 0.000354 0.041343 500.000000 10.615711
90 0.000376 0.066000 600.000000 11.049724
90 0.000358 0.066831 700.000000 10.670732
90 0.000325 0.027940 800.000000 11.019283
100 0.000596 0.038811 100.000000 12.048193
100 0.000398 0.053966 200.000000 8.849558
100 0.000342 0.015847 300.000000 9.933775
100 0.000292 0.020506 400.000000 10.000000
100 0.000324 0.042446 500.000000 10.638298
100 0.000356 0.065484 600.000000 11.070110
100 0.000349 0.058036 700.000000 10.670732
100 0.000308 0.022364 800.000000 11.034483
110 0.000473 0.030129 100.000000 11.494253
110 0.000279 0.039490 200.000000 8.733624
110 0.000330 0.014317 300.000000 9.966778
110 0.000265 0.022112 400.000000 10.025063
110 0.000305 0.042139 500.000000 10.660981
110 0.000328 0.063795 600.000000 11.070110
110 0.000323 0.048771 700.000000 10.687023
110 0.000286 0.017807 800.000000 11.049724
120 0.000454 0.024758 100.000000 10.526316
120 0.000225 0.032694 200.000000 8.733624
120 0.000301 0.014477 300.000000 10.000000
120 0.000257 0.023128 400.000000 10.075566
120 0.000290 0.042513 500.000000 10.683761
120 0.000308 0.063270 600.000000 11.049724
120 0.000299 0.041177 700.000000 10.703364
120 0.000272 0.015265 800.000000 11.065007
130 0.000572 0.025668 100.000000 9.803922
130 0.000229 0.029915 200.000000 8.771930
130 0.000303 0.012631 300.000000 10.000000
130 0.000276 0.025305 400.000000 10.101010
130 0.000307 0.045061 500.000000 10.706638
130 0.000324 0.065502 600.000000 11.009174
130 0.000296 0.037081 700.000000 10.736197
130 0.000262 0.014388 800.000000 11.065007
140 0.000407 0.023522 100.000000 9.345795
140 0.000207 0.026501 200.000000 8.771930
140 0.000291 0.012619 300.000000 9.836065
140 0.000288 0.026152 400.000000 10.126582
140 0.000317 0.045286 500.000000 10.729613
140 0.000355 0.066117 600.000000 10.791367
140 0.000288 0.031262 700.000000 10.769231
140 0.000256 0.014367 800.000000 11.080333
150 0.000175 0.021438 100.000000 8.928572
150 0.000180 0.024547 200.000000 8.810573
150 0.000235 0.012404 300.000000 9.584664
150 0.000275 0.026358 400.000000 10.152285
150 0.000314 0.044875 500.000000 10.752688
150 0.000348 0.060218 600.000000 10.526316
150 0.000275 0.025238 700.000000 10.785825
150 0.000252 0.015438 800.000000 11.080333
160 0.000112 0.036296 100.000000 8.264462
160 0.000237 0.023000 200.000000 8.888889
160 0.000218 0.015792 300.000000 9.433962
160 0.000305 0.031574 400.000000 10.178117
160 0.000336 0.051315 500.000000 10.775862
160 0.000331 0.059177 600.000000 10.434783
160 0.000290 0.023615 700.000000 10.802469
160 0.000258 0.016533 800.000000 11.080333
170 0.000247 0.051252 100.000000 7.299270
170 0.000229 0.022135 200.000000 8.928572
170 0.000199 0.017236 300.000000 9.375000
170 0.000307 0.031890 400.000000 10.230179
170 0.000325 0.051174 500.000000 10.799136
170 0.000306 0.050776 600.000000 10.416667
170 0.000272 0.020014 700.000000 10.835914
170 0.000247 0.020538 800.000000 11.095700
180 0.000219 0.046835 100.000000 6.896552
180 0.000239 0.020298 200.000000 9.049774
180 0.000199 0.017723 300.000000 9.404388
180 0.000298 0.033564 400.000000 10.282776
180 0.000316 0.052331 500.000000 10.845987
180 0.000309 0.045573 600.000000 10.434783
180 0.000266 0.017920 700.000000 10.869565
180 0.000248 0.023564 800.000000 11.095700
190 0.000116 0.043995 100.000000 6.896552
190 0.000237 0.017868 200.000000 9.216590
190 0.000206 0.016570 300.000000 9.493670
190 0.000288 0.033054 400.000000 10.362695
190 0.000310 0.052068 500.000000 10.893247
190 0.000304 0.040105 600.000000 10.489511
190 0.000258 0.015503 700.000000 10.920437
190 0.000250 0.025317 800.000000 11.126565
200 0.000137 0.042844 100.000000 7.092198
200 0.000263 0.016956 200.000000 9.389671
200 0.000205 0.015279 300.000000 9.646302
200 0.000277 0.032171 400.000000 10.498688
200 0.000303 0.051633 500.000000 10.989011
200 0.000298 0.036177 600.000000 10.582010
200 0.000254 0.013493 700.000000 11.006289
200 0.000239 0.026259 800.000000 11.173184
210 0.000128 0.042889 100.000000 7.299270
210 0.000247 0.016300 200.000000 9.615385
210 0.000199 0.013636 300.000000 9.803922
210 0.000268 0.030586 400.000000 10.638298
210 0.000292 0.049410 500.000000 11.111111
210 0.000284 0.031126 600.000000 10.676157
210 0.000249 0.013348 700.000000 11.093502
210 0.000243 0.028368 800.000000 11.220197
220 0.000099 0.043288 100.000000 7.575758
220 0.000242 0.016075 200.000000 9.852217
220 0.000220 0.013017 300.000000 10.000000
220 0.000277 0.029793 400.000000 10.781672
220 0.000286 0.047895 500.000000 11.185682
220 0.000271 0.027216 600.000000 10.771993
220 0.000234 0.015573 700.000000 11.182109
220 0.000243 0.030982 800.000000 11.283498
230 0.000166 0.043416 100.000000 7.812500
230 0.000235 0.013314 200.000000 10.000000
230 0.000230 0.010885 300.000000 10.135135
230 0.000290 0.028074 400.000000 10.899182
230 0.000302 0.046283 500.000000 11.235955
230 0.000267 0.022967 600.000000 10.869565
230 0.000231 0.015764 700.000000 11.254020
230 0.000245 0.032708 800.000000 11.331445
240 0.000156 0.041458 100.000000 8.064516
240 0.000271 0.009774 200.000000 10.050251
240 0.000273 0.014019 300.000000 10.273973
240 0.000327 0.032458 400.000000 11.019283
240 0.000331 0.051624 500.000000 11.185682
240 0.000278 0.022941 600.000000 10.968922
240 0.000242 0.016897 700.000000 11.308562
240 0.000262 0.034295 800.000000 11.379801
250 0.000223 0.037634 100.000000 8.333333
250 0.000283 0.007458 200.000000 10.000000
250 0.000308 0.020194 300.000000 10.452962
250 0.000349 0.040192 400.000000 11.142061
250 0.000404 0.062631 500.000000 11.013216
250 0.000295 0.024172 600.000000 11.049724
250 0.000257 0.015627 700.000000 11.382113
250 0.000282 0.034475 800.000000 11.444921
260 0.000337 0.031800 100.000000 8.620689
260 0.000309 0.018427 200.000000 9.900990
260 0.000353 0.033678 300.000000 10.600707
260 0.000386 0.054264 400.000000 11.267606
260 0.000413 0.071444 500.000000 10.893247
260 0.000314 0.028832 600.000000 11.131725
260 0.000282 0.016077 700.000000 11.456629
260 0.000304 0.034933 800.000000 11.510792
270 0.000415 0.026757 100.000000 8.928572
270 0.000325 0.028484 200.000000 9.900990
270 0.000387 0.043981 300.000000 10.752688
270 0.000409 0.064335 400.000000 11.428572
270 0.000398 0.075232 500.000000 10.893247
270 0.000329 0.031321 600.000000 11.235955
270 0.000293 0.017400 700.000000 11.532125
270 0.000318 0.035920 800.000000 11.594203
280 0.000478 0.018510 100.000000 9.433962
280 0.000325 0.034594 200.000000 10.101010
280 0.000415 0.049656 300.000000 10.989011
280 0.000422 0.069962 400.000000 11.627907
280 0.000394 0.075352 500.000000 10.964912
280 0.000333 0.032267 600.000000 11.363636
280 0.000287 0.020099 700.000000 11.627907
280 0.000320 0.037819 800.000000 11.695907
290 0.000495 0.014363 100.000000 10.101010
290 0.000314 0.039656 200.000000 10.362695
290 0.000415 0.052156 300.000000 11.278195
290 0.000402 0.071393 400.000000 11.834319
290 0.000371 0.071363 500.000000 11.111111
290 0.000316 0.032953 600.000000 11.516315
290 0.000270 0.025927 700.000000 11.744967
290 0.000312 0.041542 800.000000 11.799410
300 0.000442 0.007911 100.000000 10.869565
300 0.000255 0.033998 200.000000 10.695188
300 0.000396 0.044950 300.000000 11.583012
300 0.000381 0.062803 400.000000 12.084592
300 0.000340 0.060614 500.000000 11.261261
300 0.000289 0.028340 600.000000 11.673152
300 0.000245 0.027625 700.000000 11.884550
300 0.000292 0.043631 800.000000 11.922503
310 0.000483 0.012584 100.000000 11.764706
310 0.000277 0.035937 200.000000 11.049724
310 0.000432 0.049523 300.000000 11.857708
310 0.000404 0.068629 400.000000 12.307693
310 0.000361 0.063578 500.000000 11.415525
310 0.000307 0.027758 600.000000 11.834319
310 0.000272 0.025242 700.000000 12.006861
310 0.000303 0.042885 800.000000 12.048193
320 0.000442 0.007694 100.000000 12.658228
320 0.000261 0.032850 200.000000 11.299435
320 0.000415 0.046231 300.000000 12.145749
320 0.000390 0.064760 400.000000 12.539185
320 0.000354 0.056630 500.000000 11.547344
320 0.000289 0.024604 600.000000 11.952191
320 0.000261 0.027340 700.000000 12.110726
320 0.000304 0.045654 800.000000 12.139606
330 0.000427 0.007714 100.000000 13.333333
330 0.000267 0.031578 200.000000 11.560694
330 0.000384 0.046160 300.000000 12.295082
330 0.000382 0.064680 400.000000 12.658228
330 0.000355 0.050807 500.000000 11.627907
330 0.000289 0.022020 600.000000 12.048193
330 0.000272 0.029243 700.000000 12.152778
330 0.000301 0.048378 800.000000 12.213740
340 0.000576 0.013435 100.000000 13.698630
340 0.000317 0.036557 200.000000 11.695907
340 0.000382 0.052038 300.000000 12.448133
340 0.000373 0.070579 400.000000 12.698413
340 0.000350 0.049037 500.000000 11.709601
340 0.000285 0.023035 600.000000 12.096774
340 0.000265 0.032277 700.000000 12.131716
340 0.000305 0.051506 800.000000 12.251148
350 0.000552 0.017911 100.000000 13.698630
350 0.000360 0.035514 200.000000 11.764706
350 0.000389 0.051902 300.000000 12.500000
350 0.000367 0.070553 400.000000 12.658228
350 0.000334 0.041952 500.000000 11.737089
350 0.000281 0.021796 600.000000 12.096774
350 0.000284 0.034689 700.000000 12.110726
350 0.000311 0.054764 800.000000 12.269938
360 0.000537 0.020313 100.000000 13.333333
360 0.000365 0.030656 200.000000 11.834319
360 0.000391 0.047531 300.000000 12.500000
360 0.000377 0.065937 400.000000 12.461060
360 0.000324 0.032449 500.000000 11.764706
360 0.000278 0.021539 600.000000 12.096774
360 0.000299 0.038452 700.000000 12.068966
360 0.000319 0.058685 800.000000 12.232416
370 0.000521 0.029479 100.000000 12.195122
370 0.000396 0.031596 200.000000 11.834319
370 0.000409 0.048766 300.000000 12.500000
370 0.000476 0.068840 400.000000 11.834319
370 0.000322 0.026989 500.000000 11.792453
370 0.000285 0.023254 600.000000 12.096774
370 0.000305 0.041735 700.000000 12.068966
370 0.000319 0.062757 800.000000 12.102875
380 0.000372 0.038206 100.000000 10.869565
380 0.000394 0.031607 200.000000 11.834319
380 0.000407 0.048105 300.000000 12.500000
380 0.000395 0.057406 400.000000 11.461318
380 0.000319 0.021724 500.000000 11.792453
380 0.000287 0.026621 600.000000 12.072434
380 0.000312 0.045633 700.000000 12.068966
380 0.000339 0.066427 800.000000 11.958146
390 0.000224 0.036159 100.000000 10.309278
390 0.000379 0.028525 200.000000 11.834319
390 0.000383 0.042835 300.000000 12.448133
390 0.000346 0.042343 400.000000 11.299435
390 0.000298 0.018537 500.000000 11.792453
390 0.000262 0.031818 600.000000 12.024048
390 0.000306 0.050071 700.000000 12.068966
390 0.000331 0.070074 800.000000 11.834319
400 0.000173 0.031417 100.000000 10.101010
400 0.000370 0.027897 200.000000 11.764706
400 0.000385 0.043448 300.000000 12.396694
400 0.000362 0.035631 400.000000 11.235955
400 0.000298 0.017510 500.000000 11.792453
400 0.000279 0.034638 600.000000 11.976048
400 0.000307 0.054235 700.000000 12.048193
400 0.000313 0.074322 800.000000 11.730206
410 0.000143 0.026146 100.000000 10.000000
410 0.000333 0.019541 200.000000 11.764706
410 0.000366 0.037076 300.000000 12.345679
410 0.000340 0.025373 400.000000 11.235955
410 0.000290 0.017964 500.000000 11.764706
410 0.000251 0.037806 600.000000 11.881188
410 0.000297 0.057810 700.000000 12.048193
410 0.000287 0.078192 800.000000 11.611031
420 0.000219 0.025122 100.000000 10.101010
420 0.000356 0.021537 200.000000 11.764706
420 0.000360 0.041868 300.000000 12.244898
420 0.000332 0.021884 400.000000 11.267606
420 0.000291 0.020392 500.000000 11.764706
420 0.000277 0.040628 600.000000 11.834319
420 0.000313 0.061335 700.000000 12.048193
430 0.000283 0.020057 100.000000 10.309278
430 0.000402 0.021426 200.000000 11.904762
430 0.000399 0.044961 300.000000 12.145749
430 0.000338 0.017654 400.000000 11.331445
430 0.000298 0.021678 500.000000 11.820331
430 0.000295 0.043365 600.000000 11.834319
430 0.000324 0.064749 700.000000 12.048193
440 0.000390 0.017574 100.000000 10.752688
440 0.000472 0.021370 200.000000 12.195122
440 0.000440 0.049827 300.000000 11.952191
440 0.000346 0.014224 400.000000 11.461318
440 0.000310 0.023668 500.000000 11.904762
440 0.000299 0.045675 600.000000 11.904762
440 0.000323 0.067038 700.000000 12.068966
450 0.000473 0.014105 100.000000 11.363636
450 0.000481 0.023828 200.000000 12.578616
450 0.000546 0.056667 300.000000 11.673152
450 0.000347 0.012106 400.000000 11.627907
450 0.000313 0.025702 500.000000 12.019231
450 0.000309 0.047971 600.000000 12.000000
450 0.000325 0.069610 700.000000 12.068966
460 0.000520 0.020223 100.000000 12.048193
460 0.000534 0.035591 200.000000 12.987013
460 0.000547 0.062351 300.000000 11.583012
460 0.000378 0.011922 400.000000 11.834319
460 0.000344 0.025534 500.000000 12.165450
460 0.000339 0.050032 600.000000 12.121212
460 0.000353 0.073257 700.000000 12.089810
470 0.000556 0.018488 100.000000 12.820513
470 0.000538 0.039320 200.000000 13.333333
470 0.000492 0.057045 300.000000 11.583012
470 0.000379 0.009327 400.000000 11.976048
470 0.000339 0.028383 500.000000 12.285012
470 0.000345 0.052166 600.000000 12.244898
470 0.000369 0.075356 700.000000 12.089810
480 0.000647 0.017037 100.000000 13.333333
480 0.000528 0.042539 200.000000 13.698630
480 0.000445 0.048664 300.000000 11.583012
480 0.000355 0.011326 400.000000 12.121212
480 0.000310 0.032512 500.000000 12.376238
480 0.000335 0.054541 600.000000 12.320329
480 0.000363 0.076381 700.000000 12.068966
490 0.000786 0.024505 100.000000 13.698630
490 0.000545 0.048029 200.000000 13.793103
490 0.000435 0.042816 300.000000 11.627907
490 0.000342 0.014713 400.000000 12.195122
490 0.000310 0.036245 500.000000 12.406948
490 0.000333 0.057089 600.000000 12.396694
490 0.000349 0.078589 700.000000 12.027492
500 0.000705 0.029819 100.000000 13.888889
500 0.000526 0.049410 200.000000 13.888889
500 0.000436 0.034633 300.000000 11.627907
500 0.000333 0.018237 400.000000 12.232416
500 0.000303 0.039950 500.000000 12.376238
500 0.000327 0.060134 600.000000 12.422360
500 0.000328 0.080692 700.000000 11.965812
510 0.000542 0.026016 100.000000 13.888889
510 0.000473 0.045971 200.000000 13.793103
510 0.000406 0.024345 300.000000 11.627907
510 0.000336 0.021450 400.000000 12.232416
510 0.000280 0.043425 500.000000 12.285012
510 0.000335 0.063842 600.000000 12.422360
520 0.000510 0.017934 100.000000 13.888889
520 0.000469 0.043195 200.000000 13.513514
520 0.000383 0.016452 300.000000 11.627907
520 0.000330 0.025499 400.000000 12.195122
520 0.000311 0.047576 500.000000 12.165450
520 0.000343 0.068043 600.000000 12.396694
530 0.000563 0.013875 100.000000 13.698630
530 0.000513 0.043975 200.000000 12.738853
530 0.000386 0.012945 300.000000 11.673152
530 0.000355 0.030211 400.000000 12.158054
530 0.000328 0.051507 500.000000 12.106538
530 0.000351 0.071324 600.000000 12.295082
540 0.000597 0.018384 100.000000 13.698630
540 0.000661 0.055949 200.000000 11.428572
540 0.000408 0.013158 300.000000 11.673152
540 0.000394 0.034846 400.000000 12.121212
540 0.000345 0.056170 500.000000 12.106538
540 0.000362 0.076586 600.000000 12.096774
550 0.000597 0.020334 100.000000 13.698630
550 0.000519 0.043330 200.000000 10.869565
550 0.000406 0.015884 300.000000 11.673152
550 0.000384 0.038943 400.000000 12.121212
550 0.000364 0.059363 500.000000 12.106538
550 0.000383 0.079128 600.000000 11.904762
560 0.000634 0.023304 100.000000 13.698630
560 0.000496 0.035181 200.000000 10.695188
560 0.000410 0.019510 300.000000 11.718750
560 0.000394 0.043086 400.000000 12.048193
560 0.000377 0.062372 500.000000 12.106538
560 0.000388 0.081638 600.000000 11.764706
570 0.000687 0.030750 100.000000 13.513514
570 0.000541 0.028893 200.000000 10.638298
570 0.000423 0.023517 300.000000 11.718750
570 0.000410 0.046959 400.000000 11.976048
570 0.000382 0.066111 500.000000 12.106538
570 0.000372 0.085033 600.000000 11.650485
580 0.000713 0.038516 100.000000 13.333333
580 0.000508 0.024651 200.000000 10.695188
580 0.000418 0.027313 300.000000 11.718750
580 0.000332 0.050147 400.000000 11.869436
580 0.000382 0.069366 500.000000 12.106538
590 0.000581 0.035306 100.000000 12.987013
590 0.000422 0.020682 200.000000 10.695188
590 0.000383 0.030001 300.000000 11.673152
590 0.000336 0.049444 400.000000 11.764706
590 0.000365 0.067330 500.000000 12.077294
600 0.000710 0.040333 100.000000 11.764706
600 0.000434 0.020555 200.000000 10.752688
600 0.000416 0.031579 300.000000 11.673152
600 0.000356 0.050435 400.000000 11.730206
600 0.000378 0.066727 500.000000 12.019231
610 0.000837 0.059050 100.000000 9.803922
610 0.000383 0.020767 200.000000 10.752688
610 0.000409 0.030518 300.000000 11.627907
610 0.000314 0.046568 400.000000 11.695907
610 0.000347 0.061420 500.000000 11.792453
620 0.000467 0.047752 100.000000 8.928572
620 0.000365 0.020560 200.000000 10.810811
620 0.000385 0.031755 300.000000 11.583012
620 0.000332 0.045909 400.000000 11.695907
620 0.000363 0.059766 500.000000 11.574074
630 0.000366 0.043536 100.000000 8.695652
630 0.000347 0.020498 200.000000 10.810811
630 0.000362 0.031111 300.000000 11.538462
630 0.000319 0.043470 400.000000 11.730206
630 0.000357 0.057226 500.000000 11.441648
640 0.000414 0.041144 100.000000 8.695652
640 0.000335 0.020549 200.000000 10.869565
640 0.000370 0.029193 300.000000 11.494253
640 0.000322 0.041089 400.000000 11.730206
640 0.000326 0.054633 500.000000 11.337869
650 0.000355 0.040179 100.000000 8.695652
650 0.000327 0.019719 200.000000 10.928962
650 0.000314 0.027548 300.000000 11.406844
650 0.000303 0.039807 400.000000 11.764706
650 0.000297 0.054469 500.000000 11.185682
660 0.000303 0.038004 100.000000 8.849558
660 0.000339 0.020618 200.000000 10.989011
660 0.000262 0.029329 300.000000 11.363636
660 0.000328 0.042535 400.000000 11.799410
670 0.000348 0.035156 100.000000 9.090909
670 0.000373 0.014668 200.000000 11.111111
670 0.000297 0.028052 300.000000 11.406844
670 0.000343 0.038644 400.000000 11.869436
680 0.000337 0.027309 100.000000 9.523809
680 0.000405 0.019802 200.000000 11.363636
680 0.000291 0.036384 300.000000 11.538462
680 0.000335 0.045702 400.000000 11.976048
690 0.000357 0.015386 100.000000 10.101010
690 0.000407 0.025623 200.000000 11.764706
690 0.000215 0.040312 300.000000 11.811024
690 0.000276 0.045683 400.000000 12.121212
700 0.000323 0.016050 100.000000 10.869565
700 0.000386 0.024610 200.000000 12.195122
700 0.000181 0.032206 300.000000 12.096774
700 0.000239 0.030644 400.000000 12.232416
710 0.000314 0.020774 100.000000 11.627907
710 0.000395 0.027298 200.000000 12.658228
710 0.000178 0.030650 300.000000 12.396694
710 0.000234 0.025863 400.000000 12.383901
720 0.000323 0.010234 100.000000 12.500000
720 0.000433 0.021961 200.000000 13.071896
720 0.000249 0.026884 300.000000 12.711864
720 0.000316 0.029039 400.000000 12.422360
730 0.000366 0.007117 100.000000 13.333333
730 0.000418 0.024870 200.000000 13.422819
730 0.000298 0.030701 300.000000 12.931034
730 0.000346 0.038516 400.000000 12.422360
740 0.000366 0.011880 100.000000 13.888889
740 0.000409 0.028965 200.000000 13.605442
740 0.000325 0.034202 300.000000 13.100436
740 0.000370 0.044785 400.000000 12.383901
750 0.000331 0.008937 100.000000 14.285714
750 0.000428 0.027745 200.000000 13.605442
750 0.000312 0.030342 300.000000 13.215859
750 0.000328 0.041084 400.000000 12.269938
760 0.000383 0.012560 100.000000 14.285714
760 0.000361 0.030459 200.000000 13.422819
760 0.000308 0.030217 300.000000 13.215859
760 0.000301 0.040668 400.000000 12.084592
770 0.000468 0.017320 100.000000 14.084507
770 0.000236 0.031279 200.000000 13.071896
770 0.000341 0.034400 300.000000 13.215859
780 0.000469 0.017465 100.000000 13.888889
780 0.000268 0.026700 200.000000 12.820513
780 0.000349 0.034125 300.000000 13.100436
790 0.000541 0.017182 100.000000 13.698630
790 0.000312 0.021743 200.000000 12.738853
790 0.000354 0.031520 300.000000 12.711864
800 0.000549 0.018710 100.000000 13.333333
800 0.000308 0.019433 200.000000 12.658228
800 0.000391 0.031473 300.000000 12.244898
810 0.000443 0.021270 100.000000 13.157895
810 0.000332 0.019060 200.000000 12.658228
810 0.000398 0.033940 300.000000 11.904762
820 0.000558 0.028400 100.000000 12.820513
820 0.000359 0.024631 200.000000 12.658228
820 0.000372 0.040615 300.000000 11.627907
830 0.000432 0.023645 100.000000 12.345679
830 0.000375 0.025277 200.000000 12.658228
830 0.000343 0.044706 300.000000 11.363636
840 0.000357 0.012738 100.000000 12.048193
840 0.000413 0.029749 200.000000 12.658228
850 0.000530 0.014122 100.000000 11.764706
850 0.000472 0.038698 200.000000 12.578616
860 0.000634 0.021273 100.000000 11.627907
860 0.000478 0.043405 200.000000 12.269938
870 0.000677 0.031070 100.000000 11.764706
870 0.000514 0.049518 200.000000 11.764706
880 0.000676 0.039307 100.000000 11.904762
880 0.000569 0.057336 200.000000 11.363636
890 0.000662 0.044509 100.000000 12.048193
890 0.000569 0.059328 200.000000 11.111111
900 0.000612 0.044599 100.000000 12.345679
900 0.000454 0.060300 200.000000 10.989011
910 0.000555 0.043647 100.000000 12.658228
910 0.000390 0.060724 200.000000 10.810811
920 0.000663 0.043802 100.000000 12.987013
930 0.000528 0.031013 100.000000 13.333333
940 0.000475 0.023729 100.000000 13.157895
950 0.000469 0.030093 100.000000 12.048193
960 0.000541 0.022422 100.000000 10.989011
970 0.000535 0.022954 100.000000 10.204082
980 0.000349 0.023540 100.000000 9.708738
990 0.000237 0.033248 100.000000 9.090909
