0 0.000539 0.017351 100.000000 5.780347
0 0.000239 0.027068 200.000000 6.329114
0 0.000214 0.027266 300.000000 6.711410
0 0.000316 0.031561 400.000000 6.908463
0 0.000554 0.037660 500.000000 6.289308
0 0.000360 0.057587 600.000000 6.734007
10 0.000671 0.015561 100.000000 6.060606
10 0.000237 0.029516 200.000000 6.430868
10 0.000239 0.026984 300.000000 6.833713
10 0.000336 0.031814 400.000000 7.005254
10 0.000562 0.038182 500.000000 6.361323
10 0.000368 0.057705 600.000000 6.795017
20 0.000803 0.010221 100.000000 6.369427
20 0.000253 0.035609 200.000000 6.451613
20 0.000246 0.026850 300.000000 6.944445
20 0.000328 0.030667 400.000000 7.104796
20 0.000536 0.037495 500.000000 6.426735
20 0.000346 0.056958 600.000000 6.841505
30 0.000936 0.014297 100.000000 6.622517
30 0.000248 0.043209 200.000000 6.514658
30 0.000255 0.029152 300.000000 7.025761
30 0.000314 0.029969 400.000000 7.207207
30 0.000506 0.037185 500.000000 6.493506
30 0.000324 0.056334 600.000000 6.880734
40 0.000974 0.025903 100.000000 6.849315
40 0.000186 0.049165 200.000000 6.557377
40 0.000263 0.031018 300.000000 7.058824
40 0.000322 0.031123 400.000000 7.285975
40 0.000497 0.038605 500.000000 6.553080
40 0.000321 0.056706 600.000000 6.888634
50 0.001004 0.036677 100.000000 6.993007
50 0.000139 0.052176 200.000000 6.600660
50 0.000285 0.032895 300.000000 7.042253
50 0.000328 0.032277 400.000000 7.352941
50 0.000479 0.040763 500.000000 6.596306
50 0.000323 0.056735 600.000000 6.880734
60 0.000968 0.043095 100.000000 7.092198
60 0.000178 0.049746 200.000000 6.622517
60 0.000286 0.033251 300.000000 6.976744
60 0.000319 0.033162 400.000000 7.393715
60 0.000476 0.042501 500.000000 6.631300
60 0.000315 0.056413 600.000000 6.872852
70 0.000900 0.048226 100.000000 7.142857
70 0.000205 0.047090 200.000000 6.644518
70 0.000289 0.033263 300.000000 6.928406
70 0.000312 0.034825 400.000000 7.421150
70 0.000478 0.044650 500.000000 6.657790
70 0.000283 0.056257 600.000000 6.864988
80 0.000765 0.052118 100.000000 7.142857
80 0.000243 0.044636 200.000000 6.688963
80 0.000294 0.033651 300.000000 6.912442
80 0.000314 0.036921 400.000000 7.434944
80 0.000481 0.047710 500.000000 6.675568
80 0.000270 0.056006 600.000000 6.857143
90 0.000673 0.053650 100.000000 7.142857
90 0.000244 0.042129 200.000000 6.711410
90 0.000300 0.033918 300.000000 6.928406
90 0.000319 0.039256 400.000000 7.421150
90 0.000469 0.050541 500.000000 6.702413
90 0.000260 0.055751 600.000000 6.841505
100 0.000590 0.053700 100.000000 7.092198
100 0.000243 0.039625 200.000000 6.756757
100 0.000309 0.033967 300.000000 6.960557
100 0.000399 0.038737 400.000000 7.259528
100 0.000459 0.054028 500.000000 6.720430
100 0.000269 0.055873 600.000000 6.825939
110 0.000508 0.051687 100.000000 7.092198
110 0.000227 0.037957 200.000000 6.802721
110 0.000331 0.034627 300.000000 6.976744
110 0.000603 0.038652 400.000000 6.201550
110 0.000447 0.057254 500.000000 6.747638
110 0.000279 0.056089 600.000000 6.795017
120 0.000641 0.041700 100.000000 7.142857
120 0.000238 0.034783 200.000000 6.872852
120 0.000321 0.035412 300.000000 7.025761
120 0.000648 0.041444 400.000000 6.201550
120 0.000447 0.060899 500.000000 6.784261
120 0.000291 0.056880 600.000000 6.764374
130 0.000647 0.039529 100.000000 7.352941
130 0.000239 0.034410 200.000000 6.993007
130 0.000323 0.036216 300.000000 7.092198
130 0.000655 0.042269 400.000000 6.240250
130 0.000445 0.063021 500.000000 6.830601
130 0.000290 0.057186 600.000000 6.703911
140 0.000585 0.032683 100.000000 7.575758
140 0.000296 0.032730 200.000000 7.142857
140 0.000358 0.036642 300.000000 7.177033
140 0.000679 0.044133 400.000000 6.289308
140 0.000447 0.065923 500.000000 6.887053
140 0.000340 0.059072 600.000000 6.637168
150 0.000589 0.022562 100.000000 7.692307
150 0.000384 0.034931 200.000000 7.220217
150 0.000410 0.040492 300.000000 7.246377
150 0.000725 0.049607 400.000000 6.339144
150 0.000470 0.071927 500.000000 6.925208
150 0.000379 0.062378 600.000000 6.578948
160 0.000601 0.019920 100.000000 7.692307
160 0.000379 0.039539 200.000000 7.272727
160 0.000434 0.045029 300.000000 7.299270
160 0.000757 0.053877 400.000000 6.379585
160 0.000482 0.076949 500.000000 6.954103
160 0.000405 0.063665 600.000000 6.514658
170 0.000813 0.019759 100.000000 7.142857
170 0.000403 0.044488 200.000000 7.272727
170 0.000471 0.049113 300.000000 7.352941
170 0.000772 0.057516 400.000000 6.410256
170 0.000488 0.080940 500.000000 6.954103
180 0.001088 0.018741 100.000000 6.329114
180 0.000412 0.048450 200.000000 7.194244
180 0.000473 0.054136 300.000000 7.389163
180 0.000764 0.061350 400.000000 6.451613
180 0.000487 0.084932 500.000000 6.915629
190 0.001110 0.020678 100.000000 6.172840
190 0.000567 0.048778 200.000000 7.042253
190 0.000524 0.057029 300.000000 7.444169
190 0.000743 0.063967 400.000000 6.482982
190 0.000496 0.085048 500.000000 6.849315
200 0.001283 0.025275 100.000000 6.134969
200 0.000632 0.051705 200.000000 6.849315
200 0.000574 0.062253 300.000000 7.462687
200 0.000749 0.067747 400.000000 6.514658
200 0.000496 0.084672 500.000000 6.811989
210 0.001246 0.030442 100.000000 6.172840
210 0.000639 0.051487 200.000000 6.779661
210 0.000560 0.065514 300.000000 7.481297
210 0.000751 0.070242 400.000000 6.535948
210 0.000468 0.082668 500.000000 6.793478
220 0.001178 0.037762 100.000000 6.211180
220 0.000659 0.051068 200.000000 6.779661
220 0.000565 0.068604 300.000000 7.500000
220 0.000745 0.073086 400.000000 6.557377
220 0.000449 0.080307 500.000000 6.784261
230 0.001048 0.042933 100.000000 6.289308
230 0.000695 0.050974 200.000000 6.802721
230 0.000589 0.071738 300.000000 7.500000
230 0.000735 0.075848 400.000000 6.589786
230 0.000438 0.078124 500.000000 6.775068
240 0.000966 0.045887 100.000000 6.410256
240 0.000726 0.049843 200.000000 6.849315
240 0.000729 0.071375 300.000000 7.263923
240 0.000716 0.078047 400.000000 6.622517
240 0.000443 0.075773 500.000000 6.756757
250 0.000833 0.046336 100.000000 6.493506
250 0.000738 0.046567 200.000000 6.896552
250 0.000969 0.066766 300.000000 5.940594
250 0.000676 0.078611 400.000000 6.655574
250 0.000431 0.072968 500.000000 6.729475
260 0.000763 0.049762 100.000000 6.578948
260 0.000731 0.047074 200.000000 6.920415
260 0.001014 0.065417 300.000000 5.917160
260 0.000660 0.080978 400.000000 6.688963
260 0.000433 0.071487 500.000000 6.666667
270 0.000706 0.058198 100.000000 6.666667
270 0.000737 0.053767 200.000000 6.944445
270 0.001031 0.068218 300.000000 5.928854
270 0.000658 0.087621 400.000000 6.711410
270 0.000477 0.073528 500.000000 6.476684
280 0.000608 0.058461 100.000000 6.756757
280 0.000696 0.054542 200.000000 7.017544
280 0.001025 0.066722 300.000000 5.964215
280 0.000643 0.090535 400.000000 6.745363
280 0.000488 0.074256 500.000000 6.361323
290 0.000551 0.057895 100.000000 6.849315
290 0.000681 0.054905 200.000000 7.092198
290 0.001014 0.065143 300.000000 6.024096
290 0.000624 0.092266 400.000000 6.779661
290 0.000492 0.073434 500.000000 6.297229
300 0.000527 0.045506 100.000000 7.042253
300 0.000669 0.048332 200.000000 7.246377
300 0.000984 0.060104 300.000000 6.097561
300 0.000597 0.089500 400.000000 6.825939
310 0.000540 0.035244 100.000000 7.352941
310 0.000678 0.045339 200.000000 7.434944
310 0.000966 0.058612 300.000000 6.198347
310 0.000593 0.088375 400.000000 6.896552
320 0.000556 0.025535 100.000000 7.751938
320 0.000660 0.041821 200.000000 7.662835
320 0.000929 0.056496 300.000000 6.302521
320 0.000583 0.085954 400.000000 6.980803
330 0.000625 0.019512 100.000000 8.130081
330 0.000669 0.041975 200.000000 7.905138
330 0.000901 0.056713 300.000000 6.410256
330 0.000566 0.084830 400.000000 7.042253
340 0.000629 0.018724 100.000000 8.264462
340 0.000673 0.043673 200.000000 8.097166
340 0.000876 0.057999 300.000000 6.493506
340 0.000541 0.085309 400.000000 7.054674
350 0.000743 0.019727 100.000000 8.064516
350 0.000670 0.043842 200.000000 8.230453
350 0.000820 0.056311 300.000000 6.564551
350 0.000505 0.080033 400.000000 7.029877
360 0.000790 0.022356 100.000000 7.692307
360 0.000621 0.043384 200.000000 8.298756
360 0.000761 0.054396 300.000000 6.622517
360 0.000460 0.073488 400.000000 6.980803
370 0.000825 0.024033 100.000000 7.462687
370 0.000595 0.044439 200.000000 8.333333
370 0.000746 0.055892 300.000000 6.637168
370 0.000385 0.070242 400.000000 6.956522
380 0.000845 0.020960 100.000000 7.352941
380 0.000633 0.049530 200.000000 8.298756
380 0.000766 0.062801 300.000000 6.666667
380 0.000372 0.072306 400.000000 6.920415
390 0.000718 0.012541 100.000000 7.299270
390 0.000617 0.042199 200.000000 8.163265
390 0.000730 0.066034 300.000000 6.666667
390 0.000344 0.072090 400.000000 6.872852
400 0.000685 0.012769 100.000000 7.299270
400 0.001038 0.034747 200.000000 5.714286
400 0.000707 0.074024 300.000000 6.681514
400 0.000367 0.074987 400.000000 6.802721
410 0.000756 0.019623 100.000000 7.246377
410 0.001185 0.037510 200.000000 5.617978
410 0.000710 0.082926 300.000000 6.696429
410 0.000393 0.077486 400.000000 6.677796
420 0.000822 0.030163 100.000000 7.194244
420 0.001244 0.048291 200.000000 5.602241
420 0.000725 0.094548 300.000000 6.711410
420 0.000487 0.083260 400.000000 6.369427
430 0.000821 0.038970 100.000000 7.246377
430 0.001276 0.055913 200.000000 5.633803
430 0.000721 0.102688 300.000000 6.726458
430 0.000488 0.086599 400.000000 6.211180
440 0.000877 0.050437 100.000000 7.352941
440 0.001316 0.067913 200.000000 5.681818
440 0.000726 0.113830 300.000000 6.726458
450 0.000926 0.051234 100.000000 7.575758
450 0.001296 0.072396 200.000000 5.763689
450 0.000728 0.117050 300.000000 6.726458
460 0.000904 0.050549 100.000000 7.874016
460 0.001240 0.073952 200.000000 5.847953
460 0.000693 0.116003 300.000000 6.711410
470 0.000841 0.037522 100.000000 8.196721
470 0.001122 0.064118 200.000000 5.952381
470 0.000622 0.103520 300.000000 6.711410
480 0.000761 0.026954 100.000000 8.547009
480 0.001034 0.059101 200.000000 6.060606
480 0.000590 0.095444 300.000000 6.726458
490 0.000694 0.024483 100.000000 8.928572
490 0.001007 0.059312 200.000000 6.172840
490 0.000529 0.091519 300.000000 6.756757
500 0.000641 0.021868 100.000000 9.259259
500 0.000994 0.061866 200.000000 6.250000
500 0.000462 0.088615 300.000000 6.772009
510 0.000572 0.018445 100.000000 9.433962
510 0.000971 0.065825 200.000000 6.309148
510 0.000417 0.085329 300.000000 6.772009
520 0.000579 0.017608 100.000000 9.345795
520 0.000944 0.072620 200.000000 6.349206
520 0.000391 0.084626 300.000000 6.741573
530 0.000941 0.012145 100.000000 8.196721
530 0.000898 0.079170 200.000000 6.369427
530 0.000380 0.083041 300.000000 6.666667
540 0.001630 0.011889 100.000000 4.587156
540 0.000840 0.081374 200.000000 6.410256
540 0.000346 0.079553 300.000000 6.593407
550 0.001751 0.010264 100.000000 4.545455
550 0.000821 0.086469 200.000000 6.430868
550 0.000377 0.078671 300.000000 6.396588
560 0.001787 0.022772 100.000000 4.566210
560 0.000812 0.094695 200.000000 6.472492
560 0.000496 0.083856 300.000000 6.048387
570 0.001860 0.038570 100.000000 4.587156
570 0.000798 0.103587 200.000000 6.451613
570 0.000513 0.086727 300.000000 5.847953
580 0.001783 0.059217 100.000000 4.608295
580 0.000741 0.107530 200.000000 6.349206
590 0.001673 0.081121 100.000000 4.651163
590 0.000654 0.113530 200.000000 6.134969
600 0.001375 0.081068 100.000000 4.672897
600 0.000479 0.094591 200.000000 5.988024
610 0.001416 0.093255 100.000000 4.694836
610 0.000419 0.095618 200.000000 5.934718
620 0.001439 0.108509 100.000000 4.739336
620 0.000428 0.099946 200.000000 5.899705
630 0.001411 0.115415 100.000000 4.807693
630 0.000436 0.099154 200.000000 5.899705
640 0.001235 0.108561 100.000000 4.950495
640 0.000387 0.087366 200.000000 5.952381
650 0.000927 0.085068 100.000000 5.154639
650 0.000302 0.063737 200.000000 6.060606
660 0.000825 0.078097 100.000000 5.405406
660 0.000302 0.056153 200.000000 6.230530
670 0.000862 0.074196 100.000000 5.714286
670 0.000319 0.056360 200.000000 6.430868
680 0.000902 0.072715 100.000000 6.060606
680 0.000337 0.057874 200.000000 6.644518
690 0.000991 0.071239 100.000000 6.451613
690 0.000332 0.060294 200.000000 6.849315
700 0.001085 0.073563 100.000000 6.896552
700 0.000348 0.064037 200.000000 7.092198
710 0.001113 0.073726 100.000000 7.407407
710 0.000351 0.064422 200.000000 7.352941
720 0.001085 0.072469 100.000000 8.000000
720 0.000343 0.063096 200.000000 7.633588
730 0.001061 0.064443 100.000000 8.695652
730 0.000351 0.058605 200.000000 7.936508
740 0.000971 0.051060 100.000000 9.345795
740 0.000346 0.049657 200.000000 8.163265
750 0.000929 0.035600 100.000000 10.101010
750 0.000398 0.044582 200.000000 8.333333
760 0.000950 0.031607 100.000000 10.526316
760 0.000460 0.045359 200.000000 8.333333
770 0.000937 0.030808 100.000000 10.869565
770 0.000519 0.044626 200.000000 7.843137
780 0.001007 0.034876 100.000000 10.869565
780 0.000466 0.046301 200.000000 7.067138
790 0.001014 0.038125 100.000000 10.526316
800 0.000932 0.031137 100.000000 9.433962
810 0.000556 0.022961 100.000000 8.403361
820 0.000705 0.020786 100.000000 8.000000
830 0.000803 0.019184 100.000000 7.692307
840 0.000832 0.020960 100.000000 7.352941
850 0.000723 0.018060 100.000000 6.944445
860 0.000588 0.019185 100.000000 6.134969
870 0.000308 0.024436 100.000000 5.208333
880 0.000355 0.022145 100.000000 4.807693
