0 0.001206 0.049934 100.000000 7.692307
0 0.001879 0.063403 200.000000 7.782101
0 0.001269 0.062602 300.000000 7.772021
0 0.000869 0.083425 400.000000 8.130081
0 0.000756 0.111416 500.000000 8.000000
0 0.000668 0.130507 600.000000 7.947020
0 0.000601 0.155380 700.000000 8.495146
0 0.000463 0.146536 800.000000 8.501594
10 0.001240 0.056236 100.000000 8.196721
10 0.001882 0.064983 200.000000 8.000000
10 0.001263 0.061082 300.000000 7.936508
10 0.000871 0.080933 400.000000 8.264462
10 0.000795 0.108108 500.000000 7.961783
10 0.000668 0.128155 600.000000 8.032128
10 0.000605 0.153354 700.000000 8.578431
10 0.000460 0.143670 800.000000 8.574491
20 0.001139 0.053772 100.000000 8.620689
20 0.001932 0.056986 200.000000 8.130081
20 0.001279 0.065728 300.000000 8.064516
20 0.000857 0.088442 400.000000 8.385744
20 0.000812 0.115099 500.000000 7.911392
20 0.000679 0.135937 600.000000 8.108109
20 0.000614 0.159489 700.000000 8.663366
20 0.000466 0.146693 800.000000 8.629990
30 0.001084 0.050855 100.000000 8.928572
30 0.001984 0.049119 200.000000 8.230453
30 0.001300 0.074429 300.000000 8.130081
30 0.000883 0.099406 400.000000 8.456659
30 0.000802 0.125653 500.000000 7.861635
30 0.000684 0.146053 600.000000 8.174387
30 0.000624 0.168236 700.000000 8.728180
30 0.000475 0.150427 800.000000 8.648648
40 0.001095 0.051675 100.000000 9.009009
40 0.002039 0.044759 200.000000 8.230453
40 0.001315 0.081241 300.000000 8.174387
40 0.000887 0.106667 400.000000 8.510638
40 0.000818 0.132087 500.000000 7.836991
40 0.000683 0.152364 600.000000 8.230453
40 0.000634 0.173548 700.000000 8.771930
40 0.000498 0.150242 800.000000 8.519702
50 0.001014 0.045911 100.000000 9.090909
50 0.002097 0.044684 200.000000 8.163265
50 0.001338 0.091572 300.000000 8.174387
50 0.000891 0.117144 400.000000 8.528785
50 0.000839 0.141302 500.000000 7.824726
50 0.000685 0.161324 600.000000 8.275862
50 0.000637 0.180706 700.000000 8.793970
50 0.000498 0.150040 800.000000 8.281573
60 0.000941 0.040816 100.000000 9.090909
60 0.002138 0.055802 200.000000 8.130081
60 0.001389 0.105214 300.000000 8.196721
60 0.000932 0.130559 400.000000 8.510638
60 0.000856 0.153604 500.000000 7.836991
60 0.000692 0.173332 600.000000 8.321775
60 0.000642 0.192114 700.000000 8.760951
60 0.000492 0.154265 800.000000 8.255934
70 0.000798 0.034934 100.000000 9.174312
70 0.002171 0.069725 200.000000 8.130081
70 0.001391 0.119627 300.000000 8.241758
70 0.000949 0.145962 400.000000 8.474576
70 0.000861 0.167892 500.000000 7.861635
70 0.000695 0.187338 600.000000 8.368201
70 0.000635 0.204633 700.000000 8.695652
70 0.000493 0.159448 800.000000 8.255934
80 0.000914 0.016393 100.000000 9.174312
80 0.002150 0.090457 200.000000 8.097166
80 0.001411 0.139808 300.000000 8.264462
80 0.000997 0.166425 400.000000 8.456659
80 0.000867 0.186392 500.000000 7.886436
80 0.000704 0.203147 600.000000 8.426967
80 0.000624 0.213684 700.000000 8.663366
80 0.000505 0.164906 800.000000 8.255934
90 0.000442 0.011033 100.000000 8.928572
90 0.002162 0.119353 200.000000 8.000000
90 0.001413 0.166710 300.000000 8.241758
90 0.000974 0.193706 400.000000 8.403361
90 0.000864 0.211733 500.000000 7.898894
90 0.000704 0.225523 600.000000 8.462624
90 0.000639 0.225432 700.000000 8.631319
90 0.000507 0.172752 800.000000 8.255934
100 0.000962 0.014093 100.000000 8.620689
100 0.002199 0.136849 200.000000 7.905138
100 0.001426 0.176732 300.000000 8.219178
100 0.000980 0.202232 400.000000 8.333333
100 0.000893 0.218585 500.000000 7.911392
100 0.000735 0.231862 600.000000 8.498584
100 0.000670 0.224024 700.000000 8.610086
100 0.000526 0.174331 800.000000 8.247422
110 0.002650 0.054216 100.000000 8.333333
110 0.002171 0.146153 200.000000 7.843137
110 0.001382 0.182670 300.000000 8.219178
110 0.000904 0.206292 400.000000 8.281573
110 0.000886 0.221014 500.000000 7.923930
110 0.000736 0.232343 600.000000 8.547009
110 0.000653 0.216367 700.000000 8.610086
110 0.000526 0.170963 800.000000 8.247422
120 0.003894 0.091682 100.000000 8.000000
120 0.002194 0.156924 200.000000 7.812500
120 0.001349 0.191693 300.000000 8.241758
120 0.001033 0.213392 400.000000 8.230453
120 0.000877 0.227413 500.000000 7.949126
120 0.000739 0.238293 600.000000 8.583691
120 0.000579 0.212280 700.000000 8.620689
120 0.000527 0.170910 800.000000 8.238929
130 0.004097 0.100124 100.000000 7.751938
130 0.002124 0.174780 200.000000 7.782101
130 0.001295 0.206837 300.000000 8.264462
130 0.001079 0.226988 400.000000 7.968128
130 0.000861 0.239999 500.000000 7.987220
130 0.000725 0.250340 600.000000 8.633094
130 0.000561 0.215467 700.000000 8.620689
130 0.000511 0.173603 800.000000 8.213552
140 0.004133 0.112469 100.000000 7.575758
140 0.002083 0.189394 200.000000 7.751938
140 0.001245 0.217010 300.000000 8.287292
140 0.001054 0.233416 400.000000 7.619048
140 0.000846 0.246084 500.000000 8.025682
140 0.000724 0.254191 600.000000 8.683068
140 0.000554 0.211707 700.000000 8.599508
140 0.000503 0.171389 800.000000 8.113590
150 0.004071 0.124709 100.000000 7.462687
150 0.001996 0.199777 200.000000 7.751938
150 0.001178 0.223722 300.000000 8.310249
150 0.001024 0.238340 400.000000 7.561437
150 0.000799 0.250781 500.000000 8.064516
150 0.000707 0.257964 600.000000 8.708273
150 0.000550 0.207416 700.000000 8.413462
160 0.004150 0.140829 100.000000 7.352941
160 0.001990 0.209016 200.000000 7.751938
160 0.001166 0.229047 300.000000 8.310249
160 0.001023 0.241790 400.000000 7.547170
160 0.000775 0.252903 500.000000 8.116883
160 0.000697 0.259893 600.000000 8.720930
160 0.000539 0.201831 700.000000 8.158508
170 0.004032 0.159522 100.000000 7.246377
170 0.001967 0.210737 200.000000 7.782101
170 0.001150 0.227230 300.000000 8.287292
170 0.000998 0.238744 400.000000 7.561437
170 0.000749 0.249004 500.000000 8.169934
170 0.000688 0.256840 600.000000 8.670520
170 0.000516 0.193967 700.000000 8.130081
180 0.003953 0.180347 100.000000 7.194244
180 0.001942 0.217895 200.000000 7.812500
180 0.001158 0.231748 300.000000 8.241758
180 0.000980 0.242530 400.000000 7.575758
180 0.000741 0.251547 500.000000 8.223684
180 0.000665 0.257381 600.000000 8.595988
180 0.000495 0.191128 700.000000 8.130081
190 0.003737 0.196146 100.000000 7.194244
190 0.001865 0.223766 200.000000 7.843137
190 0.001149 0.235869 300.000000 8.219178
190 0.000941 0.243962 400.000000 7.619048
190 0.000721 0.251727 500.000000 8.291874
190 0.000623 0.251354 600.000000 8.571428
190 0.000480 0.186755 700.000000 8.139535
200 0.003879 0.206150 100.000000 7.194244
200 0.001890 0.221856 200.000000 7.874016
200 0.001146 0.230436 300.000000 8.219178
200 0.000963 0.237525 400.000000 7.648183
200 0.000751 0.243454 500.000000 8.347245
200 0.000666 0.237223 600.000000 8.571428
200 0.000513 0.177853 700.000000 8.149011
210 0.003744 0.214470 100.000000 7.194244
210 0.001816 0.221440 200.000000 7.968128
210 0.001077 0.227773 300.000000 8.219178
210 0.000928 0.231213 400.000000 7.707129
210 0.000729 0.232696 500.000000 8.417508
210 0.000651 0.218834 600.000000 8.583691
210 0.000513 0.164402 700.000000 8.168028
220 0.003253 0.201312 100.000000 7.299270
220 0.001567 0.204197 200.000000 8.032128
220 0.000865 0.205671 300.000000 8.219178
220 0.000832 0.206563 400.000000 7.751938
220 0.000649 0.203920 500.000000 8.503402
220 0.000572 0.186884 600.000000 8.608321
220 0.000467 0.141558 700.000000 8.196721
230 0.001201 0.070220 100.000000 7.352941
230 0.000536 0.070414 200.000000 8.130081
230 0.000354 0.067860 300.000000 8.241758
230 0.000329 0.068498 400.000000 7.812500
230 0.000306 0.069530 500.000000 8.576329
230 0.000253 0.066235 600.000000 8.645534
230 0.000226 0.059469 700.000000 8.225616
240 0.000537 0.034802 100.000000 7.462687
240 0.000362 0.043202 200.000000 8.264462
240 0.000108 0.042844 300.000000 8.264462
240 0.000145 0.039806 400.000000 7.889546
240 0.000206 0.039899 500.000000 8.665511
240 0.000058 0.040463 600.000000 8.695652
240 0.000172 0.040554 700.000000 8.244994
250 0.000458 0.029067 100.000000 7.633588
250 0.000333 0.036780 200.000000 8.403361
250 0.000093 0.032071 300.000000 8.241758
250 0.000114 0.028828 400.000000 7.968128
250 0.000188 0.027949 500.000000 8.741259
250 0.000062 0.030594 600.000000 8.746356
250 0.000194 0.033846 700.000000 8.274232
260 0.000440 0.029744 100.000000 7.751938
260 0.000348 0.033027 200.000000 8.510638
260 0.000163 0.018513 300.000000 7.853403
260 0.000064 0.018493 400.000000 8.032128
260 0.000155 0.012591 500.000000 8.833922
260 0.000061 0.019465 600.000000 8.771930
260 0.000219 0.025126 700.000000 8.264462
270 0.000426 0.031430 100.000000 7.874016
270 0.000335 0.029002 200.000000 8.620689
270 0.000066 0.011121 300.000000 7.633588
270 0.000054 0.012524 400.000000 8.113590
270 0.000153 0.003454 500.000000 8.912656
270 0.000077 0.016841 600.000000 8.784773
270 0.000231 0.023187 700.000000 8.196721
280 0.000359 0.034419 100.000000 7.936508
280 0.000351 0.024716 200.000000 8.733624
280 0.000075 0.008653 300.000000 7.575758
280 0.000077 0.011124 400.000000 8.196721
280 0.000152 0.005904 500.000000 8.976661
280 0.000095 0.016971 600.000000 8.670520
290 0.000197 0.020477 100.000000 8.064516
290 0.000411 0.008411 200.000000 8.810573
290 0.000052 0.022826 300.000000 7.575758
290 0.000157 0.022792 400.000000 8.264462
290 0.000194 0.032808 500.000000 9.025270
290 0.000168 0.029705 600.000000 8.321775
300 0.000217 0.018100 100.000000 8.196721
300 0.000415 0.010906 200.000000 8.888889
300 0.000046 0.025368 300.000000 7.614213
300 0.000174 0.025538 400.000000 8.350731
300 0.000174 0.035690 500.000000 9.041592
300 0.000190 0.031109 600.000000 8.275862
310 0.000321 0.010717 100.000000 8.333333
310 0.000397 0.011260 200.000000 8.849558
310 0.000023 0.020663 300.000000 7.653061
310 0.000181 0.021386 400.000000 8.438819
310 0.000140 0.031410 500.000000 8.976661
310 0.000170 0.029225 600.000000 8.275862
320 0.000374 0.004777 100.000000 8.403361
320 0.000373 0.017353 200.000000 8.810573
320 0.000025 0.021419 300.000000 7.692307
320 0.000189 0.022868 400.000000 8.528785
320 0.000162 0.031641 500.000000 8.896797
320 0.000181 0.030408 600.000000 8.287292
330 0.000350 0.006963 100.000000 8.547009
330 0.000355 0.022246 200.000000 8.810573
330 0.000054 0.021056 300.000000 7.751938
330 0.000197 0.023913 400.000000 8.602151
330 0.000197 0.031304 500.000000 8.880995
330 0.000187 0.031324 600.000000 8.310249
340 0.000441 0.006893 100.000000 8.620689
340 0.000389 0.024071 200.000000 8.771930
340 0.000057 0.020836 300.000000 7.812500
340 0.000209 0.024714 400.000000 8.695652
340 0.000159 0.029209 500.000000 8.896797
340 0.000212 0.031214 600.000000 8.321775
350 0.000511 0.013222 100.000000 8.771930
350 0.000376 0.033484 200.000000 8.733624
350 0.000106 0.028013 300.000000 7.853403
350 0.000235 0.033023 400.000000 8.791209
350 0.000198 0.035525 500.000000 8.896797
350 0.000211 0.036967 600.000000 8.344924
360 0.000609 0.021188 100.000000 8.928572
360 0.000386 0.036603 200.000000 8.733624
360 0.000116 0.028553 300.000000 7.915567
360 0.000243 0.033861 400.000000 8.869180
360 0.000140 0.034491 500.000000 8.928572
360 0.000211 0.038016 600.000000 8.356546
370 0.000672 0.018403 100.000000 9.090909
370 0.000153 0.036810 200.000000 8.658009
370 0.000123 0.029160 300.000000 7.978724
370 0.000255 0.036171 400.000000 8.968610
370 0.000103 0.041296 500.000000 8.960573
370 0.000221 0.038105 600.000000 8.368201
380 0.000672 0.013749 100.000000 9.174312
380 0.000102 0.036704 200.000000 8.510638
380 0.000176 0.032005 300.000000 8.042895
380 0.000284 0.042061 400.000000 9.049774
380 0.000151 0.045402 500.000000 8.976661
380 0.000251 0.041723 600.000000 8.379889
390 0.000744 0.014511 100.000000 9.345795
390 0.000141 0.036830 200.000000 7.692307
390 0.000193 0.031732 300.000000 8.130081
390 0.000296 0.042978 400.000000 9.153318
390 0.000156 0.044739 500.000000 8.992805
390 0.000272 0.043931 600.000000 8.321775
400 0.000653 0.010179 100.000000 9.523809
400 0.000125 0.030338 200.000000 7.407407
400 0.000195 0.026042 300.000000 8.196721
400 0.000289 0.038837 400.000000 9.216590
400 0.000166 0.040064 500.000000 8.944544
400 0.000293 0.043026 600.000000 8.064516
410 0.000688 0.012189 100.000000 9.615385
410 0.000128 0.029176 200.000000 7.326007
410 0.000216 0.025227 300.000000 8.287292
410 0.000273 0.038928 400.000000 9.280743
410 0.000189 0.036452 500.000000 8.445946
420 0.000661 0.016809 100.000000 9.523809
420 0.000138 0.031652 200.000000 7.299270
420 0.000246 0.028597 300.000000 8.379889
420 0.000239 0.041827 400.000000 9.237875
420 0.000238 0.037217 500.000000 8.278146
430 0.000670 0.025728 100.000000 9.259259
430 0.000171 0.036575 200.000000 7.326007
430 0.000304 0.035749 300.000000 8.450705
430 0.000225 0.046914 400.000000 9.090909
430 0.000240 0.040962 500.000000 8.250825
440 0.000659 0.027513 100.000000 9.090909
440 0.000206 0.033970 200.000000 7.352941
440 0.000304 0.035112 300.000000 8.547009
440 0.000270 0.042709 400.000000 8.968610
440 0.000273 0.039631 500.000000 8.237232
450 0.000649 0.031828 100.000000 8.928572
450 0.000230 0.033400 200.000000 7.380074
450 0.000318 0.036283 300.000000 8.645534
450 0.000270 0.040074 400.000000 8.928572
450 0.000304 0.039623 500.000000 8.237232
460 0.000665 0.036351 100.000000 8.620689
460 0.000276 0.033728 200.000000 7.434944
460 0.000357 0.039146 300.000000 8.720930
460 0.000277 0.039896 400.000000 8.908686
460 0.000339 0.042428 500.000000 8.237232
470 0.000727 0.036658 100.000000 8.474576
470 0.000339 0.032213 200.000000 7.462687
470 0.000380 0.038059 300.000000 8.823529
470 0.000264 0.036136 400.000000 8.908686
470 0.000364 0.043170 500.000000 8.237232
480 0.000502 0.033044 100.000000 8.196721
480 0.000387 0.027211 200.000000 7.490637
480 0.000390 0.033400 300.000000 8.902077
480 0.000229 0.042619 400.000000 8.908686
480 0.000372 0.043279 500.000000 8.223684
490 0.000632 0.022017 100.000000 7.518797
490 0.000449 0.019079 200.000000 7.547170
490 0.000400 0.021592 300.000000 8.982036
490 0.000238 0.033888 400.000000 8.888889
490 0.000412 0.043671 500.000000 8.183306
500 0.000752 0.016821 100.000000 6.134969
500 0.000455 0.018767 200.000000 7.604563
500 0.000397 0.009874 300.000000 9.063444
500 0.000230 0.026523 400.000000 8.830022
500 0.000416 0.044891 500.000000 8.012820
510 0.000819 0.019139 100.000000 5.917160
510 0.000431 0.020829 200.000000 7.692307
510 0.000398 0.010256 300.000000 9.118541
510 0.000261 0.025177 400.000000 8.438819
520 0.000878 0.026738 100.000000 5.847953
520 0.000405 0.025944 200.000000 7.782101
520 0.000359 0.007433 300.000000 9.118541
520 0.000379 0.020855 400.000000 8.000000
530 0.000809 0.028642 100.000000 5.917160
530 0.000370 0.024085 200.000000 7.936508
530 0.000304 0.007218 300.000000 9.063444
530 0.000339 0.022108 400.000000 7.984032
540 0.000781 0.036857 100.000000 6.024096
540 0.000348 0.028259 200.000000 8.097166
540 0.000262 0.006222 300.000000 8.955224
540 0.000356 0.020096 400.000000 8.016032
550 0.000707 0.047364 100.000000 6.134969
550 0.000260 0.036683 200.000000 8.264462
550 0.000230 0.013109 300.000000 8.902077
550 0.000375 0.014425 400.000000 8.032128
560 0.000612 0.046822 100.000000 6.250000
560 0.000257 0.032451 200.000000 8.438819
560 0.000239 0.013739 300.000000 8.902077
560 0.000371 0.018106 400.000000 8.064516
570 0.000685 0.050365 100.000000 6.369427
570 0.000371 0.028073 200.000000 8.620689
570 0.000308 0.011400 300.000000 8.928572
570 0.000428 0.026226 400.000000 8.097166
580 0.000640 0.051967 100.000000 6.535948
580 0.000335 0.032369 200.000000 8.810573
580 0.000294 0.022659 300.000000 8.982036
580 0.000389 0.028411 400.000000 8.146640
590 0.000840 0.052904 100.000000 6.666667
590 0.000503 0.039921 200.000000 9.009009
590 0.000322 0.035805 300.000000 9.036144
590 0.000399 0.043510 400.000000 8.179959
600 0.000395 0.022983 100.000000 6.849315
600 0.000471 0.027005 200.000000 9.216590
600 0.000152 0.041789 300.000000 9.118541
600 0.000351 0.041143 400.000000 8.213552
610 0.000471 0.026241 100.000000 7.092198
610 0.000509 0.032756 200.000000 9.478673
610 0.000206 0.045012 300.000000 9.230769
610 0.000373 0.044580 400.000000 8.264462
620 0.000514 0.030733 100.000000 7.407407
620 0.000546 0.040738 200.000000 9.852217
620 0.000224 0.049174 300.000000 9.404388
620 0.000398 0.046976 400.000000 8.333333
630 0.000467 0.035054 100.000000 7.936508
630 0.000540 0.045775 200.000000 10.256411
630 0.000245 0.050644 300.000000 9.615385
630 0.000403 0.046220 400.000000 8.438819
640 0.000489 0.033720 100.000000 8.547009
640 0.000549 0.049436 200.000000 10.752688
640 0.000272 0.053594 300.000000 9.868421
640 0.000414 0.047059 400.000000 8.565310
650 0.000424 0.025309 100.000000 9.174312
650 0.000510 0.043155 200.000000 11.235955
650 0.000259 0.050591 300.000000 10.101010
650 0.000425 0.046269 400.000000 8.658009
660 0.000353 0.014124 100.000000 9.803922
660 0.000473 0.032658 200.000000 11.764706
660 0.000218 0.045391 300.000000 10.309278
660 0.000415 0.046228 400.000000 8.658009
670 0.000356 0.011278 100.000000 10.416667
670 0.000476 0.034975 200.000000 12.195122
670 0.000225 0.045644 300.000000 10.309278
670 0.000418 0.047795 400.000000 8.179959
680 0.000475 0.013491 100.000000 10.989011
680 0.000485 0.043701 200.000000 12.500000
680 0.000223 0.046032 300.000000 9.554140
690 0.000612 0.018327 100.000000 11.494253
690 0.000457 0.050794 200.000000 12.578616
690 0.000342 0.047124 300.000000 9.063444
700 0.000747 0.027004 100.000000 11.904762
700 0.000373 0.056336 200.000000 12.048193
700 0.000322 0.049932 300.000000 8.982036
710 0.000695 0.025523 100.000000 12.345679
710 0.000404 0.046125 200.000000 11.494253
710 0.000362 0.047708 300.000000 8.928572
720 0.000655 0.025048 100.000000 12.820513
720 0.000352 0.036511 200.000000 11.173184
720 0.000411 0.045115 300.000000 8.875740
730 0.000639 0.027208 100.000000 13.333333
730 0.000340 0.031028 200.000000 10.989011
730 0.000447 0.044618 300.000000 8.849558
740 0.000661 0.030686 100.000000 13.698630
740 0.000172 0.038699 200.000000 10.928962
740 0.000466 0.045974 300.000000 8.797654
750 0.000647 0.032426 100.000000 14.084507
750 0.000231 0.058655 200.000000 10.810811
750 0.000488 0.047061 300.000000 8.695652
760 0.000673 0.036924 100.000000 14.285714
760 0.000224 0.057626 200.000000 10.526316
760 0.000512 0.050134 300.000000 8.356546
770 0.000554 0.032825 100.000000 14.084507
770 0.000373 0.047170 200.000000 8.771930
780 0.000413 0.025393 100.000000 12.500000
780 0.000567 0.042683 200.000000 8.000000
790 0.000249 0.017572 100.000000 10.416667
790 0.000679 0.045640 200.000000 7.782101
800 0.000325 0.017282 100.000000 9.523809
800 0.000785 0.050480 200.000000 7.604563
810 0.000656 0.026521 100.000000 9.009009
810 0.000843 0.058569 200.000000 7.434944
820 0.000687 0.082729 100.000000 8.620689
820 0.000941 0.067669 200.000000 7.246377
830 0.000724 0.082590 100.000000 8.064516
830 0.000972 0.079580 200.000000 6.756757
840 0.001407 0.070297 100.000000 6.097561
850 0.001538 0.070379 100.000000 5.780347
860 0.001420 0.071238 100.000000 5.847953
870 0.001432 0.072447 100.000000 5.988024
880 0.001486 0.079770 100.000000 6.097561
890 0.001562 0.089388 100.000000 6.211180
900 0.001501 0.080311 100.000000 6.250000
910 0.001612 0.085130 100.000000 6.289308
920 0.001442 0.082790 100.000000 6.289308
930 0.001171 0.050847 100.000000 6.250000
940 0.001384 0.065525 100.000000 6.134969
950 0.001369 0.079026 100.000000 5.813953
960 0.001398 0.081709 100.000000 4.807693
