1 0 0 0 0 1 0 0 0 0 1 0
0.0248334 -0.964712 0.262134 0.732854 0.941965 -0.0652335 -0.329311 -0.192321 0.334791 0.255099 0.907105 2.82359
0.0238712 -0.965354 0.259848 1.37392 0.942458 -0.0649705 -0.32795 -0.965679 0.33347 0.252725 0.908255 4.95039
0.0254067 -0.965395 0.259553 1.78785 0.94167 -0.064045 -0.330389 -1.48197 0.335579 0.252807 0.907456 6.33436
0.0256864 -0.965477 0.259219 2.19027 0.941655 -0.0636826 -0.330499 -1.98975 0.335597 0.252584 0.907511 7.71408
0.0249423 -0.96595 0.257525 2.60989 0.940978 -0.0642957 -0.332303 -2.51102 0.337546 0.250614 0.907334 9.10159
0.0251015 -0.965861 0.257841 3.02939 0.940599 -0.0645388 -0.333329 -3.02359 0.33859 0.250892 0.906868 10.4624
0.0242073 -0.965957 0.257567 3.44425 0.940549 -0.0653072 -0.33332 -3.52767 0.338794 0.250323 0.906949 11.8151
0.0235248 -0.966063 0.257235 3.85448 0.939838 -0.0663457 -0.335116 -4.05841 0.340809 0.249643 0.906382 13.2028
0.0220563 -0.966405 0.256075 4.25318 0.939414 -0.0676057 -0.336052 -4.55831 0.342075 0.247972 0.906363 14.5665
0.0225291 -0.966373 0.256156 4.64589 0.939714 -0.06698 -0.335336 -5.0613 0.341217 0.248269 0.906605 15.8982
0.0243609 -0.966747 0.254573 5.04005 0.939404 -0.0649646 -0.336599 -5.59273 0.341944 0.247347 0.906583 17.263
0.0256157 -0.966968 0.253607 5.43243 0.939488 -0.0634086 -0.336662 -6.09643 0.341622 0.246885 0.906831 18.6018
0.0265433 -0.967083 0.253072 5.84017 0.940348 -0.061741 -0.334564 -6.59572 0.339176 0.246856 0.907756 19.9423
0.027252 -0.967594 0.251037 6.21674 0.939658 -0.0608786 -0.336656 -7.10933 0.341029 0.245064 0.907548 21.2827
0.0273632 -0.967665 0.250751 6.59885 0.940402 -0.06014 -0.334705 -7.60001 0.338963 0.244965 0.908348 22.6007
0.0293838 -0.967866 0.249743 6.97481 0.940289 -0.0579982 -0.3354 -8.10629 0.339107 0.244686 0.908369 23.9208
0.0300614 -0.967948 0.249346 7.3489 0.940615 -0.0569956 -0.334655 -8.59999 0.33814 0.244599 0.908753 25.2514
0.0298867 -0.967602 0.250705 7.74598 0.941567 -0.0569326 -0.331978 -9.06404 0.335496 0.245977 0.909361 26.5666
0.030648 -0.967388 0.251439 8.12023 0.941095 -0.0568237 -0.333334 -9.56405 0.336751 0.246844 0.908662 27.8745
0.0305332 -0.967504 0.251006 8.49152 0.941431 -0.056535 -0.332433 -10.058 0.335821 0.246455 0.909112 29.18
0.0279137 -0.967967 0.249522 8.87299 0.941928 -0.058098 -0.330751 -10.5196 0.334652 0.244265 0.910133 30.4717
0.0269354 -0.968347 0.248151 9.23727 0.941389 -0.0589282 -0.332134 -11.0082 0.336244 0.242553 0.910004 31.7812
0.0257437 -0.968258 0.248623 9.6206 0.942321 -0.0595208 -0.329375 -11.46 0.333719 0.242762 0.910878 33.0525
0.0259428 -0.967889 0.250034 9.97366 0.942172 -0.0599248 -0.329728 -11.9303 0.334123 0.244129 0.910364 34.3264
0.0262654 -0.967901 0.249954 10.3188 0.942713 -0.0592012 -0.328308 -12.3894 0.332567 0.244258 0.910899 35.587
0.0252676 -0.967622 0.251136 10.682 0.943604 -0.0598704 -0.325618 -12.8264 0.330111 0.245201 0.911539 36.8303
0.0260839 -0.967828 0.250255 11.0261 0.943624 -0.0587995 -0.325752 -13.27 0.329987 0.244644 0.911733 38.0458
0.024918 -0.968221 0.248851 11.3668 0.944108 -0.0590542 -0.324303 -13.7164 0.328692 0.243023 0.912634 39.2471
0.0236828 -0.968562 0.247643 11.7132 0.944934 -0.0591891 -0.321863 -14.1398 0.326402 0.241629 0.913826 40.4298
0.0237787 -0.968684 0.247155 12.0473 0.945354 -0.0586265 -0.32073 -14.5634 0.325176 0.241275 0.914356 41.6021
0.0218174 -0.968469 0.248178 12.3701 0.946698 -0.059785 -0.316525 -14.9642 0.321382 0.241855 0.915543 42.743
0.0202143 -0.968092 0.249778 12.7133 0.94719 -0.0614266 -0.314734 -15.3608 0.320034 0.242949 0.915726 43.8565
0.0184763 -0.967775 0.251137 13.0455 0.948897 -0.062173 -0.3094 -15.737 0.315043 0.244019 0.917171 44.9819
0.0183208 -0.967732 0.251316 13.3698 0.949272 -0.0620835 -0.308264 -16.1414 0.31392 0.244215 0.917504 46.1188
0.0168356 -0.967867 0.250899 13.6785 0.951216 -0.061811 -0.302269 -16.5074 0.308065 0.243748 0.91961 47.2199
0.0166992 -0.967767 0.251294 13.9833 0.953234 -0.0604449 -0.296127 -16.8767 0.301771 0.244487 0.921499 48.3184
0.016318 -0.967808 0.25116 14.2779 0.955712 -0.0587253 -0.288383 -17.2386 0.293848 0.244743 0.923988 49.4184
0.0149162 -0.967933 0.250765 14.5994 0.9579 -0.0580804 -0.281165 -17.5912 0.286713 0.244402 0.926317 50.5003
0.0140526 -0.967812 0.25128 14.9072 0.961176 -0.0561854 -0.270153 -17.9055 0.275575 0.245321 0.929449 51.579
0.0129413 -0.967796 0.251404 15.2069 0.964552 -0.0541919 -0.258267 -18.2297 0.263573 0.245835 0.932788 52.6532
0.0108747 -0.967914 0.251047 15.5015 0.968424 -0.052341 -0.243751 -18.5295 0.24907 0.245771 0.936782 53.7126
0.00800405 -0.968194 0.250072 15.8029 0.972476 -0.0506993 -0.227417 -18.7856 0.232862 0.245009 0.941141 54.7619
0.00453791 -0.968556 0.248755 16.0897 0.976146 -0.0497061 -0.211344 -19.0518 0.217063 0.24378 0.945227 55.8098
-0.000388596 -0.968751 0.248035 16.3798 0.980092 -0.0496142 -0.192243 -19.2755 0.198542 0.243022 0.949485 56.863
-0.00633194 -0.968724 0.248061 16.6607 0.983898 -0.0503449 -0.171492 -19.4695 0.178617 0.242981 0.953444 57.8965
-0.0135455 -0.96865 0.248058 16.942 0.987126 -0.0524937 -0.151081 -19.6573 0.159366 0.242819 0.956892 58.929
-0.0239684 -0.969023 0.245806 17.2408 0.990124 -0.0569817 -0.128089 -19.7956 0.138128 0.240308 0.960819 59.952
-0.0343195 -0.969347 0.243287 17.509 0.992492 -0.0616489 -0.105626 -19.9193 0.117386 0.237835 0.964186 60.9661
-0.0448247 -0.969184 0.242223 17.7722 0.994506 -0.0662509 -0.0810452 -20.0128 0.0945952 0.237259 0.96683 61.9686
-0.0570959 -0.968621 0.241894 18.0544 0.995889 -0.0723216 -0.0545327 -20.0611 0.0703156 0.237786 0.968769 62.9631
-0.0662766 -0.968503 0.24002 18.3074 0.996776 -0.0751638 -0.0280535 -20.1021 0.0452106 0.237387 0.970362 63.9469
-0.0750515 -0.968601 0.23702 18.5486 0.997027 -0.0770377 0.00088402 -20.1017 0.0174031 0.236382 0.971504 64.9283
-0.0856198 -0.968788 0.232634 18.8056 0.996275 -0.0808621 0.0299297 -20.0745 -0.0101844 0.23433 0.972104 65.8982
-0.0955667 -0.968549 0.229736 19.0606 0.994632 -0.0837197 0.060796 -20.0099 -0.0396507 0.234313 0.971352 66.8517
-0.104139 -0.967637 0.229857 19.2748 0.992069 -0.0847109 0.0928576 -19.9283 -0.0703812 0.237704 0.968784 67.7947
-0.113379 -0.966289 0.231152 19.5167 0.988512 -0.0863056 0.124074 -19.8135 -0.0999417 0.242564 0.964974 68.7247
-0.121249 -0.965965 0.228495 19.6876 0.983981 -0.086659 0.155789 -19.6655 -0.130686 0.243724 0.960999 69.6346
-0.129319 -0.966338 0.222411 19.919 0.977989 -0.0872552 0.189534 -19.4947 -0.163748 0.242026 0.956353 70.5658
-0.134503 -0.967541 0.213947 20.133 0.970976 -0.0855962 0.223332 -19.3011 -0.19777 0.237777 0.950973 71.46
-0.142669 -0.967859 0.20711 20.3562 0.961869 -0.0862446 0.259554 -19.0523 -0.23335 0.236243 0.943259 72.3563
-0.147321 -0.96764 0.204863 20.5608 0.951772 -0.0823325 0.29555 -18.8069 -0.26912 0.238524 0.933103 73.2201
-0.152067 -0.966742 0.205633 20.7651 0.940475 -0.0775509 0.330896 -18.5135 -0.303944 0.243711 0.92099 74.0743
-0.159504 -0.966437 0.201389 20.9722 0.92745 -0.076807 0.365973 -18.1787 -0.338222 0.245153 0.908574 74.9109
-0.167253 -0.966838 0.193006 21.1674 0.913899 -0.0785924 0.398259 -17.8109 -0.369884 0.242998 0.896737 75.7384
-0.176324 -0.966478 0.186626 21.3554 0.898136 -0.0803777 0.432308 -17.4179 -0.402816 0.243842 0.882202 76.5512
-0.183502 -0.96599 0.182181 21.5513 0.881752 -0.0798202 0.464909 -16.9881 -0.434557 0.24595 0.866412 77.3415
-0.189801 -0.9656 0.177741 21.7017 0.864444 -0.0785146 0.496558 -16.5532 -0.465521 0.247894 0.849611 78.1117
-0.194765 -0.965803 0.171146 21.8489 0.845769 -0.0770015 0.527961 -16.0874 -0.496729 0.247578 0.831845 78.8766
-0.200595 -0.965532 0.16586 22.0166 0.826504 -0.0758935 0.557791 -15.6041 -0.525977 0.248975 0.81324 79.6199
-0.205194 -0.964995 0.163342 22.1686 0.805815 -0.0718525 0.58779 -15.0831 -0.555479 0.252234 0.792352 80.3463
-0.209431 -0.963924 0.164284 22.3105 0.783188 -0.0647671 0.618402 -14.5261 -0.585452 0.258177 0.768498 81.0629
-0.2135 -0.963161 0.163519 22.4544 0.760301 -0.0587047 0.646912 -13.9544 -0.613482 0.262439 0.744826 81.7463
-0.216618 -0.963332 0.158328 22.6046 0.736315 -0.0547256 0.674421 -13.3457 -0.641027 0.262671 0.721171 82.4149
-0.222273 -0.963346 0.150195 22.7359 0.710074 -0.0543839 0.702022 -12.7041 -0.668123 0.26269 0.696136 83.0801
-0.22228 -0.965116 0.138357 22.8719 0.683878 -0.0531924 0.727654 -12.0502 -0.694911 0.256362 0.671846 83.7145
-0.222947 -0.966253 0.129037 23.009 0.6557 -0.0506913 0.753317 -11.3447 -0.721354 0.252559 0.644874 84.3358
-0.221391 -0.967789 0.119875 23.1286 0.627247 -0.0471972 0.777388 -10.6352 -0.746691 0.247298 0.617492 84.9228
-0.221178 -0.968742 0.112337 23.2492 0.597204 -0.0434758 0.80091 -9.89585 -0.770992 0.244232 0.588152 85.5068
-0.221273 -0.969807 0.102533 23.3512 0.567023 -0.0424024 0.822609 -9.13116 -0.793425 0.24016 0.559286 86.063
-0.224034 -0.970095 0.0934113 23.4469 0.535756 -0.0425254 0.8433 -8.3384 -0.81411 0.238973 0.529262 86.5883
-0.227374 -0.970133 0.0845218 23.5433 0.504344 -0.0430674 0.862427 -7.52912 -0.833029 0.238722 0.499074 87.0735
-0.230661 -0.970091 0.0756275 23.6213 0.47252 -0.0437302 0.880233 -6.69047 -0.8506 0.238771 0.468475 87.5249
-0.238471 -0.968854 0.0667325 23.7092 0.441292 -0.0468945 0.896137 -5.84987 -0.865097 0.243151 0.438731 87.9518
-0.240933 -0.96863 0.0608923 23.7547 0.410211 -0.0447718 0.91089 -4.97495 -0.87959 0.244442 0.40813 88.3533
-0.243125 -0.968289 0.0575078 23.7981 0.380354 -0.0406279 0.923948 -4.09196 -0.892312 0.246509 0.37817 88.7254
-0.249453 -0.966971 0.0523546 23.862 0.352564 -0.0403333 0.934918 -3.18596 -0.901927 0.251677 0.35098 89.0645
-0.251191 -0.966864 0.0455652 23.9124 0.328792 -0.0409556 0.943513 -2.26662 -0.910384 0.251984 0.328185 89.3838
-0.251014 -0.967287 0.0367138 23.9427 0.308221 -0.0439153 0.9503 -1.33098 -0.917601 0.249855 0.309161 89.6945
-0.251915 -0.967245 0.0312497 23.9834 0.292055 -0.0451997 0.955332 -0.388986 -0.922628 0.249789 0.293875 89.9854
-0.254321 -0.966723 0.0276908 24.0225 0.276226 -0.0451692 0.96003 0.554587 -0.926833 0.251805 0.278522 90.2446
-0.257336 -0.965878 0.0292764 24.0388 0.26483 -0.0413565 0.963407 1.49553 -0.929324 0.255673 0.266437 90.5077
-0.257996 -0.965745 0.0278216 24.0301 0.253694 -0.0399315 0.966459 2.43967 -0.932243 0.256401 0.255307 90.7827
-0.262107 -0.964629 0.0281205 24.053 0.243822 -0.0380008 0.969075 3.40535 -0.93373 0.260858 0.245159 91.0164
-0.26468 -0.963848 0.0306887 24.0746 0.238509 -0.0345954 0.970523 4.38228 -0.934376 0.264198 0.239044 91.2529
-0.265976 -0.963405 0.0332697 24.0928 0.236174 -0.0316641 0.971194 5.34755 -0.934601 0.266172 0.235954 91.4923
-0.266661 -0.963142 0.0353526 24.1348 0.232317 -0.0286351 0.972218 6.32462 -0.935372 0.267466 0.231391 91.7222
-0.267914 -0.962736 0.0368902 24.1779 0.230225 -0.0267934 0.972768 7.30004 -0.935531 0.269111 0.228824 91.959
-0.267295 -0.962886 0.0374797 24.2196 0.227116 -0.0251523 0.973542 8.29925 -0.936468 0.268735 0.22541 92.1976
-0.268881 -0.962352 0.0397734 24.2597 0.225836 -0.0228482 0.973897 9.28039 -0.936323 0.270845 0.223478 92.427
-0.269787 -0.962128 0.0390615 24.3109 0.22361 -0.0231419 0.974403 10.2702 -0.936597 0.271616 0.221385 92.648
-0.270782 -0.96192 0.0372483 24.3477 0.220448 -0.0242979 0.975095 11.2597 -0.937059 0.27225 0.218633 92.8754
-0.270025 -0.962151 0.0367829 24.3904 0.218973 -0.0241637 0.975431 12.2643 -0.937623 0.271445 0.21721 93.0984
-0.268581 -0.962602 0.0355303 24.4178 0.215861 -0.0241993 0.976123 13.2796 -0.938759 0.269838 0.214288 93.3108
-0.268495 -0.962567 0.0370744 24.4663 0.213496 -0.0219333 0.976697 14.2959 -0.939324 0.270154 0.211394 93.5253
-0.269448 -0.962274 0.0377589 24.5408 0.20909 -0.0201842 0.977687 15.3381 -0.940042 0.271331 0.206641 93.7779
-0.268185 -0.962585 0.0388281 24.5807 0.205774 -0.0178633 0.978436 16.3393 -0.941134 0.270392 0.202866 93.992
-0.266416 -0.963037 0.0397751 24.6266 0.204622 -0.0161846 0.978706 17.3701 -0.941888 0.268882 0.201371 94.2189
-0.263759 -0.963697 0.0414551 24.6818 0.202145 -0.0132014 0.979266 18.3941 -0.94317 0.266671 0.198289 94.4277
-0.262391 -0.96418 0.0388338 24.7573 0.198406 -0.0145227 0.980011 19.4331 -0.944344 0.264851 0.19511 94.639
-0.260161 -0.964873 0.0365603 24.7662 0.19604 -0.0157076 0.980469 20.4792 -0.945455 0.262248 0.19324 94.8624
-0.259457 -0.965161 0.033871 24.825 0.193074 -0.0174748 0.981028 21.5712 -0.946258 0.261074 0.190881 95.0615
-0.259005 -0.965296 0.033455 24.8629 0.190383 -0.0170642 0.981561 22.6087 -0.946927 0.260599 0.188195 95.2708
-0.259881 -0.965001 0.0351384 24.9104 0.189807 -0.0153699 0.9817 23.6658 -0.946803 0.261795 0.187159 95.4724
-0.257537 -0.965556 0.0371094 24.9178 0.189359 -0.012772 0.981824 24.7351 -0.947533 0.259883 0.186126 95.6767
-0.256726 -0.965781 0.0368709 24.9611 0.18828 -0.0125575 0.982034 25.7889 -0.947968 0.259056 0.185061 95.8839
-0.255256 -0.966176 0.0367195 24.9994 0.189105 -0.0126441 0.981875 26.8703 -0.9482 0.257574 0.185937 96.0982
-0.254301 -0.96644 0.0363936 25.0588 0.187841 -0.0124428 0.98212 27.9321 -0.948708 0.256591 0.184701 96.3017
-0.251396 -0.967136 0.03805 25.0903 0.188455 -0.0103508 0.982026 28.9971 -0.949361 0.254048 0.184864 96.5094
-0.246882 -0.968289 0.0382958 25.154 0.188093 -0.00911534 0.982108 30.0673 -0.950616 0.249668 0.184379 96.7169
-0.243004 -0.9693 0.0375146 25.2264 0.186349 -0.00869447 0.982444 31.1438 -0.951958 0.245729 0.182741 96.9053
-0.241697 -0.969781 0.0332829 25.2929 0.186098 -0.0126635 0.982449 32.2433 -0.952339 0.243649 0.183536 97.1155
-0.243135 -0.969649 0.0258118 25.3381 0.185346 -0.0203219 0.982462 33.3407 -0.95212 0.243655 0.184662 97.3155
-0.247307 -0.968716 0.0206936 25.3962 0.182584 -0.025617 0.982855 34.4389 -0.951579 0.246846 0.183208 97.5004
-0.253458 -0.967125 0.0206772 25.432 0.18341 -0.0270576 0.982663 35.5426 -0.9498 0.252856 0.184239 97.6937
-0.257461 -0.965967 0.0249256 25.4687 0.182912 -0.0233905 0.98285 36.6264 -0.948819 0.257605 0.182709 97.8877
-0.25833 -0.965626 0.0288437 25.5097 0.182595 -0.0194864 0.982994 37.6984 -0.948644 0.259204 0.181353 98.1189
-0.257861 -0.96568 0.0311469 25.5527 0.182508 -0.0170272 0.983056 38.8129 -0.948788 0.259177 0.180635 98.3191
-0.256878 -0.965961 0.0305314 25.5752 0.181636 -0.0172258 0.983214 39.9239 -0.949222 0.258112 0.179878 98.5284
-0.255724 -0.966362 0.0273926 25.6119 0.180074 -0.0197751 0.983453 41.0425 -0.949831 0.256426 0.179074 98.7724
-0.257388 -0.965974 0.0254197 25.6218 0.180069 -0.0221017 0.983405 42.1824 -0.949383 0.257694 0.17963 98.9812
-0.255127 -0.966573 0.0254229 25.6593 0.179398 -0.021483 0.983541 43.314 -0.950119 0.255489 0.178883 99.1883
-0.255635 -0.966336 0.0290694 25.6874 0.179941 -0.0180156 0.983511 44.4725 -0.94988 0.256651 0.178489 99.398
-0.255651 -0.966242 0.0319031 25.7163 0.18027 -0.0152235 0.983498 45.6422 -0.949814 0.257184 0.178077 99.5894
-0.254011 -0.966705 0.0309891 25.7746 0.181476 -0.0161646 0.983262 46.7813 -0.950024 0.255383 0.17954 99.7919
-0.256185 -0.966182 0.0293518 25.7785 0.181539 -0.0182661 0.983213 47.96 -0.949428 0.257213 0.180079 100.012
-0.255529 -0.966409 0.0275451 25.8281 0.180849 -0.0197916 0.983311 49.1116 -0.949736 0.256247 0.179831 100.22
-0.25272 -0.967068 0.030196 25.8565 0.181975 -0.0168563 0.983158 50.265 -0.950273 0.253959 0.180242 100.443
-0.251645 -0.967281 0.0322948 25.9046 0.182259 -0.0145917 0.983141 51.4206 -0.950504 0.253289 0.179968 100.655
-0.251201 -0.967403 0.0320755 25.9403 0.181469 -0.0145191 0.983288 52.5872 -0.950772 0.252824 0.179201 100.878
-0.251968 -0.967261 0.0302997 25.9479 0.182609 -0.0167749 0.983041 53.7581 -0.950351 0.253228 0.180857 101.104
-0.253436 -0.9669 0.0295658 25.9948 0.183159 -0.0179526 0.982918 54.9336 -0.949854 0.254523 0.181646 101.332
-0.25434 -0.966659 0.0296751 26.0389 0.183121 -0.018007 0.982924 56.1129 -0.94962 0.255432 0.181596 101.546
-0.256216 -0.96617 0.0294736 26.0742 0.184081 -0.0188373 0.982729 57.2895 -0.94893 0.257218 0.18268 101.763
-0.255688 -0.966304 0.0296774 26.1106 0.184517 -0.0186446 0.982651 58.4804 -0.948988 0.256729 0.183067 101.987
-0.255906 -0.966234 0.0300554 26.1498 0.186365 -0.0188034 0.9823 59.6535 -0.948568 0.256978 0.184884 102.206
-0.255812 -0.966276 0.029497 26.2009 0.187109 -0.0195539 0.982143 60.8549 -0.948447 0.256764 0.185801 102.437
-0.25422 -0.966719 0.0287336 26.244 0.187153 -0.0200245 0.982126 62.0682 -0.948866 0.255054 0.186015 102.665
-0.254869 -0.966556 0.0284666 26.289 0.188974 -0.020916 0.981758 63.2562 -0.948331 0.255599 0.187986 102.895
-0.254351 -0.966639 0.0302285 26.3414 0.189956 -0.0192867 0.981602 64.4809 -0.948274 0.255414 0.188525 103.137
-0.252377 -0.967105 0.0318409 26.3954 0.190329 -0.0173516 0.981566 65.7068 -0.948726 0.253786 0.188448 103.368
-0.252108 -0.967191 0.0313648 26.4488 0.190811 -0.0179092 0.981462 66.9113 -0.948701 0.253419 0.189066 103.618
-0.249938 -0.967787 0.0303261 26.4798 0.190505 -0.0184433 0.981512 68.1361 -0.949336 0.251095 0.188978 103.866
-0.248029 -0.968282 0.0302005 26.5335 0.190573 -0.0182031 0.981503 69.3623 -0.949823 0.249197 0.189043 104.109
-0.24653 -0.968673 0.0299289 26.5848 0.189693 -0.0179467 0.981678 70.5927 -0.950389 0.247691 0.188175 104.353
-0.24548 -0.96899 0.0282358 26.6355 0.187372 -0.0188501 0.982107 71.8527 -0.951121 0.246379 0.186189 104.606
-0.243077 -0.969637 0.0267748 26.6777 0.186769 -0.0196993 0.982205 73.1039 -0.951857 0.243753 0.185887 104.848
-0.242078 -0.969915 0.0257313 26.7288 0.183028 -0.0196054 0.982911 74.3407 -0.952838 0.242651 0.182268 105.08
-0.24202 -0.969944 0.0251746 26.761 0.180749 -0.0195784 0.983333 75.5867 -0.953287 0.242537 0.180055 105.318
-0.241999 -0.969989 0.0235854 26.8166 0.17746 -0.0203499 0.983916 76.8486 -0.95391 0.242293 0.177059 105.534
-0.241128 -0.97024 0.0221795 26.8452 0.173711 -0.0206642 0.984579 78.0942 -0.954821 0.241263 0.173524 105.77
-0.239858 -0.970586 0.0207488 26.8856 0.170995 -0.0211998 0.985043 79.3122 -0.95563 0.239819 0.171051 105.984
-0.23599 -0.971468 0.0236129 26.9229 0.164698 -0.0160375 0.986212 80.5443 -0.957697 0.236626 0.163784 106.219
-0.235299 -0.971656 0.0227612 26.9528 0.156345 -0.0147266 0.987592 81.7713 -0.959266 0.235939 0.155379 106.422
-0.23778 -0.971155 0.0178185 26.9895 0.147704 -0.0180208 0.988866 83.0229 -0.960023 0.237765 0.147729 106.628
-0.238765 -0.970989 0.0130808 27.011 0.136475 -0.0202163 0.990436 84.2699 -0.96144 0.238267 0.137343 106.804
-0.238909 -0.970987 0.0102786 27.0472 0.122716 -0.0196904 0.992245 85.5292 -0.963257 0.238318 0.12386 106.955
-0.240766 -0.970559 0.00683955 27.0548 0.108521 -0.0199169 0.993893 86.7445 -0.964498 0.240039 0.110122 107.113
-0.241461 -0.970409 0.0012889 27.063 0.092773 -0.0217621 0.995448 87.999 -0.965966 0.240482 0.0952826 107.243
-0.241083 -0.970501 -0.00258613 27.0844 0.0782097 -0.0220842 0.996691 89.2332 -0.967348 0.240083 0.0812268 107.358
-0.238709 -0.971089 -0.00196052 27.0758 0.0625005 -0.0173783 0.997892 90.47 -0.969078 0.238084 0.0648421 107.444
-0.238805 -0.971057 -0.00449828 27.0709 0.0445697 -0.015588 0.998883 91.7159 -0.970045 0.238338 0.0470023 107.533
-0.236178 -0.971669 -0.00891127 27.0663 0.0288628 -0.0161817 0.999451 92.9258 -0.971282 0.235791 0.0318669 107.594
-0.233249 -0.972291 -0.0156426 27.0677 0.0121409 -0.018997 0.999745 94.1573 -0.972342 0.233 0.0162356 107.637
-0.231626 -0.972578 -0.0210057 27.0449 -0.00440849 -0.0205433 0.999778 95.3812 -0.972795 0.231668 0.000470768 107.664
-0.226359 -0.973781 -0.0226084 27.047 -0.0192098 -0.0187435 0.999639 96.5999 -0.973855 0.226712 -0.0144634 107.648
-0.226215 -0.973761 -0.0248081 27.0167 -0.035201 -0.0172795 0.99923 97.813 -0.973442 0.226915 -0.0303685 107.646
-0.226359 -0.973657 -0.0274447 26.9992 -0.0491593 -0.0167205 0.99865 99.0146 -0.972803 0.227403 -0.0440796 107.606
-0.22591 -0.97366 -0.0308463 26.9784 -0.0646933 -0.0165999 0.997766 100.243 -0.971998 0.227401 -0.0592393 107.541
-0.225323 -0.973687 -0.0341006 26.9332 -0.0785142 -0.0167401 0.996771 101.455 -0.971116 0.227273 -0.0726764 107.479
-0.224077 -0.973798 -0.0388172 26.9032 -0.0928914 -0.0183078 0.995507 102.649 -0.970135 0.226677 -0.0863552 107.385
-0.224342 -0.973656 -0.0408022 26.8523 -0.109037 -0.0165271 0.993899 103.839 -0.968392 0.227423 -0.102457 107.284
-0.223149 -0.973832 -0.0430861 26.8037 -0.125881 -0.015042 0.99193 105.032 -0.966623 0.226773 -0.11923 107.154
-0.223215 -0.973727 -0.0450638 26.7208 -0.139324 -0.0138855 0.990148 106.232 -0.964762 0.227295 -0.132565 107.034
-0.226454 -0.972868 -0.0473898 26.6756 -0.155248 -0.0119804 0.987802 107.421 -0.96157 0.23105 -0.148323 106.865
-0.225254 -0.973171 -0.0468988 26.6128 -0.172353 -0.00757583 0.985005 108.631 -0.958935 0.22996 -0.166022 106.674
-0.224607 -0.973239 -0.0485647 26.5619 -0.188046 -0.00561136 0.982143 109.813 -0.956134 0.229729 -0.181753 106.473
-0.221675 -0.973616 -0.0541413 26.517 -0.206529 -0.00738503 0.978411 111.024 -0.952999 0.228072 -0.199443 106.251
-0.219841 -0.973692 -0.0599417 26.4413 -0.223017 -0.0096549 0.974766 112.226 -0.949702 0.227662 -0.215027 106.004
-0.218363 -0.973704 -0.0649437 26.3685 -0.240368 -0.0108332 0.97062 113.427 -0.945802 0.227558 -0.231683 105.742
-0.214279 -0.974401 -0.0680226 26.2913 -0.25906 -0.010453 0.965803 114.658 -0.941793 0.224574 -0.250189 105.458
-0.210772 -0.974882 -0.0719704 26.2004 -0.27528 -0.011451 0.961294 115.87 -0.937975 0.222427 -0.265953 105.13
-0.20842 -0.975058 -0.0763117 26.1167 -0.291837 -0.0124699 0.956385 117.105 -0.933484 0.221601 -0.28196 104.79
-0.205623 -0.975462 -0.0786926 26.0131 -0.309309 -0.0115095 0.95089 118.318 -0.928465 0.219866 -0.299353 104.427
-0.20193 -0.975819 -0.0836745 25.9096 -0.325774 -0.0136479 0.945348 119.501 -0.923632 0.218154 -0.315141 104.05
-0.200214 -0.975485 -0.0913427 25.7755 -0.34443 -0.0172013 0.938653 120.736 -0.917215 0.219393 -0.332543 103.625
-0.198488 -0.975394 -0.095964 25.6611 -0.360382 -0.0184198 0.932621 121.932 -0.911443 0.219699 -0.347859 103.21
-0.195004 -0.9757 -0.0999185 25.5457 -0.377597 -0.0193384 0.925767 123.101 -0.905204 0.218258 -0.364651 102.769
-0.190548 -0.976521 -0.10049 25.4432 -0.39612 -0.0171769 0.918037 124.275 -0.89821 0.214736 -0.383547 102.294
-0.185823 -0.977235 -0.102381 25.3158 -0.414102 -0.0166027 0.910078 125.444 -0.891061 0.21151 -0.40159 101.807
-0.180912 -0.977514 -0.108338 25.1895 -0.433264 -0.0196782 0.901051 126.594 -0.882924 0.209951 -0.419962 101.294
-0.175067 -0.977725 -0.115786 25.0428 -0.453623 -0.0242758 0.890862 127.734 -0.87383 0.208484 -0.439269 100.76
-0.170355 -0.97797 -0.120639 24.9042 -0.474203 -0.0259558 0.880031 128.877 -0.863778 0.207126 -0.459335 100.2
-0.166033 -0.978184 -0.124856 24.758 -0.496002 -0.0265911 0.867913 129.981 -0.8523 0.206032 -0.480767 99.6082
-0.158935 -0.978855 -0.128779 24.598 -0.518333 -0.0282853 0.85471 131.092 -0.84028 0.202594 -0.502878 98.9904
-0.153744 -0.979334 -0.131411 24.4191 -0.539984 -0.0281053 0.841204 132.19 -0.827514 0.20029 -0.524505 98.33
-0.150574 -0.979448 -0.134202 24.2728 -0.561796 -0.0269242 0.826836 133.266 -0.813457 0.199895 -0.546197 97.6526
-0.15085 -0.978822 -0.138391 24.1017 -0.581555 -0.0253361 0.813111 134.332 -0.799399 0.20314 -0.565418 96.944
-0.148382 -0.97817 -0.145486 23.9186 -0.601329 -0.0275494 0.798525 135.365 -0.785103 0.205972 -0.584115 96.195
-0.143444 -0.978489 -0.14827 23.721 -0.621773 -0.0274538 0.782714 136.371 -0.769949 0.204466 -0.604461 95.4367
-0.138858 -0.979186 -0.148034 23.5267 -0.64061 -0.0251794 0.767452 137.371 -0.755207 0.201399 -0.623781 94.6654
-0.136548 -0.978875 -0.152179 23.3542 -0.659126 -0.0249043 0.751618 138.34 -0.739532 0.202937 -0.641802 93.8532
-0.13226 -0.978759 -0.156648 23.1642 -0.676499 -0.0263746 0.73597 139.295 -0.72447 0.203312 -0.658642 93.0243
-0.129554 -0.979098 -0.156789 22.9669 -0.691392 -0.0241458 0.722075 140.229 -0.710769 0.201951 -0.673814 92.1745
-0.12504 -0.9793 -0.159173 22.804 -0.706298 -0.0248095 0.707478 141.129 -0.696783 0.200888 -0.688577 91.3187
-0.12233 -0.979451 -0.160352 22.5757 -0.719644 -0.0237282 0.693936 142.038 -0.683482 0.200286 -0.701954 90.4371
-0.117623 -0.97962 -0.162817 22.3719 -0.732044 -0.0252535 0.680787 142.923 -0.671026 0.199266 -0.714156 89.5347
-0.113259 -0.979647 -0.165728 22.1625 -0.74434 -0.0268269 0.66726 143.781 -0.658126 0.198932 -0.726153 88.6265
-0.1109 -0.979655 -0.167265 21.944 -0.754233 -0.0266341 0.656065 144.657 -0.647173 0.198915 -0.735936 87.6731
-0.108096 -0.979622 -0.16928 21.7101 -0.764491 -0.026939 0.644069 145.516 -0.635506 0.199035 -0.746002 86.72
-0.10218 -0.979499 -0.173616 21.4808 -0.774315 -0.0312507 0.632027 146.337 -0.624496 0.199014 -0.755248 85.7579
-0.0981981 -0.979132 -0.177925 21.2654 -0.781978 -0.0346647 0.622339 147.158 -0.615521 0.200247 -0.762257 84.7847
-0.0961253 -0.978958 -0.180005 21.0488 -0.789641 -0.0350987 0.612563 147.956 -0.605993 0.201023 -0.769652 83.7879
-0.0966398 -0.978515 -0.182128 20.8316 -0.796261 -0.0337823 0.604007 148.737 -0.597184 0.203393 -0.775889 82.7671
-0.0990644 -0.978685 -0.179898 20.5965 -0.79957 -0.0293292 0.599855 149.508 -0.592346 0.203266 -0.779622 81.7598
-0.0989217 -0.978557 -0.180668 20.3737 -0.803773 -0.028462 0.594253 150.271 -0.586654 0.204001 -0.783724 80.7458
-0.0978502 -0.978357 -0.182327 20.1266 -0.807404 -0.0290662 0.589281 151.044 -0.581828 0.204873 -0.787087 79.7291
-0.0924946 -0.978108 -0.186416 19.8893 -0.809572 -0.0351214 0.585967 151.819 -0.579687 0.205116 -0.788602 78.7202
-0.0875944 -0.978086 -0.18888 19.651 -0.814065 -0.0389955 0.57946 152.576 -0.574129 0.204519 -0.792812 77.672
-0.0812445 -0.978897 -0.187513 19.4092 -0.816374 -0.0425711 0.575951 153.348 -0.571781 0.199874 -0.795688 76.6294
-0.0769799 -0.979442 -0.186462 19.1697 -0.818305 -0.0447769 0.573035 154.1 -0.569605 0.196696 -0.798037 75.6086
-0.0759258 -0.979493 -0.186625 18.9406 -0.82043 -0.0450024 0.569972 154.841 -0.566683 0.196389 -0.80019 74.5861
-0.0749938 -0.979678 -0.18603 18.6886 -0.820296 -0.0454676 0.570127 155.587 -0.567001 0.195356 -0.800217 73.5616
-0.0759403 -0.980058 -0.183632 18.4681 -0.820324 -0.043285 0.570257 156.308 -0.566834 0.193944 -0.800679 72.4654
-0.0754974 -0.980259 -0.182735 18.2319 -0.820374 -0.04311 0.570197 157.04 -0.56682 0.19296 -0.800927 71.4428
-0.077212 -0.9801 -0.182872 17.9793 -0.819062 -0.0422286 0.572147 157.77 -0.568485 0.193961 -0.799504 70.3929
-0.0780868 -0.979888 -0.183635 17.7426 -0.819017 -0.0419712 0.572231 158.501 -0.568431 0.195084 -0.799269 69.3619
-0.0789114 -0.979936 -0.18303 17.5191 -0.816037 -0.0419588 0.576472 159.256 -0.572587 0.19485 -0.796354 68.3392
-0.0787671 -0.979965 -0.182932 17.2723 -0.814006 -0.0427084 0.579282 159.999 -0.575491 0.194537 -0.794335 67.3286
-0.0800547 -0.97969 -0.183843 17.0304 -0.812478 -0.0427159 0.581423 160.733 -0.577469 0.195915 -0.792558 66.3224
-0.0822607 -0.979584 -0.183434 16.7934 -0.807734 -0.0422828 0.588027 161.497 -0.58378 0.196538 -0.787767 65.3297
-0.0830065 -0.979567 -0.183193 16.5606 -0.803356 -0.0430012 0.593943 162.256 -0.589686 0.196471 -0.783372 64.3417
-0.0852785 -0.979277 -0.183695 16.3317 -0.799634 -0.0427204 0.598965 163.006 -0.594401 0.197968 -0.779421 63.3366
-0.0887262 -0.979338 -0.18173 16.1042 -0.79278 -0.0410215 0.608124 163.796 -0.603015 0.198029 -0.772761 62.3611
-0.0921085 -0.979023 -0.181744 15.896 -0.786816 -0.0403032 0.615868 164.573 -0.610275 0.199726 -0.7666 61.383
-0.0983964 -0.978435 -0.181616 15.6281 -0.781094 -0.0371469 0.623306 165.367 -0.616612 0.203191 -0.760595 60.4101
-0.102679 -0.97835 -0.179689 15.404 -0.772519 -0.0353675 0.634004 166.17 -0.626635 0.203912 -0.752164 59.4554
-0.102991 -0.978715 -0.177511 15.2229 -0.764443 -0.0363008 0.643667 166.98 -0.636412 0.20199 -0.744434 58.4837
-0.106624 -0.978447 -0.176841 15.0267 -0.754615 -0.0361802 0.655168 167.803 -0.647447 0.203304 -0.734494 57.5508
-0.11056 -0.977975 -0.177038 14.7866 -0.745075 -0.0363303 0.665988 168.649 -0.657753 0.205539 -0.724649 56.6164
-0.112383 -0.978048 -0.175479 14.5809 -0.735622 -0.0368293 0.676389 169.516 -0.668005 0.205101 -0.715336 55.6798
-0.114524 -0.978117 -0.1737 14.3835 -0.724946 -0.0372615 0.687795 170.375 -0.679218 0.204693 -0.704816 54.7884
-0.119223 -0.977688 -0.17295 14.1685 -0.713959 -0.0366286 0.699227 171.254 -0.689963 0.206844 -0.693664 53.9001
-0.121533 -0.977541 -0.172171 13.9742 -0.703231 -0.037614 0.709964 172.149 -0.700497 0.207361 -0.682867 53.0193
-0.119531 -0.977791 -0.172152 13.7947 -0.694234 -0.0416411 0.718542 172.999 -0.709755 0.205403 -0.67384 52.17
-0.125799 -0.977116 -0.171518 13.5621 -0.681734 -0.0404552 0.730479 173.899 -0.720704 0.208824 -0.661046 51.35
-0.13006 -0.9769 -0.169562 13.3676 -0.667815 -0.0400968 0.743245 174.824 -0.732877 0.209903 -0.647174 50.5173
-0.134621 -0.976693 -0.167179 13.1837 -0.652408 -0.0396217 0.75683 175.747 -0.745816 0.210955 -0.631869 49.7209
-0.139459 -0.976335 -0.165293 12.9871 -0.637265 -0.0392733 0.769642 176.7 -0.757921 0.21267 -0.616708 48.9382
-0.148207 -0.975382 -0.163295 12.7794 -0.622302 -0.0363505 0.781931 177.614 -0.768619 0.217507 -0.601596 48.2104
-0.152616 -0.975115 -0.160808 12.5959 -0.605417 -0.036363 0.795076 178.58 -0.78114 0.218698 -0.584803 47.4791
-0.158974 -0.97433 -0.159398 12.4077 -0.587475 -0.036402 0.808422 179.584 -0.793474 0.222161 -0.566609 46.7504
-0.165798 -0.973563 -0.157119 12.2265 -0.568009 -0.0359647 0.822235 180.569 -0.80615 0.22557 -0.54703 46.0918
-0.17128 -0.973344 -0.15253 12.0483 -0.546791 -0.0348733 0.836541 181.572 -0.819563 0.226686 -0.526244 45.4321
-0.176095 -0.973257 -0.147517 11.8712 -0.52495 -0.0339229 0.850456 182.602 -0.832718 0.2272 -0.504938 44.7922
-0.180498 -0.973072 -0.143361 11.7041 -0.503185 -0.0338825 0.863513 183.612 -0.845119 0.228 -0.48352 44.2254
-0.185632 -0.972692 -0.139322 11.5395 -0.479898 -0.0339825 0.876665 184.661 -0.857461 0.229598 -0.460485 43.6551
-0.18998 -0.972531 -0.134502 11.3807 -0.455709 -0.0339952 0.889478 185.691 -0.86962 0.230278 -0.436733 43.141
-0.194042 -0.972364 -0.129827 11.2366 -0.431782 -0.0341778 0.901329 186.744 -0.88086 0.230953 -0.413218 42.6456
-0.19386 -0.973158 -0.124026 11.1097 -0.406863 -0.0352845 0.912806 187.844 -0.892683 0.227419 -0.389102 42.1645
-0.197613 -0.973021 -0.119077 10.9805 -0.381889 -0.0354613 0.923526 188.912 -0.902835 0.227976 -0.364579 41.7321
-0.203326 -0.972361 -0.114768 10.8437 -0.355972 -0.0357825 0.93381 190.013 -0.91211 0.230722 -0.338858 41.3228
-0.208281 -0.971959 -0.109158 10.6954 -0.332358 -0.0346313 0.942516 191.02 -0.919869 0.232588 -0.315825 40.9369
-0.212228 -0.971868 -0.102134 10.5931 -0.303596 -0.0337707 0.952201 192.132 -0.928865 0.233092 -0.287888 40.5952
-0.212837 -0.972154 -0.098063 10.4799 -0.276714 -0.0362818 0.960266 193.198 -0.937087 0.231516 -0.261287 40.2843
-0.214996 -0.972539 -0.0891316 10.3763 -0.248213 -0.0338543 0.968113 194.279 -0.944547 0.230265 -0.234119 40.0247
-0.21898 -0.972137 -0.083647 10.2708 -0.21689 -0.0350861 0.975564 195.422 -0.951319 0.231772 -0.203164 39.7714
-0.221544 -0.972081 -0.0773028 10.1987 -0.18435 -0.0360928 0.982197 196.597 -0.957568 0.231851 -0.171207 39.5333
-0.224132 -0.972115 -0.0689785 10.128 -0.150789 -0.035335 0.987933 197.732 -0.962824 0.231829 -0.138664 39.3684
-0.226675 -0.972018 -0.061643 10.0757 -0.116766 -0.0357133 0.992516 198.893 -0.966947 0.232177 -0.105403 39.227
-0.232092 -0.971092 -0.0557971 10.0239 -0.0855651 -0.0367583 0.995653 200.063 -0.968924 0.235858 -0.0745599 39.1238
-0.234019 -0.971048 -0.0479551 9.96924 -0.0510158 -0.0369922 0.998012 201.225 -0.970894 0.236001 -0.0408815 39.0592
-0.239302 -0.970081 -0.0409612 9.91102 -0.0163465 -0.0381558 0.999137 202.408 -0.970809 0.239765 -0.00672618 39.0317
-0.240915 -0.969977 -0.033247 9.8713 0.0189511 -0.0389509 0.99906 203.56 -0.970362 0.240059 0.0277666 39.0504
-0.24333 -0.969608 -0.0255014 9.84484 0.0542989 -0.0398677 0.997728 204.721 -0.968424 0.241393 0.0623503 39.1001
-0.245817 -0.969152 -0.0178447 9.83982 0.0897519 -0.0410877 0.995115 205.898 -0.965153 0.243015 0.097084 39.195
-0.248281 -0.968659 -0.00752723 9.83621 0.123366 -0.0393258 0.991581 207.053 -0.960802 0.245263 0.129264 39.3232
-0.251976 -0.967733 0.00087318 9.82262 0.157183 -0.0400365 0.986757 208.2 -0.954884 0.248776 0.1622 39.5009
-0.251512 -0.967802 0.0100887 9.83964 0.192211 -0.0397302 0.980548 209.353 -0.948577 0.248559 0.196016 39.7156
-0.252477 -0.967474 0.0158143 9.8623 0.223082 -0.0422977 0.973881 210.482 -0.941537 0.249411 0.226506 39.9575
-0.251945 -0.967451 0.0237127 9.8919 0.255301 -0.0428108 0.965912 211.621 -0.93346 0.249411 0.257778 40.2448
-0.249131 -0.967968 0.0311733 9.95129 0.28713 -0.0430826 0.956921 212.717 -0.924928 0.24735 0.288667 40.5608
-0.250992 -0.9672 0.0390873 9.99654 0.318003 -0.0442497 0.947056 213.841 -0.914264 0.250134 0.31868 40.9215
-0.252517 -0.966528 0.0453819 10.0462 0.347288 -0.0467572 0.936591 214.947 -0.903121 0.252267 0.347472 41.3173
-0.253407 -0.96597 0.0518314 10.1049 0.376102 -0.0490164 0.92528 216.027 -0.891254 0.253967 0.375725 41.7338
-0.252778 -0.965676 0.0597824 10.1787 0.404176 -0.0492553 0.913353 217.102 -0.87906 0.255039 0.402755 42.1921
-0.253889 -0.964947 0.0664622 10.27 0.430002 -0.0510545 0.901382 218.146 -0.866395 0.25743 0.427893 42.6755
-0.252651 -0.964771 0.0733851 10.3685 0.455301 -0.0516234 0.888839 219.209 -0.853739 0.257979 0.452305 43.1895
-0.25489 -0.963605 0.0806057 10.4685 0.482034 -0.0543572 0.874464 220.254 -0.838257 0.261747 0.478347 43.7412
-0.25458 -0.963155 0.0867274 10.5834 0.507361 -0.0566781 0.859867 221.263 -0.823271 0.262907 0.503098 44.3115
-0.255364 -0.962311 0.0935233 10.7092 0.530172 -0.0584824 0.84587 222.265 -0.808522 0.265589 0.525126 44.925
-0.253699 -0.962021 0.100761 10.8395 0.554968 -0.0594468 0.829744 223.257 -0.792242 0.266425 0.548974 45.5581
-0.251496 -0.961847 0.107706 10.9773 0.579808 -0.0606217 0.812494 224.226 -0.774966 0.266789 0.572934 46.2209
-0.24999 -0.961364 0.115259 11.1209 0.603788 -0.0617236 0.794751 225.177 -0.756932 0.268273 0.595892 46.9284
-0.248206 -0.960749 0.123918 11.2812 0.627443 -0.0619837 0.77619 226.133 -0.738044 0.270407 0.618202 47.6749
-0.245717 -0.960151 0.133162 11.4242 0.650368 -0.0614338 0.75713 227.05 -0.71878 0.272644 0.639549 48.4296
-0.243789 -0.95937 0.142038 11.6159 0.672823 -0.0618265 0.737214 227.949 -0.698481 0.275292 0.660561 49.2297
-0.240251 -0.959291 0.148458 11.8046 0.695141 -0.0632765 0.716082 228.809 -0.677538 0.27524 0.682047 50.0454
-0.23865 -0.958749 0.154423 12.0012 0.714893 -0.0658268 0.696127 229.635 -0.657247 0.276527 0.701115 50.8827
-0.234872 -0.958621 0.160877 12.1913 0.733417 -0.0661556 0.676551 230.454 -0.637914 0.276893 0.718608 51.7447
-0.230114 -0.95874 0.166926 12.3987 0.750946 -0.0658372 0.657073 231.257 -0.618973 0.276555 0.735114 52.6197
-0.228038 -0.958275 0.172358 12.603 0.766111 -0.0673472 0.639168 232.031 -0.600892 0.2778 0.749505 53.5272
-0.225919 -0.958329 0.17483 12.8199 0.779764 -0.0703309 0.62211 232.807 -0.583891 0.276874 0.763161 54.4684
-0.223741 -0.958122 0.178725 13.0377 0.793254 -0.0724683 0.604561 233.555 -0.566292 0.277039 0.77625 55.4087
-0.224421 -0.957639 0.180454 13.2609 0.804351 -0.0774944 0.589077 234.288 -0.55014 0.27735 0.787671 56.376
-0.223477 -0.957059 0.184653 13.4832 0.815914 -0.0800413 0.572605 234.987 -0.533238 0.278626 0.798767 57.3413
-0.220861 -0.95666 0.189796 13.724 0.827427 -0.0807714 0.555733 235.678 -0.516318 0.279783 0.809407 58.3278
-0.219263 -0.956312 0.193366 13.9665 0.83773 -0.0829379 0.539749 236.343 -0.500132 0.280336 0.819318 59.3505
-0.216437 -0.956481 0.195703 14.2216 0.84792 -0.0848013 0.523296 237.015 -0.483928 0.279201 0.829375 60.391
-0.214567 -0.956556 0.197385 14.4676 0.85751 -0.0877457 0.506928 237.613 -0.467586 0.27803 0.839086 61.4033
-0.213206 -0.95588 0.202079 14.7177 0.866722 -0.0895872 0.490678 238.242 -0.450926 0.279763 0.847585 62.4676
-0.210984 -0.955035 0.208311 14.9569 0.875734 -0.0900051 0.474329 238.835 -0.434252 0.282501 0.855348 63.5186
-0.208309 -0.954668 0.212643 15.239 0.883381 -0.090323 0.459868 239.412 -0.419815 0.28364 0.862152 64.5817
-0.204533 -0.954763 0.215858 15.5083 0.891131 -0.090372 0.444653 239.974 -0.405031 0.283305 0.869305 65.6681
-0.201375 -0.954875 0.218317 15.7942 0.899056 -0.0917213 0.428116 240.517 -0.388773 0.282492 0.876958 66.7685
-0.199121 -0.954228 0.22316 16.1001 0.906479 -0.0928232 0.411921 241.086 -0.372352 0.284312 0.883472 67.9105
-0.196893 -0.953812 0.226882 16.4053 0.913294 -0.0942765 0.396238 241.6 -0.356548 0.285227 0.889675 69.0306
-0.197569 -0.952514 0.231695 16.6837 0.918989 -0.0977 0.381983 242.087 -0.341208 0.288394 0.894655 70.155
-0.195756 -0.952175 0.234609 16.9979 0.924229 -0.0991568 0.368737 242.573 -0.327839 0.289016 0.899441 71.315
-0.194119 -0.951515 0.238614 17.319 0.929991 -0.101104 0.353403 243.042 -0.312144 0.290512 0.904528 72.4812
-0.19363 -0.95083 0.241721 17.6226 0.934173 -0.103421 0.341502 243.494 -0.299711 0.291935 0.908267 73.6524
-0.192984 -0.950874 0.242065 17.9629 0.937243 -0.105626 0.332291 243.961 -0.290398 0.291001 0.911586 74.8592
-0.190932 -0.951252 0.242209 18.2682 0.940119 -0.106234 0.323866 244.377 -0.282348 0.289542 0.914575 76.048
-0.190459 -0.951311 0.242351 18.6045 0.941594 -0.107188 0.319233 244.804 -0.277713 0.288997 0.916165 77.2709
-0.190452 -0.951112 0.243134 18.9138 0.943271 -0.108683 0.313729 245.206 -0.271967 0.289093 0.917857 78.4636
-0.190202 -0.95115 0.24318 19.2353 0.944643 -0.109858 0.309159 245.612 -0.267341 0.288522 0.919395 79.6707
-0.191816 -0.950996 0.242514 19.5383 0.945158 -0.11244 0.306646 246.03 -0.264351 0.288034 0.920411 80.8906
-0.192746 -0.950772 0.242655 19.8521 0.946518 -0.11494 0.301482 246.423 -0.25875 0.287787 0.922079 82.1115
-0.192186 -0.950463 0.244305 20.2009 0.948028 -0.115485 0.296488 246.838 -0.253587 0.28859 0.923262 83.3382
-0.192024 -0.950611 0.243858 20.5359 0.948827 -0.116353 0.293578 247.246 -0.250705 0.287754 0.924309 84.5818
-0.188024 -0.951426 0.243794 20.8883 0.950569 -0.113829 0.288895 247.639 -0.247112 0.286062 0.925801 85.8188
-0.187186 -0.951377 0.244632 21.2395 0.951699 -0.113939 0.285105 248.013 -0.243369 0.286184 0.926754 87.0563
-0.186582 -0.951275 0.245489 21.5807 0.952593 -0.114052 0.282059 248.398 -0.240317 0.286478 0.927459 88.304
-0.183448 -0.951792 0.245845 21.9107 0.953756 -0.111754 0.279033 248.761 -0.238107 0.285665 0.92828 89.5225
-0.179966 -0.952204 0.246821 22.2941 0.954344 -0.108201 0.278421 249.133 -0.238407 0.285659 0.928205 90.7774
-0.179843 -0.95211 0.247271 22.6187 0.954615 -0.108255 0.27747 249.498 -0.237414 0.28595 0.928369 92.0009
-0.180251 -0.95215 0.246821 22.9414 0.95462 -0.108858 0.277215 249.861 -0.237082 0.285589 0.928565 93.2317
-0.178044 -0.951991 0.249026 23.2777 0.954944 -0.106092 0.277174 250.241 -0.237448 0.287156 0.927989 94.4864
-0.178585 -0.951398 0.250897 23.6364 0.955022 -0.106258 0.276842 250.591 -0.236727 0.289052 0.927584 95.6887
-0.174104 -0.952236 0.25087 24.0019 0.955189 -0.10138 0.278091 250.957 -0.239375 0.288046 0.927217 96.9033
-0.171884 -0.952663 0.25078 24.3808 0.955237 -0.0989574 0.278798 251.34 -0.240784 0.287475 0.927029 98.1486
-0.172355 -0.952873 0.249655 24.717 0.955207 -0.0997819 0.278606 251.694 -0.240565 0.286492 0.927391 99.3539
-0.175589 -0.952711 0.248013 25.0439 0.954996 -0.103664 0.27791 252.071 -0.239059 0.28565 0.92804 100.601
-0.178049 -0.952489 0.247114 25.3914 0.954469 -0.106085 0.278808 252.451 -0.239346 0.285504 0.92801 101.859
-0.178034 -0.952229 0.248123 25.7482 0.954376 -0.105662 0.279287 252.806 -0.239729 0.286525 0.927597 103.063
-0.178718 -0.951668 0.24978 26.0924 0.954095 -0.105615 0.280263 253.197 -0.240336 0.288402 0.926858 104.332
-0.178683 -0.951725 0.249587 26.4274 0.95412 -0.105662 0.28016 253.569 -0.240264 0.288196 0.926941 105.55
-0.177609 -0.952336 0.248017 26.7661 0.954156 -0.104948 0.280306 253.942 -0.240917 0.286433 0.927318 106.8
-0.177003 -0.95283 0.246549 27.1254 0.954036 -0.104553 0.280859 254.327 -0.241833 0.28493 0.927542 108.076
-0.176945 -0.953322 0.244682 27.4433 0.953712 -0.104659 0.281919 254.699 -0.243152 0.283241 0.927714 109.302
-0.179949 -0.952842 0.244358 27.7698 0.953318 -0.107691 0.28211 255.077 -0.242491 0.283717 0.927742 110.553
-0.180466 -0.952796 0.244156 28.0899 0.952886 -0.107832 0.283513 255.457 -0.243802 0.283818 0.927367 111.833
-0.180079 -0.952952 0.243836 28.42 0.952892 -0.107497 0.283619 255.838 -0.244064 0.283424 0.927419 113.065
-0.179805 -0.952689 0.245062 28.7525 0.952812 -0.106729 0.284177 256.218 -0.244577 0.284595 0.926925 114.332
-0.178404 -0.95302 0.244797 29.1109 0.95272 -0.10512 0.285085 256.607 -0.245958 0.284084 0.926716 115.614
-0.177761 -0.954113 0.240979 29.4402 0.952783 -0.105609 0.284693 256.99 -0.24618 0.280208 0.927837 116.858
-0.177652 -0.955515 0.23544 29.7896 0.952687 -0.107029 0.284483 257.387 -0.246628 0.27484 0.929322 118.163
-0.177024 -0.956105 0.233508 30.1243 0.952741 -0.10696 0.28433 257.765 -0.246873 0.272806 0.929856 119.398
-0.176973 -0.956076 0.233666 30.4429 0.952767 -0.106885 0.284268 258.148 -0.246807 0.272938 0.929835 120.675
-0.178296 -0.955646 0.23442 30.7573 0.952471 -0.107815 0.284911 258.54 -0.247 0.274077 0.929449 121.976
-0.177227 -0.956181 0.233046 31.0825 0.952718 -0.107299 0.284278 258.914 -0.246816 0.272409 0.929988 123.209
-0.175953 -0.95669 0.231917 31.429 0.953108 -0.106637 0.283218 259.293 -0.246221 0.270876 0.930594 124.487
-0.175893 -0.956861 0.231259 31.7679 0.953419 -0.107108 0.281989 259.69 -0.245055 0.270087 0.93113 125.78
-0.175134 -0.9569 0.231672 32.108 0.95389 -0.106656 0.280566 260.059 -0.243764 0.270126 0.931458 127.001
-0.170404 -0.95764 0.232139 32.4526 0.953831 -0.101176 0.282788 260.422 -0.247322 0.26961 0.930669 128.219
-0.167418 -0.958426 0.231065 32.8185 0.953593 -0.0979303 0.284725 260.809 -0.25026 0.26801 0.930346 129.455
-0.16672 -0.958751 0.230223 33.1259 0.954539 -0.0984238 0.281365 261.183 -0.2471 0.266667 0.931576 130.696
-0.167334 -0.959152 0.228095 33.4207 0.953812 -0.0989505 0.283638 261.537 -0.249482 0.265022 0.93141 131.943
-0.168164 -0.95927 0.226985 33.7318 0.954697 -0.101141 0.279861 261.905 -0.245505 0.263765 0.932823 133.167
-0.168949 -0.958983 0.227617 34.0406 0.955374 -0.102561 0.277021 262.259 -0.242314 0.264262 0.933516 134.382
-0.169209 -0.958753 0.228392 34.3484 0.955933 -0.103241 0.274832 262.613 -0.239917 0.264832 0.933974 135.597
-0.167839 -0.958936 0.228634 34.6682 0.956407 -0.102169 0.273578 262.958 -0.238985 0.264584 0.934283 136.781
-0.166934 -0.959127 0.228493 34.9813 0.956961 -0.101814 0.27177 263.313 -0.237398 0.264026 0.934845 138
-0.165965 -0.959456 0.227816 35.2944 0.956794 -0.100742 0.272753 263.662 -0.238744 0.263241 0.934723 139.224
-0.166248 -0.959126 0.228996 35.599 0.956925 -0.100867 0.272247 263.999 -0.238021 0.264393 0.934583 140.395
-0.167447 -0.957932 0.233083 35.9029 0.956467 -0.100527 0.273979 264.342 -0.239022 0.268814 0.933065 141.565
-0.165786 -0.957426 0.23633 36.1888 0.95674 -0.0980534 0.27392 264.67 -0.239085 0.271519 0.932265 142.717
-0.164966 -0.957354 0.237193 36.4888 0.956033 -0.0960922 0.277068 264.991 -0.24246 0.272471 0.931115 143.877
-0.165473 -0.95732 0.236977 36.8027 0.954005 -0.0944704 0.284515 265.338 -0.249984 0.273157 0.928922 145.049
-0.163185 -0.958042 0.23564 37.0907 0.952694 -0.0909451 0.290004 265.66 -0.256406 0.271817 0.927563 146.216
-0.161129 -0.958742 0.234204 37.3767 0.951217 -0.0876003 0.295824 265.99 -0.263103 0.270445 0.926088 147.382
-0.163014 -0.958826 0.232552 37.6706 0.947979 -0.0868947 0.306242 266.352 -0.273425 0.270377 0.923113 148.517
-0.164258 -0.959065 0.230684 37.9653 0.94511 -0.0860498 0.315216 266.723 -0.282462 0.269799 0.920558 149.616
-0.167015 -0.959181 0.228206 38.249 0.94091 -0.0858969 0.32758 267.108 -0.294607 0.269432 0.916851 150.735
-0.172011 -0.959084 0.22488 38.5351 0.936324 -0.0882395 0.339867 267.513 -0.306118 0.269021 0.913193 151.835
-0.173003 -0.959599 0.221901 38.8023 0.931341 -0.0860898 0.353822 267.936 -0.320424 0.267878 0.90861 152.949
-0.175006 -0.960137 0.217971 39.1091 0.92579 -0.0851284 0.368326 268.393 -0.335088 0.266255 0.903785 154.082
-0.176924 -0.960357 0.215439 39.3792 0.919952 -0.0835559 0.383022 268.839 -0.349837 0.26596 0.898266 155.163
-0.177667 -0.960726 0.21317 39.6357 0.9127 -0.0798664 0.400747 269.299 -0.367983 0.26576 0.891046 156.243
-0.180359 -0.960839 0.21038 39.9048 0.903743 -0.0774608 0.421007 269.812 -0.388224 0.266062 0.882324 157.356
-0.182577 -0.961037 0.207541 40.1741 0.894994 -0.0750719 0.439714 270.319 -0.407001 0.26603 0.873831 158.405
-0.187526 -0.96097 0.203398 40.4381 0.883688 -0.0746407 0.462086 270.869 -0.428869 0.266394 0.863196 159.47
-0.188435 -0.961874 0.198223 40.6742 0.872646 -0.071397 0.483105 271.439 -0.450534 0.264012 0.85283 160.514
-0.191855 -0.962297 0.192813 40.9327 0.86031 -0.0703583 0.50489 272.017 -0.472289 0.262745 0.841374 161.517
-0.197164 -0.961876 0.189529 41.1683 0.845423 -0.0689357 0.529628 272.635 -0.496371 0.264656 0.826786 162.513
-0.200592 -0.962145 0.184503 41.3828 0.831666 -0.0677026 0.551132 273.256 -0.517778 0.263998 0.813765 163.492
-0.204056 -0.962304 0.179815 41.6152 0.816129 -0.0657823 0.574112 273.9 -0.540642 0.263903 0.798789 164.442
-0.20859 -0.962293 0.174594 41.8447 0.797121 -0.0638474 0.600432 274.594 -0.566645 0.264417 0.780384 165.363
-0.21376 -0.962306 0.168149 42.0429 0.77854 -0.0638459 0.624337 275.282 -0.590069 0.264369 0.762844 166.272
-0.216984 -0.963047 0.159559 42.2357 0.756995 -0.0628007 0.650395 276.019 -0.616341 0.261911 0.74265 167.142
-0.220716 -0.963546 0.151211 42.4404 0.735304 -0.0625292 0.674846 276.763 -0.64079 0.260135 0.722302 167.981
-0.225569 -0.963852 0.141809 42.6215 0.712028 -0.0637559 0.69925 277.534 -0.664933 0.258701 0.700672 168.79
-0.230308 -0.963847 0.134008 42.7836 0.68705 -0.0635317 0.723826 278.345 -0.689144 0.258773 0.676845 169.574
-0.231101 -0.964553 0.127402 42.9394 0.662097 -0.0599659 0.747014 279.163 -0.712896 0.256989 0.652487 170.313
-0.234592 -0.964852 0.118438 43.0959 0.635726 -0.0601026 0.76957 280.011 -0.735404 0.25583 0.627483 171.025
-0.236618 -0.965406 0.109567 43.2149 0.608395 -0.0592954 0.791415 280.889 -0.757541 0.253923 0.601379 171.727
-0.240263 -0.965555 0.099894 43.3432 0.581171 -0.0606577 0.811516 281.783 -0.777505 0.253033 0.575728 172.394
-0.237432 -0.967103 0.0913198 43.4192 0.552577 -0.0571476 0.831499 282.686 -0.798927 0.247886 0.547969 173.001
-0.239154 -0.96729 0.0845918 43.5237 0.523671 -0.0551271 0.850134 283.619 -0.817664 0.247611 0.519727 173.596
-0.239768 -0.967741 0.0773984 43.6128 0.493605 -0.0528687 0.868077 284.566 -0.835982 0.246341 0.490359 174.15
-0.236873 -0.969048 0.0695512 43.6849 0.463719 -0.0498628 0.884577 285.53 -0.853731 0.241785 0.461178 174.65
-0.235778 -0.96999 0.0594022 43.745 0.432838 -0.0500907 0.900078 286.534 -0.870093 0.237931 0.43166 175.149
-0.235364 -0.970695 0.0485352 43.8145 0.400576 -0.0513863 0.914821 287.52 -0.885519 0.234758 0.400933 175.615
-0.232412 -0.971799 0.0398955 43.8645 0.367731 -0.0498235 0.928596 288.547 -0.900422 0.230488 0.368941 176.025
-0.23142 -0.972293 0.0330394 43.9247 0.335043 -0.0477697 0.94099 289.598 -0.913342 0.228834 0.336816 176.449
-0.228465 -0.973171 0.0272513 43.9611 0.301661 -0.0441498 0.952392 290.606 -0.925638 0.225809 0.303655 176.792
-0.227971 -0.973405 0.0226351 43.9945 0.268245 -0.0404414 0.962501 291.639 -0.935989 0.225494 0.270331 177.105
-0.226638 -0.973869 0.0147004 44.0255 0.234341 -0.0398737 0.971335 292.665 -0.945369 0.223587 0.237255 177.383
-0.226948 -0.973894 0.00518347 44.0479 0.199996 -0.0413955 0.978921 293.707 -0.953152 0.223201 0.20417 177.623
-0.225117 -0.974316 -0.00553373 44.0638 0.166184 -0.0439924 0.985112 294.768 -0.960056 0.220847 0.17182 177.836
-0.223602 -0.97454 -0.016589 44.0866 0.131437 -0.0470134 0.990208 295.826 -0.965779 0.219232 0.138603 178
-0.225176 -0.974016 -0.0242626 44.0827 0.0942479 -0.0465606 0.994459 296.873 -0.96975 0.221642 0.102284 178.13
-0.223614 -0.974172 -0.0314185 44.0727 0.0584027 -0.0455691 0.997252 297.922 -0.972928 0.221165 0.0670847 178.214
-0.219841 -0.974695 -0.0404993 44.0516 0.0215357 -0.046354 0.998692 298.988 -0.975299 0.218681 0.0311818 178.268
-0.215685 -0.975152 -0.0505856 44.0182 -0.0152198 -0.0484415 0.998709 300.046 -0.976345 0.216177 -0.004393 178.288
-0.209851 -0.975897 -0.0598976 43.9684 -0.0515883 -0.050125 0.997409 301.1 -0.976372 0.212398 -0.0398257 178.262
-0.204897 -0.976338 -0.0691506 43.9017 -0.0887257 -0.0518315 0.994706 302.155 -0.974755 0.209948 -0.0760058 178.204
-0.200287 -0.976535 -0.0791581 43.835 -0.124164 -0.0548442 0.990744 303.212 -0.971839 0.208262 -0.110266 178.116
-0.196747 -0.976522 -0.0877261 43.7606 -0.160149 -0.0562654 0.985487 304.25 -0.967287 0.207941 -0.145319 177.981
-0.191741 -0.976734 -0.0960564 43.6659 -0.195698 -0.0578579 0.978955 305.283 -0.961738 0.206504 -0.180051 177.81
-0.183966 -0.977622 -0.102045 43.5569 -0.229582 -0.0582091 0.971546 306.327 -0.955746 0.20216 -0.213736 177.603
-0.179779 -0.977602 -0.109429 43.4337 -0.265503 -0.0588915 0.962309 307.359 -0.947201 0.202057 -0.248969 177.344
-0.174158 -0.977809 -0.116444 43.3143 -0.300328 -0.0598741 0.951954 308.355 -0.937803 0.200762 -0.283236 177.063
-0.167952 -0.977992 -0.123792 43.1894 -0.334502 -0.0615871 0.94038 309.371 -0.927309 0.199347 -0.316797 176.751
-0.163053 -0.978004 -0.130089 43.0612 -0.369147 -0.0618023 0.927313 310.354 -0.914957 0.199223 -0.35095 176.402
-0.157357 -0.978046 -0.136622 42.9256 -0.404361 -0.0624043 0.912467 311.348 -0.900962 0.198828 -0.385664 176.009
-0.148296 -0.978685 -0.142071 42.7822 -0.438883 -0.0636086 0.896289 312.321 -0.886223 0.195269 -0.420096 175.587
-0.141675 -0.978908 -0.1472 42.6293 -0.472179 -0.0638676 0.879185 313.262 -0.870044 0.194064 -0.453172 175.127
-0.13314 -0.979173 -0.153279 42.483 -0.505816 -0.0658667 0.860122 314.228 -0.852306 0.192048 -0.486513 174.619
-0.126235 -0.979288 -0.158304 42.3304 -0.538551 -0.0663618 0.839975 315.158 -0.833084 0.191289 -0.51902 174.066
-0.117683 -0.979553 -0.163183 42.1596 -0.570649 -0.0677782 0.818392 316.064 -0.812719 0.189431 -0.551005 173.481
-0.110184 -0.979672 -0.167641 41.9952 -0.602031 -0.0684214 0.795535 316.982 -0.790834 0.18858 -0.582255 172.857
-0.10325 -0.979642 -0.17217 41.8128 -0.632474 -0.0689311 0.771508 317.847 -0.76767 0.188551 -0.612482 172.197
-0.0969127 -0.979215 -0.178179 41.6439 -0.661633 -0.0703562 0.746519 318.702 -0.743539 0.190237 -0.641063 171.493
-0.0896307 -0.978907 -0.183599 41.4591 -0.689764 -0.0719677 0.720448 319.535 -0.718465 0.191215 -0.668765 170.76
-0.086666 -0.978163 -0.188909 41.2688 -0.716513 -0.0705453 0.693996 320.323 -0.692169 0.195502 -0.694754 169.996
-0.0779759 -0.978053 -0.193217 41.0769 -0.742503 -0.0723585 0.665922 321.091 -0.665289 0.19539 -0.720566 169.209
-0.0700521 -0.977789 -0.197543 40.872 -0.76715 -0.0737746 0.637211 321.82 -0.637632 0.196183 -0.744943 168.39
-0.0621466 -0.976988 -0.204043 40.6589 -0.790432 -0.0766452 0.607735 322.517 -0.60939 0.199051 -0.76748 167.525
-0.0513705 -0.976357 -0.209976 40.442 -0.810789 -0.0819832 0.579567 323.172 -0.58308 0.200019 -0.787409 166.671
-0.0418457 -0.976419 -0.211794 40.2039 -0.830403 -0.0838882 0.550811 323.792 -0.55559 0.198924 -0.807311 165.811
-0.0346239 -0.976622 -0.212161 39.9797 -0.849155 -0.0831963 0.521549 324.372 -0.527008 0.198215 -0.826424 164.917
-0.0238579 -0.97763 -0.208977 39.7424 -0.86472 -0.0847204 0.495057 324.924 -0.501688 0.192517 -0.843356 164.029
-0.0163474 -0.978101 -0.207491 39.5075 -0.878225 -0.0851545 0.470604 325.44 -0.477968 0.189917 -0.857602 163.119
-0.0116584 -0.978071 -0.207947 39.2653 -0.889868 -0.0847025 0.448284 325.92 -0.456068 0.190272 -0.869368 162.149
-0.00847052 -0.977681 -0.209925 39.0296 -0.899974 -0.0840512 0.427764 326.401 -0.435862 0.19255 -0.879176 161.195
-0.00578301 -0.977043 -0.212968 38.8126 -0.90848 -0.0838666 0.409425 326.844 -0.417888 0.195846 -0.88714 160.247
-0.00391532 -0.976864 -0.213826 38.5908 -0.914639 -0.082943 0.395672 327.276 -0.404254 0.197123 -0.893154 159.286
-0.00195518 -0.976649 -0.214833 38.3668 -0.920027 -0.0824258 0.383086 327.683 -0.391849 0.198402 -0.898384 158.325
-0.000389744 -0.976814 -0.21409 38.1415 -0.922683 -0.082193 0.376695 328.098 -0.385559 0.197684 -0.901259 157.345
0.00194124 -0.977125 -0.21266 37.9202 -0.925643 -0.0822252 0.369354 328.501 -0.378392 0.196131 -0.90463 156.364
0.00390228 -0.977084 -0.212822 37.6889 -0.928661 -0.08248 0.361643 328.896 -0.37091 0.196229 -0.907702 155.388
0.00444192 -0.977225 -0.212161 37.4752 -0.931773 -0.0810636 0.353874 329.292 -0.363014 0.196114 -0.910913 154.39
0.00424648 -0.977036 -0.213036 37.2544 -0.934391 -0.0797664 0.347202 329.686 -0.356223 0.197584 -0.913273 153.364
0.00457242 -0.977037 -0.213025 37.0417 -0.937013 -0.0785897 0.340336 330.069 -0.349263 0.198052 -0.915857 152.326
0.00475342 -0.976908 -0.213609 36.8467 -0.940355 -0.0770296 0.331357 330.439 -0.34016 0.199293 -0.919008 151.317
0.0069815 -0.976872 -0.213714 36.6108 -0.942763 -0.0776834 0.324287 330.807 -0.333389 0.199218 -0.921502 150.312
0.00836859 -0.97662 -0.214813 36.4006 -0.945572 -0.077613 0.31602 331.149 -0.325304 0.200476 -0.924115 149.319
0.00856766 -0.976682 -0.214525 36.1697 -0.946966 -0.0768397 0.312011 331.537 -0.321221 0.200475 -0.925543 148.301
0.00877939 -0.976628 -0.214762 35.9428 -0.948657 -0.0760446 0.307029 331.868 -0.316185 0.20104 -0.927153 147.311
0.00831233 -0.976544 -0.215161 35.714 -0.95001 -0.0748706 0.303109 332.196 -0.312109 0.201886 -0.928349 146.332
0.00647474 -0.976371 -0.216006 35.4993 -0.95047 -0.0731353 0.302089 332.513 -0.310749 0.203351 -0.928486 145.354
0.0047978 -0.976137 -0.217107 35.2863 -0.950395 -0.0719745 0.302601 332.853 -0.311007 0.204886 -0.928062 144.368
0.00315466 -0.976044 -0.217552 35.0504 -0.950294 -0.0706593 0.30323 333.159 -0.311339 0.205782 -0.927752 143.414
-0.00136515 -0.976119 -0.217237 34.8368 -0.949335 -0.0670049 0.30704 333.473 -0.314264 0.20665 -0.926572 142.462
-0.00563078 -0.976512 -0.215393 34.62 -0.947643 -0.0635624 0.31294 333.788 -0.319281 0.205878 -0.925028 141.515
-0.00727635 -0.976707 -0.214459 34.403 -0.945433 -0.0631408 0.319637 334.109 -0.325734 0.205083 -0.922952 140.607
0.14195 -0.961231 0.236403 34.994 0.643063 -0.0920139 -0.760265 332.71 0.752544 0.259941 0.605071 142.012
-0.21149 -0.963983 -0.161278 34.749 -0.306571 -0.0912557 0.947463 335.117 -0.928056 0.249823 -0.276229 141.274
0.260209 -0.964448 0.046183 34.5631 -0.0541217 -0.0623244 -0.996587 332.336 0.964035 0.256822 -0.0684154 139.274
-0.240257 -0.970672 -0.00855188 35.1369 0.26546 -0.0741748 0.961264 334.569 -0.933707 0.22868 0.275496 142.477
0.283513 -0.958819 -0.0169575 34.2924 -0.283341 -0.0668617 -0.956685 332.617 0.916155 0.276038 -0.29063 138.756
-0.239705 -0.970826 -0.00625814 35.0304 0.310372 -0.0827384 0.947007 336.19 -0.919898 0.22506 0.321151 143.026
0.275207 -0.960923 -0.0298126 34.102 -0.33407 -0.0665081 -0.940198 330.996 0.901476 0.268709 -0.33932 138.233
-0.261477 -0.965106 -0.0141737 34.8745 0.27918 -0.0896793 0.956041 337.166 -0.923953 0.246026 0.292888 143.299
0.301951 -0.950958 -0.0671202 33.9355 -0.322829 -0.0357512 -0.945781 333.337 0.897 0.307248 -0.317793 139.109
-0.274441 -0.960421 -0.0477 34.5126 0.252916 -0.119951 0.960023 337.918 -0.927749 0.251405 0.275826 142.57
0.293516 -0.953298 0.071221 33.6185 -0.11354 -0.10874 -0.987564 334.038 0.949189 0.28178 -0.140155 138.972
-0.253278 -0.956414 -0.145341 33.3108 -0.0010864 -0.149959 0.988691 338.542 -0.967394 0.250572 0.0369428 142.172
0.256666 -0.959821 0.113434 33.3526 -0.0500103 -0.130397 -0.990199 333.974 0.965206 0.248478 -0.0814702 139.983
-0.261774 -0.911371 -0.317614 33.3181 0.0981619 -0.352525 0.930639 336.566 -0.960125 0.212439 0.181744 143.468
0.331103 -0.882674 0.333556 33.2179 -0.223117 -0.416706 -0.881234 334.618 0.916838 0.217357 -0.334913 138.736
-0.380346 -0.84888 -0.367071 34.0348 0.278597 -0.483627 0.829752 335.938 -0.881886 0.213328 0.420442 143.913
0.420004 -0.868523 0.263184 33.3489 -0.386017 -0.433432 -0.814325 334.289 0.821334 0.240426 -0.517309 137.938
-0.481379 -0.808841 -0.337717 34.5413 0.387819 -0.542074 0.745487 335.394 -0.786048 0.227888 0.574628 145.027
0.490675 -0.819516 0.296028 33.4873 -0.441099 -0.526609 -0.726714 333.536 0.751445 0.226003 -0.619883 137.02
-0.52784 -0.805991 -0.26789 34.0133 0.481957 -0.543942 0.686909 336.288 -0.699359 0.233466 0.675568 145.974
0.517365 -0.810045 0.275975 33.3029 -0.504738 -0.549267 -0.665991 332.931 0.691067 0.205265 -0.693033 136.162
-0.521343 -0.765787 -0.376527 33.1277 0.401317 -0.609419 0.683778 336.333 -0.753092 0.205376 0.62504 146.686
0.41625 -0.735039 0.535215 35.3011 -0.209975 -0.65043 -0.729966 331.138 0.884674 0.191467 -0.425082 136.45
-0.17532 -0.679925 -0.712016 30.4264 -0.123242 -0.702371 0.70106 337.897 -0.976769 0.21066 0.0393444 143.978
-0.11808 -0.691262 0.712893 37.7757 0.390434 -0.692413 -0.606733 329.691 0.913028 0.206694 0.351652 139.691
0.402098 -0.701819 -0.588021 28.0598 -0.651719 -0.670476 0.354575 339.071 -0.643103 0.24065 -0.726986 137.688
-0.657729 -0.688954 0.304525 37.4691 0.715156 -0.6981 -0.0347421 332.355 0.236525 0.194932 0.951872 147.504
0.704874 -0.709315 0.00518306 31.7418 -0.66626 -0.664561 -0.338312 333.136 0.243414 0.235014 -0.941021 131.888
-0.599966 -0.74683 -0.286857 32.3486 0.487705 -0.625657 0.608849 338.226 -0.634181 0.225387 0.739607 148.531
0.388497 -0.757861 0.524135 36.5575 -0.126654 -0.607336 -0.784284 327.302 0.912705 0.238308 -0.331935 136.092
0.038266 -0.764416 -0.643587 27.1798 -0.386541 -0.605244 0.695891 340.395 -0.921479 0.222144 -0.318639 140.516
-0.47173 -0.778174 0.414628 37.4761 0.754763 -0.599475 -0.266387 328.665 0.455856 0.187283 0.870128 147.829
0.611479 -0.790628 0.0316701 31.1636 -0.724582 -0.575583 -0.379055 330.115 0.31792 0.208837 -0.924833 130.755
-0.391222 -0.756121 -0.524621 26.0219 0.0840252 -0.597022 0.797811 340.812 -0.916453 0.26804 0.297102 145.219
-0.246152 -0.733104 0.63401 37.8331 0.596554 -0.630147 -0.497028 326.501 0.763894 0.255877 0.592448 146.362
0.60509 -0.769849 -0.202978 28.2233 -0.795151 -0.571549 -0.202643 330.603 0.0399923 0.284016 -0.957987 130.299
-0.543243 -0.76603 -0.343637 26.9778 0.39125 -0.593119 0.703656 339.542 -0.74284 0.247809 0.621918 147.188
0.121083 -0.774981 0.620277 36.619 0.156903 -0.602077 -0.782869 324.589 0.980165 0.192116 0.0486953 140.836
0.329203 -0.782002 -0.529244 24.2688 -0.64516 -0.595536 0.478648 337.739 -0.689489 0.183875 -0.70057 132.873
-0.616642 -0.740992 0.265866 32.439 0.761386 -0.647192 -0.0378409 332.617 0.200107 0.179093 0.963268 149.26
0.615584 -0.77507 0.142557 30.8417 -0.678401 -0.613229 -0.404625 328.693 0.401033 0.15237 -0.903304 130.256
-0.549181 -0.740997 -0.386426 26.3989 0.393663 -0.637258 0.662518 337.784 -0.737178 0.211721 0.641674 146.544
0.340317 -0.716642 0.608777 34.7665 -0.0508872 -0.660508 -0.749092 324.629 0.938934 0.223949 -0.26125 136.152
-0.100787 -0.745743 -0.658567 24.5002 -0.207658 -0.63159 0.746974 337.279 -0.972997 0.212042 -0.0912031 140.692
-0.173413 -0.724915 0.666654 35.3519 0.442535 -0.662078 -0.604825 325.452 0.879826 0.190133 0.435613 142.055
0.382167 -0.717737 -0.582068 24.871 -0.613101 -0.668214 0.42142 334.902 -0.691416 0.195814 -0.695416 135.391
-0.477956 -0.645455 0.595774 33.7521 0.599206 -0.735527 -0.316151 328.303 0.64227 0.205885 0.738311 142.701
0.455213 -0.655146 -0.602965 25.8635 -0.573319 -0.733801 0.364473 334.252 -0.68124 0.179778 -0.709644 136.945
-0.488227 -0.638184 0.595279 33.0623 0.517228 -0.760989 -0.391624 328.649 0.70293 0.116693 0.701623 141.167
0.432382 -0.67233 -0.600849 26.1419 -0.513872 -0.73129 0.448497 334.416 -0.740934 0.114838 -0.661689 138.003
-0.473923 -0.645666 0.59876 32.2923 0.52313 -0.753414 -0.398373 329.369 0.708331 0.124432 0.694828 140.074
0.442052 -0.645815 -0.622507 25.7548 -0.528467 -0.748271 0.401014 334.621 -0.724786 0.151705 -0.672067 137.714
-0.530498 -0.628817 0.568474 32.8507 0.482278 -0.775394 -0.40764 329.003 0.697123 0.0579099 0.714611 141.06
0.54197 -0.688696 -0.48163 26.2211 -0.561707 -0.723133 0.401948 334.861 -0.625104 0.0526908 -0.778763 137.535
-0.54584 -0.667658 0.506254 32.8219 0.529521 -0.743121 -0.409116 329.057 0.649359 0.0447601 0.759165 141.227
0.516125 -0.68568 -0.513283 26.2987 -0.593646 -0.718355 0.362696 334.766 -0.617414 0.117512 -0.777813 137.861
-0.549531 -0.693599 0.465765 32.6774 0.522155 -0.72032 -0.456608 328.843 0.652205 -0.00771892 0.758005 139.831
0.508351 -0.747051 -0.428364 26.5445 -0.557683 -0.664622 0.497258 335.281 -0.656178 -0.0138907 -0.75448 138.955
-0.53824 -0.684905 0.491125 33.0306 0.511219 -0.72861 -0.45583 328.597 0.67004 0.00572576 0.742305 140.597
0.474568 -0.757622 -0.448103 26.0036 -0.55316 -0.652691 0.517694 335.947 -0.68469 0.00219127 -0.728833 137.149
-0.522098 -0.700623 0.486356 33.8766 0.518578 -0.713505 -0.471155 327.789 0.67712 0.00622414 0.735848 141.807
0.491301 -0.77047 -0.406204 25.676 -0.666061 -0.632858 0.39478 336.312 -0.561236 0.0766006 -0.824105 135.39
-0.578659 -0.743471 0.335271 33.4007 0.690394 -0.665387 -0.283928 328.452 0.434178 0.067171 0.898321 142.938
0.59624 -0.785733 -0.164691 26.8337 -0.754771 -0.618538 0.21847 335.749 -0.273527 -0.00595727 -0.961847 133.591
-0.692329 -0.719436 0.0556264 31.0465 0.71643 -0.694535 -0.0659373 330.307 0.0860725 -0.00579818 0.996273 142.528
0.620884 -0.780369 0.0743543 27.509 -0.776344 -0.625264 -0.079581 334.134 0.108593 -0.00831425 -0.994053 131.203
-0.716271 -0.689883 -0.104971 30.293 0.69216 -0.721498 0.0188112 330.489 -0.0887138 -0.0591834 0.994299 141.118
0.61767 -0.785586 0.0366148 27.1606 -0.784575 -0.61874 -0.0400052 334.249 0.0540822 -0.00401732 -0.99853 132.358
-0.728453 -0.680073 -0.0828225 30.5122 0.680629 -0.732177 0.0256913 330.178 -0.0781124 -0.0376568 0.996234 140.715
0.519264 -0.83713 0.171986 26.8648 -0.854296 -0.513934 0.0777733 336.286 0.0232829 -0.187312 -0.982026 131.894
-0.625263 -0.736905 -0.256941 28.0316 0.747197 -0.660305 0.0754539 330.602 -0.225261 -0.144807 0.963478 143.371
0.493866 -0.789268 0.364901 28.1662 -0.792157 -0.58144 -0.18551 333.783 0.358585 -0.197443 -0.912379 128.992
-0.569026 -0.695529 -0.438691 25.0276 0.639235 -0.709724 0.296091 332.628 -0.51729 -0.111944 0.848459 145.005
0.323473 -0.826378 0.46094 29.0712 -0.768888 -0.513477 -0.380987 331.605 0.551522 -0.231173 -0.801489 129.723
-0.410577 -0.741478 -0.530696 23.551 0.679438 -0.636931 0.364255 333.139 -0.608104 -0.211021 0.765299 144.368
0.325571 -0.820888 0.4692 27.9187 -0.728111 -0.534244 -0.42946 331.4 0.603206 -0.20181 -0.771633 129.711
-0.275049 -0.838581 -0.470247 22.5247 0.63207 -0.526273 0.568791 335.215 -0.724456 -0.140784 0.674793 144.02
0.0440033 -0.815281 0.577393 30.7599 -0.488083 -0.521826 -0.699623 326.72 0.871688 -0.25103 -0.420887 131.816
0.0831423 -0.837786 -0.539632 21.9532 0.229486 -0.510857 0.828469 337.633 -0.969755 -0.192719 0.149787 139.902
-0.206526 -0.713586 0.669435 31.5184 -0.1134 -0.662117 -0.74077 326.963 0.971848 -0.228903 0.0558232 133.452
0.244936 -0.793849 -0.556607 21.0627 -0.282352 -0.607615 0.742348 338.911 -0.927516 -0.024669 -0.372972 135.146
-0.462821 -0.73207 0.499872 31.129 0.417758 -0.677482 -0.605389 327.042 0.781842 -0.0713617 0.619381 138.947
0.519816 -0.766894 -0.376386 22.7023 -0.545533 -0.637047 0.544576 337.798 -0.657409 -0.0777491 -0.749514 132.209
-0.0575575 -0.83123 -0.552942 14.5929 0.164366 -0.554191 0.815999 347.574 -0.98472 -0.043918 0.168524 140.232
-0.477301 -0.865165 -0.153863 14.1477 0.825106 -0.50148 0.260223 346.929 -0.302295 -0.00274918 0.953211 156.239
-0.24504 -0.852628 0.4615 22.1865 0.444737 -0.521828 -0.727944 333.029 0.86149 0.0268711 0.507064 161.001
0.394925 -0.840555 0.370814 25.9239 -0.702462 -0.536405 -0.467777 327.712 0.592099 -0.075746 -0.802299 144.167
0.394234 -0.89773 -0.196623 19.1878 -0.619076 -0.417544 0.665132 342.519 -0.679209 -0.140494 -0.720374 134.402
-0.117093 -0.929155 -0.350658 12.2942 0.457196 -0.36388 0.811519 355.176 -0.881625 -0.0652963 0.467415 147.992
-0.411883 -0.910068 -0.046158 13.6554 0.91002 -0.408188 -0.0724274 348.154 0.047073 -0.0718365 0.996306 166.004
-0.240523 -0.903592 0.354501 21.5564 0.224202 -0.407065 -0.885455 330.305 0.944396 -0.133493 0.300496 166.211
0.222407 -0.920866 0.320223 25.9624 -0.804085 -0.358993 -0.473888 326.267 0.551346 -0.152091 -0.820298 147.828
0.305494 -0.947585 -0.0935806 22.4848 -0.705742 -0.291304 0.645809 341.834 -0.63922 -0.131247 -0.757743 138.779
0.0426087 -0.954697 -0.294516 17.4651 0.374115 -0.258091 0.890745 354.123 -0.926404 -0.148136 0.34617 150.029
-0.287777 -0.934539 -0.209341 16.0104 0.95518 -0.295916 0.00795828 349.047 -0.0693843 -0.197668 0.977811 166.794
-0.312728 -0.903003 0.294599 22.1434 0.134576 -0.34915 -0.927353 332.303 0.940262 -0.250364 0.230711 166.544
0.355122 -0.910614 0.211358 24.5492 -0.930039 -0.366993 -0.0185029 335.122 0.0944157 -0.190001 -0.977235 150.14
0.125311 -0.930897 -0.343117 18.4804 0.131759 -0.327164 0.935736 349.791 -0.98333 -0.162467 0.0816571 153.644
-0.282757 -0.942131 -0.180109 17.1623 0.954979 -0.294085 0.0390838 348.16 -0.0897892 -0.16095 0.982871 169.015
-0.25838 -0.913761 0.3135 21.9572 0.211542 -0.370161 -0.90456 334.259 0.942598 -0.167402 0.288941 169.669
0.168159 -0.916329 0.363408 26.022 -0.646844 -0.38076 -0.660767 330.445 0.743852 -0.123955 -0.656751 157.745
0.439924 -0.895201 -0.0712936 24.0016 -0.82394 -0.43393 0.364455 338.555 -0.357198 -0.101591 -0.928489 149.115
0.0770911 -0.876135 -0.475863 18.7905 0.210964 -0.452142 0.866637 347.754 -0.97445 -0.1672 0.149978 154.959
-0.375594 -0.92061 -0.106803 19.9507 0.925892 -0.367677 -0.086814 342.215 0.0406531 -0.131495 0.990484 165.776
0.0133041 -0.888565 0.458558 24.5694 -0.0881559 -0.457855 -0.884645 333.891 0.996019 -0.0286553 -0.084424 159.525
0.43176 -0.869934 -0.238327 20.3405 -0.795592 -0.491791 0.353799 341.76 -0.424989 0.0368552 -0.904449 152.996
-0.379913 -0.84233 -0.382292 19.0306 0.631165 -0.538177 0.558565 344.296 -0.676238 -0.029083 0.736111 163.109
-0.315352 -0.846961 0.428032 24.4139 0.396464 -0.527382 -0.751454 335.729 0.86219 -0.0672733 0.502101 163.539
0.516405 -0.837726 0.177603 23.7366 -0.823654 -0.542648 -0.164697 337.618 0.234347 -0.0612333 -0.970224 154.177
0.022086 -0.852538 -0.5222 19.5759 0.237351 -0.502922 0.831103 343.082 -0.971174 -0.1423 0.191243 159.958
-0.460647 -0.887097 0.0293982 21.7167 0.844164 -0.448105 -0.29426 337.633 0.274211 -0.110733 0.955274 166.426
0.177503 -0.842236 0.509051 24.5468 -0.468977 -0.527146 -0.708644 333.582 0.86519 -0.112947 -0.48856 159.579
0.39368 -0.859447 -0.32614 20.4504 -0.463243 -0.491931 0.737163 340.929 -0.793992 -0.139124 -0.591797 157.93
-0.533085 -0.842359 -0.079069 21.8513 0.842882 -0.536851 0.036591 337.156 -0.0732709 -0.0471399 0.996198 167.473
0.161378 -0.790495 0.590827 27.4222 -0.352782 -0.605324 -0.713531 330.932 0.921685 -0.093285 -0.376559 157.788
0.380151 -0.840887 -0.38522 20.4024 -0.436037 -0.530234 0.727133 342.013 -0.815695 -0.108451 -0.568227 155.448
-0.562756 -0.806116 -0.182982 20.7905 0.800084 -0.586816 0.124541 339.361 -0.207772 -0.0763151 0.975197 168.696
0.0144091 -0.801489 0.597837 28.6383 -0.0838585 -0.596761 -0.798024 329.336 0.996374 -0.0386351 -0.0758108 162.843
0.54129 -0.8308 -0.129529 24.2649 -0.817931 -0.55597 0.147936 335.742 -0.19492 0.0258694 -0.980479 151.226
-0.209584 -0.81555 -0.539401 17.8424 0.247697 -0.577942 0.777578 345.382 -0.945898 0.0293599 0.323137 161.854
-0.44206 -0.816933 0.370411 26.3617 0.752088 -0.562613 -0.343263 334.965 0.488822 0.126838 0.863115 171.654
0.440553 -0.828694 0.345225 28.1549 -0.51482 -0.548254 -0.659073 329.673 0.735441 0.112628 -0.668164 157.271
0.193484 -0.836983 -0.511883 20.3883 -0.595147 -0.514913 0.616979 341.787 -0.779977 0.18527 -0.597756 155.893
-0.480759 -0.873487 -0.0767585 22.3955 0.73978 -0.451043 0.499283 343.084 -0.470739 0.183251 0.863033 170.307
0.0322354 -0.848208 0.528683 28.8297 0.419462 -0.468639 -0.777449 330.891 0.907201 0.246824 0.340685 169.197
0.563218 -0.822164 -0.0826591 25.594 -0.811992 -0.532145 -0.239769 331.13 0.153143 0.202161 -0.967306 156.301
-0.130917 -0.873521 -0.468854 19.3367 -0.178217 -0.444484 0.877879 343.545 -0.975244 0.198487 -0.0974859 159.588
-0.514883 -0.849745 0.11327 22.7619 0.854761 -0.498799 0.143463 340.811 -0.065408 0.170686 0.983153 172.638
0.0760274 -0.803336 0.590655 29.2923 0.190968 -0.569672 -0.799377 329.582 0.978649 0.173571 0.1101 168.709
0.555871 -0.776255 0.297384 30.6359 -0.590459 -0.620524 -0.51605 324.982 0.58512 0.111264 -0.803279 155.999
0.495464 -0.7942 -0.351799 24.4243 -0.716501 -0.602633 0.351367 331.29 -0.491062 0.0779747 -0.867629 144.475
-0.0931048 -0.80681 -0.583429 15.8361 0.0071105 -0.586498 0.809919 343.514 -0.995632 0.0712588 0.060343 148.602
-0.548199 -0.82269 -0.150534 15.7945 0.774477 -0.567294 0.27993 345.321 -0.315693 0.0368715 0.948146 164.948
-0.37887 -0.842207 0.383596 24.1607 0.594015 -0.539153 -0.597042 332.713 0.709651 0.00166039 0.704553 173.908
0.209122 -0.860247 0.465021 32.1316 -0.206289 -0.503642 -0.838921 318.89 0.955884 0.0795086 -0.282782 165.179
0.144288 -0.988449 0.0463681 33.6328 -0.974539 -0.150073 -0.166585 320.188 0.171619 -0.0211514 -0.984937 147.391
0.0921563 -0.979299 -0.180227 31.481 -0.656987 -0.19581 0.728028 336.136 -0.748249 0.0513145 -0.661432 139.384
-0.28235 -0.932986 -0.223198 30.4433 0.218504 -0.289096 0.932029 351.781 -0.934097 0.214389 0.285488 149.975
-0.680861 -0.723058 0.116691 37.8773 0.727023 -0.647928 0.227212 351.53 -0.0886794 0.239537 0.96683 168.056
-0.181502 -0.721611 0.668084 52.0024 0.350134 -0.682268 -0.641807 337.475 0.918948 0.11743 0.376493 169.079
0.561406 -0.713381 0.419419 55.3 -0.529104 -0.699127 -0.480905 332.475 0.636296 0.0480662 -0.769948 150.841
0.467272 -0.734363 -0.49231 43.3054 -0.527 -0.678455 0.511829 344.895 -0.709879 0.020284 -0.704033 142.293
-0.502631 -0.79103 -0.348761 39.1671 0.573257 -0.606945 0.550447 351.965 -0.6471 0.0767423 0.758535 160.009
-0.420804 -0.771988 0.476403 49.4611 0.627469 -0.626968 -0.461728 341.134 0.655138 0.104631 0.74823 170.741
0.37945 -0.822283 0.424111 55.3823 -0.491422 -0.567509 -0.660634 330.81 0.783915 0.0422602 -0.619429 156.245
0.374615 -0.833634 -0.405855 45.9131 -0.612571 -0.55112 0.566588 343.994 -0.696003 0.036363 -0.717119 145.088
-0.416622 -0.848283 -0.326869 40.9158 0.594021 -0.52621 0.608474 353.411 -0.688161 0.0593364 0.723129 162.499
-0.324288 -0.855215 0.404284 50.0207 0.714349 -0.501563 -0.487994 341.253 0.620115 0.130549 0.773574 174.82
0.466479 -0.82652 0.31506 54.6984 -0.545445 -0.549193 -0.633148 330.681 0.696338 0.123503 -0.707009 159.617
0.247529 -0.838419 -0.485575 44.0597 -0.634728 -0.518975 0.572525 343.585 -0.732018 0.166492 -0.66063 148.8
-0.46869 -0.842931 -0.264192 40.0295 0.496208 -0.498657 0.710716 356.26 -0.730827 0.202012 0.651986 165.191
-0.387884 -0.786937 0.479872 51.261 0.741811 -0.575535 -0.344201 346.372 0.547048 0.222464 0.807 181.105
0.499118 -0.796341 0.341649 57.0724 -0.405422 -0.56306 -0.720135 332.105 0.765842 0.220921 -0.603889 166.151
0.168457 -0.833785 -0.525762 45.2826 -0.639194 -0.49844 0.585652 346.064 -0.750369 0.237407 -0.616916 154.703
-0.616234 -0.780836 -0.10272 44.2988 0.629104 -0.566508 0.532255 355.093 -0.473796 0.263372 0.84033 173.034
-0.043297 -0.784023 0.619221 56.7052 0.366434 -0.58907 -0.720223 339.318 0.929437 0.19572 0.312797 177.204
0.585066 -0.800342 -0.130967 52.5234 -0.810895 -0.579727 -0.0797773 339.398 -0.0120762 0.152875 -0.988173 158.169
-0.197884 -0.811348 -0.550052 42.3601 0.0665441 -0.570973 0.818267 354.552 -0.977965 0.12532 0.166978 163.377
-0.579969 -0.804096 0.130635 46.6061 0.814203 -0.577394 0.0607304 351.92 0.0265953 0.141585 0.98957 182.103
-0.0010351 -0.76121 0.648505 59.0112 0.149883 -0.641298 -0.75251 335.65 0.988704 0.0964208 0.114756 180.173
0.62938 -0.773174 0.077995 57.8622 -0.753489 -0.63173 -0.182128 334.046 0.190088 0.0558592 -0.980177 159.812
0.0862858 -0.793318 -0.602663 44.943 -0.269754 -0.600927 0.752409 349.1 -0.959056 0.0976482 -0.265852 157.237
-0.634677 -0.769036 -0.075961 44.3012 0.726184 -0.627138 0.281699 352.297 -0.264274 0.123626 0.956492 176.862
-0.0177642 -0.746481 0.665171 56.2926 0.238057 -0.649302 -0.722313 337.216 0.97109 0.145517 0.189239 177.986
0.530573 -0.843501 -0.083665 52.9633 -0.841101 -0.511675 -0.175322 336.064 0.105074 0.163392 -0.980951 159.416
-0.268226 -0.822647 -0.501305 43.4382 -0.0585014 -0.505505 0.860838 352.325 -0.961579 0.260226 0.0874639 164.555
-0.509839 -0.780736 0.361271 50.9597 0.798261 -0.5859 -0.139639 347.434 0.320691 0.217195 0.921946 180.217
0.355643 -0.801705 0.480404 57.4002 -0.244154 -0.575854 -0.780243 335.473 0.902168 0.160196 -0.400539 170.881
0.519689 -0.812373 -0.264529 51.5127 -0.789935 -0.57484 0.213447 340.632 -0.325461 0.0980351 -0.94046 158.375
-0.269006 -0.773603 -0.573738 42.7564 0.0054397 -0.596907 0.802291 353.511 -0.963124 0.2127 0.16478 163.162
-0.612644 -0.783372 0.104864 46.2927 0.790298 -0.608815 0.0690781 352.141 0.00972909 0.125194 0.992085 180.334
0.0546573 -0.781438 0.621586 57.3629 0.221307 -0.597553 -0.770683 337.015 0.973672 0.179685 0.140277 178.198
0.633432 -0.773799 -0.000659169 53.7428 -0.726599 -0.594502 -0.344413 335.216 0.266115 0.218641 -0.938819 158.369
0.0174554 -0.781538 -0.623614 40.6273 -0.464447 -0.558672 0.687149 352.623 -0.885429 0.277642 -0.372735 157.16
-0.699948 -0.690945 -0.180748 42.6434 0.561023 -0.688544 0.459521 358.124 -0.441956 0.220237 0.869581 179.373
-0.197952 -0.692398 0.69383 58.4861 0.474408 -0.687086 -0.550316 343.438 0.85776 0.220223 0.464489 182.462
0.676899 -0.658748 0.328421 60.6377 -0.448299 -0.72283 -0.525875 335.76 0.583811 0.208733 -0.784599 162.13
0.463775 -0.695046 -0.549386 46.2571 -0.540004 -0.71337 0.446651 348.267 -0.70236 0.0895257 -0.706171 151.761
-0.473509 -0.715103 -0.514216 38.5993 0.420592 -0.696527 0.581337 357.755 -0.773881 0.0589932 0.630579 168.165
-0.654632 -0.693352 0.301201 48.3073 0.66097 -0.718341 -0.217033 349.95 0.366846 0.057008 0.928534 183.159
0.0570802 -0.710769 0.701106 60.9106 0.00965871 -0.701825 -0.712283 337.293 0.998324 0.0474289 -0.0331957 177.561
0.646267 -0.729294 0.224654 62.4222 -0.692492 -0.684158 -0.228869 335.81 0.320612 -0.00766051 -0.94718 157.671
0.494003 -0.768194 -0.407234 50.9384 -0.544805 -0.638515 0.543586 349.577 -0.677605 -0.0466699 -0.733945 146.729
-0.20948 -0.790595 -0.575395 40.3761 0.244238 -0.612105 0.752114 363.079 -0.946819 0.0170192 0.321317 158.788
-0.58586 -0.806279 -0.0817519 42.6117 0.783163 -0.589212 0.198704 362.434 -0.20838 0.0523874 0.976645 179.407
-0.29244 -0.77735 0.556962 55.7042 0.466912 -0.62435 -0.626242 346.952 0.834549 0.0769144 0.545539 184.346
0.482869 -0.763756 0.428386 61.2969 -0.433643 -0.633556 -0.64075 337.348 0.760783 0.123631 -0.637123 166.509
0.611406 -0.74831 -0.257326 52.1796 -0.711771 -0.662152 0.234382 346.854 -0.34578 0.0398544 -0.93747 150.367
-0.216233 -0.760382 -0.612425 41.1818 0.162709 -0.646558 0.745311 360.52 -0.962689 0.061513 0.263529 162.635
-0.588599 -0.754886 0.289309 51.4385 0.703784 -0.654568 -0.276093 349.616 0.397792 0.0411029 0.916555 177.409
0.32664 -0.691703 0.644092 60.7119 -0.21074 -0.717616 -0.663788 339.658 0.921356 0.0810837 -0.380172 163.623
0.670827 -0.666435 -0.325355 51.1969 -0.624496 -0.744247 0.236856 348.932 -0.399994 0.0442934 -0.915448 149.189
-0.379632 -0.692039 -0.613972 42.7408 0.354394 -0.721816 0.594463 358.62 -0.854567 0.00808865 0.51928 164.109
-0.451219 -0.714115 0.535203 56.1082 0.57953 -0.690537 -0.432784 347.167 0.678636 0.114886 0.725435 174.169
0.585097 -0.675722 0.448399 61.2416 -0.448984 -0.730361 -0.514767 340.048 0.675333 0.0998644 -0.730721 156.487
0.419108 -0.718061 -0.555642 48.6859 -0.55657 -0.686702 0.46762 351.77 -0.717341 0.11327 -0.687454 147.691
-0.563881 -0.734679 -0.377208 43.9822 0.474566 -0.66206 0.580054 360.054 -0.675888 0.148071 0.721978 164.977
-0.397808 -0.699175 0.594057 57.0477 0.607803 -0.685862 -0.40021 349.454 0.687259 0.201862 0.697803 174.792
0.744803 -0.570073 0.346823 59.9269 -0.430077 -0.807503 -0.403698 343.905 0.510198 0.151514 -0.846607 156.6
0.283263 -0.626459 -0.726163 44.6833 -0.236939 -0.779417 0.579973 356.101 -0.929313 0.007771 -0.369212 153.313
-0.693857 -0.714672 -0.0883541 46.2091 0.685023 -0.692894 0.225035 357.533 -0.222046 0.0956175 0.970337 173.245
-0.171918 -0.689639 0.703451 60.9715 0.357154 -0.709134 -0.607923 344.278 0.918089 0.146727 0.368219 176.549
0.767072 -0.570837 0.292825 63.768 -0.492461 -0.816432 -0.301529 340.208 0.411196 0.0870896 -0.907378 158.092
0.279868 -0.637411 -0.717901 49.8364 -0.213007 -0.770373 0.60096 351.679 -0.936111 -0.0152713 -0.351376 153.853
-0.721368 -0.641881 -0.260033 46.8616 0.600601 -0.76677 0.226585 354.196 -0.344826 0.00727504 0.938639 170.393
-0.115994 -0.565911 0.816267 61.0424 0.0851609 -0.824454 -0.559484 343.684 0.989593 0.00461684 0.143825 171.34
0.809095 -0.574766 -0.122517 58.2256 -0.561696 -0.817635 0.126373 345.929 -0.17281 -0.033431 -0.984389 154.078
-0.172205 -0.612991 -0.771095 44.6262 0.10546 -0.789763 0.604278 355.887 -0.9794 0.02274 0.200648 158.573
-0.783604 -0.58215 0.216949 48.5374 0.571296 -0.812428 -0.116541 353.82 0.2441 0.0326194 0.969202 176.367
0.49339 -0.539359 0.682392 60.9897 -0.308047 -0.842036 -0.442811 345.074 0.813433 0.00826965 -0.581601 166.838
0.367131 -0.552263 -0.748479 47.444 -0.175543 -0.831347 0.5273 354.276 -0.913456 -0.0621981 -0.402159 157.907
-0.836834 -0.541028 0.0836604 47.5351 0.537115 -0.840945 -0.0657181 353.412 0.105909 -0.0100603 0.994326 177.376
0.606054 -0.451452 0.654897 61.1097 -0.248645 -0.889595 -0.383138 345.999 0.755562 0.0693648 -0.651395 165.394
0.172071 -0.47637 -0.862244 46.2315 -0.137956 -0.878326 0.457723 353.851 -0.975378 0.0401907 -0.216853 161.194
-0.819553 -0.447833 0.357462 52.0889 0.431128 -0.892857 -0.130133 351.628 0.377441 0.0474607 0.924818 177.841
0.558653 -0.447331 0.698429 65.1028 -0.239234 -0.893205 -0.380724 344.372 0.79415 0.0456045 -0.60601 166.125
0.639256 -0.453222 -0.621242 52.47 -0.380757 -0.888431 0.256347 349.593 -0.668114 0.0726702 -0.740503 152.538
-0.729143 -0.45339 -0.512629 43.2499 0.292007 -0.883565 0.366121 356.052 -0.618937 0.117263 0.776639 168.191
-0.413386 -0.454585 0.788965 58.2346 0.33536 -0.881567 -0.332224 349.789 0.84655 0.127251 0.516877 177.364
0.439097 -0.485877 -0.755723 43.7335 -0.334088 -0.869135 0.364676 356.499 -0.834014 0.0923496 -0.543961 166.023
-0.456126 -0.455931 0.76425 57.978 0.31673 -0.885727 -0.339366 350.063 0.831645 0.0872667 0.54841 177.226
0.460517 -0.520681 -0.718899 44.123 -0.336325 -0.851855 0.401531 356.992 -0.821469 0.0568718 -0.567412 166.084
-0.467168 -0.453608 0.758943 58.8318 0.298613 -0.888878 -0.347456 349.495 0.832218 0.0643097 0.550709 176.25
0.345823 -0.502954 -0.792114 43.797 -0.287021 -0.860438 0.421027 357.143 -0.893323 0.0817522 -0.441918 168.739
-0.226561 -0.486455 0.84382 59.0553 0.246741 -0.866753 -0.433426 348.882 0.942227 0.110007 0.316401 175.676
0.127616 -0.515104 -0.847575 43.2447 -0.183569 -0.852064 0.490192 357.773 -0.974689 0.0930313 -0.203294 170.961
-0.167021 -0.465492 0.86915 58.183 0.152036 -0.883148 -0.443771 349.788 0.974162 0.0580224 0.218276 175.636
0.276277 -0.544486 -0.791964 44.6347 -0.267763 -0.835017 0.480675 358.008 -0.923025 0.079259 -0.37649 167.529
-0.425385 -0.561204 0.709999 55.5779 0.409934 -0.818906 -0.40168 352.859 0.806847 0.120184 0.578407 178.557
0.817761 -0.407603 -0.406358 51.2254 -0.364477 -0.913158 0.182476 354.96 -0.445448 -0.00111386 -0.895308 163.223
-0.827927 -0.556736 0.0676903 50.5569 0.555881 -0.830621 -0.0326005 356.1 0.0743754 0.0106366 0.997175 179.996
0.860603 -0.476968 0.178509 56.0689 -0.452639 -0.877014 -0.161134 352.204 0.23341 0.0578723 -0.970656 164.311
-0.698849 -0.520668 -0.490424 45.8629 0.418998 -0.853693 0.309269 358.668 -0.579699 0.0106451 0.814763 175.765
0.536674 -0.457538 0.708972 59.4081 -0.168378 -0.881394 -0.441352 351.025 0.82682 0.117487 -0.550061 169.754
-0.144659 -0.458644 -0.876767 44.0648 0.106388 -0.88816 0.447049 359.458 -0.983746 -0.0286079 0.177275 169.194
-0.152956 -0.499731 0.852569 58.4317 0.203312 -0.860178 -0.467715 352.581 0.967094 0.101797 0.233171 177.173
0.516273 -0.42486 -0.743611 47.6203 -0.227645 -0.905116 0.359085 358.39 -0.825616 -0.0161072 -0.564004 163.85
-0.684075 -0.542052 0.48808 53.8889 0.496784 -0.836186 -0.232376 356.508 0.534086 0.0835075 0.841297 180.608
0.840474 -0.526807 -0.126804 53.8705 -0.530921 -0.847419 0.00157912 354.919 -0.108288 0.0659952 -0.991928 162.571
-0.807315 -0.535934 -0.247017 47.4868 0.485431 -0.841135 0.238428 360.145 -0.335556 0.072576 0.939222 178.773
0.629036 -0.550319 0.549057 59.4421 -0.34877 -0.831007 -0.433342 350.568 0.694747 0.0810926 -0.714669 168.573
-0.355487 -0.597893 -0.718439 45.0503 0.163628 -0.796584 0.581961 361.309 -0.920248 0.0893231 0.381008 171.536
-0.0088897 -0.562586 0.826691 59.15 0.149737 -0.818151 -0.555163 352.016 0.988687 0.118851 0.091513 176.595
0.291969 -0.577161 -0.762654 48.1301 -0.34299 -0.807543 0.479823 358.073 -0.892812 0.121489 -0.433738 166.664
-0.513168 -0.594226 0.619318 56.3138 0.50799 -0.791896 -0.33889 354.274 0.691814 0.140699 0.708237 179.755
0.670692 -0.595975 -0.441573 52.3632 -0.584366 -0.791209 0.180289 354.717 -0.456825 0.137122 -0.878926 165.318
-0.676225 -0.592557 0.437717 56.868 0.581933 -0.793997 -0.175845 353.721 0.451745 0.135811 0.881751 179.642
0.660619 -0.657616 -0.362111 53.0418 -0.615578 -0.750606 0.240111 355.201 -0.429704 0.0642848 -0.90068 165.4
-0.67399 -0.654414 0.342755 55.577 0.643907 -0.747833 -0.161646 354.685 0.362107 0.111754 0.925414 179.803
0.626552 -0.705014 -0.332248 52.6879 -0.673221 -0.704359 0.225056 355.569 -0.392691 0.0826675 -0.915949 165.713
-0.649236 -0.664668 0.369744 55.2617 0.653683 -0.736137 -0.175502 355.179 0.388834 0.127753 0.912409 179.203
0.625185 -0.717626 -0.306851 52.8285 -0.679409 -0.693897 0.238555 355.741 -0.384118 0.0593361 -0.921377 165.501
-0.634119 -0.703668 0.32054 54.6497 0.671826 -0.706615 -0.222136 354.6 0.382809 0.0744864 0.920821 178.199
0.659791 -0.704217 -0.26221 52.6563 -0.692776 -0.705214 0.150777 355.031 -0.291094 0.0821717 -0.95316 166.296
-0.613571 -0.734969 0.288707 54.8932 0.736577 -0.664479 -0.126176 354.53 0.284576 0.135237 0.949068 177.542
0.585248 -0.723544 -0.366019 52.0942 -0.709619 -0.675439 0.200555 355.219 -0.392335 0.142359 -0.908741 166.645
-0.511064 -0.741721 0.434355 56.1449 0.690651 -0.655176 -0.306178 353.089 0.511678 0.143511 0.847108 178.091
0.415538 -0.748539 -0.516739 51.5026 -0.609522 -0.650841 0.452646 356.135 -0.675139 0.126872 -0.7267 167.588
-0.326938 -0.7563 0.566678 56.2415 0.54886 -0.640091 -0.537619 352.412 0.769328 0.135259 0.624373 176.488
0.324818 -0.75899 -0.564295 50.683 -0.516043 -0.642234 0.566776 357.21 -0.792587 0.107101 -0.60028 168.802
-0.308605 -0.774288 0.552488 55.9625 0.539101 -0.620918 -0.56906 351.791 0.783667 0.122232 0.609038 176.154
0.369915 -0.773541 -0.514586 50.5032 -0.592577 -0.623029 0.510574 356.837 -0.715553 0.116062 -0.688851 167.267
-0.340252 -0.788278 0.512686 55.3048 0.609324 -0.600091 -0.518279 351.992 0.716208 0.136047 0.684499 175.448
0.419572 -0.759764 -0.496709 49.9568 -0.563192 -0.647033 0.513968 357.26 -0.711882 0.0640958 -0.69937 166.815
-0.356621 -0.745286 0.563357 54.8449 0.532793 -0.657576 -0.532657 352.66 0.767433 0.110196 0.631589 175.058
0.347467 -0.704912 -0.618358 49.1932 -0.488381 -0.698988 0.522397 357.65 -0.80047 0.120479 -0.587142 168.678
-0.355002 -0.681467 0.639983 55.6878 0.489955 -0.718646 -0.493448 352.847 0.796191 0.138388 0.589009 175.931
0.345148 -0.716283 -0.606476 49.1037 -0.480241 -0.689968 0.541583 358.068 -0.806376 0.104329 -0.58213 168.137
-0.356109 -0.679976 0.640953 55.4893 0.467665 -0.723524 -0.507741 353.017 0.808998 0.11894 0.575654 175.181
0.360451 -0.676354 -0.642356 49.4381 -0.510372 -0.719426 0.471111 357.108 -0.780767 0.158028 -0.60451 167.711
-0.38107 -0.683054 0.623076 56.7678 0.562394 -0.706159 -0.430176 352.072 0.733825 0.186488 0.653242 175.457
0.401408 -0.714844 -0.5726 51.2999 -0.580985 -0.682031 0.444171 355.792 -0.708045 0.154379 -0.689087 167.824
-0.370013 -0.728278 0.576804 55.5312 0.586265 -0.664675 -0.463141 352.928 0.720684 0.166791 0.672903 174.591
0.326825 -0.731135 -0.598855 51.0812 -0.531877 -0.666073 0.522927 356.547 -0.781213 0.147611 -0.606564 168.048
-0.331885 -0.733609 0.593018 56.397 0.585066 -0.653211 -0.480637 351.865 0.739967 0.187439 0.646001 173.505
0.49275 -0.726991 -0.478208 51.2801 -0.656145 -0.67138 0.34456 355.672 -0.571552 0.143992 -0.807834 166.588
-0.635694 -0.743283 0.208385 54.4587 0.763906 -0.644569 0.0312648 354.16 0.11108 0.179061 0.977548 175.29
0.629909 -0.744937 0.21974 54.9034 -0.625133 -0.654187 -0.425732 351.048 0.460894 0.130805 -0.877763 165.393
-0.276201 -0.790869 -0.546114 50.3969 0.089817 -0.586971 0.80461 358.476 -0.956895 0.173184 0.233156 170.588
-0.393907 -0.715151 0.577405 56.3472 0.691125 -0.644591 -0.326876 353.932 0.605957 0.270301 0.748168 176.317
0.662339 -0.72568 0.186272 55.8867 -0.564189 -0.646699 -0.513293 350.453 0.492948 0.234881 -0.837756 166.969
0.0149929 -0.779216 -0.626577 49.8096 -0.408725 -0.576678 0.707379 358.451 -0.912535 0.245492 -0.327131 166.889
-0.660386 -0.749736 0.0422707 51.8456 0.686678 -0.580145 0.438068 360.437 -0.303912 0.318321 0.897948 175.78
0.0983176 -0.71216 0.695099 57.9236 0.369116 -0.622562 -0.690051 352.527 0.92417 0.324416 0.20166 174.183
0.664001 -0.718684 -0.206391 53.0922 -0.747311 -0.647103 -0.15094 354.684 -0.0250786 0.254462 -0.966758 165.761
-0.370456 -0.812109 -0.450824 51.185 0.185671 -0.540306 0.820728 360.794 -0.910105 0.220339 0.350945 172.385
-0.160569 -0.778991 0.606128 56.658 0.726085 -0.509202 -0.462075 353.544 0.668595 0.365906 0.647376 174.599
0.448724 -0.890585 -0.0742036 53.1212 -0.718762 -0.310312 -0.622163 351.934 0.531063 0.332514 -0.779364 164.584
-0.364034 -0.843425 -0.395114 51.4717 -0.31322 -0.288653 0.90475 362.428 -0.87714 0.453118 -0.159097 169.348
0.460161 -0.451755 0.76431 55.14 0.829023 0.526743 -0.187783 355.985 -0.317763 0.720042 0.616902 177.138
0.775969 -0.040339 -0.62948 43.0435 -0.59884 -0.360603 -0.715091 352.091 -0.198147 0.931847 -0.303975 175.773
-0.741971 -0.336533 -0.579849 40.3892 -0.409108 -0.457924 0.789262 364.778 -0.53114 0.822832 0.202089 182.685
-0.249416 -0.349707 0.903049 55.4976 0.967448 -0.0487314 0.248332 360.611 -0.0428363 0.935592 0.350479 188.829
0.965849 0.094768 0.241155 51.7729 0.250438 -0.102698 -0.96267 342.793 -0.0664643 0.990189 -0.122925 187.849
0.0771252 -0.349299 -0.933832 36.5047 -0.541164 -0.80131 0.255034 350.785 -0.837374 0.485687 -0.250829 190.609
-0.178128 -0.853249 0.49014 44.6472 0.757851 0.198753 0.621416 355.73 -0.62764 0.482146 0.611233 206.549
0.965753 -0.221375 0.135337 39.1644 0.15071 0.0540093 -0.987101 336.758 0.21121 0.973693 0.0855225 207.388
-0.223764 -0.633674 -0.740532 27.4077 -0.782733 -0.335887 0.523934 351.185 -0.58074 0.696877 -0.420839 205.308
0.396297 -0.339426 0.853077 38.0579 0.524861 0.846111 0.0928306 349.223 -0.753307 0.410959 0.513462 220.268
0.298253 -0.432395 -0.85093 22.4395 -0.268995 0.817291 -0.509585 344.307 0.915799 0.380882 0.127447 214.778
-0.70898 -0.563404 0.424174 33.718 -0.182564 0.727592 0.661271 354.641 -0.681189 0.39139 -0.618706 211.49
0.78912 -0.583264 0.192596 30.2859 0.597226 0.655284 -0.462519 344.279 0.143566 0.480007 0.865439 222.174
-0.49483 -0.555302 -0.668419 24.2445 -0.706119 0.705269 -0.0631768 347.987 0.506498 0.440722 -0.741098 208.804
0.109192 -0.551407 0.82706 35.8672 0.627593 0.683471 0.372818 350.033 -0.770846 0.478349 0.420689 219.972
0.229229 -0.583055 -0.779424 21.5125 -0.507528 0.611685 -0.606841 342.871 0.830584 0.534686 -0.155701 212.015
-0.262918 -0.583103 0.768678 36.3022 0.442715 0.634969 0.633101 350.915 -0.857251 0.50676 0.0912038 218.806
0.412953 -0.568047 -0.711894 22.5973 -0.318651 0.642134 -0.697226 341.824 0.853189 0.514768 0.0841621 216.025
-0.536427 -0.526332 0.659714 35.8731 0.208476 0.674833 0.707911 352.606 -0.817793 0.517278 -0.252271 215.867
0.650562 -0.480615 -0.58803 25.0849 -0.156693 0.672676 -0.723155 342.377 0.743113 0.562599 0.362309 218.815
-0.662754 -0.536254 0.522676 34.9684 0.0292072 0.678939 0.733613 352.58 -0.748268 0.501472 -0.434307 214.9
0.733516 -0.476517 -0.484651 26.0377 -0.0559389 0.66832 -0.741767 342.79 0.677367 0.57121 0.463568 218.916
-0.760001 -0.473925 0.444741 35.8794 -0.0134388 0.695611 0.718292 354.315 -0.649783 0.539927 -0.535034 213.036
0.869076 -0.385823 -0.309593 27.6577 0.0392412 0.677643 -0.734343 342.215 0.49312 0.626052 0.604064 220.727
-0.853784 -0.425346 0.300224 34.0725 -0.111772 0.71296 0.692238 352.897 -0.508489 0.557466 -0.656256 212.108
0.928865 -0.336056 -0.155811 30.1756 0.146399 0.71944 -0.678949 343.314 0.340262 0.607843 0.717461 221.873
-0.910879 -0.363076 0.196152 34.9777 -0.163025 0.753248 0.637213 353.008 -0.379107 0.548447 -0.745309 212.183
0.919807 -0.350735 -0.175902 31.127 0.172038 0.76341 -0.622581 344.342 0.352646 0.542394 0.76253 221.686
-0.866477 -0.35548 0.350504 36.6243 -0.0662953 0.777822 0.624978 352.403 -0.494797 0.518293 -0.697532 213.896
0.72527 -0.313565 -0.612913 27.6622 -0.144666 0.800971 -0.580962 344.775 0.673095 0.510023 0.535558 220.047
-0.469786 -0.280139 0.837152 37.6057 0.359999 0.805081 0.471429 350.097 -0.806041 0.522846 -0.277366 217.44
0.24685 -0.412885 -0.876694 27.8292 -0.412941 0.773621 -0.480614 346.036 0.876667 0.480664 0.0204716 217.028
-0.0916066 -0.391899 0.915437 38.5917 0.522635 0.763587 0.379192 349.953 -0.847621 0.513177 0.13487 219.619
0.013224 -0.414149 -0.910114 27.8717 -0.527605 0.770283 -0.358185 346.888 0.849387 0.484919 -0.208321 216.09
0.225627 -0.391926 0.891901 37.3837 0.596619 0.779333 0.191533 348.873 -0.770155 0.488912 0.409669 220.084
-0.370713 -0.372035 -0.850978 29.235 -0.588512 0.802928 -0.0946543 348.338 0.718489 0.465722 -0.516602 214.09
0.404848 -0.394789 0.824767 36.4714 0.636678 0.76912 0.0556318 346.144 -0.656308 0.50259 0.56273 222.014
-0.591086 -0.427988 -0.683699 30.9892 -0.621474 0.781976 0.0477818 348.063 0.514186 0.453146 -0.728198 213.63
0.806309 -0.398661 0.436962 33.8263 0.561144 0.74916 -0.351962 344.374 -0.187041 0.52899 0.82776 221.698
-0.890464 -0.404569 -0.208325 34.4556 -0.455052 0.789843 0.411189 349.462 -0.00181063 0.460949 -0.887426 214.569
0.871605 -0.458444 -0.173595 30.817 0.281385 0.757861 -0.588616 344.159 0.401408 0.464194 0.789555 219.9
-0.816058 -0.462382 0.346775 36.3866 -0.153555 0.751873 0.641176 349.292 -0.557199 0.469989 -0.684574 217.018
0.797624 -0.443157 -0.409156 29.5667 0.170144 0.816124 -0.552261 344.224 0.57866 0.370883 0.726361 219.363
-0.819982 -0.425538 0.382816 35.6105 -0.148297 0.803904 0.575973 348.138 -0.552846 0.415518 -0.722294 218.098
