1 0 0 0 0 1 0 0 0 0 1 0
0.999998 0.000936367 0.00155708 0.00212687 -0.000936079 1 -0.000186031 -0.0274416 -0.00155726 0.000184573 0.999999 1.21899
0.999985 0.00166576 0.00515973 0.00824403 -0.00166485 0.999999 -0.000180317 -0.0571481 -0.00516002 0.000171724 0.999987 2.44221
0.999971 0.00114344 0.00754469 0.0165327 -0.00113082 0.999998 -0.00167624 -0.0793296 -0.00754659 0.00166766 0.99997 3.66883
0.999955 0.000733805 0.00949033 0.0325862 -0.000724628 0.999999 -0.000970351 -0.0790065 -0.00949104 0.00096343 0.999955 4.87788
0.999935 -0.000320112 0.0114408 0.0539261 0.000321498 1 -0.00011926 -0.0881701 -0.0114407 0.00012293 0.999935 6.08853
0.999925 0.00051044 0.0122197 0.060322 -0.000490223 0.999999 -0.0016574 -0.12046 -0.0122205 0.00165129 0.999924 7.29599
0.999911 -0.000680549 0.0133458 0.070602 0.000701738 0.999999 -0.00158308 -0.123068 -0.0133447 0.0015923 0.99991 8.52283
0.999908 -0.00108737 0.013506 0.0773233 0.00109592 0.999999 -0.000625643 -0.141634 -0.0135053 0.000640387 0.999909 9.74304
0.99992 -0.00210894 0.012504 0.0960353 0.00211061 0.999998 -0.000119685 -0.155984 -0.0125037 0.000146066 0.999922 10.9674
0.999943 -0.00155319 0.0105238 0.107366 0.00155323 0.999999 5.0722e-06 -0.174029 -0.0105238 1.12739e-05 0.999945 12.2003
0.99996 -0.00195155 0.00872082 0.118772 0.00195813 0.999998 -0.000745605 -0.198111 -0.00871935 0.000762651 0.999962 13.3966
0.999972 -0.00169496 0.00732491 0.121317 0.00170079 0.999998 -0.000789611 -0.210993 -0.00732355 0.000802047 0.999973 14.5982
0.999981 -0.000402927 0.00610454 0.120583 0.000408213 0.999999 -0.00086474 -0.216626 -0.00610419 0.000867215 0.999981 15.7833
0.999979 -0.00108823 0.00630751 0.129198 0.00109365 0.999999 -0.000855161 -0.215526 -0.00630657 0.000862042 0.99998 17.0015
0.999979 -0.00141062 0.00630127 0.136095 0.00141335 0.999999 -0.000427584 -0.242345 -0.00630066 0.000436481 0.99998 18.2119
0.999986 -0.00117363 0.00514287 0.153281 0.00117919 0.999999 -0.00107898 -0.25238 -0.0051416 0.00108503 0.999986 19.42
0.999982 -0.00239951 0.00553172 0.160524 0.00241126 0.999995 -0.00211904 -0.276637 -0.00552661 0.00213234 0.999982 20.6492
0.99999 -0.00201541 0.00387207 0.164028 0.00202586 0.999994 -0.00269746 -0.29736 -0.00386661 0.00270528 0.999989 21.8438
0.999994 -0.000793451 0.00341711 0.162274 0.000800257 0.999998 -0.00199087 -0.313453 -0.00341552 0.00199359 0.999992 23.0792
0.999996 -0.00124816 0.00269677 0.165291 0.00125665 0.999994 -0.00314826 -0.337959 -0.00269282 0.00315163 0.999991 24.3286
0.999999 -0.00104176 0.00133341 0.154996 0.00104731 0.999991 -0.00416993 -0.359212 -0.00132905 0.00417132 0.99999 25.5395
0.999997 -0.00108441 0.00206339 0.150727 0.0010978 0.999978 -0.00649731 -0.39807 -0.0020563 0.00649956 0.999977 26.7639
0.999999 -0.00170124 0.000366103 0.152753 0.00170341 0.99998 -0.00601441 -0.412971 -0.000355865 0.00601503 0.999982 27.9586
0.999997 -0.0021772 -0.000677406 0.155841 0.00217218 0.999971 -0.00731858 -0.429215 0.00069332 0.00731709 0.999973 29.2194
0.999997 -0.00224306 -0.000579245 0.151913 0.00223867 0.999969 -0.00747661 -0.458297 0.000595997 0.00747529 0.999972 30.4243
0.999994 -0.00244579 -0.00243511 0.140732 0.00242563 0.999963 -0.0082491 -0.484923 0.0024552 0.00824315 0.999963 31.6231
0.999995 -0.00227081 -0.00223333 0.137613 0.00225249 0.999964 -0.00817333 -0.504302 0.00225181 0.00816826 0.999964 32.8275
0.99999 -0.00248255 -0.00384032 0.129336 0.00245233 0.999966 -0.00785211 -0.526595 0.00385968 0.00784261 0.999962 34.0277
0.999987 -0.00297872 -0.00412659 0.115316 0.00294684 0.999966 -0.00770895 -0.54988 0.00414941 0.00769669 0.999962 35.2259
0.999981 -0.00313948 -0.00528602 0.097721 0.00310042 0.999968 -0.00738149 -0.59383 0.00530903 0.00736496 0.999959 36.5169
0.999968 -0.00324173 -0.00728102 0.0850064 0.00319115 0.999971 -0.00694807 -0.606464 0.00730333 0.00692461 0.999949 37.7669
0.999964 -0.00328843 -0.00781007 0.0732698 0.0032412 0.999976 -0.00605188 -0.632432 0.00782978 0.00602635 0.999951 39.0344
0.999959 -0.00296078 -0.00854759 0.0591961 0.00291401 0.999981 -0.00547805 -0.650616 0.00856364 0.00545292 0.999949 40.2361
0.999952 -0.0020191 -0.00963606 0.052362 0.00197397 0.999987 -0.00469032 -0.672313 0.00964541 0.00467107 0.999943 41.4685
0.999963 -0.000520907 -0.00862437 0.0454765 0.000472668 0.999984 -0.00559429 -0.693305 0.00862715 0.00559001 0.999947 42.7107
0.999957 -8.52605e-05 -0.00924208 0.0327861 3.80647e-05 0.999987 -0.00510658 -0.707368 0.0092424 0.00510601 0.999944 43.9021
0.999965 0.00193088 -0.00809858 0.0177247 -0.00196073 0.999991 -0.00367945 -0.739857 0.0080914 0.00369521 0.999961 45.1077
0.999975 0.0023076 -0.006667 0.00118591 -0.00231298 0.999997 -0.000799875 -0.769285 0.00666514 0.000815276 0.999978 46.3293
0.999982 0.00319423 -0.00499684 -0.0140423 -0.00319109 0.999995 0.000636043 -0.789312 0.00499884 -0.000620087 0.999987 47.5324
0.99999 0.00346327 -0.00275807 -0.0276253 -0.00345462 0.999989 0.00313316 -0.79229 0.00276889 -0.0031236 0.999991 48.7348
0.999996 0.00221058 -0.00155596 -0.0364737 -0.00220378 0.999988 0.00435889 -0.801375 0.00156557 -0.00435545 0.999989 49.9641
0.999999 0.00127248 0.000171094 -0.0451039 -0.00127305 0.999993 0.0033904 -0.811533 -0.000166781 -0.00339062 0.999994 51.1777
0.999993 0.00265024 0.00264226 -0.064305 -0.00265648 0.999994 0.002361 -0.817715 -0.00263599 -0.002368 0.999994 52.4318
0.999994 0.00265111 0.00246559 -0.0667201 -0.00265509 0.999995 0.0016133 -0.822321 -0.0024613 -0.00161984 0.999996 53.6498
0.999991 0.00157135 0.00398267 -0.0688667 -0.00157866 0.999997 0.0018326 -0.83588 -0.00397978 -0.00183887 0.99999 54.8931
0.999998 0.000657679 0.00208196 -0.0672844 -0.000660473 0.999999 0.00134083 -0.854076 -0.00208108 -0.00134221 0.999997 56.1102
1 0.000203553 0.000709917 -0.0711942 -0.000204951 0.999998 0.00196636 -0.856054 -0.000709518 -0.00196651 0.999998 57.3206
1 -0.000369792 0.000499668 -0.0775823 0.000368526 0.999997 0.00252768 -0.861402 -0.000500603 -0.0025275 0.999997 58.5184
0.999999 -0.00148326 0.000772369 -0.0765983 0.001482 0.999997 0.00162675 -0.862107 -0.000774782 -0.00162561 0.999998 59.8206
0.999999 -0.00126659 0.000788841 -0.0839242 0.00126515 0.999997 0.00182155 -0.862924 -0.000791148 -0.00182055 0.999998 61.0183
1 -0.000337217 -0.000477014 -0.0875556 0.000338035 0.999998 0.00171944 -0.874258 0.000476431 -0.0017196 0.999998 62.2317
0.999998 -0.00132758 -0.00129608 -0.0919588 0.00132916 0.999998 0.00122506 -0.905924 0.00129445 -0.00122678 0.999998 63.4614
0.999998 -0.00175929 -0.000912796 -0.100491 0.00176023 0.999998 0.00103417 -0.931755 0.000910971 -0.00103577 0.999999 64.6621
0.999998 -0.00073471 -0.00176618 -0.109056 0.000736272 0.999999 0.000884923 -0.951671 0.00176553 -0.000886223 0.999998 65.902
0.999998 -0.00121372 -0.00150208 -0.115477 0.00121719 0.999996 0.00230966 -0.966328 0.00149927 -0.00231149 0.999996 67.0906
0.999996 -0.000342626 -0.00276892 -0.12506 0.000346433 0.999999 0.00137535 -0.980466 0.00276845 -0.00137631 0.999995 68.3033
0.999997 0.00043768 -0.00244164 -0.14229 -0.000436901 1 0.000320514 -1.00703 0.00244178 -0.000319448 0.999997 69.4947
0.999994 0.00241527 -0.00238172 -0.169445 -0.00241155 0.999996 0.00156545 -1.01139 0.00238549 -0.0015597 0.999996 70.7094
0.999982 0.00398857 -0.00439087 -0.182398 -0.00398014 0.99999 0.00192921 -1.02628 0.00439852 -0.0019117 0.999988 71.9103
0.999979 0.00588883 -0.00253069 -0.200603 -0.00588325 0.99998 0.00220485 -1.05774 0.00254362 -0.00218992 0.999994 73.1157
0.999978 0.00633159 -0.00209108 -0.215686 -0.00632385 0.999973 0.00368938 -1.0782 0.00211438 -0.00367608 0.999991 74.3174
0.999971 0.00758047 0.000876836 -0.220343 -0.00758451 0.99996 0.00469445 -1.10728 -0.000841219 -0.00470097 0.999989 75.5197
0.999968 0.00657434 0.0044966 -0.216855 -0.0065931 0.999969 0.00416981 -1.10346 -0.00446905 -0.00419932 0.999981 76.7042
0.99997 0.00497476 0.00592213 -0.217501 -0.00497883 0.999987 0.000672271 -1.12951 -0.00591872 -0.000701737 0.999982 77.8765
0.999928 0.00610182 0.0103437 -0.206774 -0.00609857 0.999981 -0.000345549 -1.14586 -0.0103456 0.000282441 0.999946 79.0452
0.999908 0.00592935 0.0122279 -0.200893 -0.00596364 0.999978 0.0027698 -1.18729 -0.0122112 -0.00284247 0.999921 80.223
0.999867 0.0049395 0.0155686 -0.190449 -0.00500318 0.999979 0.0040538 -1.21694 -0.0155483 -0.00413116 0.999871 81.3934
0.999755 0.00681498 0.0210535 -0.168928 -0.00687054 0.999973 0.00256747 -1.22507 -0.0210354 -0.00271149 0.999775 82.5634
0.999709 0.0064764 0.0232359 -0.1518 -0.00652609 0.999976 0.00206319 -1.23088 -0.023222 -0.00221423 0.999728 83.7169
0.999579 0.00708442 0.0281312 -0.120262 -0.00711638 0.999974 0.00103586 -1.25324 -0.0281231 -0.00123561 0.999604 84.8767
0.999528 0.00564171 0.0301988 -0.093188 -0.00566307 0.999984 0.000621925 -1.26334 -0.0301948 -0.000792649 0.999544 86.0213
0.999297 0.00111838 0.0374736 -0.00330526 -0.00125663 0.999992 0.00366591 -1.19974 -0.0374692 -0.00371042 0.999291 87.1664
0.999041 -0.00455438 0.0435548 0.0402139 0.00414119 0.999945 0.00957218 -1.05687 -0.043596 -0.00938263 0.999005 88.268
0.998751 -0.00748829 0.049404 0.0248773 0.00709908 0.999942 0.00804892 -0.951806 -0.0494614 -0.00768815 0.998747 89.2377
0.998489 -0.00850948 0.0542931 0.0624379 0.00818144 0.999947 0.00626131 -0.931033 -0.0543435 -0.00580765 0.998505 90.3885
0.998358 -0.0090191 0.0565771 0.126312 0.00863953 0.999938 0.00694983 -0.927474 -0.0566363 -0.00644961 0.998374 91.5397
0.998152 -0.00978771 0.0599769 0.190277 0.00926979 0.999917 0.00890753 -0.940897 -0.0600591 -0.00833509 0.99816 92.6943
0.997873 -0.0109062 0.0642629 0.249934 0.0101713 0.999879 0.0117523 -0.904373 -0.0643834 -0.0110737 0.997864 93.8614
0.997734 -0.0113033 0.0663306 0.317712 0.0104553 0.999859 0.0131182 -0.90452 -0.0664696 -0.012395 0.997712 95.0252
0.997433 -0.0138292 0.0702594 0.403784 0.0129058 0.999824 0.0135789 -0.892101 -0.0704348 -0.0126373 0.997436 96.1774
0.997324 -0.0136571 0.071816 0.480271 0.0127396 0.999831 0.0132183 -0.881073 -0.0719845 -0.012268 0.99733 97.3294
0.997127 -0.0143342 0.0743838 0.55899 0.013585 0.999852 0.0105681 -0.885648 -0.0745243 -0.00952719 0.997174 98.4824
0.996879 -0.0143944 0.077618 0.638912 0.0137574 0.999867 0.00873569 -0.88764 -0.0777334 -0.00764061 0.996945 99.6386
0.996873 -0.0142266 0.0777228 0.720453 0.0135812 0.999869 0.0088267 -0.891293 -0.0778382 -0.00774354 0.996936 100.815
0.996749 -0.0149113 0.0791732 0.823983 0.0142013 0.999854 0.00952354 -0.895325 -0.0793037 -0.00836822 0.996816 101.975
0.996909 -0.014892 0.0771421 0.899484 0.0141102 0.999843 0.0106704 -0.896025 -0.077289 -0.00954888 0.996963 103.165
0.997183 -0.0140658 0.0736746 0.989363 0.0131961 0.999837 0.0122777 -0.888236 -0.0738353 -0.0112709 0.997207 104.378
0.99724 -0.0140253 0.0729121 1.07309 0.0131209 0.999831 0.0128678 -0.884019 -0.0730803 -0.0118756 0.997255 105.554
0.997511 -0.0148045 0.0689468 1.14274 0.0139539 0.99982 0.0128033 -0.887343 -0.069124 -0.0118094 0.997538 106.782
0.997651 -0.0144231 0.0669696 1.22129 0.0135705 0.999821 0.0131685 -0.886031 -0.0671476 -0.0122287 0.997668 107.969
0.998014 -0.0140966 0.0613898 1.27793 0.0133484 0.999831 0.0125819 -0.881342 -0.0615568 -0.0117374 0.998035 109.182
0.998244 -0.0142519 0.0574917 1.34243 0.0135289 0.999824 0.0129456 -0.881116 -0.0576661 -0.0121451 0.998262 110.391
0.998416 -0.014256 0.0544247 1.41939 0.0135355 0.999816 0.0135836 -0.870773 -0.0546084 -0.0128254 0.998426 111.599
0.998721 -0.0148969 0.0483237 1.45078 0.014211 0.999794 0.0145053 -0.87189 -0.0485299 -0.0138001 0.998726 112.821
0.998904 -0.0145226 0.0444989 1.51333 0.0138913 0.999799 0.0144639 -0.866705 -0.0447 -0.0138299 0.998905 114.034
0.999204 -0.0145455 0.0371562 1.53971 0.0140154 0.999797 0.0144855 -0.86936 -0.0373594 -0.0139532 0.999205 115.27
0.99942 -0.0161352 0.0300048 1.54741 0.0157154 0.999776 0.0141736 -0.861681 -0.0302268 -0.0136938 0.999449 116.524
0.99954 -0.0161824 0.0256415 1.56512 0.0158207 0.999773 0.0142465 -0.87845 -0.0258662 -0.0138343 0.99957 117.731
0.999671 -0.015513 0.0204094 1.59595 0.0152381 0.999792 0.0135554 -0.880802 -0.0206154 -0.0132399 0.9997 118.973
0.999797 -0.0117007 0.0164243 1.61319 0.0114837 0.999846 0.0132399 -0.895426 -0.0165767 -0.0130486 0.999778 120.158
0.999902 -0.00752264 0.0117922 1.63525 0.0073659 0.999884 0.0132792 -0.890985 -0.0118908 -0.013191 0.999842 121.407
0.999918 -0.00728636 0.0105583 1.64442 0.00714514 0.999885 0.0133519 -0.893967 -0.0106544 -0.0132754 0.999855 122.645
0.999945 -0.00493874 0.00922453 1.612 0.00482204 0.999908 0.0126317 -0.909236 -0.00928607 -0.0125865 0.999878 123.87
0.999964 -0.00408336 0.00734951 1.60947 0.00398635 0.999905 0.0131665 -0.904825 -0.00740258 -0.0131368 0.999886 125.123
0.999965 -0.00392926 0.00732454 1.61472 0.00382669 0.999895 0.0139654 -0.905535 -0.00737864 -0.0139369 0.999876 126.354
0.999984 -0.000666655 0.00560882 1.60263 0.000576761 0.999871 0.0160142 -0.895914 -0.00561878 -0.0160107 0.999856 127.624
0.99999 0.00192271 0.00402099 1.62266 -0.00199907 0.999816 0.0190759 -0.86126 -0.00398358 -0.0190838 0.99981 128.905
0.999988 0.00178551 0.00455051 1.62785 -0.00186252 0.999854 0.0169771 -0.871669 -0.00451953 -0.0169854 0.999846 130.155
0.999992 0.00206136 0.0033117 1.62137 -0.00211671 0.999856 0.0168005 -0.864733 -0.0032766 -0.0168074 0.999854 131.432
0.999995 0.000135641 0.00316787 1.61701 -0.000190728 0.999848 0.0173966 -0.854148 -0.00316503 -0.0173971 0.999844 132.667
0.999998 -0.00161372 0.0014192 1.61571 0.00158691 0.999824 0.0186988 -0.848707 -0.00144912 -0.0186965 0.999824 133.941
0.999992 -0.00399727 0.000417834 1.61401 0.00398811 0.999791 0.0200202 -0.835195 -0.000497771 -0.0200183 0.9998 135.186
0.999985 -0.00539063 0.000881129 1.61204 0.00537173 0.999781 0.0202121 -0.809138 -0.000989892 -0.0202071 0.999796 136.428
0.99997 -0.00776565 5.70213e-05 1.61877 0.007763 0.999774 0.0197612 -0.812509 -0.000210466 -0.0197602 0.999805 137.714
0.999931 -0.0117678 -0.000488847 1.62285 0.0117752 0.99973 0.020031 -0.813322 0.000252995 -0.0200354 0.999799 139.007
0.999932 -0.0116799 -0.000143069 1.59683 0.0116804 0.999733 0.0199125 -0.79261 -8.9543e-05 -0.0199128 0.999802 140.307
0.999914 -0.0130923 0.000437369 1.57636 0.0130805 0.999702 0.0206008 -0.794213 -0.000706949 -0.0205934 0.999788 141.609
0.999924 -0.0122104 0.00168894 1.58962 0.0121673 0.99965 0.0234907 -0.784404 -0.00197517 -0.0234684 0.999723 142.894
0.999952 -0.00973698 0.00130271 1.58842 0.00970351 0.999674 0.0236145 -0.761752 -0.00153222 -0.0236008 0.999721 144.185
0.999952 -0.00965562 0.00182754 1.59972 0.00961196 0.999699 0.022557 -0.765126 -0.0020448 -0.0225383 0.999744 145.467
0.999951 -0.0092315 0.00355956 1.59378 0.00915109 0.999716 0.0219811 -0.751867 -0.00376147 -0.0219475 0.999752 146.738
0.999953 -0.00910048 0.00336889 1.59349 0.00903354 0.999771 0.0193797 -0.738305 -0.00354448 -0.0193484 0.999807 148.016
0.999924 -0.00944079 0.00797816 1.60226 0.00930961 0.999823 0.0163232 -0.741495 -0.00813085 -0.0162477 0.999835 149.27
0.999923 -0.0097781 0.00763635 1.61929 0.0096801 0.999871 0.0127668 -0.732679 -0.0077602 -0.0126919 0.99989 150.547
0.999918 -0.00985125 0.00811758 1.6215 0.0097564 0.999884 0.0116424 -0.738815 -0.00823134 -0.0115622 0.9999 151.824
0.999902 -0.00982985 0.0099541 1.63236 0.00971123 0.999882 0.0118959 -0.742283 -0.0100699 -0.0117981 0.99988 153.081
0.999918 -0.00935035 0.00877171 1.63843 0.00924108 0.99988 0.012417 -0.742457 -0.00888676 -0.0123349 0.999885 154.363
0.999913 -0.00871696 0.00987218 1.64729 0.00858272 0.999871 0.0135599 -0.751666 -0.00998912 -0.013474 0.99986 155.618
0.999932 -0.00772154 0.0087388 1.65024 0.00760195 0.999878 0.0136371 -0.746056 -0.00884304 -0.0135698 0.999869 156.895
0.999929 -0.00652409 0.00999711 1.63188 0.00639897 0.999901 0.0124975 -0.748785 -0.0100777 -0.0124326 0.999872 158.156
0.999926 -0.00643096 0.0102909 1.63548 0.00629958 0.999899 0.0127489 -0.740814 -0.0103719 -0.0126831 0.999866 159.406
0.999932 -0.00672814 0.00954145 1.63888 0.00659821 0.999886 0.0135836 -0.753326 -0.00963175 -0.0135197 0.999862 160.709
0.999927 -0.00635204 0.0103099 1.64742 0.00620711 0.999882 0.0140286 -0.733485 -0.0103978 -0.0139636 0.999849 161.967
0.999938 -0.00613557 0.00931013 1.65294 0.00601213 0.999894 0.0132302 -0.711112 -0.00939032 -0.0131734 0.999869 163.276
0.999932 -0.00650933 0.00962634 1.64548 0.00641557 0.999932 0.00973945 -0.712136 -0.00968909 -0.00967704 0.999906 164.601
0.999929 -0.00522165 0.0106591 1.64995 0.00509265 0.999914 0.0120943 -0.669162 -0.0107213 -0.0120392 0.99987 165.872
0.999943 -0.00559466 0.00904847 1.65608 0.00548463 0.999911 0.0121402 -0.675566 -0.00911559 -0.0120899 0.999886 167.141
0.999935 -0.0050586 0.0102295 1.67635 0.00493447 0.999914 0.012124 -0.634705 -0.0102899 -0.0120727 0.999874 168.392
0.999952 -0.00488747 0.00842953 1.68951 0.00478247 0.999911 0.0124324 -0.623784 -0.00848955 -0.0123915 0.999887 169.669
0.999965 -0.00466382 0.00700649 1.69191 0.00457014 0.999901 0.0133273 -0.591314 -0.00706795 -0.0132949 0.999887 170.934
0.999954 -0.00413794 0.00867466 1.70804 0.00401059 0.999884 0.0146468 -0.596048 -0.00873427 -0.0146114 0.999855 172.128
0.999958 -0.0042898 0.00808319 1.70328 0.00417466 0.99989 0.0142084 -0.585459 -0.00814326 -0.0141741 0.999867 173.405
0.999958 -0.0042271 0.00809934 1.70048 0.00411616 0.999898 0.0136665 -0.614827 -0.00815629 -0.0136326 0.999874 174.683
0.999978 -0.00290293 0.00603469 1.70479 0.00282149 0.999905 0.0134617 -0.606316 -0.0060732 -0.0134443 0.999891 175.979
0.999984 -0.00272616 0.00496177 1.71361 0.00266404 0.999918 0.0124847 -0.585202 -0.0049954 -0.0124713 0.99991 177.25
0.999981 -0.00289368 0.00542499 1.7221 0.00282509 0.999916 0.01261 -0.607933 -0.00546103 -0.0125945 0.999906 178.521
0.999992 -0.00305039 0.0027016 1.69562 0.00301716 0.999921 0.0122192 -0.615277 -0.00273866 -0.0122109 0.999922 179.813
0.999981 -0.00425765 0.00438905 1.71025 0.00420701 0.999925 0.0114852 -0.62562 -0.00443763 -0.0114665 0.999925 181.088
0.999974 -0.00650923 0.00300648 1.70986 0.00647533 0.999917 0.0111501 -0.632668 -0.00307881 -0.0111304 0.999933 182.354
0.999969 -0.00721644 0.00308085 1.69803 0.00716576 0.999844 0.016155 -0.619664 -0.00319695 -0.0161324 0.999865 183.653
0.999943 -0.00949831 0.00493032 1.72994 0.00940387 0.999778 0.0188368 -0.619121 -0.00510815 -0.0187894 0.999811 184.947
0.99995 -0.00866895 0.00486016 1.72453 0.00857996 0.9998 0.0180411 -0.636809 -0.00501559 -0.0179985 0.999826 186.246
0.999955 -0.00730774 0.00606991 1.73234 0.00721009 0.999847 0.0159572 -0.620806 -0.00618559 -0.0159127 0.999854 187.51
0.999963 -0.00704281 0.00493704 1.73048 0.00696848 0.999864 0.0149162 -0.62336 -0.00504143 -0.0148812 0.999877 188.754
0.999964 -0.00621043 0.00579106 1.72922 0.00612282 0.999868 0.015026 -0.638874 -0.00588362 -0.01499 0.99987 190.049
0.999955 -0.00646753 0.00689614 1.73485 0.00635399 0.999846 0.0163619 -0.632498 -0.0070009 -0.0163173 0.999843 191.299
0.999959 -0.00651714 0.00632317 1.73721 0.00640305 0.999819 0.0178987 -0.620459 -0.00643868 -0.0178575 0.99982 192.534
0.999945 -0.00673931 0.00806937 1.74723 0.00658702 0.999802 0.0187531 -0.606476 -0.00819416 -0.018699 0.999792 193.776
0.999939 -0.00634776 0.00905034 1.74588 0.0061873 0.999825 0.0176491 -0.611751 -0.0091608 -0.017592 0.999803 195.014
0.999898 -0.00747338 0.0121908 1.77062 0.00726007 0.999821 0.0174493 -0.637768 -0.012319 -0.017359 0.999774 196.285
0.999876 -0.00707705 0.0140839 1.78231 0.00683145 0.999825 0.0174106 -0.623551 -0.0142046 -0.0173123 0.999749 197.526
0.999862 -0.00723974 0.0149382 1.79846 0.00698045 0.999825 0.0173378 -0.618938 -0.0150611 -0.0172311 0.999738 198.738
0.999803 -0.0062227 0.0188582 1.80237 0.0058715 0.999809 0.0186216 -0.628886 -0.0189705 -0.0185073 0.999649 199.992
0.999797 -0.00603119 0.0192021 1.82155 0.00565157 0.999789 0.0197634 -0.620729 -0.0193172 -0.0196509 0.99962 201.207
0.999778 -0.00538933 0.0203761 1.8376 0.00497731 0.999783 0.0202181 -0.613125 -0.0204806 -0.0201123 0.999588 202.413
0.999726 -0.00509882 0.0228585 1.86277 0.00463862 0.999786 0.0201407 -0.613833 -0.0229564 -0.0200292 0.999536 203.622
0.999724 -0.00463434 0.0230258 1.88633 0.00416005 0.999779 0.0206037 -0.600299 -0.0231162 -0.0205023 0.999523 204.815
0.999666 -0.00527596 0.0252768 1.92417 0.00474304 0.999766 0.0210972 -0.598841 -0.0253822 -0.0209703 0.999458 206.033
0.999633 -0.00675067 0.0262289 1.95406 0.00620882 0.999767 0.0206857 -0.564931 -0.0263624 -0.0205152 0.999442 207.221
0.999608 -0.00575619 0.0274065 1.95949 0.00519763 0.999778 0.0204086 -0.554051 -0.0275179 -0.0202582 0.999416 208.403
0.999559 -0.00924892 0.0282068 2.01215 0.00868792 0.999763 0.0199471 -0.544959 -0.0283847 -0.0196932 0.999403 209.633
0.999583 -0.00913332 0.0273892 2.04253 0.0085757 0.999755 0.0204081 -0.53305 -0.0275689 -0.0201647 0.999417 210.772
0.999508 -0.00856322 0.0301783 2.05511 0.0079423 0.999755 0.0206355 -0.53775 -0.0303476 -0.0203857 0.999332 211.92
0.999492 -0.00865302 0.0306658 2.0974 0.00806637 0.999783 0.0192029 -0.518441 -0.0308253 -0.0189458 0.999345 213.056
0.999501 -0.00851311 0.0304265 2.12319 0.00794243 0.999791 0.018828 -0.512431 -0.0305804 -0.0185769 0.99936 214.154
0.999413 -0.00929891 0.0329745 2.17748 0.00870985 0.999801 0.0179631 -0.511745 -0.033135 -0.0176653 0.999295 215.242
0.999452 -0.0094283 0.031708 2.20034 0.00885274 0.999794 0.0182436 -0.511367 -0.0318735 -0.017953 0.999331 216.317
0.999441 -0.0102598 0.0318139 2.2279 0.00970021 0.999796 0.017694 -0.509151 -0.031989 -0.0173755 0.999337 217.382
0.999501 -0.0105823 0.0297538 2.24791 0.0100301 0.999776 0.0186465 -0.517042 -0.0299445 -0.0183388 0.999383 218.437
0.99954 -0.00992194 0.0286465 2.27543 0.00934122 0.999749 0.0203351 -0.533317 -0.0288411 -0.0200582 0.999383 219.508
0.999591 -0.00919496 0.0270687 2.32904 0.00855319 0.999682 0.0237303 -0.546961 -0.0272783 -0.023489 0.999352 220.557
0.999666 -0.00890628 0.0242693 2.35003 0.00833149 0.999685 0.0236831 -0.537235 -0.0244726 -0.023473 0.999425 221.564
0.999695 -0.00931617 0.0228721 2.36746 0.00879372 0.9997 0.0228373 -0.543071 -0.023078 -0.0226292 0.999478 222.574
0.999765 -0.00924738 0.0195793 2.37806 0.00879328 0.999693 0.0231534 -0.539414 -0.0197874 -0.0229758 0.99954 223.534
0.999816 -0.00904543 0.0168886 2.39099 0.00864628 0.999685 0.0235596 -0.527815 -0.0170964 -0.0234093 0.99958 224.484
0.999859 -0.00836916 0.0145694 2.40095 0.00802689 0.999694 0.0233944 -0.538714 -0.0147607 -0.0232742 0.99962 225.427
0.999906 -0.00847263 0.0107634 2.40445 0.00822125 0.999697 0.0231888 -0.526419 -0.0109567 -0.0230981 0.999673 226.34
0.999924 -0.0086506 0.00881075 2.40718 0.00844728 0.999703 0.022858 -0.528738 -0.00900588 -0.0227818 0.9997 227.22
0.999948 -0.00805338 0.00619805 2.41676 0.00791443 0.999724 0.0221255 -0.517973 -0.00637453 -0.0220753 0.999736 228.086
0.999965 -0.00772171 0.00311938 2.41105 0.00765156 0.999731 0.0219048 -0.515497 -0.00328769 -0.0218801 0.999755 228.921
0.99998 -0.00610477 0.00132883 2.39282 0.00607475 0.99975 0.0215312 -0.509602 -0.00145994 -0.0215228 0.999767 229.743
0.999983 -0.0058246 0.000327646 2.37706 0.00581594 0.999739 0.0220934 -0.517099 -0.000456249 -0.0220911 0.999756 230.549
0.99998 -0.00622564 0.00115972 2.36962 0.00619798 0.999728 0.0224945 -0.511532 -0.00129945 -0.0224869 0.999746 231.33
0.999982 -0.00591607 0.00110861 2.36144 0.00588889 0.999716 0.0231012 -0.521312 -0.00124497 -0.0230943 0.999733 232.11
0.999983 -0.00543979 0.00198148 2.36121 0.00539311 0.999724 0.0228448 -0.523315 -0.00210521 -0.0228337 0.999737 232.868
0.999979 -0.00557008 0.00331318 2.37747 0.00549494 0.999737 0.0222741 -0.522509 -0.00343638 -0.0222554 0.999747 233.624
0.999978 -0.00559034 0.00364835 2.37624 0.00551181 0.99976 0.0211916 -0.518933 -0.00376595 -0.021171 0.999769 234.356
0.999972 -0.00505629 0.00556763 2.3661 0.00494899 0.999805 0.0191195 -0.526101 -0.00566323 -0.0190914 0.999802 235.103
0.999968 -0.00444195 0.00662473 2.36606 0.0043174 0.999816 0.0186976 -0.520062 -0.00670657 -0.0186684 0.999803 235.848
0.999952 -0.00445651 0.00875151 2.36092 0.00429806 0.999828 0.0180412 -0.538278 -0.00883041 -0.0180027 0.999799 236.586
0.999928 -0.00481722 0.0110031 2.36348 0.00460967 0.999812 0.0188111 -0.536273 -0.0110916 -0.018759 0.999763 237.324
0.999912 -0.00457588 0.0124635 2.38213 0.00433493 0.999804 0.0192915 -0.533024 -0.0125493 -0.0192357 0.999736 238.031
0.999876 -0.00465008 0.0150367 2.39052 0.00437028 0.999818 0.0185872 -0.56372 -0.0151204 -0.0185192 0.999714 238.765
0.999825 -0.00510336 0.0179728 2.38892 0.00479678 0.999843 0.0170603 -0.574977 -0.0180571 -0.0169711 0.999693 239.515
0.999723 -0.00526018 0.0229425 2.39123 0.00487819 0.999849 0.0166743 -0.563551 -0.0230267 -0.0165577 0.999598 240.219
0.999629 -0.00612892 0.0265294 2.43029 0.00565442 0.999823 0.017924 -0.613 -0.0266346 -0.0177673 0.999487 240.934
0.999554 -0.00530713 0.0293712 2.45559 0.00478778 0.999831 0.0177245 -0.599139 -0.0294603 -0.017576 0.999411 241.638
0.999443 -0.00547324 0.0329238 2.47783 0.00492335 0.999847 0.0167597 -0.590141 -0.0330106 -0.0165882 0.999317 242.342
0.999352 -0.00538295 0.0355947 2.48967 0.00477228 0.99984 0.0172191 -0.590492 -0.0356818 -0.017038 0.999218 243.044
0.999236 -0.00524164 0.0387176 2.50096 0.00454522 0.999826 0.0180534 -0.584198 -0.0388055 -0.0178636 0.999087 243.753
0.999094 -0.00492658 0.0422755 2.52564 0.00417466 0.999832 0.0178562 -0.576229 -0.0423564 -0.0176635 0.998946 244.462
0.998948 -0.00525401 0.0455609 2.54049 0.00439088 0.999809 0.019024 -0.565653 -0.0456521 -0.018804 0.99878 245.179
0.998778 -0.00517043 0.0491394 2.57401 0.00423531 0.999808 0.0191151 -0.547005 -0.0492288 -0.0188837 0.998609 245.886
0.998672 -0.00494849 0.051279 2.60835 0.00397391 0.99981 0.01909 -0.551642 -0.0513637 -0.0188609 0.998502 246.607
0.998501 -0.00472831 0.0545271 2.65121 0.00375966 0.999833 0.0178534 -0.55037 -0.0546025 -0.0176217 0.998352 247.317
0.998367 -0.00275507 0.0570612 2.69615 0.00192722 0.999892 0.0145581 -0.547173 -0.0570952 -0.0144244 0.998264 248.045
0.998283 -0.00331799 0.0584749 2.73906 0.00251839 0.999902 0.0137426 -0.548705 -0.0585148 -0.0135718 0.998194 248.76
0.998237 -0.00314216 0.0592631 2.78227 0.00231763 0.999899 0.0139768 -0.546504 -0.0593011 -0.0138148 0.998144 249.492
0.998234 -0.00422038 0.0592472 2.8235 0.00338712 0.999894 0.0141576 -0.525017 -0.0593007 -0.0139319 0.998143 250.251
0.99816 -0.00331115 0.0605472 2.86495 0.00249923 0.999906 0.0134805 -0.535097 -0.0605862 -0.0133044 0.998074 250.983
0.998154 -0.00325897 0.0606374 2.90977 0.00242791 0.999902 0.0137741 -0.525292 -0.0606764 -0.0136015 0.998065 251.724
0.99812 -0.00338872 0.0612019 2.95595 0.00253165 0.999897 0.0140761 -0.515412 -0.0612434 -0.0138947 0.998026 252.466
0.998035 -0.00702582 0.0622579 3.00382 0.00624861 0.9999 0.0126697 -0.508422 -0.0623408 -0.0122558 0.99798 253.21
0.99802 -0.00717376 0.062483 3.05459 0.00636813 0.999894 0.0130832 -0.499396 -0.0625702 -0.0126594 0.99796 253.971
0.997949 -0.00496703 0.0638165 3.10112 0.00392267 0.999856 0.0164801 -0.536545 -0.0638892 -0.016196 0.997825 254.761
0.99794 -0.000838369 0.0641386 3.13953 -0.00054704 0.999767 0.0215797 -0.491818 -0.0641417 -0.0215703 0.997707 255.538
0.997843 -0.00336295 0.0655498 3.18846 0.00172581 0.999685 0.0250161 -0.466877 -0.0656133 -0.0248491 0.997536 256.349
0.997654 -0.00415686 0.0683247 3.24038 0.00252148 0.999708 0.0240043 -0.463625 -0.0684046 -0.0237758 0.997374 257.154
0.997362 -0.00260439 0.0725415 3.29525 0.00127774 0.999831 0.0183287 -0.435842 -0.072577 -0.0181877 0.997197 257.956
0.99698 7.7437e-05 0.0776569 3.34453 -0.00126795 0.999882 0.0152812 -0.418375 -0.0776466 -0.0153335 0.996863 258.766
0.99675 0.00276742 0.0805009 3.39606 -0.00409669 0.999857 0.0163521 -0.437552 -0.0804442 -0.0166288 0.99662 259.652
0.996576 0.000689109 0.08268 3.47698 -0.00226333 0.999817 0.0189477 -0.429467 -0.0826519 -0.01907 0.996396 260.519
0.996256 -0.001494 0.0864426 3.54817 -0.000359682 0.99977 0.0214245 -0.424205 -0.0864548 -0.0213754 0.996026 261.35
0.99605 -0.0021616 0.0887678 3.62418 0.000178392 0.99975 0.0223434 -0.402203 -0.088794 -0.0222394 0.995802 262.188
0.995706 -0.00194337 0.0925515 3.69643 -0.000229302 0.999724 0.0234589 -0.404669 -0.0925716 -0.0233794 0.995431 263.019
0.995484 -0.000120942 0.0949285 3.77197 -0.00198506 0.999753 0.0220904 -0.397736 -0.0949078 -0.0221791 0.995239 263.873
0.995232 0.000207527 0.0975297 3.84902 -0.0022713 0.999775 0.0210499 -0.387447 -0.0975035 -0.0211711 0.99501 264.707
0.994884 0.000129099 0.101019 3.92636 -0.00233825 0.99976 0.0217506 -0.377815 -0.100992 -0.0218755 0.994647 265.54
0.994666 0.000828288 0.10314 4.02347 -0.00323918 0.999725 0.0232096 -0.371892 -0.103093 -0.0234199 0.994396 266.467
0.994256 0.00111465 0.107022 4.10401 -0.00381486 0.999679 0.0250291 -0.355197 -0.106959 -0.0252937 0.993941 267.318
0.993993 0.00215044 0.109419 4.19008 -0.00504868 0.999643 0.0262173 -0.349987 -0.109324 -0.0266123 0.99365 268.156
0.993686 0.00210103 0.112173 4.27963 -0.00508447 0.99964 0.0263173 -0.331661 -0.112078 -0.0267215 0.99334 268.986
0.99343 0.000991051 0.114436 4.3803 -0.0040292 0.999645 0.0263206 -0.329666 -0.11437 -0.0266088 0.993082 269.883
0.99333 -0.00182063 0.115286 4.49234 -0.00133285 0.999627 0.0272706 -0.307185 -0.115292 -0.0272425 0.992958 270.803
0.99314 -0.00262311 0.116896 4.59614 -0.000647002 0.999609 0.0279279 -0.311213 -0.116923 -0.027812 0.992751 271.648
0.993115 -0.00314729 0.117096 4.6912 -0.000154972 0.999602 0.0281816 -0.293202 -0.117138 -0.0280058 0.992721 272.492
0.993062 -0.0028712 0.117556 4.7869 -0.000509754 0.999587 0.0287201 -0.279853 -0.11759 -0.0285808 0.992651 273.348
0.99302 -0.00163112 0.117932 4.88549 -0.00168937 0.999605 0.0280506 -0.290129 -0.117931 -0.0280541 0.992625 274.283
0.993108 -0.00134406 0.11719 4.98304 -0.00203977 0.999584 0.0287501 -0.276636 -0.11718 -0.028791 0.992693 275.139
0.993108 -0.00149158 0.117191 5.07756 -0.00190768 0.99958 0.0288888 -0.264885 -0.117185 -0.0289133 0.992689 275.982
0.993325 -0.00111323 0.115341 5.1715 -0.00219139 0.99959 0.0285202 -0.257243 -0.115325 -0.0285826 0.992916 276.846
0.993475 -0.000488132 0.114046 5.26384 -0.00279466 0.999586 0.0286231 -0.240978 -0.114013 -0.0287551 0.993063 277.699
0.993585 -0.000361488 0.113086 5.35407 -0.00294808 0.999572 0.0290972 -0.216872 -0.113049 -0.029244 0.993159 278.555
0.993816 0.000187491 0.111035 5.44389 -0.00349561 0.999555 0.0295997 -0.206319 -0.11098 -0.0298049 0.993376 279.403
0.993934 0.000810983 0.109967 5.53054 -0.00417085 0.999531 0.0303267 -0.192261 -0.109891 -0.0306015 0.993472 280.245
0.994281 0.000371677 0.106791 5.62038 -0.00379056 0.999486 0.0318136 -0.174305 -0.106724 -0.0320365 0.993772 281.101
0.994695 -0.000889115 0.102855 5.70711 -0.00260538 0.999424 0.0338357 -0.151756 -0.102826 -0.0339242 0.994121 281.944
0.995203 0.000175627 0.0978225 5.8008 -0.00379243 0.999315 0.0367884 -0.164136 -0.0977492 -0.036983 0.994524 282.893
0.995687 0.00043041 0.0927643 5.87642 -0.00395352 0.999277 0.0377988 -0.14182 -0.0926811 -0.0380026 0.99497 283.72
0.996035 9.67739e-05 0.0889537 5.94426 -0.00350406 0.999265 0.0381487 -0.125719 -0.0888847 -0.0383092 0.995305 284.54
0.996443 -0.000389498 0.0842617 6.01223 -0.00288257 0.999246 0.0387071 -0.0998075 -0.0842133 -0.0388124 0.995691 285.361
0.996807 -0.000736929 0.0798368 6.07095 -0.00239093 0.999233 0.0390755 -0.0852947 -0.0798044 -0.0391417 0.996042 286.153
0.997069 -0.000480174 0.0764985 6.12767 -0.00254383 0.999219 0.0394279 -0.0651944 -0.0764578 -0.039507 0.99629 286.927
0.997377 6.34769e-05 0.0723741 6.1784 -0.00296061 0.999198 0.0399234 -0.0485827 -0.0723135 -0.040033 0.996578 287.702
0.997584 -0.0001441 0.0694694 6.22673 -0.00265599 0.999187 0.0402128 -0.0207658 -0.0694188 -0.0403002 0.996773 288.442
0.997862 -0.0011824 0.0653335 6.27204 -0.00145547 0.999186 0.0403131 0.0173275 -0.065328 -0.0403221 0.997049 289.19
0.998117 -0.00189434 0.0612985 6.31386 -0.000608346 0.999167 0.0407836 0.0467331 -0.0613247 -0.0407441 0.997286 289.898
0.998375 -0.00159537 0.0569499 6.34611 -0.000737485 0.999162 0.0409189 0.0789154 -0.0569675 -0.0408945 0.997538 290.574
0.998726 -0.00178675 0.0504216 6.37643 -0.000296371 0.999147 0.0412765 0.115751 -0.0504524 -0.0412389 0.997875 291.249
0.999129 -0.00171238 0.0416796 6.39626 7.82075e-05 0.999232 0.0391782 0.141978 -0.0417147 -0.0391409 0.998363 291.974
0.999546 -0.00230361 0.0300165 6.40024 0.00118179 0.999301 0.0373377 0.153522 -0.0300815 -0.0372853 0.998852 292.642
0.999848 -0.00270718 0.0172094 6.40161 0.00206411 0.999302 0.0372762 0.153207 -0.0172983 -0.0372351 0.999157 293.287
0.999995 -0.00274738 0.00127701 6.39299 0.00269712 0.99928 0.0378213 0.17176 -0.00137999 -0.0378177 0.999284 293.898
0.999842 -0.000800039 -0.0177356 6.37315 0.00146735 0.99929 0.0376446 0.205358 0.0176929 -0.0376647 0.999134 294.544
0.99921 0.000751363 -0.0397284 6.33493 0.000724134 0.99931 0.037112 0.211666 0.039729 -0.0371115 0.998521 295.141
0.997876 0.00103859 -0.0651245 6.28696 0.0014038 0.999297 0.0374464 0.22264 0.0651177 -0.0374584 0.997174 295.723
0.995703 0.00127011 -0.0925951 6.22776 0.00224359 0.999281 0.037833 0.238302 0.0925767 -0.0378782 0.994985 296.282
0.992456 0.00221656 -0.12258 6.14424 0.00241184 0.99929 0.037597 0.237911 0.122576 -0.037609 0.991746 296.825
0.987633 0.00217561 -0.156764 6.04694 0.0038561 0.999264 0.0381618 0.248179 0.156732 -0.0382945 0.986898 297.37
0.981338 0.00330812 -0.192258 5.92667 0.00429235 0.999225 0.0391027 0.248384 0.192238 -0.0391983 0.980565 297.879
0.973381 0.00324193 -0.22917 5.79891 0.00624274 0.999153 0.04065 0.263009 0.229108 -0.0409986 0.972537 298.374
0.963259 0.00484976 -0.268529 5.64627 0.00671979 0.999088 0.0421491 0.261689 0.268488 -0.042405 0.962349 298.884
0.951469 0.00512674 -0.307699 5.4714 0.00829334 0.99907 0.0422908 0.26184 0.30763 -0.0427903 0.950543 299.355
0.937109 0.00525743 -0.348996 5.28271 0.010479 0.999011 0.0431873 0.271485 0.348878 -0.0441284 0.936128 299.839
0.920575 0.00507384 -0.390532 5.08181 0.0129875 0.998964 0.0435932 0.290223 0.39035 -0.0452029 0.919556 300.283
0.900961 0.0042672 -0.433878 4.85957 0.0161252 0.998931 0.0433089 0.299848 0.4336 -0.0460161 0.89993 300.705
0.878814 0.00319105 -0.477154 4.60983 0.0198605 0.998866 0.0432589 0.315148 0.476751 -0.0474931 0.877754 301.135
0.853267 0.00260277 -0.521467 4.34902 0.0229703 0.998829 0.0425712 0.332561 0.520968 -0.0483029 0.852208 301.532
0.824938 0.00393622 -0.565209 4.08099 0.0239791 0.998831 0.0419542 0.34411 0.564714 -0.0481628 0.82388 301.897
0.793383 0.00390271 -0.60871 3.7758 0.0265034 0.998809 0.0409479 0.345608 0.608146 -0.0486203 0.792335 302.247
0.758063 0.00303389 -0.652174 3.47842 0.0315247 0.998649 0.0412888 0.339325 0.651419 -0.0518591 0.756944 302.581
0.718288 0.00185139 -0.695743 3.13108 0.0385813 0.998351 0.0424881 0.349656 0.694675 -0.0573614 0.717033 302.897
0.673984 0.00131032 -0.738744 2.78367 0.0445127 0.998109 0.0423809 0.350129 0.737404 -0.0614476 0.672651 303.17
0.62692 0.0046714 -0.779069 2.44856 0.0444358 0.998139 0.0417427 0.36568 0.777815 -0.060788 0.625547 303.402
0.577331 0.0102809 -0.816445 2.06297 0.0417031 0.998244 0.0420596 0.370367 0.815444 -0.0583306 0.575889 303.62
0.525048 0.0149051 -0.850941 1.67839 0.0395981 0.998335 0.0419197 0.37599 0.850151 -0.0557056 0.523584 303.805
0.470699 0.016942 -0.88213 1.30875 0.040171 0.998367 0.0406094 0.377439 0.881379 -0.054551 0.46925 303.961
0.414809 0.0189859 -0.90971 0.90335 0.0419349 0.998321 0.0399567 0.393812 0.908941 -0.054723 0.413317 304.099
0.358289 0.0221844 -0.933347 0.514715 0.0445693 0.998171 0.0408343 0.389476 0.932546 -0.0562291 0.356645 304.206
0.300923 0.0252936 -0.953313 0.104337 0.0468055 0.998051 0.0412552 0.413973 0.952499 -0.0570349 0.299153 304.288
0.240289 0.0281497 -0.970293 -0.302792 0.0494211 0.997928 0.0411903 0.409376 0.969442 -0.0578506 0.2384 304.352
0.176918 0.0317821 -0.983712 -0.718238 0.0499558 0.9979 0.0412249 0.426455 0.982957 -0.0564357 0.174959 304.395
0.114064 0.037927 -0.992749 -1.15789 0.0516125 0.997695 0.0440461 0.440049 0.992132 -0.0562624 0.111844 304.394
0.048297 0.043085 -0.997903 -1.60471 0.054074 0.997491 0.0456843 0.448366 0.997368 -0.0561671 0.045846 304.377
-0.018544 0.0479955 -0.998675 -2.0474 0.0559052 0.997334 0.0468929 0.448288 0.998264 -0.0549616 -0.0211778 304.34
-0.084691 0.0548175 -0.994898 -2.5089 0.0575827 0.997085 0.0500363 0.471519 0.994742 -0.0530513 -0.0876008 304.255
-0.151781 0.0600327 -0.986589 -2.97559 0.0602542 0.996859 0.0513879 0.489998 0.986576 -0.0516465 -0.154922 304.158
-0.216699 0.064032 -0.974136 -3.45389 0.0638927 0.996637 0.0512979 0.501664 0.974145 -0.051124 -0.220062 304.018
-0.279268 0.0666536 -0.957897 -3.92179 0.0670564 0.996505 0.0497903 0.513152 0.957869 -0.0503283 -0.282762 303.847
-0.340452 0.0670269 -0.937869 -4.39377 0.0694098 0.996526 0.0460227 0.527384 0.937696 -0.0494289 -0.343922 303.647
-0.397605 0.0668541 -0.915117 -4.87871 0.0707956 0.996604 0.0420474 0.54619 0.914821 -0.0480681 -0.400988 303.401
-0.450104 0.0675551 -0.890417 -5.34994 0.0723358 0.996615 0.0390466 0.56846 0.890041 -0.046834 -0.453468 303.131
-0.498585 0.0681542 -0.864157 -5.83222 0.0735435 0.996635 0.0361707 0.582424 0.863715 -0.0455189 -0.50192 302.812
-0.540783 0.0668879 -0.838498 -6.32165 0.0721076 0.99685 0.0330145 0.596239 0.838065 -0.0426084 -0.543903 302.468
-0.580347 0.0679883 -0.811526 -6.81394 0.0736668 0.996806 0.0308293 0.620248 0.81103 -0.0418908 -0.583502 302.084
-0.619351 0.0723258 -0.781775 -7.31451 0.0782683 0.996475 0.0301817 0.611426 0.781202 -0.0424952 -0.622829 301.686
-0.657162 0.0758005 -0.749928 -7.81246 0.0812048 0.996259 0.0295392 0.608882 0.749362 -0.0414858 -0.660859 301.239
-0.692342 0.0773763 -0.717408 -8.28865 0.0835792 0.996141 0.0267802 0.60295 0.716712 -0.0414194 -0.696138 300.749
-0.725396 0.0743804 -0.684301 -8.76094 0.0822625 0.996387 0.0211 0.576336 0.683398 -0.0409864 -0.728894 300.208
-0.755781 0.0739484 -0.650635 -9.23832 0.082686 0.996427 0.0172011 0.573942 0.649583 -0.0407982 -0.759195 299.643
-0.783774 0.0691789 -0.617181 -9.69211 0.0800424 0.99674 0.0100753 0.597221 0.615867 -0.0415039 -0.786756 299.033
-0.808376 0.0687435 -0.584638 -10.1358 0.0805082 0.996736 0.00588091 0.579412 0.583134 -0.0423142 -0.811273 298.366
-0.832184 0.067731 -0.550347 -10.6009 0.0797711 0.996811 0.00205464 0.591301 0.548731 -0.042192 -0.834933 297.614
-0.853703 0.0632314 -0.516906 -11.0144 0.0761087 0.997092 -0.00372738 0.594423 0.515167 -0.0425232 -0.856034 296.856
-0.873913 0.0636659 -0.481894 -11.4318 0.0760137 0.997087 -0.0061194 0.587632 0.480101 -0.0419784 -0.876208 296.028
-0.892667 0.0650646 -0.445996 -11.8076 0.0773268 0.996962 -0.00932756 0.591331 0.444034 -0.0428139 -0.894986 295.186
-0.910654 0.0657901 -0.407897 -12.1902 0.0772386 0.996944 -0.0116417 0.575387 0.405885 -0.042107 -0.912953 294.353
-0.926454 0.065294 -0.370702 -12.5409 0.0752965 0.997082 -0.0125582 0.55981 0.3688 -0.0395472 -0.928667 293.467
-0.939218 0.0710942 -0.335878 -12.8728 0.0801292 0.996698 -0.0130979 0.539617 0.333838 -0.0392155 -0.941814 292.519
-0.950496 0.0716131 -0.302372 -13.183 0.0801059 0.996661 -0.0157631 0.508796 0.300233 -0.0392046 -0.95306 291.54
-0.959904 0.0706742 -0.271274 -13.4685 0.0787521 0.996713 -0.0189942 0.491122 0.26904 -0.039596 -0.962315 290.549
-0.968814 0.0696343 -0.237803 -13.7222 0.0772641 0.996747 -0.0229043 0.454701 0.235435 -0.0405637 -0.971043 289.537
-0.975851 0.068588 -0.20739 -13.9399 0.0754941 0.996818 -0.0255614 0.421417 0.204977 -0.0406009 -0.977924 288.469
-0.981286 0.0695233 -0.179564 -14.1139 0.0759016 0.996696 -0.0288894 0.424883 0.176963 -0.041978 -0.983322 287.378
-0.986337 0.0681222 -0.149993 -14.2879 0.0735642 0.996807 -0.0310308 0.391318 0.147401 -0.0416411 -0.9882 286.278
-0.989952 0.0679326 -0.124012 -14.422 0.0724039 0.996864 -0.031907 0.339887 0.121455 -0.0405654 -0.991767 285.164
-0.992982 0.0658212 -0.0982569 -14.5327 0.0692693 0.997081 -0.0321006 0.309846 0.0958572 -0.0386816 -0.994643 284
-0.994957 0.0659722 -0.0755532 -14.6177 0.0685787 0.997118 -0.0324368 0.266916 0.0731955 -0.0374546 -0.996614 282.852
-0.996492 0.0637432 -0.0542249 -14.6756 0.0656317 0.997271 -0.0337901 0.214325 0.0519231 -0.0372305 -0.997957 281.669
0.995943 -0.0756667 -0.0486924 -14.901 0.0760146 0.997092 0.00532937 0.0446703 0.0481476 -0.00900913 0.998799 283.468
-0.991793 0.114612 0.0566489 -14.6278 0.114698 0.993398 -0.00174078 0.0464709 -0.0564745 0.004771 -0.998392 282.407
0.999896 -0.00767428 0.0121454 -15.4295 0.0078335 0.999883 -0.0131166 0.136902 -0.0120433 0.0132104 0.99984 283.432
-0.971119 0.139233 -0.193756 -14.8083 0.136487 0.990259 0.0275158 0.272622 0.1957 0.000275859 -0.980664 282.929
0.980497 0.0773595 0.180665 -15.8782 -0.0852876 0.995686 0.0365225 0.351776 -0.177061 -0.0512188 0.982866 285.379
-0.9741 0.109142 -0.198029 -14.5613 0.108856 0.99398 0.0123637 0.195323 0.198187 -0.00951328 -0.980118 284.624
0.932567 -0.0247907 0.360144 -16.1064 0.0433642 0.998108 -0.0435835 0.25361 -0.358382 0.0562619 0.931878 285.988
-0.931819 0.0126245 -0.362703 -15.2301 0.00537201 0.999765 0.0209973 0.470056 0.362883 0.0176172 -0.931668 284.255
0.915457 -0.0678528 0.396652 -16.683 0.0809248 0.996587 -0.0162916 0.0285675 -0.394193 0.0470133 0.917824 286.131
-0.877147 0.0173146 -0.479909 -15.8658 0.0193551 0.999812 0.000696226 -0.0715383 0.479831 -0.00867803 -0.877318 283.791
0.8297 -0.0964243 0.549817 -16.3497 0.116921 0.993138 -0.00226696 -0.645476 -0.545826 0.0661659 0.835282 286.611
-0.846034 0.0369941 -0.531844 -14.8568 0.0050672 0.998102 0.0613657 -0.407345 0.533105 0.0492225 -0.844616 284.092
0.81181 -0.0255801 0.583361 -16.6249 0.113308 0.986951 -0.114403 -1.26834 -0.572823 0.158973 0.804116 286.836
-0.817072 -0.0933221 -0.568932 -14.2526 -0.155821 0.985832 0.0620768 -1.01794 0.555078 0.139373 -0.820038 285.989
0.547102 -0.690001 0.473896 -16.3546 0.744215 0.660112 0.101956 -3.51375 -0.383175 0.296901 0.874658 286.363
-0.674043 -0.650107 -0.350751 -13.3283 -0.705171 0.707705 0.0434252 -0.584916 0.219998 0.27661 -0.935461 287.011
0.628053 -0.710725 0.316888 -16.3514 0.766246 0.635844 -0.0925672 -3.41751 -0.135701 0.300951 0.943935 284.875
-0.704076 -0.656303 -0.271185 -13.4105 -0.706578 0.685578 0.175296 -1.26059 0.0708714 0.315036 -0.94643 288.058
0.674965 -0.718467 0.168006 -15.909 0.73425 0.631567 -0.248998 -3.14934 0.0727901 0.291423 0.953821 285.197
-0.76469 -0.637878 0.0914295 -13.8449 -0.538611 0.710581 0.452739 -1.88355 -0.353761 0.296961 -0.886943 288.25
0.579116 -0.727501 -0.367922 -15.0948 0.373138 0.637789 -0.67379 -2.39443 0.72484 0.252917 0.640812 285.434
-0.470786 -0.693086 0.545885 -13.77 -0.0627826 0.643495 0.762871 -1.67909 -0.88001 0.324877 -0.346462 288.637
0.323061 -0.686051 -0.651893 -15.3589 -0.0109236 0.686081 -0.727443 -1.25451 0.946315 0.242129 0.214152 285.498
-0.280888 -0.66972 0.687442 -14.0163 0.16307 0.67256 0.721852 -1.91126 -0.945785 0.314861 -0.0797033 288.636
0.194252 -0.679633 -0.707365 -13.8484 -0.117492 0.69979 -0.70462 -0.958943 0.97389 0.219984 0.0560838 285.079
-0.275993 -0.603181 0.748332 -13.9923 0.206368 0.723227 0.659056 -2.54292 -0.938744 0.336327 -0.0751276 287.915
0.256901 -0.602419 -0.755707 -13.7747 -0.1803 0.738347 -0.649873 -0.76607 0.94947 0.303207 0.0810658 284.38
-0.290389 -0.589969 0.753399 -12.5646 0.197862 0.733292 0.650487 -1.3368 -0.936229 0.337963 -0.0962076 287.427
0.247741 -0.630627 -0.735482 -13.4876 -0.138394 0.728326 -0.671109 -0.745523 0.958891 0.268048 0.0931607 284.787
-0.274014 -0.618936 0.736094 -13.0516 0.166321 0.723359 0.670141 -1.23697 -0.947235 0.306056 -0.0952681 287.816
0.301551 -0.608189 -0.734284 -13.6649 -0.202554 0.71169 -0.672658 -0.693459 0.931686 0.351573 0.0914199 284.769
-0.264267 -0.635201 0.725729 -12.8182 0.309735 0.656723 0.687589 -2.27594 -0.91336 0.406491 0.0231937 287.477
0.187099 -0.663816 -0.724115 -13.5584 -0.232363 0.686307 -0.689195 -1.40329 0.954464 0.297206 -0.025839 284.603
-0.204757 -0.669194 0.71432 -13.5607 0.250811 0.669546 0.699143 -2.61283 -0.946133 0.322314 0.0307475 287.347
0.175585 -0.691213 -0.700994 -12.6392 -0.225103 0.665003 -0.712109 -0.416529 0.958383 0.282832 -0.0388298 284.362
-0.161154 -0.700852 0.694864 -12.7324 0.212571 0.662892 0.717905 -1.69541 -0.963765 0.263401 0.0421527 287.461
0.179238 -0.699144 -0.692149 -12.6473 -0.237188 0.65208 -0.720092 -0.331969 0.954786 0.293237 -0.0489515 284.291
-0.174989 -0.700407 0.69196 -12.026 0.234547 0.652915 0.720201 -1.09369 -0.956225 0.288324 0.050026 287.518
0.166092 -0.694729 -0.699832 -12.8144 -0.226082 0.663958 -0.712774 -0.554522 0.959844 0.276605 -0.0467871 284.208
-0.190345 -0.687272 0.701017 -11.5642 0.2464 0.657769 0.711777 -0.632053 -0.950292 0.308214 0.0441415 287.455
0.18819 -0.718361 -0.669732 -12.8297 -0.129609 0.657787 -0.741968 -0.554281 0.973543 0.226434 0.0306828 284.163
-0.174433 -0.732264 0.658302 -11.1515 0.132664 0.644979 0.752597 0.257381 -0.975691 0.21861 -0.0153601 287.439
0.171257 -0.735476 -0.65555 -13.3962 -0.101489 0.648671 -0.754271 -0.912496 0.979985 0.195705 0.0364469 283.611
-0.166757 -0.746848 0.643747 -11.6523 0.12148 0.632353 0.765096 -0.265291 -0.978486 0.205787 -0.0147219 288.702
0.0321412 -0.718615 -0.694664 -14.2958 -0.144362 0.684398 -0.714674 -0.512719 0.989003 0.123253 -0.0817437 283.555
0.0522365 -0.72575 0.685972 -12.4311 0.212367 0.679271 0.702489 0.679177 -0.975793 0.108982 0.189608 289.367
-0.194282 -0.654313 -0.730841 -13.1538 -0.238758 0.754174 -0.611732 0.615844 0.951446 0.0556451 -0.302745 284.21
0.185764 -0.649047 0.737719 -12.5962 0.24957 0.757333 0.603458 0.791755 -0.950372 0.0720114 0.302668 288.464
-0.21805 -0.578395 -0.786074 -13.3314 -0.213555 0.814213 -0.539862 0.387081 0.952286 0.0501534 -0.301059 284.507
0.216072 -0.588498 0.779091 -12.5362 0.217977 0.806876 0.549032 0.646354 -0.951735 0.0511934 0.302622 289.242
-0.22892 -0.590738 -0.773708 -14.1045 -0.2066 0.806191 -0.554411 -0.218825 0.951269 0.0329322 -0.3066 285
0.152203 -0.64142 0.751941 -10.4808 0.289512 0.756366 0.586594 1.16003 -0.944996 0.128414 0.30082 290.354
0.49989 -0.642409 -0.580879 -14.553 0.357168 0.763914 -0.537463 -2.67001 0.789013 0.0612007 0.611321 288.064
-0.779397 -0.620175 0.0890105 -9.8029 -0.590789 0.774778 0.225136 0.795191 -0.208588 0.122884 -0.970253 286.452
0.756956 -0.615301 0.220052 -12.884 0.50835 0.766061 0.393358 -1.6766 -0.410607 -0.185892 0.892663 292.73
-0.300421 -0.526174 -0.795542 -12.5896 -0.444 0.815339 -0.371599 -1.348 0.844163 0.241585 -0.478567 284.943
0.335775 -0.791795 0.510211 -10.431 0.0422838 0.553783 0.831587 0.550857 -0.940992 -0.257653 0.219427 292.072
0.204281 -0.42982 -0.879502 -14.04 -0.172513 0.86858 -0.464551 -2.35754 0.963592 0.246624 0.103285 285.23
-0.0964857 -0.860351 0.500487 -7.82614 -0.334275 0.501637 0.797885 2.39744 -0.937524 -0.0903158 -0.335994 289.894
0.661221 -0.42788 -0.616202 -13.7584 0.224959 0.896684 -0.381248 -3.82615 0.715668 0.113468 0.689162 287.176
-0.866818 -0.451371 0.211872 -5.17949 -0.469581 0.881869 -0.0424339 -3.07504 -0.167691 -0.136274 -0.976375 285.592
0.852986 -0.183616 0.48857 -10.0966 0.212504 0.977153 -0.00376976 -7.15107 -0.476715 0.107039 0.872517 291.719
-0.203448 -0.615742 -0.761229 -9.1416 -0.4251 0.755935 -0.497847 -7.35021 0.881985 0.222312 -0.415546 284.074
-0.329327 -0.457854 0.82578 -4.20108 -0.214413 0.887983 0.406833 -6.3125 -0.919549 -0.0430767 -0.390607 289.983
0.840412 -0.423802 -0.337787 -10.9023 0.391578 0.905746 -0.162143 -9.64734 0.374666 0.00399624 0.927151 290.169
-0.900518 -0.286341 -0.327223 -5.74555 -0.262107 0.957929 -0.11693 -7.49225 0.346938 -0.0195299 -0.937685 285.473
0.561749 -0.255263 0.786943 -7.23146 0.131181 0.966658 0.219916 -7.72939 -0.816841 -0.0203053 0.576505 293.787
-0.069854 -0.252752 -0.965006 -8.70066 0.0178519 0.966897 -0.25454 -8.46473 0.997397 -0.0350079 -0.06303 285.92
0.055092 -0.219522 -0.974051 -12.3118 -0.0242437 0.974951 -0.221096 -9.56701 0.998187 0.0357952 0.0483895 279.794
0.0608585 -0.11757 -0.991198 -16.5766 -0.201629 0.971119 -0.127568 -9.7825 0.977569 0.207618 0.035395 275.312
0.018545 -0.188087 -0.981977 -21.3015 -0.45533 0.872799 -0.175774 -7.3136 0.89013 0.450383 -0.069456 271.821
0.031426 -0.343338 -0.938686 -26.0686 -0.732692 0.630868 -0.255279 -3.8474 0.679834 0.69579 -0.231736 269.021
-0.0369724 -0.37652 -0.92567 -29.9634 -0.842508 0.509893 -0.17375 -1.27112 0.537413 0.773461 -0.336073 265.657
-0.193995 -0.377242 -0.905568 -31.1616 -0.865111 0.501035 -0.0233932 2.11658 0.462546 0.778879 -0.423555 262.85
-0.391464 -0.373585 -0.840946 -31.7021 -0.846753 0.504001 0.170269 5.60827 0.360227 0.778728 -0.513633 260.299
-0.696903 -0.368532 -0.615231 -30.6475 -0.707938 0.49068 0.507993 9.37774 0.114669 0.789568 -0.602855 258.627
-0.9283 -0.358848 -0.0973978 -28.9871 -0.265848 0.457397 0.848594 13.446 -0.259967 0.813644 -0.520001 257.024
-0.827424 -0.360239 0.430809 -24.8395 0.263042 0.429169 0.864073 16.1793 -0.496163 0.828276 -0.260346 257.451
-0.441514 -0.381388 0.812163 -19.7249 0.70611 0.41079 0.576767 16.0876 -0.5536 0.828127 0.0879325 259.889
0.164822 -0.412889 0.895743 -15.9214 0.911182 0.411417 0.0219783 11.8258 -0.377599 0.812563 0.444028 264.076
0.697408 -0.4394 0.566171 -16.9395 0.716643 0.420219 -0.556631 4.64701 0.00666836 0.793941 0.607958 267.527
0.895981 -0.438626 -0.0694667 -23.6527 0.156172 0.457639 -0.875315 -1.81393 0.415727 0.773417 0.478537 267.848
0.577665 -0.487115 -0.654998 -32.6894 -0.424773 0.50583 -0.750802 -2.88722 0.697045 0.711937 0.0852864 263.75
0.00651671 -0.444927 -0.895543 -38.7639 -0.8024 0.532112 -0.270205 2.2926 0.596751 0.720345 -0.353543 256.888
-0.586082 -0.413931 -0.696541 -38.31 -0.783367 0.509084 0.356608 12.1986 0.206986 0.754649 -0.622625 250.817
-0.897243 -0.381626 -0.222072 -31.4904 -0.401503 0.495922 0.769972 21.637 -0.183712 0.780015 -0.598187 248.757
-0.84901 -0.36631 0.380785 -19.9669 0.172954 0.488301 0.855365 26.3627 -0.499267 0.792072 -0.351217 251.551
-0.447565 -0.369606 0.814295 -9.16934 0.659231 0.478906 0.57971 23.6275 -0.604235 0.796267 0.0293151 258.68
0.130555 -0.324569 0.936808 -3.62397 0.891124 0.452587 0.0326165 13.6237 -0.434573 0.830554 0.348319 266.673
0.668295 -0.354904 0.653777 -7.19977 0.735184 0.449212 -0.507654 1.48547 -0.113515 0.81991 0.561126 272.726
0.929678 -0.35588 0.0951118 -18.4969 0.275288 0.499637 -0.821328 -7.58461 0.244774 0.789755 0.562471 274.327
0.764068 -0.418981 -0.490565 -32.7703 -0.25685 0.499979 -0.827072 -10.0613 0.591801 0.757942 0.274402 269.162
0.280169 -0.436413 -0.855013 -43.8571 -0.691278 0.526281 -0.495139 -3.8062 0.666063 0.729775 -0.154236 259.36
-0.303004 -0.407873 -0.861294 -47.0102 -0.832136 0.553731 0.0305221 9.07663 0.464476 0.725962 -0.507189 248.716
-0.794163 -0.383982 -0.471023 -39.0101 -0.602045 0.602665 0.523771 22.8089 0.0827499 0.699537 -0.709789 242.164
-0.931045 -0.338587 0.136064 -23.0377 -0.129576 0.655343 0.744133 31.8014 -0.341123 0.675191 -0.654027 241.911
-0.651093 -0.321448 0.687567 -5.74218 0.364998 0.661657 0.65497 31.931 -0.665473 0.677408 -0.313472 250.079
-0.0996803 -0.315139 0.943796 4.79449 0.696957 0.654851 0.292269 22.8739 -0.710151 0.686919 0.154363 263.669
0.494569 -0.313576 0.810599 3.87561 0.737232 0.645306 -0.200173 7.93206 -0.460315 0.696599 0.550327 277.096
0.89017 -0.327023 0.317258 -9.41973 0.45561 0.632876 -0.626009 -6.3046 0.00393488 0.701801 0.712362 284.029
0.874292 -0.373111 -0.310484 -29.3445 -0.00361265 0.634627 -0.77281 -13.933 0.485386 0.676784 0.553502 280.892
0.448021 -0.379182 -0.809628 -46.0335 -0.50563 0.639382 -0.579248 -9.97413 0.737303 0.668888 0.0947302 268.237
-0.219175 -0.405824 -0.887282 -51.9802 -0.752436 0.649231 -0.111079 3.50931 0.62113 0.643277 -0.447652 251.691
-0.774295 -0.40955 -0.482426 -42.9655 -0.61392 0.671079 0.415638 20.7313 0.153521 0.617998 -0.771045 239.629
-0.909935 -0.37295 0.181452 -22.7208 -0.123351 0.661053 0.740131 33.1229 -0.395982 0.651089 -0.647519 239.333
-0.503084 -0.365135 0.783315 -2.82986 0.4625 0.651909 0.600923 31.9956 -0.730069 0.664598 -0.15909 252.026
0.198904 -0.450628 0.87027 3.9353 0.771691 0.619399 0.144352 18.5226 -0.604094 0.642868 0.470947 270.707
0.77227 -0.438624 0.459573 -6.08551 0.631666 0.607355 -0.481786 -0.691128 -0.0678006 0.662366 0.746106 282.612
0.86924 -0.42159 -0.25823 -28.3428 0.0616523 0.610679 -0.789474 -12.5024 0.490531 0.670322 0.556819 280.205
0.386124 -0.407611 -0.827503 -48.5863 -0.540389 0.627071 -0.561036 -8.34881 0.747588 0.663803 0.0218584 264.693
-0.347216 -0.353832 -0.868472 -53.7091 -0.767902 0.638861 0.0467237 9.93885 0.5383 0.683125 -0.493531 246.06
-0.905666 -0.266774 -0.329544 -38.2971 -0.420779 0.661013 0.621294 29.3018 0.0520875 0.701351 -0.710911 234.758
-0.812918 -0.243017 0.52925 -12.51 0.261726 0.659385 0.704777 34.3564 -0.520253 0.711445 -0.472422 239.853
-0.0169942 -0.221482 0.975016 1.99285 0.739852 0.653155 0.161265 20.7133 -0.672554 0.724109 0.152765 257.676
0.827412 -0.234799 0.510154 -9.1335 0.526945 0.638734 -0.560667 1.24402 -0.194209 0.732726 0.652223 271.962
0.823059 -0.235929 -0.516634 -34.8957 -0.237598 0.683186 -0.69051 -2.89705 0.515869 0.691082 0.506247 268.455
-0.0988487 -0.170779 -0.980338 -47.4915 -0.686736 0.724669 -0.0569958 12.406 0.720154 0.6676 -0.188913 249.825
-0.92133 -0.133052 -0.365303 -31.8337 -0.349838 0.693609 0.629698 30.97 0.169595 0.707958 -0.68559 235.781
-0.754693 -0.134219 0.642202 -3.34643 0.407116 0.671793 0.618831 31.7576 -0.514486 0.728478 -0.452355 241.484
0.213242 -0.152655 0.964999 7.15059 0.748599 0.660212 -0.0609819 12.8709 -0.627795 0.735402 0.255063 261.874
0.966952 -0.130815 0.218838 -13.4197 0.248929 0.669942 -0.699437 -4.81169 -0.0551117 0.730798 0.680366 275.506
0.621342 -0.169489 -0.764988 -43.3127 -0.499289 0.666787 -0.553267 -1.154 0.603857 0.725719 0.329679 266.506
-0.380421 -0.109093 -0.918356 -50.1148 -0.711359 0.669074 0.215194 22.4439 0.590971 0.735146 -0.332134 245.457
-0.993466 -0.0475287 -0.103756 -24.9125 -0.111108 0.610445 0.784227 40.9035 0.0260635 0.790631 -0.611738 234.126
-0.580095 -0.0498086 0.813024 6.71623 0.646785 0.57856 0.496928 32.7455 -0.495135 0.814118 -0.303404 243.266
0.395469 -0.132971 0.908802 12.6068 0.767459 0.591427 -0.247429 6.48495 -0.504589 0.79532 0.335941 265.327
0.959355 -0.13995 0.245053 -11.3285 0.280959 0.55505 -0.782931 -16.6181 -0.0264454 0.81996 0.57181 278.534
0.78019 -0.181513 -0.598629 -47.3842 -0.417148 0.562155 -0.714121 -17.4526 0.466145 0.806867 0.362869 272.758
-0.00937914 -0.203775 -0.978972 -67.1839 -0.790265 0.601374 -0.117606 5.45046 0.612693 0.772545 -0.166677 251.605
-0.782643 -0.203806 -0.58816 -54.7172 -0.557823 0.648939 0.517409 34.7826 0.276228 0.733036 -0.621576 231.247
-0.953054 -0.161453 0.256163 -18.9703 0.0746022 0.694707 0.715414 48.226 -0.293464 0.700939 -0.650049 228.527
-0.571042 -0.156603 0.805844 15.9325 0.535499 0.672968 0.510249 42.5127 -0.622215 0.722903 -0.300432 243.702
0.086093 -0.148338 0.985182 33.4057 0.778882 0.626619 0.0262847 18.6606 -0.621233 0.765078 0.169486 268.769
0.708689 -0.171554 0.684345 23.9927 0.62018 0.613922 -0.488341 -11.4475 -0.336357 0.770499 0.541475 292.835
0.98409 -0.168502 0.0563341 -8.63177 0.145352 0.581205 -0.800671 -32.7751 0.102174 0.796121 0.59645 303.668
0.781515 -0.227438 -0.580952 -48.7583 -0.414124 0.507345 -0.755714 -34.0759 0.466621 0.831188 0.30231 295.595
0.221046 -0.263181 -0.939081 -77.8838 -0.792488 0.512744 -0.330238 -12.5017 0.568421 0.817208 -0.0952282 274.876
-0.43731 -0.309812 -0.84426 -81.8158 -0.804767 0.553818 0.213623 21.6912 0.401383 0.772853 -0.491518 251.159
-0.880887 -0.315636 -0.352719 -58.7468 -0.472871 0.619509 0.62658 53.8148 0.0207405 0.718737 -0.694973 236.219
-0.928298 -0.283453 0.240656 -20.7779 -0.00031754 0.647817 0.761796 71.9953 -0.371836 0.707098 -0.601457 237.525
-0.612392 -0.240168 0.753189 17.6225 0.464635 0.661472 0.588701 69.5135 -0.639601 0.710475 -0.293489 255.564
-0.0699249 -0.183697 0.980492 41.9024 0.723031 0.667839 0.176685 48.1375 -0.687268 0.721281 0.0861204 284.277
0.502219 -0.144098 0.852649 42.2367 0.703418 0.641586 -0.305893 16.1731 -0.502969 0.753395 0.423579 314.256
0.905959 -0.131287 0.402493 16.9187 0.396749 0.595046 -0.698935 -13.6562 -0.14774 0.792896 0.591176 335.119
0.966656 -0.162118 -0.198223 -24.5343 -0.0733268 0.566428 -0.820842 -28.4732 0.245353 0.808008 0.535654 339.801
0.641597 -0.210177 -0.737684 -66.6131 -0.530744 0.572681 -0.624778 -21.6708 0.553772 0.792377 0.25588 326.438
0.0479446 -0.240663 -0.969423 -92.0931 -0.775761 0.602398 -0.187914 5.039 0.629203 0.76105 -0.157816 300.137
-0.572595 -0.22989 -0.786946 -89.2497 -0.692535 0.649364 0.314202 41.206 0.438783 0.724898 -0.53103 271.793
-0.948106 -0.194611 -0.251435 -58.379 -0.314417 0.691447 0.650418 71.3932 0.0472747 0.695721 -0.716755 253.839
-0.913245 -0.121324 0.388924 -12.6043 0.18037 0.735573 0.652993 82.2382 -0.365306 0.666494 -0.649875 253.844
-0.656941 -0.00520447 0.753923 32.4933 0.498952 0.746669 0.439923 75.1198 -0.565221 0.665175 -0.487921 265.868
-0.297882 0.013288 0.95451 68.8614 0.667582 0.71763 0.198348 54.8138 -0.682349 0.696299 -0.222639 289.564
0.136672 0.035634 0.989975 88.6623 0.697197 0.706477 -0.121682 24.7096 -0.703731 0.706839 0.0717124 322.055
0.502261 0.0619454 0.862494 90.0204 0.633845 0.652098 -0.415945 -10.6255 -0.588196 0.7556 0.28826 355.507
0.775689 0.0543577 0.628769 73.7823 0.463862 0.626456 -0.626407 -44.7722 -0.427946 0.777559 0.460721 387.075
0.948353 0.0372505 0.31502 41.412 0.234371 0.58694 -0.774966 -73.3773 -0.213765 0.808774 0.547896 412.092
0.998977 -0.0279802 -0.0355045 -2.55156 -0.0136505 0.562031 -0.827004 -92.7513 0.0430949 0.826643 0.561075 426.562
0.883331 -0.0923228 -0.459567 -53.2175 -0.33546 0.560271 -0.75734 -96.5586 0.327402 0.823149 0.463934 426.337
0.595474 -0.175599 -0.783948 -100.595 -0.572761 0.59147 -0.567546 -84.7493 0.563342 0.786974 0.251629 410.044
0.208795 -0.23775 -0.948619 -135.198 -0.699084 0.642024 -0.31478 -60.1126 0.683876 0.72889 -0.0321566 380.425
-0.198429 -0.258179 -0.945499 -151.348 -0.716904 0.696046 -0.0396085 -27.3494 0.668337 0.669973 -0.323206 343.875
-0.600965 -0.248932 -0.759521 -144.683 -0.611673 0.754915 0.236558 7.90125 0.514487 0.606742 -0.605943 306.842
-0.892449 -0.22375 -0.391752 -115.332 -0.393586 0.810569 0.433669 38.8188 0.220508 0.541216 -0.811457 277.283
-0.990921 -0.133389 0.016769 -70.7708 -0.102658 0.8313 0.546263 59.6589 -0.0868064 0.539582 -0.837446 260.832
-0.900465 -0.0372979 0.433325 -19.0095 0.21651 0.825652 0.520982 65.414 -0.377208 0.562946 -0.735395 260.309
-0.670001 0.0281983 0.741823 30.4328 0.478382 0.780531 0.402396 56.1729 -0.56767 0.624482 -0.536446 273.632
-0.403089 0.082651 0.91142 71.4138 0.635819 0.741593 0.21395 35.1871 -0.65822 0.66574 -0.351479 295.641
-0.120442 0.148445 0.981558 101.595 0.714028 0.69988 -0.0182315 4.8732 -0.689679 0.698665 -0.190289 323.132
0.200962 0.179389 0.963033 117.229 0.710674 0.649913 -0.269363 -31.776 -0.674208 0.738535 0.00312149 354.959
0.516764 0.125313 0.846906 115.863 0.642901 0.596457 -0.48054 -70.9444 -0.565361 0.792803 0.227664 387.782
0.797062 0.0449514 0.602221 95.6749 0.47728 0.564087 -0.673803 -107.726 -0.369993 0.824492 0.428158 417.071
0.961731 0.00559615 0.273935 59.5105 0.233009 0.509289 -0.828452 -137.909 -0.144148 0.860578 0.488495 438.076
0.988044 -0.0620587 -0.141126 11.454 -0.0955693 0.471744 -0.876541 -154.605 0.120973 0.879549 0.460174 446.439
0.808038 -0.14325 -0.571448 -40.1511 -0.409599 0.560581 -0.719707 -153.132 0.423442 0.815616 0.394295 439.432
0.431542 -0.17522 -0.884911 -83.3064 -0.6687 0.596282 -0.444172 -132.627 0.605485 0.783419 0.140151 417.401
-0.0334805 -0.103279 -0.994088 -108.258 -0.720379 0.691944 -0.0476264 -98.7478 0.692772 0.714526 -0.0975674 384.616
-0.515586 -0.0945466 -0.851605 -107.396 -0.601309 0.747972 0.281009 -60.8967 0.610408 0.656962 -0.442496 345.665
-0.866696 0.00512601 -0.498809 -80.2875 -0.307075 0.782548 0.541594 -29.6466 0.393118 0.622569 -0.676658 310.397
-0.994292 0.105603 0.0151902 -33.903 0.0871416 0.721691 0.686709 -13.4339 0.0615558 0.684113 -0.726774 289.881
-0.969278 0.21082 -0.126709 7.49206 0.0523938 0.680286 0.731072 5.38756 0.240323 0.701974 -0.670432 262.847
-0.915219 0.299221 -0.269888 42.5303 -0.00172675 0.666852 0.745188 26.8667 0.402951 0.682477 -0.6098 230.176
-0.829583 0.366268 -0.421473 69.549 -0.0851373 0.663016 0.743749 51.8255 0.551855 0.652885 -0.518843 193.439
-0.71727 0.404263 -0.567534 87.6986 -0.18526 0.674535 0.71462 80.4769 0.671716 0.617717 -0.40893 154.237
-0.578519 0.385597 -0.71877 95.6871 -0.295414 0.722329 0.625278 111.824 0.760293 0.57407 -0.303971 113.654
-0.348005 0.356555 -0.867041 89.3775 -0.377154 0.793462 0.477676 143.105 0.858282 0.493242 -0.141652 72.7954
-0.0217291 0.356638 -0.93399 66.8346 -0.457291 0.827212 0.326505 173.964 0.889052 0.4342 0.145113 38.063
0.324506 0.369715 -0.870635 30.8324 -0.440667 0.873548 0.206705 200.867 0.836964 0.316583 0.446393 13.3928
0.626842 0.300907 -0.718696 -14.6658 -0.437988 0.898964 -0.00562723 222.177 0.644388 0.318307 0.695302 3.69428
0.836639 0.233285 -0.495594 -63.4643 -0.388792 0.890246 -0.237285 235.225 0.385846 0.391205 0.835513 9.13203
0.972715 0.164853 -0.163243 -109.527 -0.216607 0.897357 -0.38449 236.946 0.0831032 0.409359 0.908581 29.6164
0.97183 0.0363203 0.232865 -145.539 0.066594 0.905472 -0.41915 225.529 -0.226076 0.42285 0.877547 62.6328
0.782259 -0.24446 0.572983 -164.893 0.399555 0.902565 -0.160414 206.631 -0.477939 0.354424 0.803715 103.727
0.460732 -0.337056 0.821047 -164.572 0.518045 0.853276 0.0595846 188.268 -0.720663 0.397887 0.567742 148.944
0.0364509 -0.385711 0.921899 -144.049 0.549464 0.778289 0.303901 174.471 -0.834722 0.495473 0.240304 191.06
-0.401954 -0.432968 0.806828 -108.051 0.505459 0.629809 0.58979 169.295 -0.763508 0.644887 -0.0343063 223.718
-0.780832 -0.390304 0.487816 -64.026 0.332531 0.401377 0.853417 177.433 -0.52889 0.828589 -0.183619 243.188
-0.906718 -0.365798 0.20989 -21.3375 0.0289602 0.442501 0.8963 199.547 -0.420742 0.81877 -0.39063 253.062
-0.953999 -0.253871 -0.159482 14.2506 -0.258285 0.425841 0.86715 232.888 -0.15223 0.868452 -0.471823 249.723
-0.850956 -0.150473 -0.503221 37.1787 -0.51458 0.430859 0.741329 273.844 0.105267 0.889786 -0.444073 236.322
-0.608054 -0.103446 -0.787127 42.842 -0.719968 0.48965 0.491822 316.743 0.33454 0.865761 -0.372211 215.321
-0.2503 -0.0499749 -0.966877 29.441 -0.813399 0.552499 0.182011 355.944 0.525102 0.832015 -0.17894 191.155
0.178311 -0.0576385 -0.982284 -1.73253 -0.791862 0.584177 -0.178022 385.092 0.584089 0.809577 0.0585229 170.563
0.535498 -0.083944 -0.840354 -43.924 -0.636369 0.614071 -0.466853 400.915 0.555227 0.784774 0.275415 156.378
0.796848 -0.110053 -0.594072 -90.83 -0.415768 0.613544 -0.671343 402.806 0.438373 0.781954 0.443144 151.042
0.940519 -0.180661 -0.287723 -136.702 -0.0948047 0.673687 -0.732911 390.355 0.326244 0.716594 0.616488 154.254
0.974759 -0.223258 -0.000174362 -177.099 0.151422 0.661692 -0.734327 367.709 0.16406 0.715765 0.678796 165.68
0.931273 -0.252464 0.262664 -209.242 0.36428 0.634387 -0.681801 337.576 0.00550015 0.730626 0.682756 183.765
0.804502 -0.245844 0.540682 -229.331 0.570627 0.572508 -0.588744 301.285 -0.164805 0.782174 0.60087 206.835
0.615786 -0.214432 0.758173 -236.308 0.724847 0.531393 -0.438428 262.573 -0.308874 0.819537 0.482655 232.785
0.362765 -0.164947 0.917166 -229.152 0.829838 0.504983 -0.237407 224.603 -0.423993 0.847222 0.32007 259.381
0.0705319 -0.0946228 0.993011 -208.527 0.869259 0.49414 -0.014656 190.702 -0.4893 0.864218 0.117105 283.517
-0.254674 -0.151764 0.955044 -176.056 0.870978 0.393109 0.294725 163.946 -0.420165 0.906881 0.0320687 302.924
-0.548936 -0.145059 0.82318 -135.108 0.760574 0.321797 0.563893 147.782 -0.346695 0.935631 -0.0663181 317.133
-0.818832 -0.107345 0.563906 -89.8375 0.552046 0.122019 0.824838 145.705 -0.15735 0.986706 -0.0406538 324.49
-0.964287 -0.0699997 0.25544 -46.6158 0.247001 0.110465 0.962699 158.743 -0.0956063 0.991412 -0.0892304 328.199
-0.996221 -0.0144491 -0.0856397 -10.3712 -0.0866182 0.0932713 0.991866 185.097 -0.00634423 0.995536 -0.0941704 328.332
-0.905297 0.0179485 -0.4244 14.3494 -0.419388 0.12091 0.89972 221.754 0.0674623 0.992501 -0.101932 325.423
-0.701102 0.0378852 -0.712054 24.7388 -0.698844 0.161907 0.69671 264.315 0.141682 0.986079 -0.087038 319.897
-0.472218 0.0711977 -0.878601 22.7628 -0.856374 0.199145 0.476409 308.19 0.208888 0.97738 -0.0330682 312.815
-0.212797 0.101067 -0.971855 8.82848 -0.944251 0.234453 0.231135 349.761 0.251214 0.96686 0.0455415 305.831
0.0707496 0.132576 -0.988644 -16.1302 -0.953656 0.299587 -0.0280719 385.129 0.292463 0.944813 0.147627 299.574
0.339388 0.137114 -0.930599 -50.1634 -0.90937 0.30082 -0.287323 412.98 0.240547 0.943773 0.226782 296.699
0.605259 0.156627 -0.780467 -90.1087 -0.76996 0.364052 -0.524051 429.858 0.202051 0.918115 0.340942 298.066
0.808701 0.145148 -0.57003 -132.82 -0.580386 0.354529 -0.733118 434.841 0.0956816 0.923711 0.37095 304.048
0.944448 0.131917 -0.301024 -174.037 -0.328549 0.402745 -0.854314 427.6 0.0085377 0.905757 0.423713 314.275
0.99066 0.108405 -0.0827104 -211.526 -0.12332 0.453488 -0.88269 412.169 -0.0581791 0.884645 0.462621 327.733
0.986675 0.0871536 0.137386 -243.594 0.0785881 0.484082 -0.871487 389.862 -0.142459 0.870672 0.470783 344.242
0.944789 0.121761 0.304214 -270.409 0.213284 0.476295 -0.853026 362.953 -0.248761 0.870814 0.424029 363.459
0.896471 0.159107 0.413551 -292.81 0.305128 0.4551 -0.83653 333.297 -0.321304 0.876111 0.359436 383.843
0.820586 0.165602 0.547005 -309.579 0.426925 0.458697 -0.779316 300.329 -0.379966 0.873025 0.305701 405.355
0.751057 0.201001 0.628896 -321.817 0.514466 0.41884 -0.748264 265.4 -0.413809 0.885535 0.211165 425.894
0.736312 0.221936 0.639209 -333.077 0.527518 0.403335 -0.747694 230.155 -0.423755 0.887731 0.179906 445.984
0.724842 0.162682 0.669431 -343.269 0.567951 0.408868 -0.714324 194.634 -0.389916 0.897977 0.20397 465.315
0.736903 0.153729 0.658286 -354.08 0.572323 0.376355 -0.728563 159.116 -0.35975 0.913633 0.189354 483.107
0.770977 0.0943914 0.629829 -366.774 0.558827 0.374071 -0.740124 123.783 -0.305462 0.922584 0.235652 500.109
0.782101 0.044181 0.621583 -380.261 0.563453 0.375898 -0.735678 88.7632 -0.266154 0.925608 0.269096 516.452
0.801979 0.0216134 0.59696 -395.027 0.554492 0.344778 -0.757408 53.2649 -0.222189 0.938436 0.264521 531.2
0.823168 -0.0026721 0.56779 -411.214 0.541102 0.306705 -0.783033 17.4975 -0.172052 0.951801 0.253916 543.994
0.83216 -0.0439781 0.552788 -427.896 0.542352 0.272356 -0.794781 -18.2965 -0.115602 0.961191 0.250495 554.662
0.838127 -0.066379 0.541421 -445.153 0.539395 0.248641 -0.804507 -54.3549 -0.0812167 0.966319 0.244197 564.06
0.846128 -0.104259 0.522682 -463.262 0.53151 0.237842 -0.812976 -90.3621 -0.0395557 0.965692 0.25666 572.144
0.863849 -0.108744 0.491873 -482.545 0.50367 0.203964 -0.839474 -125.827 -0.00903609 0.97292 0.230966 578.598
0.858515 -0.121385 0.498214 -501.773 0.512323 0.161674 -0.843437 -161.559 0.0218322 0.97935 0.200988 583.314
0.871883 -0.145787 0.467509 -522.409 0.484617 0.119485 -0.866528 -196.63 0.0704686 0.982074 0.174828 585.805
0.864722 -0.219122 0.451929 -542.938 0.478587 0.0865488 -0.873765 -232.334 0.152348 0.971851 0.17971 585.694
0.864932 -0.271553 0.422078 -564.173 0.447388 0.0360354 -0.893614 -267.123 0.227455 0.961748 0.152658 582.447
0.858233 -0.321996 0.399691 -585.996 0.42502 0.00928868 -0.905137 -301.817 0.287739 0.946695 0.144827 576.831
0.851432 -0.377177 0.364418 -608.18 0.388512 -0.0131634 -0.92135 -335.826 0.352309 0.926047 0.13533 568.749
0.833896 -0.444365 0.327347 -630.347 0.356359 -0.0194069 -0.934148 -369.024 0.421456 0.895635 0.14217 558.356
0.834785 -0.463902 0.296527 -652.843 0.304725 -0.0592734 -0.950594 -400.83 0.458559 0.883901 0.0918823 545.51
0.820501 -0.524094 0.228259 -676.354 0.245475 -0.0375816 -0.968675 -430.855 0.516255 0.85083 0.0978163 530.601
0.803948 -0.552579 0.219825 -700.35 0.231854 -0.0491563 -0.971508 -461.052 0.547642 0.832009 0.0885989 513.9
0.824483 -0.523124 0.215795 -724.964 0.179006 -0.120659 -0.976422 -489.145 0.536828 0.843672 -0.00583871 495.695
0.829588 -0.535873 0.156919 -751.544 0.0889811 -0.150565 -0.984588 -514.991 0.551241 0.830765 -0.0772238 475.001
0.826395 -0.559586 0.0627175 -780.005 -0.0556307 -0.191972 -0.979823 -535.48 0.560335 0.806232 -0.189775 451.59
0.821901 -0.566826 -0.0564473 -811.28 -0.215939 -0.218339 -0.951682 -550.471 0.527114 0.794378 -0.301853 426.499
0.79829 -0.575894 -0.176291 -844.843 -0.378594 -0.252187 -0.890544 -558.779 0.468401 0.777655 -0.419349 400.415
0.719014 -0.632852 -0.287256 -878.313 -0.510214 -0.199999 -0.83647 -561.075 0.471911 0.747996 -0.466693 373.012
0.650608 -0.662349 -0.371486 -911.65 -0.623889 -0.187281 -0.758742 -557.394 0.43298 0.72541 -0.535079 345.134
0.580305 -0.682135 -0.444901 -944.309 -0.734336 -0.202068 -0.648012 -546.895 0.352132 0.702751 -0.618178 318.111
0.458864 -0.687751 -0.562531 -975.81 -0.843731 -0.138836 -0.518502 -528.835 0.278501 0.712546 -0.643984 292.867
0.322157 -0.702817 -0.634242 -1003.95 -0.931765 -0.116916 -0.343724 -503.14 0.167422 0.701697 -0.692525 270.614
0.160448 -0.711875 -0.683732 -1027.16 -0.986731 -0.098228 -0.129281 -469.991 0.0248703 0.695402 -0.71819 253.052
0.0187294 -0.716787 -0.69704 -1045.12 -0.997645 -0.0594117 0.0342882 -432.945 -0.0659897 0.694756 -0.716212 239.25
-0.167022 -0.653277 -0.738466 -1057.12 -0.980153 0.0288922 0.196126 -392.867 -0.106789 0.756567 -0.645137 228.815
-0.334403 -0.619023 -0.710622 -1062.32 -0.926799 0.0792399 0.367105 -350.63 -0.170937 0.781365 -0.600208 221.817
-0.517002 -0.5458 -0.659401 -1059.7 -0.829063 0.127609 0.5444 -307.887 -0.212988 0.828141 -0.518477 218.317
-0.659083 -0.561161 -0.500706 -1048.36 -0.684689 0.17228 0.708181 -266.477 -0.311142 0.809579 -0.497768 218.825
-0.740447 -0.625658 -0.245537 -1028.26 -0.495471 0.261272 0.828399 -228.889 -0.454143 0.735043 -0.503454 224.253
-0.806025 -0.580411 -0.115958 -1002.67 -0.352936 0.314042 0.881371 -194.995 -0.475142 0.751332 -0.457974 231.647
-0.837033 -0.547124 0.00556196 -972.985 -0.210183 0.330907 0.919959 -165.272 -0.505172 0.768867 -0.391976 241.794
-0.873966 -0.469945 0.123827 -939.15 -0.0366067 0.31773 0.947475 -141.169 -0.484605 0.823528 -0.294888 253.466
-0.879168 -0.416189 0.232055 -902.51 0.110292 0.296035 0.948789 -122.158 -0.463572 0.859738 -0.214362 266.272
-0.879294 -0.35038 0.322606 -863.978 0.230996 0.278617 0.932209 -108.275 -0.416512 0.894207 -0.16405 278.659
-0.850484 -0.314061 0.42195 -824.134 0.351001 0.2586 0.899958 -99.1232 -0.391759 0.913505 -0.109699 291.434
-0.803502 -0.285145 0.522567 -783.481 0.471163 0.231917 0.851011 -95.1178 -0.363854 0.930004 -0.0519958 304.551
-0.730701 -0.233941 0.641363 -742.413 0.60334 0.218325 0.767017 -97.5625 -0.319463 0.947421 -0.0183837 317.009
-0.637841 -0.185826 0.747413 -701.83 0.728295 0.170099 0.663817 -106.748 -0.250489 0.967748 0.0268404 328.35
-0.511654 -0.0844363 0.855032 -663.225 0.839032 0.165208 0.518394 -122.939 -0.18503 0.982638 -0.0136845 336.341
-0.346143 -0.0430457 0.937194 -628.644 0.928852 0.12481 0.348795 -146.264 -0.131985 0.991247 -0.00321852 342.751
-0.152127 -0.00715956 0.988335 -599.411 0.983812 0.0947337 0.152117 -176.171 -0.0947177 0.995477 -0.00736747 347.729
0.067342 0.0113204 0.997666 -577.169 0.995691 0.0631371 -0.0679251 -211.757 -0.0637585 0.997941 -0.00701943 351.59
0.202658 0.0107127 0.979191 -559.896 0.979132 0.0133164 -0.202792 -249.998 -0.0152115 0.999854 -0.00779005 353.736
0.400129 0.022496 0.916182 -550.951 0.916379 -0.0230271 -0.39965 -291.307 0.0121068 0.999482 -0.0298284 354.317
0.634577 0.0453365 0.771529 -553.654 0.772436 -0.0702879 -0.631192 -333.669 0.0256134 0.996496 -0.0796224 353.205
0.818315 0.0263946 0.574163 -567.687 0.572885 -0.118299 -0.811054 -373.998 0.0465156 0.992627 -0.111926 350.539
0.938648 0.0166106 0.344475 -591.805 0.342276 -0.167276 -0.92459 -409.877 0.0422649 0.98577 -0.162699 346.726
0.995015 0.0209866 0.0974883 -624.076 0.0997123 -0.222844 -0.969742 -438.414 0.00137354 0.974628 -0.223826 342.811
0.982007 0.00912929 -0.188623 -662.47 -0.174973 -0.331748 -0.927 -456.053 -0.0710377 0.943324 -0.324182 338.913
0.908347 -0.050702 -0.415131 -703.549 -0.404972 -0.354464 -0.842825 -463.464 -0.104416 0.933694 -0.34251 335.775
0.762823 -0.110279 -0.637134 -745.287 -0.625486 -0.375638 -0.68386 -459.546 -0.163916 0.920182 -0.355523 334.317
0.572373 -0.163685 -0.80349 -785.189 -0.792747 -0.360952 -0.491188 -445.149 -0.209621 0.918107 -0.336361 334.855
0.346514 -0.240393 -0.906719 -820.401 -0.906599 -0.334005 -0.257915 -420.833 -0.240847 0.911401 -0.333678 336.574
0.0365544 -0.226607 -0.9733 -846.441 -0.972946 -0.2304 0.0171014 -387.42 -0.228124 0.946343 -0.228899 340.55
-0.296282 -0.219274 -0.929589 -860.011 -0.923615 -0.182065 0.337325 -347.632 -0.243213 0.958526 -0.148582 347.112
-0.618941 -0.266407 -0.738877 -858.125 -0.749106 -0.0825771 0.657284 -305.958 -0.23612 0.960317 -0.148457 353.39
-0.849421 -0.20897 -0.484577 -841.284 -0.490096 -0.028108 0.871216 -267.087 -0.195679 0.977518 -0.0785399 360.351
-0.98479 -0.173748 0.000598411 -808.326 -0.000928631 0.00870745 0.999962 -242.445 -0.173747 0.984752 -0.00873616 367.926
-0.886969 -0.117347 0.446672 -767.459 0.454864 -0.0546267 0.888885 -236.158 -0.079908 0.991587 0.101829 375.102
-0.596635 -0.0841682 0.798087 -728.115 0.801859 -0.102677 0.588626 -249.082 0.0324011 0.991148 0.128752 379.057
-0.142813 -0.0480113 0.988584 -699.658 0.980491 -0.14317 0.134691 -278.691 0.135069 0.988533 0.0675215 378.065
0.27983 -0.100184 0.954808 -686.221 0.933253 -0.204951 -0.295018 -317.001 0.225245 0.973632 0.0361459 373.319
0.651065 -0.166673 0.740495 -690.277 0.702658 -0.236576 -0.671047 -356.973 0.287029 0.957211 -0.0369117 364.71
0.902416 -0.214244 0.373825 -711.861 0.316019 -0.260643 -0.912249 -390.379 0.29288 0.941363 -0.167503 352.521
0.958143 -0.2672 -0.10279 -747.177 -0.172231 -0.251182 -0.952494 -408.386 0.228688 0.930329 -0.286688 339.47
0.773328 -0.293921 -0.561759 -787.928 -0.621636 -0.177342 -0.762968 -406.424 0.124629 0.939234 -0.319855 328.943
0.382725 -0.339716 -0.859135 -823.497 -0.923805 -0.15107 -0.351799 -383.582 -0.0102776 0.928316 -0.37165 321.625
-0.0934821 -0.30152 -0.948866 -844.88 -0.987875 -0.0905653 0.126104 -345.907 -0.123957 0.949149 -0.289399 320.363
-0.550992 -0.264013 -0.791646 -846.147 -0.811328 -0.0525692 0.582223 -302.93 -0.195331 0.963085 -0.185237 324.345
-0.87693 -0.204662 -0.434863 -826.888 -0.437903 -0.0326574 0.898429 -264.935 -0.198077 0.978288 -0.0609841 331.652
-0.990202 -0.138034 0.021112 -791.487 0.024007 -0.0193426 0.999525 -240.11 -0.13756 0.990239 0.0224671 339.221
-0.86206 -0.0806588 0.500347 -747.715 0.505304 -0.0608164 0.860797 -236.309 -0.0390018 0.994885 0.093185 345.38
-0.579967 -0.0591796 0.812488 -706.682 0.813113 -0.103106 0.572903 -250.818 0.0498681 0.992909 0.107918 348.677
-0.114015 -0.04379 0.992513 -677.974 0.977754 -0.181993 0.10429 -282.591 0.176063 0.982325 0.0635662 346.52
0.390909 -0.0463731 0.91926 -668.59 0.884918 -0.255807 -0.389209 -324.354 0.253203 0.965615 -0.0589606 338.545
0.819851 -0.0620415 0.569205 -683.361 0.520868 -0.33203 -0.786418 -364.051 0.237785 0.941226 -0.2399 326.287
0.990783 -0.12842 -0.043099 -719.665 -0.0995337 -0.474369 -0.874682 -383.864 0.0918824 0.870909 -0.482779 312.279
0.763571 -0.189639 -0.617249 -763.641 -0.618563 -0.48914 -0.614917 -377.162 -0.185308 0.85134 -0.490797 307.473
0.274436 -0.118774 -0.954242 -798.483 -0.873123 -0.446574 -0.195522 -349.724 -0.402916 0.886829 -0.226261 317.879
-0.307638 -0.0373413 -0.95077 -812.252 -0.838496 -0.461679 0.289442 -310.215 -0.44976 0.886261 0.110719 338.843
-0.822649 0.0546403 -0.565917 -795.773 -0.508268 -0.516726 0.688955 -272.55 -0.25478 0.854406 0.452856 361.652
-0.994022 0.0334479 0.10393 -753.622 0.0662613 -0.571747 0.81775 -253.437 0.0867734 0.819748 0.566113 374.529
-0.702646 0.101923 0.704201 -706.493 0.538057 -0.571497 0.619586 -258.407 0.465599 0.81425 0.346721 366.426
-0.0992404 0.155749 0.982799 -675.359 0.786903 -0.592239 0.173314 -286.013 0.609045 0.790567 -0.0637846 341.044
0.547171 0.235448 0.803223 -675.301 0.700037 -0.654797 -0.284938 -323.371 0.45886 0.718196 -0.523108 308.622
0.943247 0.219432 0.249268 -706.879 0.32485 -0.765563 -0.555326 -352.991 0.0689748 0.604784 -0.793397 284.478
0.905446 0.1177 -0.407815 -755.339 -0.128841 -0.839243 -0.528273 -363.297 -0.404433 0.530866 -0.744725 281.108
0.455445 -0.118672 -0.882319 -798.813 -0.494704 -0.857711 -0.14 -347.769 -0.74016 0.500249 -0.449348 299.768
-0.191133 -0.193688 -0.962264 -817.858 -0.532328 -0.803195 0.267405 -319.083 -0.824679 0.56335 0.0504115 336.304
-0.722445 -0.240914 -0.6481 -806.704 -0.299868 -0.735426 0.607641 -290.814 -0.623019 0.633332 0.459063 375.316
-0.973923 -0.226679 0.00955633 -766.728 0.180553 -0.748862 0.637657 -281.444 -0.137387 0.622754 0.770261 403.184
-0.729743 -0.177027 0.660406 -718.582 0.532263 -0.753355 0.386203 -293.679 0.429151 0.633339 0.643981 404.164
-0.0545546 -0.0725757 0.99587 -688.805 0.636015 -0.771381 -0.0213741 -321.568 0.769746 0.632222 0.0882422 375.645
0.636785 -0.128199 0.760309 -694.165 0.437183 -0.752218 -0.492991 -354.252 0.635119 0.646324 -0.422954 338.607
0.984245 -0.153524 0.0877014 -732.639 -0.0638486 -0.771177 -0.633412 -370.214 0.164877 0.617833 -0.768829 311.333
0.744505 -0.307352 -0.592661 -780.196 -0.537102 -0.803005 -0.258276 -356.347 -0.396527 0.510607 -0.76292 307.262
0.197399 -0.483154 -0.852992 -812.599 -0.609202 -0.742166 0.279398 -324.539 -0.768054 0.464491 -0.440842 327.417
-0.384765 -0.53996 -0.748598 -818.051 -0.331205 -0.676257 0.658013 -293.524 -0.861545 0.501119 0.081362 366.279
-0.737689 -0.583782 -0.339136 -797.854 0.192603 -0.663415 0.723039 -282.509 -0.647085 0.468059 0.601832 410.145
-0.78593 -0.599596 0.15099 -762.309 0.59336 -0.662704 0.456889 -295.542 -0.173888 0.448674 0.876616 441.612
-0.49615 -0.626694 0.600908 -726.704 0.75759 -0.650578 -0.0529778 -329.018 0.424138 0.428957 0.797561 446.11
0.0803037 -0.543359 0.835651 -708.293 0.543874 -0.678678 -0.493556 -365.837 0.835316 0.494123 0.241019 418.618
0.708013 -0.407475 0.576786 -722.854 0.0208538 -0.804328 -0.593821 -383.779 0.705893 0.43246 -0.560976 374.772
0.886314 -0.41484 -0.205803 -766.061 -0.462881 -0.780443 -0.4203 -376.931 0.0137403 0.467779 -0.883739 350.918
0.459571 -0.409636 -0.788031 -806.932 -0.645104 -0.763811 0.0208277 -350.637 -0.610438 0.49879 -0.615284 360.435
-0.304956 -0.41323 -0.858046 -817.895 -0.397106 -0.763731 0.508942 -321.714 -0.865627 0.49594 0.0688076 398.6
-0.860616 -0.429714 -0.273287 -790.413 0.159083 -0.73664 0.657309 -311.704 -0.48377 0.522215 0.702324 437.972
-0.596254 -0.350723 0.722132 -747.115 0.780913 -0.46198 0.420416 -333.186 0.18616 0.814597 0.549342 446.106
0.27988 0.2601 0.92413 -733.559 0.932387 -0.302995 -0.197101 -377.452 0.228741 0.916811 -0.327316 429.134
0.875129 0.335888 0.348323 -760.052 0.456046 -0.331843 -0.825775 -419.041 -0.161778 0.881511 -0.443585 425.165
0.780411 0.317316 -0.538766 -806.12 -0.317966 -0.540524 -0.77893 -427.452 -0.538383 0.779195 -0.320936 439.868
0.10135 0.299064 -0.948835 -835.128 -0.781432 -0.566335 -0.261972 -403.144 -0.615705 0.768002 0.1763 470.96
-0.635252 0.317546 -0.704003 -827.284 -0.713291 -0.59072 0.377183 -364.731 -0.296096 0.741765 0.601758 500.121
-0.947589 0.318151 -0.0292273 -788.938 -0.237349 -0.63977 0.731 -336.71 0.213869 0.699625 0.681752 510.37
-0.652064 0.248242 0.716372 -743.671 0.369623 -0.720894 0.586252 -336.982 0.66196 0.647061 0.378313 494.209
0.101552 0.182307 0.977983 -722.311 0.63136 -0.771531 0.0782631 -360.959 0.768812 0.609512 -0.193451 458.937
0.803906 0.153543 0.574595 -739.131 0.467301 -0.760699 -0.450519 -391.705 0.36792 0.630684 -0.683281 427.124
0.958757 0.0946826 -0.267994 -783.517 -0.129239 -0.694548 -0.707743 -405.656 -0.253145 0.713189 -0.653667 420.404
0.453867 0.125426 -0.882198 -823.894 -0.650884 -0.629498 -0.424361 -391.965 -0.608568 0.766812 -0.204071 439.13
-0.273579 0.195075 -0.94186 -837.472 -0.801372 -0.587771 0.111034 -358.957 -0.531939 0.785157 0.317129 468.291
-0.822244 0.194037 -0.535037 -819.78 -0.530817 -0.600569 0.597955 -323.619 -0.205301 0.775672 0.596812 492.215
-0.974644 0.206481 0.0862283 -780.173 -0.0667354 -0.636048 0.768759 -301.55 0.213579 0.743512 0.633699 501.208
-0.567602 0.188199 0.801504 -737.466 0.538725 -0.651273 0.534434 -308.931 0.622577 0.735137 0.268277 484.819
0.276667 0.179775 0.944 -723.492 0.749547 -0.655111 -0.0949172 -341.003 0.601361 0.733834 -0.315997 453.942
0.88056 0.142755 0.451923 -745.313 0.433923 -0.626314 -0.647643 -374.73 0.190592 0.766389 -0.613452 431.516
0.917846 0.148258 -0.368211 -789.137 -0.212282 -0.600487 -0.770942 -386.723 -0.335404 0.785771 -0.519682 431.467
0.275963 0.12681 -0.952766 -824.048 -0.740896 -0.60341 -0.294908 -366.805 -0.612306 0.787284 -0.0725658 452.908
-0.624739 0.107911 -0.773341 -820.236 -0.660863 -0.600583 0.450068 -330.142 -0.415888 0.792247 0.446522 480.515
-0.988155 0.110337 0.106661 -781.033 0.018162 -0.60606 0.795212 -310.663 0.152383 0.787729 0.596877 489.744
-0.503869 0.199037 0.840536 -742.363 0.622219 -0.591317 0.513019 -320.596 0.599132 0.781492 0.174103 472.026
0.361966 0.132813 0.922682 -732.944 0.737757 -0.645849 -0.196455 -351.931 0.569821 0.751824 -0.331759 443.106
0.966868 0.0654527 0.246745 -761.526 0.234753 -0.607707 -0.758672 -378.277 0.100292 0.79146 -0.602937 424.941
0.74102 0.118641 -0.660919 -804.032 -0.487952 -0.581029 -0.65139 -376.469 -0.461295 0.805189 -0.372663 432.354
-0.0985522 0.240196 -0.965709 -823.865 -0.827171 -0.559283 -0.0546935 -347.185 -0.553241 0.793416 0.253801 458.766
-0.847154 0.26912 -0.458153 -803.192 -0.521078 -0.589486 0.61724 -312.369 -0.103964 0.761631 0.639617 478.227
-0.835771 0.221241 0.502532 -759.78 0.230149 -0.689795 0.686451 -302.978 0.498515 0.689373 0.525593 473.346
-0.0142884 0.21092 0.977399 -734.332 0.833416 -0.537573 0.128191 -330.182 0.552462 0.816412 -0.168103 448.606
0.657981 0.581471 0.478491 -746.064 0.743409 -0.400306 -0.535816 -372.133 -0.120018 0.708271 -0.695664 434.726
0.701165 0.657386 -0.276063 -780.263 0.0618029 -0.441765 -0.895 -399.182 -0.710315 0.610481 -0.350379 452.449
0.160128 0.694701 -0.701249 -805.404 -0.651363 -0.459422 -0.60387 -391.143 -0.741677 0.553465 0.378936 491.425
-0.518836 0.659544 -0.543885 -800.06 -0.839253 -0.514042 0.177245 -354.82 -0.162679 0.548419 0.820227 520.174
-0.792266 0.596076 0.130418 -766.023 -0.294291 -0.560519 0.774088 -323.488 0.534517 0.574902 0.6195 516.724
-0.359629 0.56596 0.74186 -731.128 0.508709 -0.547585 0.664354 -325.171 0.782229 0.616312 -0.0909815 484.775
0.370635 0.724115 0.581624 -728.528 0.877455 -0.478283 0.0363056 -358.337 0.304471 0.496894 -0.812647 451.094
0.68494 0.720006 0.111577 -751.008 0.586919 -0.4545 -0.670042 -399.711 -0.431722 0.524425 -0.73389 447.99
0.546292 0.754173 -0.364403 -781.295 -0.086097 -0.382193 -0.920063 -422.262 -0.833158 0.533997 -0.143857 476.417
0.163119 0.794859 -0.584459 -802.881 -0.697341 -0.326176 -0.63822 -413.603 -0.697931 0.511674 0.501082 517.43
-0.244528 0.857796 -0.452099 -805.324 -0.952174 -0.300528 -0.0552071 -378.94 -0.183225 0.416978 0.890258 549.871
-0.469996 0.835667 -0.28419 -794.405 -0.776613 -0.238487 0.583093 -332.643 0.419496 0.494758 0.761077 555.863
-0.552084 0.829785 -0.0816154 -774.45 -0.338289 -0.133452 0.931532 -293.38 0.762079 0.541894 0.354384 536.941
-0.561154 0.824046 0.0778059 -749.444 0.185204 0.0333869 0.982133 -272.66 0.806725 0.565539 -0.171352 501.255
-0.462455 0.83518 0.297676 -721.797 0.667453 0.106922 0.736937 -277.906 0.583646 0.539485 -0.606889 461.548
-0.224749 0.853583 0.469984 -698.381 0.955432 0.0982963 0.278368 -308.297 0.191412 0.511601 -0.837632 430.562
0.0416834 0.883523 0.46653 -685.75 0.976883 0.0619499 -0.204604 -353.446 -0.209673 0.464275 -0.860516 415.065
0.297602 0.903485 0.308462 -688.122 0.739394 -0.0137346 -0.673134 -402.987 -0.603929 0.428402 -0.672118 421.302
0.43441 0.896654 0.0854378 -702.567 0.325539 -0.0678543 -0.943091 -443.363 -0.839829 0.437502 -0.321373 447.436
0.44496 0.870865 -0.208818 -726.077 -0.180739 -0.141049 -0.973365 -463.71 -0.877123 0.47085 0.0946376 487.469
0.294875 0.819678 -0.491099 -751.588 -0.631647 -0.218435 -0.743848 -458.513 -0.716988 0.529543 0.453335 531.528
0.00928097 0.763855 -0.645321 -769.462 -0.911152 -0.259413 -0.320167 -428.914 -0.411966 0.590958 0.69358 569.866
-0.292684 0.735859 -0.610613 -773.36 -0.955573 -0.248387 0.158697 -383.358 -0.03489 0.629934 0.775865 594.513
-0.500687 0.693296 -0.518318 -765.719 -0.796697 -0.134921 0.589128 -332.167 0.338507 0.707911 0.6199 598.694
-0.660529 0.70499 -0.258248 -743.115 -0.439511 -0.0842046 0.894282 -287.059 0.608714 0.704202 0.36547 583.424
-0.675819 0.734404 0.062603 -709.918 0.0222602 -0.0645598 0.997666 -259.191 0.736731 0.675636 0.027283 552.1
-0.557241 0.757722 0.339618 -673.661 0.48449 -0.0354683 0.874078 -255.674 0.674354 0.651614 -0.347344 512.352
-0.338977 0.802722 0.490645 -642.632 0.825861 0.00410173 0.56386 -276.833 0.45061 0.59634 -0.664327 473.188
-0.05725 0.825782 0.561077 -622.258 0.992105 -0.0157588 0.124424 -319.028 0.111589 0.563771 -0.818359 444.804
0.209468 0.840048 0.500443 -615.959 0.944717 -0.0418306 -0.325209 -372.369 -0.252257 0.540898 -0.802369 433.662
0.446712 0.834231 0.323275 -625.883 0.628106 -0.0351099 -0.777336 -424.337 -0.637127 0.550297 -0.539669 448.106
0.561644 0.822988 0.0851303 -648.064 0.14352 0.00442376 -0.989638 -459.991 -0.814836 0.568043 -0.115631 483.131
0.528711 0.824773 -0.200536 -677.172 -0.375838 0.015643 -0.926554 -469.67 -0.761059 0.565249 0.318251 528.516
0.399017 0.828694 -0.392494 -706.017 -0.77396 0.0748457 -0.628797 -451.958 -0.491703 0.554676 0.67124 571.92
0.164912 0.828045 -0.535861 -728.23 -0.978492 0.0690885 -0.194372 -411.806 -0.123927 0.55639 0.821628 602.695
-0.161433 0.825042 -0.541521 -735.361 -0.93542 0.0469614 0.350406 -357.737 0.31453 0.563117 0.76418 611.283
-0.408534 0.844545 -0.346186 -725.289 -0.606054 0.0326094 0.794756 -306.247 0.682495 0.534492 0.498517 594.961
-0.506541 0.858671 -0.0781064 -702.874 -0.0398912 0.0671517 0.996946 -275.098 0.861293 0.50811 0.000238502 555.828
-0.438104 0.870309 0.225009 -674.45 0.541273 0.055554 0.83901 -275.45 0.717697 0.489365 -0.495412 508.365
-0.212881 0.888122 0.407334 -650.692 0.927899 0.0531641 0.369022 -308.257 0.306081 0.456523 -0.835405 469.392
0.067469 0.905438 0.419083 -639.854 0.98435 0.00813168 -0.176042 -360.762 -0.162802 0.424402 -0.890718 450.998
0.265781 0.921923 0.281814 -642.612 0.719218 0.0050342 -0.694767 -415.897 -0.64194 0.387342 -0.661725 462.343
0.365813 0.925988 0.0934237 -655.794 0.178113 0.0288711 -0.983587 -453.91 -0.913486 0.376449 -0.154369 501.832
0.367146 0.913194 -0.176867 -676.995 -0.508163 0.037656 -0.860438 -455.591 -0.779086 0.405784 0.477876 553.574
0.206142 0.877081 -0.433861 -698.327 -0.945971 0.0652136 -0.317629 -420.316 -0.250292 0.475897 0.843135 591.374
-0.0909227 0.902241 -0.421539 -705.206 -0.920129 0.0857977 0.382102 -365.172 0.380915 0.422612 0.822377 598.658
-0.311326 0.904066 -0.292815 -697.725 -0.485611 0.11351 0.866775 -316.007 0.816859 0.412044 0.403685 572.609
-0.43033 0.901377 -0.0483315 -677.427 0.165995 0.131651 0.9773 -294.499 0.887278 0.412539 -0.206277 525.197
-0.343587 0.911931 0.224345 -653.083 0.72091 0.103018 0.68533 -307.951 0.601862 0.397203 -0.692815 476.705
-0.078138 0.926534 0.368009 -637.176 0.994557 0.0469217 0.0930356 -351.784 0.0689332 0.373276 -0.925156 446.812
0.205483 0.897908 0.389279 -634 0.845217 0.037692 -0.533094 -407.308 -0.493341 0.438567 -0.751182 448.601
0.425977 0.869445 0.250219 -645.391 0.434207 0.0461698 -0.89963 -454.499 -0.793731 0.491869 -0.357851 476.312
0.488306 0.870356 -0.063546 -668.96 -0.155895 0.0153533 -0.987655 -476.338 -0.858635 0.492184 0.143181 521.805
0.354755 0.86085 -0.364811 -694.796 -0.674361 -0.0346731 -0.737589 -466.647 -0.647602 0.507678 0.568222 569.202
0.083772 0.83787 -0.539404 -713.358 -0.972386 -0.0495949 -0.228053 -427.861 -0.217831 0.543613 0.810577 604.139
-0.197592 0.820782 -0.535981 -718.721 -0.945726 -0.0157114 0.324587 -373.611 0.257993 0.571027 0.779338 616.032
-0.402225 0.829452 -0.387589 -709.994 -0.669272 0.0224917 0.742678 -319.933 0.624732 0.558126 0.546082 603.673
-0.52165 0.847984 -0.0938374 -686.647 -0.183653 -0.00420043 0.982983 -281.834 0.833159 0.530006 0.157926 569.591
-0.496984 0.855051 0.147973 -657.478 0.299548 0.00900379 0.95404 -267.363 0.814419 0.518467 -0.260603 524.234
-0.338078 0.876357 0.343078 -629.769 0.714438 0.00169367 0.699698 -280.351 0.612604 0.481661 -0.626674 477.149
-0.128648 0.862825 0.488859 -607.614 0.957756 -0.0197528 0.286906 -317.796 0.257206 0.505118 -0.823834 441.056
0.101603 0.861248 0.497926 -596.254 0.989745 -0.036988 -0.137983 -369.268 -0.10042 0.506839 -0.856172 421.212
0.331065 0.826962 0.454456 -597.19 0.857319 -0.0624042 -0.51099 -425.242 -0.394209 0.558785 -0.72963 419.231
0.502457 0.814464 0.290149 -611.119 0.591232 -0.0788041 -0.802644 -477.1 -0.630858 0.574839 -0.521132 434.644
0.582862 0.811883 0.0334589 -636.273 0.216198 -0.115257 -0.969524 -516.202 -0.783282 0.572332 -0.242707 465.267
0.564318 0.798762 -0.208626 -667.622 -0.22693 -0.0928896 -0.969472 -534.334 -0.793756 0.594434 0.128844 507.247
0.463566 0.759697 -0.456035 -701.465 -0.612607 -0.097056 -0.784407 -529.013 -0.640172 0.642994 0.420404 550.5
0.285842 0.805196 -0.519571 -728.741 -0.909353 0.0568877 -0.41212 -498.725 -0.30228 0.590275 0.748467 587.45
0.138833 0.908432 -0.394306 -745.272 -0.978921 0.186117 0.084118 -450.653 0.149802 0.374316 0.915122 607.819
-0.0294682 0.89783 -0.439356 -755.387 -0.807605 0.237615 0.539737 -396.898 0.588989 0.370731 0.718089 602.109
-0.188451 0.884261 -0.427282 -757.834 -0.418517 0.321284 0.849484 -352.061 0.888443 0.33891 0.309532 570.589
-0.35334 0.895172 -0.271694 -748.242 0.103244 0.325969 0.939727 -328.754 0.929781 0.303993 -0.207599 522.43
-0.421639 0.904147 -0.0688414 -729.51 0.593582 0.332608 0.732826 -333.903 0.685479 0.268125 -0.676925 471.604
-0.392325 0.918467 0.0500002 -708.891 0.906268 0.376671 0.191832 -368.687 0.157358 0.120574 -0.980154 436.073
-0.262536 0.95796 0.115703 -692.154 0.841976 0.286003 -0.457472 -419.669 -0.471331 -0.0226829 -0.881665 431.608
-0.156542 0.957912 0.240625 -676.568 0.50964 0.287031 -0.8111 -466.184 -0.846028 -0.00433861 -0.533122 453.939
0.0222011 0.943529 0.330547 -666.413 0.0379644 0.329595 -0.94336 -495.645 -0.999033 0.033493 -0.0285036 498.668
0.211679 0.932847 0.291528 -666.057 -0.444498 0.357542 -0.821333 -499.583 -0.870411 0.0442753 0.490332 553.644
0.29015 0.95625 0.037405 -677.219 -0.834169 0.271877 -0.479841 -475.018 -0.469017 0.108024 0.876558 602.708
0.2341 0.96114 -0.146312 -691.548 -0.967663 0.244894 0.0604765 -427.15 0.0939569 0.127424 0.987388 629.286
0.106559 0.960383 -0.257509 -703.487 -0.750431 0.247583 0.612827 -371.466 0.652303 0.127941 0.747083 622.205
-0.0495793 0.972432 -0.227855 -707.068 -0.232999 0.21058 0.949405 -329.405 0.971213 0.100161 0.216135 582.774
-0.20904 0.95912 -0.190769 -701.782 0.383724 0.259882 0.886126 -318.805 0.899477 0.112033 -0.422362 525.904
-0.288671 0.957125 -0.0241201 -687.109 0.860359 0.270375 0.432067 -346.162 0.420063 0.103974 -0.901519 476.093
-0.215777 0.965636 0.144876 -670.132 0.937361 0.246405 -0.246253 -400.539 -0.273489 0.0826655 -0.958317 457.724
-0.0734925 0.967928 0.240241 -656.839 0.550511 0.24024 -0.799515 -454.851 -0.831587 0.0734976 -0.550511 480.879
0.110373 0.966273 0.232668 -652.996 -0.0866036 0.242558 -0.966265 -482.893 -0.99011 0.0864995 0.110454 534.383
0.256124 0.962992 0.0839512 -661.286 -0.636624 0.233397 -0.735009 -476.145 -0.727401 0.134808 0.672841 592.786
0.312643 0.942977 -0.114233 -678.989 -0.916563 0.267922 -0.296872 -441.053 -0.249338 0.197517 0.94806 637.068
0.243536 0.943491 -0.224759 -697.157 -0.92434 0.295965 0.240839 -386.889 0.293749 0.149101 0.944183 654.646
0.10429 0.959171 -0.2629 -709.713 -0.645059 0.266435 0.71618 -330.494 0.756983 0.0948954 0.646507 639.204
-0.0675438 0.942011 -0.328715 -716.093 -0.0989812 0.321515 0.941718 -293.284 0.992795 0.0961441 0.0715252 592.834
-0.239187 0.944924 -0.223401 -710.43 0.481978 0.315277 0.817496 -288.974 0.842904 0.0878604 -0.530842 533.234
-0.3006 0.936118 -0.182548 -700.339 0.886089 0.344917 0.309645 -321.861 0.352828 -0.0686742 -0.933165 483.993
-0.36201 0.931499 0.0355035 -679.862 0.872853 0.352096 -0.337875 -375.95 -0.32723 -0.0913241 -0.940522 468.112
-0.257337 0.925 0.279561 -656.143 0.459703 0.371657 -0.806565 -425.744 -0.849972 -0.0790431 -0.520866 492.709
-0.0462164 0.913456 0.404306 -638.769 -0.129376 0.395856 -0.909155 -449.293 -0.990518 -0.094325 0.0998841 546.16
0.217672 0.934377 0.282062 -639.124 -0.663165 0.353626 -0.65967 -436.788 -0.716124 -0.0434613 0.696619 606.313
0.333432 0.930969 0.148727 -650.086 -0.930149 0.35058 -0.109176 -391.658 -0.153781 -0.101934 0.982833 647.027
0.374227 0.925765 -0.0539792 -669.973 -0.786795 0.347782 0.509906 -333.239 0.490825 -0.148349 0.858536 649.962
0.2493 0.924508 -0.288332 -691.298 -0.293965 0.355927 0.887075 -287.628 0.922732 -0.136388 0.360506 613.526
-0.00157091 0.913931 -0.405869 -703.464 0.361027 0.379014 0.852062 -277.399 0.932555 -0.14519 -0.330548 553.398
-0.283748 0.889548 -0.35804 -699.248 0.821686 0.418032 0.387408 -306.913 0.494289 -0.184269 -0.849543 498.752
