0 0.000998 0.081084 100.000000 8.474576
0 0.000265 0.087993 200.000000 9.478673
0 0.000515 0.111572 300.000000 10.452962
0 0.000268 0.085328 400.000000 10.498688
0 0.000354 0.081175 500.000000 10.438414
0 0.000401 0.063307 600.000000 10.434783
0 0.000504 0.059075 700.000000 10.294118
0 0.000455 0.087649 800.000000 10.282776
10 0.001451 0.113128 100.000000 9.009009
10 0.000592 0.120583 200.000000 9.756098
10 0.000624 0.142084 300.000000 10.714286
10 0.000082 0.106109 400.000000 10.695188
10 0.000287 0.090837 500.000000 10.593221
10 0.000314 0.073037 600.000000 10.563380
10 0.000409 0.068109 700.000000 10.385756
10 0.000379 0.080206 800.000000 10.376135
20 0.000540 0.051560 100.000000 9.523809
20 0.000395 0.037071 200.000000 10.050251
20 0.000304 0.070658 300.000000 10.989011
20 0.000294 0.062137 400.000000 10.840109
20 0.000364 0.062322 500.000000 10.729613
20 0.000382 0.049161 600.000000 10.676157
20 0.000547 0.058165 700.000000 10.463378
20 0.000498 0.085110 800.000000 10.471204
30 0.000472 0.044480 100.000000 10.101010
30 0.000375 0.029820 200.000000 10.256411
30 0.000249 0.064910 300.000000 11.235955
30 0.000328 0.059172 400.000000 10.958904
30 0.000374 0.062081 500.000000 10.845987
30 0.000379 0.051341 600.000000 10.771993
30 0.000563 0.064507 700.000000 10.510510
30 0.000517 0.090402 800.000000 10.554090
40 0.000387 0.038414 100.000000 10.526316
40 0.000388 0.030132 200.000000 10.471204
40 0.000164 0.061419 300.000000 11.450381
40 0.000315 0.059203 400.000000 11.049724
40 0.000397 0.062981 500.000000 10.917030
40 0.000388 0.053110 600.000000 10.830325
40 0.000581 0.070656 700.000000 10.542169
40 0.000525 0.095126 800.000000 10.624170
50 0.000438 0.034354 100.000000 10.989011
50 0.000430 0.033946 200.000000 10.638298
50 0.000102 0.064433 300.000000 11.583012
50 0.000290 0.061173 400.000000 11.080333
50 0.000387 0.062941 500.000000 10.989011
50 0.000387 0.052672 600.000000 10.889292
50 0.000588 0.073113 700.000000 10.558069
50 0.000519 0.097327 800.000000 10.680908
60 0.000401 0.020943 100.000000 11.363636
60 0.000470 0.042144 200.000000 10.810811
60 0.000128 0.062045 300.000000 11.673152
60 0.000493 0.061746 400.000000 11.111111
60 0.000406 0.065643 500.000000 11.013216
60 0.000413 0.057616 600.000000 10.928962
60 0.000614 0.082815 700.000000 10.558069
60 0.000531 0.104414 800.000000 10.738256
70 0.000389 0.020937 100.000000 11.494253
70 0.000435 0.040869 200.000000 10.989011
70 0.000191 0.060321 300.000000 11.673152
70 0.000518 0.063310 400.000000 11.111111
70 0.000497 0.070060 500.000000 10.989011
70 0.000434 0.064731 600.000000 10.928962
70 0.000634 0.093235 700.000000 10.558069
70 0.000547 0.112797 800.000000 10.767160
80 0.000411 0.026021 100.000000 11.494253
80 0.000471 0.051385 200.000000 11.111111
80 0.000298 0.058946 300.000000 11.627907
80 0.000545 0.066435 400.000000 11.080333
80 0.000544 0.070475 500.000000 10.940919
80 0.000445 0.066824 600.000000 10.909091
80 0.000638 0.098554 700.000000 10.558069
80 0.000553 0.118718 800.000000 10.810811
90 0.000459 0.026789 100.000000 11.494253
90 0.000546 0.075418 200.000000 11.299435
90 0.000249 0.068045 300.000000 11.583012
90 0.000506 0.066532 400.000000 11.049724
90 0.000541 0.063376 500.000000 10.917030
90 0.000465 0.060323 600.000000 10.869565
90 0.000613 0.091351 700.000000 10.558069
90 0.000525 0.115393 800.000000 10.840109
100 0.000432 0.030856 100.000000 11.235955
100 0.000483 0.088905 200.000000 11.494253
100 0.000267 0.068934 300.000000 11.494253
100 0.000517 0.072607 400.000000 11.049724
100 0.000561 0.067306 500.000000 10.917030
100 0.000576 0.068886 600.000000 10.791367
100 0.000630 0.099444 700.000000 10.574018
100 0.000530 0.123950 800.000000 10.854816
110 0.000705 0.068850 100.000000 10.869565
110 0.000434 0.087581 200.000000 11.627907
110 0.000404 0.069325 300.000000 11.450381
110 0.000579 0.082525 400.000000 11.049724
110 0.000574 0.077199 500.000000 10.917030
110 0.000706 0.081510 600.000000 10.695188
110 0.000648 0.113185 700.000000 10.574018
110 0.000578 0.136584 800.000000 10.854816
120 0.000561 0.084592 100.000000 10.526316
120 0.000218 0.093072 200.000000 11.764706
120 0.000543 0.074254 300.000000 11.320755
120 0.000571 0.084842 400.000000 11.019283
120 0.000551 0.072466 500.000000 10.893247
120 0.000712 0.081752 600.000000 10.619469
120 0.000634 0.112390 700.000000 10.590015
120 0.000574 0.138510 800.000000 10.825439
130 0.000357 0.089417 100.000000 10.309278
130 0.000145 0.093407 200.000000 11.834319
130 0.000499 0.077742 300.000000 11.194030
130 0.000573 0.084829 400.000000 10.989011
130 0.000531 0.070286 500.000000 10.869565
130 0.000707 0.086506 600.000000 10.544815
130 0.000628 0.115854 700.000000 10.606061
130 0.000593 0.144069 800.000000 10.796222
140 0.000428 0.092099 100.000000 10.204082
140 0.000142 0.092876 200.000000 11.764706
140 0.000493 0.080474 300.000000 11.070110
140 0.000545 0.085444 400.000000 10.928962
140 0.000545 0.069679 500.000000 10.822511
140 0.000733 0.094131 600.000000 10.452962
140 0.000628 0.121851 700.000000 10.606061
140 0.000620 0.151661 800.000000 10.767160
150 0.000594 0.100933 100.000000 10.204082
150 0.000234 0.093267 200.000000 11.695907
150 0.000716 0.083942 300.000000 10.948905
150 0.000590 0.087280 400.000000 10.869565
150 0.000538 0.070326 500.000000 10.799136
150 0.000740 0.102083 600.000000 10.398614
150 0.000635 0.127698 700.000000 10.638298
150 0.000594 0.159630 800.000000 10.752688
160 0.000613 0.105833 100.000000 10.416667
160 0.000427 0.092838 200.000000 11.627907
160 0.000769 0.094235 300.000000 10.869565
160 0.000777 0.095919 400.000000 10.810811
160 0.000579 0.083647 500.000000 10.775862
160 0.000778 0.119756 600.000000 10.380623
160 0.000646 0.141615 700.000000 10.670732
160 0.000586 0.174043 800.000000 10.767160
170 0.000668 0.141594 100.000000 10.752688
170 0.000618 0.099823 200.000000 11.560694
170 0.000833 0.109147 300.000000 10.869565
170 0.000787 0.112563 400.000000 10.752688
170 0.000620 0.104959 500.000000 10.729613
170 0.000798 0.139058 600.000000 10.398614
170 0.000677 0.158266 700.000000 10.703364
170 0.000579 0.191284 800.000000 10.767160
180 0.000854 0.156138 100.000000 11.111111
180 0.000519 0.097896 200.000000 11.494253
180 0.000748 0.102209 300.000000 10.869565
180 0.000739 0.098173 400.000000 10.781672
180 0.000664 0.091459 500.000000 10.706638
180 0.000772 0.128631 600.000000 10.416667
180 0.000641 0.151266 700.000000 10.752688
180 0.000534 0.183614 800.000000 10.767160
190 0.000895 0.151742 100.000000 11.627907
190 0.000487 0.086336 200.000000 11.560694
190 0.000721 0.088885 300.000000 10.948905
190 0.000740 0.074648 400.000000 10.810811
190 0.000727 0.069141 500.000000 10.660981
190 0.000743 0.110858 600.000000 10.452962
190 0.000617 0.140713 700.000000 10.785825
190 0.000502 0.171963 800.000000 10.752688
200 0.001287 0.149902 100.000000 12.345679
200 0.000525 0.086817 200.000000 11.627907
200 0.000726 0.082788 300.000000 11.029411
200 0.000697 0.060814 400.000000 10.899182
200 0.000777 0.054834 500.000000 10.638298
200 0.000697 0.099418 600.000000 10.507881
200 0.000603 0.132112 700.000000 10.835914
200 0.000416 0.162429 800.000000 10.738256
210 0.001082 0.165385 100.000000 12.987013
210 0.000691 0.099321 200.000000 11.695907
210 0.000741 0.088184 300.000000 11.152416
210 0.000710 0.058625 400.000000 10.958904
210 0.000793 0.054000 500.000000 10.638298
210 0.000680 0.100818 600.000000 10.563380
210 0.000612 0.134865 700.000000 10.852714
210 0.000436 0.162882 800.000000 10.709505
220 0.000795 0.160792 100.000000 13.513514
220 0.000759 0.097432 200.000000 11.695907
220 0.000738 0.091032 300.000000 11.194030
220 0.000687 0.062058 400.000000 10.989011
220 0.000815 0.069317 500.000000 10.593221
220 0.000705 0.113769 600.000000 10.600707
220 0.000628 0.146617 700.000000 10.852714
220 0.000413 0.172830 800.000000 10.666667
230 0.000348 0.149318 100.000000 13.698630
230 0.000870 0.104823 200.000000 11.560694
230 0.000855 0.105706 300.000000 11.194030
230 0.000742 0.075609 400.000000 10.989011
230 0.000898 0.095700 500.000000 10.548523
230 0.000769 0.135297 600.000000 10.638298
230 0.000714 0.169268 700.000000 10.852714
230 0.000478 0.190881 800.000000 10.582010
240 0.000798 0.146936 100.000000 13.698630
240 0.001049 0.118163 200.000000 11.428572
240 0.000892 0.123377 300.000000 11.152416
240 0.000806 0.094096 400.000000 10.958904
240 0.000986 0.126231 500.000000 10.460251
240 0.000813 0.157752 600.000000 10.676157
240 0.000772 0.193612 700.000000 10.835914
240 0.000542 0.206894 800.000000 10.498688
250 0.001095 0.141101 100.000000 13.157895
250 0.001337 0.126894 200.000000 11.173184
250 0.001011 0.127401 300.000000 10.948905
250 0.000831 0.095589 400.000000 10.869565
250 0.001003 0.137871 500.000000 10.373444
250 0.000822 0.166635 600.000000 10.676157
250 0.000734 0.204010 700.000000 10.802469
250 0.000620 0.202479 800.000000 10.430247
260 0.001473 0.100111 100.000000 12.345679
260 0.001474 0.126303 200.000000 10.869565
260 0.001181 0.123817 300.000000 10.752688
260 0.000871 0.099541 400.000000 10.723861
260 0.001008 0.145389 500.000000 10.309278
260 0.000830 0.173609 600.000000 10.676157
260 0.000709 0.213055 700.000000 10.752688
260 0.000652 0.194975 800.000000 10.362695
270 0.001855 0.095969 100.000000 11.627907
270 0.001569 0.149931 200.000000 10.638298
270 0.001269 0.146571 300.000000 10.563380
270 0.001087 0.133547 400.000000 10.498688
270 0.001091 0.177046 500.000000 10.224949
270 0.000877 0.198839 600.000000 10.657193
270 0.000725 0.239123 700.000000 10.670732
270 0.000691 0.204931 800.000000 10.296010
280 0.002042 0.105997 100.000000 10.869565
280 0.001598 0.161218 200.000000 10.416667
280 0.001249 0.146437 300.000000 10.416667
280 0.001270 0.141460 400.000000 10.256411
280 0.001082 0.181011 500.000000 10.183299
280 0.000912 0.205554 600.000000 10.582010
280 0.000639 0.246991 700.000000 10.510510
280 0.000679 0.199839 800.000000 10.230179
290 0.002063 0.081725 100.000000 10.309278
290 0.001354 0.134184 200.000000 10.256411
290 0.001069 0.117446 300.000000 10.309278
290 0.001171 0.130532 400.000000 10.075566
290 0.000975 0.160894 500.000000 10.141988
290 0.000838 0.188218 600.000000 10.507881
290 0.000553 0.223088 700.000000 10.370370
290 0.000585 0.171035 800.000000 10.178117
300 0.001596 0.071445 100.000000 9.900990
300 0.001199 0.109015 200.000000 10.152285
300 0.000924 0.090987 300.000000 10.238908
300 0.001101 0.116447 400.000000 9.950249
300 0.000899 0.143026 500.000000 10.162601
300 0.000813 0.176603 600.000000 10.452962
300 0.000530 0.200501 700.000000 10.233918
300 0.000471 0.150543 800.000000 10.126582
310 0.001344 0.065533 100.000000 9.708738
310 0.001009 0.096823 200.000000 10.101010
310 0.000858 0.084520 300.000000 10.238908
310 0.001077 0.118445 400.000000 9.852217
310 0.000857 0.139175 500.000000 10.183299
310 0.000812 0.174194 600.000000 10.434783
310 0.000526 0.187377 700.000000 10.144928
310 0.000433 0.139360 800.000000 10.037642
320 0.001827 0.056221 100.000000 9.615385
320 0.001026 0.078708 200.000000 10.050251
320 0.000790 0.066569 300.000000 10.204082
320 0.001010 0.106182 400.000000 9.828010
320 0.000816 0.130906 500.000000 10.224949
320 0.000732 0.167438 600.000000 10.452962
320 0.000548 0.169941 700.000000 10.115607
320 0.000405 0.128116 800.000000 9.950249
330 0.001668 0.050174 100.000000 9.523809
330 0.001190 0.056279 200.000000 10.000000
330 0.000727 0.053135 300.000000 10.204082
330 0.000960 0.095671 400.000000 9.828010
330 0.000748 0.123872 500.000000 10.288066
330 0.000653 0.160722 600.000000 10.471204
330 0.000573 0.149569 700.000000 10.101010
330 0.000425 0.116046 800.000000 9.913259
340 0.001645 0.047226 100.000000 9.523809
340 0.001097 0.051816 200.000000 10.000000
340 0.000695 0.056103 300.000000 10.204082
340 0.000919 0.095157 400.000000 9.852217
340 0.000732 0.124442 500.000000 10.351967
340 0.000603 0.159869 600.000000 10.507881
340 0.000558 0.141045 700.000000 10.115607
340 0.000401 0.108442 800.000000 9.900990
350 0.001402 0.047854 100.000000 9.615385
350 0.001042 0.050170 200.000000 10.000000
350 0.000724 0.060312 300.000000 10.169492
350 0.000907 0.097618 400.000000 9.876543
350 0.000713 0.126050 500.000000 10.416667
350 0.000552 0.159384 600.000000 10.526316
350 0.000546 0.134303 700.000000 10.115607
350 0.000385 0.102251 800.000000 9.913259
360 0.001410 0.066843 100.000000 9.708738
360 0.001039 0.054039 200.000000 10.101010
360 0.000883 0.066091 300.000000 10.101010
360 0.000921 0.102586 400.000000 9.925558
360 0.000693 0.131862 500.000000 10.482181
360 0.000548 0.163807 600.000000 10.489511
360 0.000535 0.133129 700.000000 10.130246
360 0.000377 0.100834 800.000000 9.925558
370 0.001460 0.053696 100.000000 9.900990
370 0.000966 0.036652 200.000000 10.152285
370 0.001007 0.055991 300.000000 10.033444
370 0.000853 0.092878 400.000000 9.975062
370 0.000692 0.125881 500.000000 10.504202
370 0.000414 0.155487 600.000000 10.434783
370 0.000496 0.122085 700.000000 10.130246
370 0.000362 0.093083 800.000000 9.937888
380 0.001268 0.040336 100.000000 10.000000
380 0.000865 0.017138 200.000000 10.204082
380 0.000899 0.041121 300.000000 9.966778
380 0.000712 0.077470 400.000000 10.025063
380 0.000618 0.111677 500.000000 10.504202
380 0.000366 0.132407 600.000000 10.380623
380 0.000404 0.103083 700.000000 10.130246
380 0.000308 0.079288 800.000000 9.950249
390 0.001168 0.038538 100.000000 10.101010
390 0.000769 0.021458 200.000000 10.256411
390 0.000876 0.042945 300.000000 9.933775
390 0.000704 0.082515 400.000000 10.101010
390 0.000609 0.115787 500.000000 10.526316
390 0.000333 0.133361 600.000000 10.327023
390 0.000363 0.097458 700.000000 10.130246
390 0.000299 0.078649 800.000000 9.962640
400 0.001198 0.038802 100.000000 10.309278
400 0.000750 0.030707 200.000000 10.362695
400 0.000935 0.056287 300.000000 9.900990
400 0.000737 0.092452 400.000000 10.178117
400 0.000669 0.125632 500.000000 10.548523
400 0.000363 0.137725 600.000000 10.256411
400 0.000325 0.100206 700.000000 10.130246
400 0.000314 0.081773 800.000000 9.987515
410 0.000935 0.044828 100.000000 10.416667
410 0.000683 0.035415 200.000000 10.416667
410 0.000994 0.069099 300.000000 9.868421
410 0.000750 0.104376 400.000000 10.256411
410 0.000716 0.136862 500.000000 10.570825
410 0.000396 0.144196 600.000000 10.204082
410 0.000326 0.102069 700.000000 10.086455
410 0.000320 0.083970 800.000000 10.025063
420 0.000219 0.032597 100.000000 10.416667
420 0.000349 0.010571 200.000000 10.471204
420 0.000876 0.062190 300.000000 9.868421
420 0.000634 0.099868 400.000000 10.335917
420 0.000577 0.127729 500.000000 10.593221
420 0.000332 0.124070 600.000000 10.186757
420 0.000215 0.086619 700.000000 10.000000
420 0.000242 0.073505 800.000000 10.050251
430 0.000453 0.032471 100.000000 10.416667
430 0.000370 0.009259 200.000000 10.526316
430 0.000862 0.068182 300.000000 9.868421
430 0.000614 0.103573 400.000000 10.443864
430 0.000515 0.129983 500.000000 10.638298
430 0.000418 0.113626 600.000000 10.169492
430 0.000252 0.084419 700.000000 9.957326
430 0.000259 0.073023 800.000000 10.075566
440 0.000683 0.019091 100.000000 10.309278
440 0.000379 0.010466 200.000000 10.471204
440 0.000869 0.075569 300.000000 9.900990
440 0.000609 0.109828 400.000000 10.498688
440 0.000475 0.134419 500.000000 10.660981
440 0.000433 0.109280 600.000000 10.186757
440 0.000253 0.081418 700.000000 9.929078
440 0.000263 0.073278 800.000000 10.113780
450 0.000771 0.019581 100.000000 10.309278
450 0.000480 0.021881 200.000000 10.416667
450 0.000833 0.081135 300.000000 9.933775
450 0.000598 0.113849 400.000000 10.582010
450 0.000426 0.136235 500.000000 10.683761
450 0.000441 0.106957 600.000000 10.186757
450 0.000249 0.078942 700.000000 9.929078
450 0.000271 0.073859 800.000000 10.139417
460 0.000757 0.011641 100.000000 10.309278
460 0.000788 0.031787 200.000000 10.256411
460 0.000880 0.085972 300.000000 9.933775
460 0.000590 0.118667 400.000000 10.638298
460 0.000430 0.139344 500.000000 10.638298
460 0.000440 0.106075 600.000000 10.169492
460 0.000254 0.078720 700.000000 9.929078
460 0.000290 0.074987 800.000000 10.178117
470 0.000687 0.019092 100.000000 10.309278
470 0.001164 0.042646 200.000000 10.050251
470 0.000913 0.095186 300.000000 9.966778
470 0.000671 0.125896 400.000000 10.638298
470 0.000273 0.147821 500.000000 10.526316
470 0.000442 0.108068 600.000000 10.152285
470 0.000268 0.079170 700.000000 9.929078
470 0.000319 0.076296 800.000000 10.204082
480 0.000594 0.026541 100.000000 10.204082
480 0.001240 0.042895 200.000000 9.852217
480 0.000862 0.095531 300.000000 10.000000
480 0.000684 0.127472 400.000000 10.610080
480 0.000283 0.144646 500.000000 10.416667
480 0.000373 0.104134 600.000000 10.118044
480 0.000262 0.076769 700.000000 9.915014
480 0.000325 0.075169 800.000000 10.230179
490 0.000512 0.031024 100.000000 10.204082
490 0.001256 0.059634 200.000000 9.708738
490 0.000890 0.104755 300.000000 10.067114
490 0.000724 0.136463 400.000000 10.582010
490 0.000279 0.148793 500.000000 10.288066
490 0.000311 0.101614 600.000000 10.101010
490 0.000274 0.078480 700.000000 9.929078
490 0.000398 0.073040 800.000000 10.256411
500 0.000468 0.030213 100.000000 10.309278
500 0.001319 0.070829 200.000000 9.569378
500 0.000862 0.112933 300.000000 10.135135
500 0.000773 0.144123 400.000000 10.554090
500 0.000283 0.145325 500.000000 10.183299
500 0.000266 0.098035 600.000000 10.050251
500 0.000286 0.080049 700.000000 9.929078
500 0.000419 0.074922 800.000000 10.296010
510 0.000658 0.044298 100.000000 10.309278
510 0.001407 0.089563 200.000000 9.523809
510 0.000894 0.125483 300.000000 10.204082
510 0.000786 0.156694 400.000000 10.582010
510 0.000385 0.152369 500.000000 10.101010
510 0.000272 0.102655 600.000000 9.950249
510 0.000295 0.084627 700.000000 9.957326
510 0.000435 0.080417 800.000000 10.322580
520 0.000441 0.014680 100.000000 10.416667
520 0.001237 0.084482 200.000000 9.523809
520 0.000793 0.122209 300.000000 10.344828
520 0.000656 0.147901 400.000000 10.638298
520 0.000435 0.130332 500.000000 10.101010
520 0.000237 0.090455 600.000000 9.868421
520 0.000274 0.076591 700.000000 10.000000
520 0.000408 0.074381 800.000000 10.376135
530 0.000415 0.036538 100.000000 10.526316
530 0.000965 0.089681 200.000000 9.569378
530 0.000604 0.121874 300.000000 10.452962
530 0.000455 0.136943 400.000000 10.695188
530 0.000387 0.103646 500.000000 10.121457
530 0.000242 0.075107 600.000000 9.852217
530 0.000240 0.067202 700.000000 10.043041
530 0.000369 0.067151 800.000000 10.430247
540 0.000460 0.020099 100.000000 10.526316
540 0.001129 0.101249 200.000000 9.661836
540 0.000723 0.136573 300.000000 10.563380
540 0.000482 0.155402 400.000000 10.723861
540 0.000457 0.116449 500.000000 10.121457
540 0.000269 0.083975 600.000000 9.852217
540 0.000289 0.076457 700.000000 10.086455
540 0.000410 0.077377 800.000000 10.471204
550 0.000846 0.043369 100.000000 10.309278
550 0.001178 0.112021 200.000000 9.708738
550 0.000705 0.143367 300.000000 10.676157
550 0.000453 0.158517 400.000000 10.723861
550 0.000497 0.116339 500.000000 10.121457
550 0.000272 0.082698 600.000000 9.852217
550 0.000311 0.077678 700.000000 10.115607
550 0.000413 0.079570 800.000000 10.512484
560 0.001349 0.078012 100.000000 9.900990
560 0.001145 0.121873 200.000000 9.708738
560 0.000662 0.148044 300.000000 10.714286
560 0.000265 0.159690 400.000000 10.610080
560 0.000430 0.111923 500.000000 10.101010
560 0.000260 0.080192 600.000000 9.852217
560 0.000318 0.076370 700.000000 10.144928
560 0.000416 0.080061 800.000000 10.540184
570 0.002156 0.081188 100.000000 9.523809
570 0.001187 0.136836 200.000000 9.756098
570 0.000814 0.163444 300.000000 10.676157
570 0.000273 0.172685 400.000000 10.471204
570 0.000465 0.121973 500.000000 10.080646
570 0.000295 0.086750 600.000000 9.836065
570 0.000357 0.083216 700.000000 10.189228
570 0.000442 0.089463 800.000000 10.582010
580 0.002261 0.093836 100.000000 9.259259
580 0.001190 0.149397 200.000000 9.852217
580 0.000830 0.173366 300.000000 10.676157
580 0.000223 0.176049 400.000000 10.362695
580 0.000455 0.117189 500.000000 10.060362
580 0.000310 0.088868 600.000000 9.836065
580 0.000372 0.085805 700.000000 10.218978
580 0.000452 0.094379 800.000000 10.610080
590 0.002374 0.119822 100.000000 9.009009
590 0.001212 0.165565 200.000000 9.950249
590 0.000934 0.187634 300.000000 10.638298
590 0.000299 0.180645 400.000000 10.204082
590 0.000311 0.121450 500.000000 10.020041
590 0.000322 0.093588 600.000000 9.852217
590 0.000463 0.086376 700.000000 10.248902
590 0.000464 0.102073 800.000000 10.638298
600 0.002381 0.143264 100.000000 8.771930
600 0.001177 0.175958 200.000000 10.050251
600 0.000966 0.193343 300.000000 10.600707
600 0.000336 0.177069 400.000000 10.075566
600 0.000300 0.114686 500.000000 9.920635
600 0.000322 0.092569 600.000000 9.868421
600 0.000461 0.086269 700.000000 10.294118
600 0.000472 0.103350 800.000000 10.680908
610 0.002359 0.163984 100.000000 8.695652
610 0.001163 0.185805 200.000000 10.152285
610 0.000890 0.198958 300.000000 10.638298
610 0.000428 0.171817 400.000000 10.000000
610 0.000280 0.111966 500.000000 9.803922
610 0.000334 0.092699 600.000000 9.884679
610 0.000474 0.088706 700.000000 10.324484
610 0.000494 0.106854 800.000000 10.709505
620 0.002212 0.176902 100.000000 8.695652
620 0.001071 0.188452 200.000000 10.309278
620 0.000751 0.197232 300.000000 10.676157
620 0.000549 0.149780 400.000000 9.975062
620 0.000341 0.103943 500.000000 9.708738
620 0.000348 0.088785 600.000000 9.933775
620 0.000475 0.087702 700.000000 10.370370
620 0.000498 0.106832 800.000000 10.752688
630 0.002177 0.188070 100.000000 8.771930
630 0.001068 0.194229 200.000000 10.471204
630 0.000672 0.198677 300.000000 10.752688
630 0.000577 0.141872 400.000000 10.000000
630 0.000339 0.098910 500.000000 9.708738
630 0.000354 0.088841 600.000000 9.966778
630 0.000475 0.089766 700.000000 10.432191
630 0.000506 0.109616 800.000000 10.796222
640 0.001780 0.163700 100.000000 8.928572
640 0.000891 0.169614 200.000000 10.638298
640 0.000502 0.171262 300.000000 10.791367
640 0.000519 0.114529 400.000000 10.025063
640 0.000302 0.076441 500.000000 9.727627
640 0.000321 0.073964 600.000000 10.033444
640 0.000446 0.078917 700.000000 10.479042
640 0.000472 0.099946 800.000000 10.854816
650 0.001339 0.110119 100.000000 9.174312
650 0.000562 0.116014 200.000000 10.869565
650 0.000305 0.116073 300.000000 10.869565
650 0.000374 0.066021 400.000000 10.075566
650 0.000242 0.038904 500.000000 9.765625
650 0.000263 0.046574 600.000000 10.101010
650 0.000374 0.056668 700.000000 10.558069
650 0.000414 0.078027 800.000000 10.914052
660 0.000993 0.073781 100.000000 9.433962
660 0.000393 0.079880 200.000000 11.111111
660 0.000163 0.082473 300.000000 10.830325
660 0.000256 0.036033 400.000000 10.126582
660 0.000240 0.021130 500.000000 9.803922
660 0.000237 0.034654 600.000000 10.169492
660 0.000336 0.049269 700.000000 10.622155
660 0.000377 0.069736 800.000000 10.989011
670 0.000411 0.026165 100.000000 9.803922
670 0.000288 0.027838 200.000000 11.235955
670 0.000394 0.030385 300.000000 10.830325
670 0.000156 0.015864 400.000000 10.178117
670 0.000252 0.032061 500.000000 9.861933
670 0.000200 0.037477 600.000000 10.256411
670 0.000276 0.048482 700.000000 10.703364
670 0.000317 0.061842 800.000000 11.065007
680 0.000261 0.020181 100.000000 10.101010
680 0.000287 0.017810 200.000000 11.363636
680 0.000418 0.015631 300.000000 10.791367
680 0.000176 0.021832 400.000000 10.230179
680 0.000283 0.039986 500.000000 9.920635
680 0.000211 0.044144 600.000000 10.327023
680 0.000275 0.053785 700.000000 10.769231
680 0.000310 0.065654 800.000000 11.126565
690 0.000272 0.018803 100.000000 10.526316
690 0.000331 0.018752 200.000000 11.494253
690 0.000530 0.014639 300.000000 10.714286
690 0.000232 0.031484 400.000000 10.256411
690 0.000277 0.042689 500.000000 9.960159
690 0.000225 0.048231 600.000000 10.398614
690 0.000283 0.057637 700.000000 10.835914
690 0.000314 0.069926 800.000000 11.188811
700 0.000284 0.017785 100.000000 10.869565
700 0.000366 0.016180 200.000000 11.560694
700 0.000435 0.010281 300.000000 10.638298
700 0.000321 0.035829 400.000000 10.282776
700 0.000281 0.045505 500.000000 10.020041
700 0.000257 0.053620 600.000000 10.471204
700 0.000279 0.060173 700.000000 10.903427
700 0.000318 0.072706 800.000000 11.251758
710 0.000403 0.009901 100.000000 11.363636
710 0.000444 0.013084 200.000000 11.695907
710 0.000433 0.017859 300.000000 10.526316
710 0.000372 0.049751 400.000000 10.230179
710 0.000297 0.052079 500.000000 10.060362
710 0.000261 0.059176 600.000000 10.544815
710 0.000283 0.064469 700.000000 10.971786
710 0.000322 0.075943 800.000000 11.315417
720 0.000454 0.009642 100.000000 11.764706
720 0.000412 0.016017 200.000000 11.834319
720 0.000349 0.021728 300.000000 10.489511
720 0.000410 0.053151 400.000000 10.126582
720 0.000303 0.054526 500.000000 10.121457
720 0.000275 0.062282 600.000000 10.619469
720 0.000304 0.069048 700.000000 11.023623
720 0.000329 0.081382 800.000000 11.379801
730 0.000444 0.006278 100.000000 12.195122
730 0.000318 0.015187 200.000000 11.904762
730 0.000282 0.032704 300.000000 10.452962
730 0.000375 0.057664 400.000000 10.000000
730 0.000310 0.058374 500.000000 10.162601
730 0.000275 0.065217 600.000000 10.676157
730 0.000311 0.071077 700.000000 11.093502
730 0.000331 0.083886 800.000000 11.428572
740 0.000501 0.013179 100.000000 12.658228
740 0.000312 0.019425 200.000000 11.976048
740 0.000234 0.044049 300.000000 10.416667
740 0.000373 0.059093 400.000000 9.925558
740 0.000306 0.059419 500.000000 10.204082
740 0.000290 0.066710 600.000000 10.714286
740 0.000340 0.074296 700.000000 11.128776
740 0.000343 0.087410 800.000000 11.477762
750 0.000515 0.018415 100.000000 12.987013
750 0.000314 0.023179 200.000000 11.976048
750 0.000237 0.039278 300.000000 10.416667
750 0.000372 0.057093 400.000000 9.900990
750 0.000288 0.058689 500.000000 10.245902
750 0.000318 0.067294 600.000000 10.771993
750 0.000350 0.076789 700.000000 11.164274
750 0.000375 0.091432 800.000000 11.527377
760 0.000473 0.018590 100.000000 13.157895
760 0.000339 0.010271 200.000000 11.764706
760 0.000184 0.053669 300.000000 10.344828
760 0.000379 0.067119 400.000000 9.876543
760 0.000254 0.063581 500.000000 10.288066
760 0.000281 0.068415 600.000000 10.810811
760 0.000311 0.071526 700.000000 11.217949
760 0.000352 0.083741 800.000000 11.560694
770 0.000268 0.018708 100.000000 12.987013
770 0.000782 0.009701 200.000000 11.363636
770 0.000138 0.052486 300.000000 10.273973
770 0.000336 0.065122 400.000000 9.852217
770 0.000203 0.058963 500.000000 10.309278
770 0.000255 0.061300 600.000000 10.849910
770 0.000303 0.065230 700.000000 11.235955
770 0.000362 0.077523 800.000000 11.594203
780 0.000291 0.013396 100.000000 12.658228
780 0.000728 0.009201 200.000000 10.928962
780 0.000209 0.049406 300.000000 10.169492
780 0.000330 0.059022 400.000000 9.803922
780 0.000221 0.054972 500.000000 10.330579
780 0.000283 0.060099 600.000000 10.869565
780 0.000325 0.069161 700.000000 11.272141
780 0.000394 0.085514 800.000000 11.611031
790 0.000492 0.014573 100.000000 12.195122
790 0.000652 0.020852 200.000000 10.416667
790 0.000390 0.055941 300.000000 10.033444
790 0.000307 0.058473 400.000000 9.779951
790 0.000260 0.060195 500.000000 10.351967
790 0.000286 0.060781 600.000000 10.869565
790 0.000336 0.072589 700.000000 11.272141
790 0.000450 0.090031 800.000000 11.627907
800 0.000625 0.017738 100.000000 11.764706
800 0.000578 0.028046 200.000000 9.950249
800 0.000450 0.068767 300.000000 9.740260
800 0.000289 0.058264 400.000000 9.732360
800 0.000258 0.057945 500.000000 10.373444
800 0.000282 0.057710 600.000000 10.889292
800 0.000339 0.071053 700.000000 11.290322
800 0.000465 0.090747 800.000000 11.594203
810 0.000287 0.024135 100.000000 11.363636
810 0.000282 0.046340 200.000000 9.661836
810 0.000397 0.072428 300.000000 9.375000
810 0.000277 0.060780 400.000000 9.732360
810 0.000270 0.061345 500.000000 10.373444
810 0.000323 0.062416 600.000000 10.889292
810 0.000354 0.077143 700.000000 11.308562
810 0.000448 0.097706 800.000000 11.477762
820 0.000282 0.026975 100.000000 11.111111
820 0.000142 0.062579 200.000000 9.478673
820 0.000336 0.073275 300.000000 9.202454
820 0.000253 0.056361 400.000000 9.708738
820 0.000280 0.055713 500.000000 10.373444
820 0.000343 0.059034 600.000000 10.889292
820 0.000368 0.076077 700.000000 11.308562
820 0.000273 0.099935 800.000000 11.220197
830 0.000318 0.025836 100.000000 10.752688
830 0.000210 0.057351 200.000000 9.345795
830 0.000378 0.071624 300.000000 9.118541
830 0.000251 0.055785 400.000000 9.708738
830 0.000311 0.059812 500.000000 10.395010
830 0.000375 0.067943 600.000000 10.909091
830 0.000400 0.086935 700.000000 11.326860
830 0.000305 0.104362 800.000000 11.080333
840 0.001115 0.027849 100.000000 10.204082
840 0.000121 0.056674 200.000000 9.259259
840 0.000384 0.069083 300.000000 9.063444
840 0.000240 0.055097 400.000000 9.732360
840 0.000323 0.060056 500.000000 10.416667
840 0.000378 0.069713 600.000000 10.928962
840 0.000427 0.089990 700.000000 11.363636
840 0.000296 0.102748 800.000000 11.004127
850 0.001400 0.007554 100.000000 9.708738
850 0.000120 0.068296 200.000000 9.216590
850 0.000411 0.079628 300.000000 9.063444
850 0.000233 0.064726 400.000000 9.803922
850 0.000295 0.064959 500.000000 10.482181
850 0.000347 0.070192 600.000000 10.989011
850 0.000423 0.084276 700.000000 11.419250
850 0.000265 0.095205 800.000000 10.943913
860 0.001620 0.025886 100.000000 9.433962
860 0.000225 0.086243 200.000000 9.216590
860 0.000415 0.079973 300.000000 9.090909
860 0.000233 0.065614 400.000000 9.876543
860 0.000294 0.065564 500.000000 10.548523
860 0.000346 0.071654 600.000000 11.049724
860 0.000437 0.086958 700.000000 11.475410
870 0.001631 0.059958 100.000000 9.009009
870 0.000699 0.099387 200.000000 9.174312
870 0.000447 0.087657 300.000000 9.146341
870 0.000242 0.081195 400.000000 9.950249
870 0.000272 0.070193 500.000000 10.615711
870 0.000331 0.073902 600.000000 11.111111
870 0.000462 0.085733 700.000000 11.513158
880 0.001686 0.078970 100.000000 8.695652
880 0.000802 0.124905 200.000000 9.009009
880 0.000469 0.094632 300.000000 9.174312
880 0.000227 0.087362 400.000000 10.025063
880 0.000251 0.073635 500.000000 10.683761
880 0.000323 0.074233 600.000000 11.173184
880 0.000467 0.083613 700.000000 11.551155
890 0.001086 0.078455 100.000000 8.403361
890 0.000815 0.123116 200.000000 8.733624
890 0.000457 0.088697 300.000000 9.202454
890 0.000263 0.081402 400.000000 10.075566
890 0.000305 0.072483 500.000000 10.729613
890 0.000353 0.080149 600.000000 11.235955
890 0.000503 0.096380 700.000000 11.532125
900 0.000159 0.121068 100.000000 8.264462
900 0.000512 0.113734 200.000000 8.510638
900 0.000383 0.079936 300.000000 9.230769
900 0.000351 0.075587 400.000000 10.126582
900 0.000399 0.076961 500.000000 10.775862
900 0.000419 0.094341 600.000000 11.278195
900 0.000464 0.118156 700.000000 11.382113
910 0.000335 0.126383 100.000000 8.130081
910 0.000467 0.113236 200.000000 8.403361
910 0.000381 0.076367 300.000000 9.287926
910 0.000422 0.078008 400.000000 10.178117
910 0.000457 0.088517 500.000000 10.822511
910 0.000486 0.111183 600.000000 11.320755
910 0.000352 0.135765 700.000000 11.182109
920 0.000672 0.116536 100.000000 8.130081
920 0.000477 0.110849 200.000000 8.403361
920 0.000330 0.073470 300.000000 9.345795
920 0.000439 0.079162 400.000000 10.256411
920 0.000495 0.094083 500.000000 10.869565
920 0.000511 0.118823 600.000000 11.385200
920 0.000384 0.137073 700.000000 11.093502
930 0.000651 0.115874 100.000000 8.264462
930 0.000491 0.108810 200.000000 8.474576
930 0.000364 0.077151 300.000000 9.463722
930 0.000490 0.087129 400.000000 10.362695
930 0.000514 0.103004 500.000000 10.989011
930 0.000531 0.130359 600.000000 11.472276
930 0.000395 0.141990 700.000000 11.093502
940 0.001429 0.111523 100.000000 8.403361
940 0.000542 0.130374 200.000000 8.583691
940 0.000567 0.113794 300.000000 9.615385
940 0.000670 0.137202 400.000000 10.498688
940 0.000674 0.166727 500.000000 11.086474
940 0.000700 0.198995 600.000000 11.583012
940 0.000500 0.197124 700.000000 11.111111
950 0.001265 0.108621 100.000000 8.620689
950 0.000525 0.127267 200.000000 8.695652
950 0.000545 0.109500 300.000000 9.771987
950 0.000649 0.132486 400.000000 10.638298
950 0.000664 0.161094 500.000000 11.210762
950 0.000713 0.194374 600.000000 11.695907
950 0.000470 0.186981 700.000000 11.111111
960 0.001046 0.123970 100.000000 8.849558
960 0.000501 0.128843 200.000000 8.849558
960 0.000564 0.114728 300.000000 9.900990
960 0.000664 0.138146 400.000000 10.781672
960 0.000672 0.167576 500.000000 11.337869
960 0.000734 0.200729 600.000000 11.811024
960 0.000424 0.186724 700.000000 11.111111
970 0.001259 0.182763 100.000000 9.009009
970 0.000596 0.149602 200.000000 8.968610
970 0.000702 0.139228 300.000000 10.067114
970 0.000718 0.165097 400.000000 10.899182
970 0.000731 0.194335 500.000000 11.467890
970 0.000780 0.227345 600.000000 11.928430
980 0.000665 0.171075 100.000000 9.259259
980 0.000550 0.128198 200.000000 9.132421
980 0.000739 0.120296 300.000000 10.238908
980 0.000672 0.145832 400.000000 11.080333
980 0.000692 0.175487 500.000000 11.627907
980 0.000799 0.209043 600.000000 12.048193
990 0.000724 0.200048 100.000000 9.345795
990 0.000623 0.129959 200.000000 9.302325
990 0.000797 0.127014 300.000000 10.452962
990 0.000716 0.155158 400.000000 11.235955
990 0.000717 0.186021 500.000000 11.764706
990 0.000819 0.219550 600.000000 12.145749
1000 0.000735 0.197702 100.000000 9.174312
1000 0.000579 0.118316 200.000000 9.478673
1000 0.000727 0.117290 300.000000 10.600707
1000 0.000677 0.141815 400.000000 11.363636
1000 0.000685 0.171813 500.000000 11.904762
1000 0.000804 0.203021 600.000000 12.244898
1010 0.000847 0.173354 100.000000 8.849558
1010 0.000537 0.091224 200.000000 9.615385
1010 0.000598 0.091722 300.000000 10.752688
1010 0.000613 0.111343 400.000000 11.494253
1010 0.000611 0.140274 500.000000 12.019231
1010 0.000739 0.168106 600.000000 12.244898
1020 0.000868 0.116483 100.000000 8.620689
1020 0.000533 0.062568 200.000000 9.756098
1020 0.000476 0.068238 300.000000 10.909091
1020 0.000499 0.079561 400.000000 11.594203
1020 0.000515 0.102600 500.000000 12.135922
1020 0.000553 0.129935 600.000000 12.121212
1030 0.001135 0.107493 100.000000 8.547009
1030 0.000578 0.066590 200.000000 9.852217
1030 0.000454 0.070792 300.000000 11.029411
1030 0.000480 0.077271 400.000000 11.695907
1030 0.000503 0.096158 500.000000 12.224939
1030 0.000358 0.120836 600.000000 11.904762
1040 0.001193 0.107657 100.000000 8.547009
1040 0.000467 0.067534 200.000000 10.000000
1040 0.000423 0.066296 300.000000 11.152416
1040 0.000467 0.068884 400.000000 11.799410
1040 0.000492 0.086204 500.000000 12.315271
1040 0.000356 0.106396 600.000000 11.787819
1050 0.001181 0.099961 100.000000 8.620689
1050 0.000440 0.066670 200.000000 10.152285
1050 0.000453 0.067677 300.000000 11.278195
1050 0.000491 0.071492 400.000000 11.904762
1050 0.000509 0.093885 500.000000 12.406948
1050 0.000361 0.108098 600.000000 11.741683
1060 0.001056 0.098163 100.000000 8.620689
1060 0.000400 0.065084 200.000000 10.309278
1060 0.000459 0.067122 300.000000 11.406844
1060 0.000508 0.077367 400.000000 12.048193
1060 0.000579 0.102527 500.000000 12.500000
1060 0.000343 0.111416 600.000000 11.673152
1070 0.000861 0.099453 100.000000 8.695652
1070 0.000388 0.057510 200.000000 10.471204
1070 0.000524 0.067182 300.000000 11.538462
1070 0.000563 0.088367 400.000000 12.158054
1070 0.000641 0.119843 500.000000 12.594459
1070 0.000353 0.121513 600.000000 11.583012
1080 0.000458 0.059455 100.000000 8.849558
1080 0.000430 0.037453 200.000000 10.638298
1080 0.000538 0.052387 300.000000 11.673152
1080 0.000601 0.085497 400.000000 12.269938
1080 0.000690 0.121888 500.000000 12.722647
1090 0.000537 0.049780 100.000000 9.009009
1090 0.000865 0.053914 200.000000 10.869565
1090 0.000736 0.093268 300.000000 11.857708
1090 0.000753 0.132774 400.000000 12.422360
1090 0.000870 0.173140 500.000000 12.820513
1100 0.000486 0.028702 100.000000 9.345795
1100 0.000910 0.047783 200.000000 11.173184
1100 0.000775 0.093988 300.000000 12.096774
1100 0.000782 0.136113 400.000000 12.618297
1100 0.000922 0.175955 500.000000 12.953368
1110 0.000576 0.033946 100.000000 9.803922
1110 0.000987 0.064425 200.000000 11.494253
1110 0.000848 0.111407 300.000000 12.345679
1110 0.000818 0.152660 400.000000 12.861736
1110 0.000953 0.190905 500.000000 13.089005
1120 0.000662 0.036019 100.000000 10.309278
1120 0.001018 0.071323 200.000000 11.904762
1120 0.000886 0.117987 300.000000 12.658228
1120 0.000835 0.159949 400.000000 13.071896
1120 0.000963 0.193993 500.000000 13.192612
1130 0.000563 0.016992 100.000000 10.869565
1130 0.000912 0.051916 200.000000 12.269938
1130 0.000816 0.097230 300.000000 12.931034
1130 0.000774 0.137714 400.000000 13.333333
1130 0.000847 0.172919 500.000000 13.192612
1140 0.000539 0.010559 100.000000 11.235955
1140 0.000902 0.047807 200.000000 12.578616
1140 0.000809 0.094315 300.000000 13.157895
1140 0.000770 0.134989 400.000000 13.513514
1140 0.000596 0.170423 500.000000 12.987013
1150 0.000539 0.016964 100.000000 11.627907
1150 0.000906 0.054174 200.000000 12.820513
1150 0.000805 0.100131 300.000000 13.333333
1150 0.000769 0.141601 400.000000 13.651877
1150 0.000512 0.166942 500.000000 12.787724
1160 0.000738 0.027872 100.000000 11.904762
1160 0.000955 0.068901 200.000000 13.071896
1160 0.000873 0.113046 300.000000 13.513514
1160 0.000803 0.155635 400.000000 13.793103
1160 0.000555 0.169410 500.000000 12.658228
1170 0.000809 0.025777 100.000000 12.345679
1170 0.000918 0.071250 200.000000 13.333333
1170 0.000861 0.115596 300.000000 13.698630
1170 0.000839 0.158119 400.000000 13.937283
1170 0.000530 0.161074 500.000000 12.562814
1180 0.000822 0.027720 100.000000 12.658228
1180 0.000915 0.076446 200.000000 13.513514
1180 0.000852 0.119168 300.000000 13.824884
1180 0.000892 0.163086 400.000000 14.084507
1180 0.000503 0.155193 500.000000 12.406948
1190 0.000947 0.027808 100.000000 12.987013
1190 0.000912 0.081758 200.000000 13.793103
1190 0.000877 0.124879 300.000000 13.953488
1190 0.000932 0.166480 400.000000 14.184397
1200 0.001320 0.028058 100.000000 13.333333
1200 0.000932 0.086278 200.000000 13.888889
1200 0.000874 0.127713 300.000000 14.150944
1200 0.000995 0.170524 400.000000 14.234876
1210 0.001401 0.041508 100.000000 13.698630
1210 0.000971 0.095053 200.000000 14.084507
1210 0.000898 0.137818 300.000000 14.218010
1210 0.001046 0.175351 400.000000 14.234876
1220 0.001368 0.046142 100.000000 13.888889
1220 0.001004 0.094940 200.000000 14.184397
1220 0.000875 0.135130 300.000000 14.354067
1220 0.000961 0.169385 400.000000 13.937283
1230 0.001363 0.055760 100.000000 14.084507
1230 0.001018 0.101837 200.000000 14.184397
1230 0.000881 0.139959 300.000000 14.423077
1230 0.000524 0.173326 400.000000 13.245033
1240 0.001158 0.060373 100.000000 14.084507
1240 0.000990 0.095666 200.000000 14.285714
1240 0.000854 0.135446 300.000000 14.492754
1240 0.000522 0.155619 400.000000 12.861736
1250 0.001098 0.059539 100.000000 14.285714
1250 0.000896 0.094411 200.000000 14.285714
1250 0.000863 0.132159 300.000000 14.492754
1250 0.000464 0.139896 400.000000 12.578616
1260 0.001055 0.060952 100.000000 14.285714
1260 0.000884 0.095490 200.000000 14.285714
1260 0.000921 0.134916 300.000000 14.492754
1260 0.000375 0.131287 400.000000 12.195122
1270 0.000521 0.018783 100.000000 14.285714
1270 0.000643 0.049694 200.000000 14.388489
1270 0.000796 0.087548 300.000000 14.492754
1280 0.000530 0.018811 100.000000 14.285714
1280 0.000676 0.053166 200.000000 14.388489
1280 0.000938 0.089586 300.000000 14.354067
1290 0.000654 0.013374 100.000000 14.084507
1290 0.000643 0.050534 200.000000 14.388489
1290 0.000849 0.086285 300.000000 13.888889
1300 0.000756 0.014877 100.000000 14.084507
1300 0.000662 0.052999 200.000000 14.388489
1300 0.000301 0.095924 300.000000 12.931034
1310 0.000834 0.024875 100.000000 14.084507
1310 0.000699 0.063666 200.000000 14.492754
1310 0.000354 0.095852 300.000000 12.345679
1320 0.000704 0.027771 100.000000 14.084507
1320 0.000791 0.064425 200.000000 14.492754
1320 0.000335 0.088900 300.000000 11.952191
1330 0.000762 0.032199 100.000000 14.084507
1330 0.000936 0.069333 200.000000 14.492754
1330 0.000241 0.086964 300.000000 11.494253
1340 0.000877 0.044067 100.000000 14.285714
1340 0.001123 0.078352 200.000000 14.492754
1350 0.000895 0.048629 100.000000 14.285714
1350 0.001170 0.081505 200.000000 14.285714
1360 0.000658 0.042427 100.000000 14.285714
1360 0.000918 0.078291 200.000000 13.513514
1370 0.000901 0.031010 100.000000 14.492754
1370 0.000439 0.090880 200.000000 12.195122
1380 0.000706 0.028708 100.000000 14.492754
1380 0.000465 0.081503 200.000000 11.494253
1390 0.000845 0.036375 100.000000 14.492754
1390 0.000323 0.082578 200.000000 10.989011
1400 0.001095 0.047199 100.000000 14.492754
1410 0.001445 0.039108 100.000000 14.492754
1420 0.001508 0.049279 100.000000 13.888889
1430 0.000843 0.087633 100.000000 12.048193
1440 0.000835 0.121352 100.000000 10.101010
1450 0.000929 0.107944 100.000000 9.174312
1460 0.001151 0.122956 100.000000 8.547009
