0 0.000267 0.015684 100.000000 9.009009
0 0.000518 0.030921 200.000000 7.604563
0 0.000623 0.057211 300.000000 7.142857
0 0.000425 0.049308 400.000000 6.884682
0 0.000288 0.017832 500.000000 7.267442
0 0.000269 0.016985 600.000000 7.263923
0 0.000306 0.025238 700.000000 7.179487
0 0.000321 0.038026 800.000000 7.299270
10 0.000391 0.018673 100.000000 8.849558
10 0.000535 0.033356 200.000000 7.722008
10 0.000634 0.060919 300.000000 7.075472
10 0.000426 0.048201 400.000000 6.932409
10 0.000293 0.018263 500.000000 7.309941
10 0.000274 0.019800 600.000000 7.281553
10 0.000306 0.026647 700.000000 7.194244
10 0.000333 0.039957 800.000000 7.326007
20 0.000459 0.020719 100.000000 8.196721
20 0.000551 0.035393 200.000000 7.782101
20 0.000629 0.061903 300.000000 7.025761
20 0.000409 0.044980 400.000000 6.956522
20 0.000292 0.017724 500.000000 7.342144
20 0.000277 0.022277 600.000000 7.290401
20 0.000312 0.027691 700.000000 7.201646
20 0.000336 0.041279 800.000000 7.346189
30 0.000500 0.022630 100.000000 7.751938
30 0.000609 0.039310 200.000000 7.751938
30 0.000614 0.065022 300.000000 7.009346
30 0.000414 0.043121 400.000000 6.968641
30 0.000293 0.017494 500.000000 7.363770
30 0.000273 0.024854 600.000000 7.290401
30 0.000324 0.029045 700.000000 7.179487
30 0.000331 0.043553 800.000000 7.352941
40 0.000407 0.026992 100.000000 7.518797
40 0.000639 0.040174 200.000000 7.692307
40 0.000589 0.063932 300.000000 6.993007
40 0.000405 0.037487 400.000000 6.956522
40 0.000288 0.014819 500.000000 7.363770
40 0.000256 0.025569 600.000000 7.263923
40 0.000313 0.028651 700.000000 7.142857
40 0.000334 0.044007 800.000000 7.346189
50 0.000463 0.028903 100.000000 7.407407
50 0.000677 0.045535 200.000000 7.575758
50 0.000609 0.067406 300.000000 6.960557
50 0.000397 0.034443 400.000000 6.932409
50 0.000289 0.014655 500.000000 7.363770
50 0.000282 0.027452 600.000000 7.177033
50 0.000316 0.030225 700.000000 7.106599
50 0.000344 0.046685 800.000000 7.326007
60 0.000574 0.029888 100.000000 7.246377
60 0.000735 0.053387 200.000000 7.407407
60 0.000633 0.073028 300.000000 6.928406
60 0.000397 0.032743 400.000000 6.908463
60 0.000296 0.015644 500.000000 7.342144
60 0.000299 0.030090 600.000000 7.042253
60 0.000331 0.033147 700.000000 7.092198
60 0.000359 0.050678 800.000000 7.299270
70 0.000739 0.033552 100.000000 6.944445
70 0.000753 0.061598 200.000000 7.220217
70 0.000651 0.078153 300.000000 6.849315
70 0.000392 0.030842 400.000000 6.896552
70 0.000298 0.016453 500.000000 7.320644
70 0.000321 0.030342 600.000000 6.984866
70 0.000348 0.035598 700.000000 7.092198
70 0.000357 0.054249 800.000000 7.239819
80 0.000881 0.039893 100.000000 6.711410
80 0.000809 0.072211 200.000000 6.968641
80 0.000601 0.081828 300.000000 6.607930
80 0.000371 0.028743 400.000000 6.884682
80 0.000299 0.017355 500.000000 7.267442
80 0.000330 0.029671 600.000000 6.952491
80 0.000353 0.038008 700.000000 7.085020
80 0.000361 0.057331 800.000000 7.098492
90 0.000964 0.046164 100.000000 6.535948
90 0.000868 0.080451 200.000000 6.711410
90 0.000598 0.076903 300.000000 6.382979
90 0.000359 0.026203 400.000000 6.872852
90 0.000300 0.018633 500.000000 7.153076
90 0.000341 0.029404 600.000000 6.928406
90 0.000365 0.040190 700.000000 7.077857
90 0.000386 0.057215 800.000000 7.042253
100 0.001156 0.061233 100.000000 6.451613
100 0.000963 0.095277 200.000000 6.557377
100 0.000606 0.077558 300.000000 6.342494
100 0.000374 0.026987 400.000000 6.884682
100 0.000310 0.022631 500.000000 6.993007
100 0.000365 0.031649 600.000000 6.920415
100 0.000378 0.044908 700.000000 7.077857
100 0.000404 0.058371 800.000000 7.017544
110 0.001143 0.063955 100.000000 6.535948
110 0.000978 0.097588 200.000000 6.430868
110 0.000586 0.071886 300.000000 6.369427
110 0.000364 0.024754 400.000000 6.920415
110 0.000326 0.024363 500.000000 6.973501
110 0.000364 0.031622 600.000000 6.928406
110 0.000379 0.045973 700.000000 7.092198
110 0.000405 0.056116 800.000000 7.023705
120 0.000923 0.041265 100.000000 6.756757
120 0.000878 0.077656 200.000000 6.389776
120 0.000506 0.052866 300.000000 6.423983
120 0.000296 0.017725 400.000000 6.980803
120 0.000264 0.021882 500.000000 7.012623
120 0.000310 0.025343 600.000000 6.960557
120 0.000343 0.038493 700.000000 7.135576
120 0.000368 0.046455 800.000000 7.054674
130 0.000827 0.030020 100.000000 6.993007
130 0.000803 0.065686 200.000000 6.451613
130 0.000451 0.041538 300.000000 6.507592
130 0.000245 0.014427 400.000000 7.054674
130 0.000231 0.020534 500.000000 7.062147
130 0.000276 0.021558 600.000000 7.001167
130 0.000320 0.033969 700.000000 7.179487
130 0.000343 0.040449 800.000000 7.092198
140 0.000871 0.032724 100.000000 7.299270
140 0.000814 0.068402 200.000000 6.535948
140 0.000438 0.041572 300.000000 6.593407
140 0.000255 0.015573 400.000000 7.142857
140 0.000242 0.022510 500.000000 7.122507
140 0.000294 0.023354 600.000000 7.042253
140 0.000328 0.036222 700.000000 7.223942
140 0.000344 0.041209 800.000000 7.123775
150 0.000873 0.031455 100.000000 7.575758
150 0.000777 0.065430 200.000000 6.622517
150 0.000427 0.037493 300.000000 6.681514
150 0.000236 0.014831 400.000000 7.207207
150 0.000231 0.022368 500.000000 7.163324
150 0.000292 0.022296 600.000000 7.075472
150 0.000315 0.035190 700.000000 7.268951
150 0.000330 0.038682 800.000000 7.155635
160 0.000882 0.031093 100.000000 7.751938
160 0.000745 0.063573 200.000000 6.666667
160 0.000418 0.034019 300.000000 6.726458
160 0.000244 0.014975 400.000000 7.272727
160 0.000235 0.023949 500.000000 7.194244
160 0.000299 0.023130 600.000000 7.083825
160 0.000314 0.036510 700.000000 7.291667
160 0.000323 0.037803 800.000000 7.168459
170 0.000908 0.031273 100.000000 7.751938
170 0.000709 0.060853 200.000000 6.711410
170 0.000405 0.030479 300.000000 6.756757
170 0.000261 0.015595 400.000000 7.299270
170 0.000237 0.026329 500.000000 7.204611
170 0.000294 0.024477 600.000000 7.067138
170 0.000323 0.037910 700.000000 7.306890
170 0.000312 0.037360 800.000000 7.149240
180 0.000881 0.030573 100.000000 7.692307
180 0.000684 0.056364 200.000000 6.734007
180 0.000384 0.026308 300.000000 6.756757
180 0.000274 0.016323 400.000000 7.326007
180 0.000248 0.028966 500.000000 7.153076
180 0.000295 0.025312 600.000000 7.050529
180 0.000326 0.039130 700.000000 7.306890
180 0.000305 0.034903 800.000000 7.104796
190 0.000875 0.033326 100.000000 7.575758
190 0.000676 0.055973 200.000000 6.756757
190 0.000368 0.023167 300.000000 6.772009
190 0.000269 0.016611 400.000000 7.339449
190 0.000268 0.028658 500.000000 7.052186
190 0.000294 0.025488 600.000000 7.050529
190 0.000320 0.040019 700.000000 7.306890
190 0.000312 0.032136 800.000000 7.073386
200 0.000905 0.035681 100.000000 7.518797
200 0.000660 0.055225 200.000000 6.779661
200 0.000337 0.020911 300.000000 6.802721
200 0.000264 0.017336 400.000000 7.366483
200 0.000284 0.028169 500.000000 6.983240
200 0.000303 0.025793 600.000000 7.067138
200 0.000328 0.041174 700.000000 7.299270
200 0.000310 0.029869 800.000000 7.073386
210 0.000811 0.033631 100.000000 7.407407
210 0.000622 0.050134 200.000000 6.756757
210 0.000310 0.017976 300.000000 6.849315
210 0.000262 0.017406 400.000000 7.393715
210 0.000286 0.026710 500.000000 6.973501
210 0.000301 0.025454 600.000000 7.092198
210 0.000311 0.040918 700.000000 7.276507
210 0.000295 0.026979 800.000000 7.079646
220 0.000843 0.034382 100.000000 7.299270
220 0.000559 0.049550 200.000000 6.666667
220 0.000293 0.016702 300.000000 6.896552
220 0.000261 0.017886 400.000000 7.407407
220 0.000289 0.025525 500.000000 6.983240
220 0.000298 0.025952 600.000000 7.117438
220 0.000304 0.041446 700.000000 7.209063
220 0.000286 0.024868 800.000000 7.098492
230 0.000737 0.030008 100.000000 7.142857
230 0.000433 0.039926 200.000000 6.493506
230 0.000275 0.015023 300.000000 6.944445
230 0.000277 0.018485 400.000000 7.393715
230 0.000283 0.023635 500.000000 6.993007
230 0.000285 0.025298 600.000000 7.142857
230 0.000295 0.039991 700.000000 7.142857
230 0.000272 0.022740 800.000000 7.117438
240 0.000774 0.029961 100.000000 6.849315
240 0.000436 0.035209 200.000000 6.309148
240 0.000274 0.013950 300.000000 6.976744
240 0.000286 0.018604 400.000000 7.339449
240 0.000286 0.022361 500.000000 7.002801
240 0.000287 0.025816 600.000000 7.159904
240 0.000314 0.038793 700.000000 7.113821
240 0.000272 0.020426 800.000000 7.130125
250 0.000782 0.027380 100.000000 6.711410
250 0.000397 0.028299 200.000000 6.269592
250 0.000281 0.013593 300.000000 7.009346
250 0.000288 0.021559 400.000000 7.168459
250 0.000288 0.021840 500.000000 7.012623
250 0.000282 0.026279 600.000000 7.177033
250 0.000315 0.036687 700.000000 7.099391
250 0.000263 0.018716 800.000000 7.136485
260 0.000839 0.025243 100.000000 6.369427
260 0.000359 0.023634 200.000000 6.250000
260 0.000273 0.013253 300.000000 7.025761
260 0.000305 0.022997 400.000000 7.079646
260 0.000287 0.020968 500.000000 7.002801
260 0.000279 0.026996 600.000000 7.185629
260 0.000313 0.034925 700.000000 7.092198
260 0.000259 0.016983 800.000000 7.142857
270 0.000818 0.025594 100.000000 5.952381
270 0.000341 0.019752 200.000000 6.269592
270 0.000261 0.012709 300.000000 7.042253
270 0.000296 0.023431 400.000000 7.054674
270 0.000258 0.019779 500.000000 6.983240
270 0.000283 0.027389 600.000000 7.194244
270 0.000303 0.033212 700.000000 7.092198
270 0.000252 0.015389 800.000000 7.149240
280 0.000722 0.022126 100.000000 5.813953
280 0.000333 0.017146 200.000000 6.269592
280 0.000292 0.013732 300.000000 7.075472
280 0.000310 0.026964 400.000000 7.054674
280 0.000269 0.020482 500.000000 6.973501
280 0.000272 0.028503 600.000000 7.202881
280 0.000286 0.032367 700.000000 7.092198
280 0.000243 0.014289 800.000000 7.162041
290 0.000620 0.021173 100.000000 5.813953
290 0.000319 0.016035 200.000000 6.289308
290 0.000322 0.014727 300.000000 7.109005
290 0.000311 0.029555 400.000000 7.054674
290 0.000268 0.020811 500.000000 6.954103
290 0.000265 0.029615 600.000000 7.211538
290 0.000269 0.032047 700.000000 7.085020
290 0.000241 0.013198 800.000000 7.174888
300 0.000498 0.016449 100.000000 5.882353
300 0.000283 0.013940 200.000000 6.309148
300 0.000338 0.015704 300.000000 7.142857
300 0.000310 0.031351 400.000000 7.054674
300 0.000248 0.020920 500.000000 6.925208
300 0.000256 0.029757 600.000000 7.228916
300 0.000249 0.031712 700.000000 7.056452
300 0.000228 0.012621 800.000000 7.194244
310 0.000472 0.014894 100.000000 5.952381
310 0.000303 0.013170 200.000000 6.349206
310 0.000349 0.017874 300.000000 7.194244
310 0.000322 0.034016 400.000000 7.005254
310 0.000241 0.021658 500.000000 6.925208
310 0.000258 0.030603 600.000000 7.237636
310 0.000230 0.030262 700.000000 7.014028
310 0.000225 0.011781 800.000000 7.213706
320 0.000468 0.015632 100.000000 6.024096
320 0.000318 0.013429 200.000000 6.389776
320 0.000366 0.020422 300.000000 7.228916
320 0.000323 0.035401 400.000000 6.908463
320 0.000242 0.022347 500.000000 6.934813
320 0.000252 0.031833 600.000000 7.246377
320 0.000249 0.029306 700.000000 7.000000
320 0.000230 0.011046 800.000000 7.239819
330 0.000440 0.014897 100.000000 6.097561
330 0.000336 0.013102 200.000000 6.451613
330 0.000372 0.022535 300.000000 7.281553
330 0.000321 0.034689 400.000000 6.849315
330 0.000241 0.022816 500.000000 6.963789
330 0.000259 0.032610 600.000000 7.255139
330 0.000241 0.027944 700.000000 7.000000
330 0.000228 0.010496 800.000000 7.259528
340 0.000457 0.014643 100.000000 6.134969
340 0.000369 0.013358 200.000000 6.535948
340 0.000388 0.025533 300.000000 7.334963
340 0.000320 0.034724 400.000000 6.837607
340 0.000250 0.023723 500.000000 7.002801
340 0.000248 0.033602 600.000000 7.246377
340 0.000234 0.026955 700.000000 7.021063
340 0.000228 0.009992 800.000000 7.292616
350 0.000416 0.018252 100.000000 6.097561
350 0.000369 0.014367 200.000000 6.622517
350 0.000399 0.028208 300.000000 7.389163
350 0.000333 0.034401 400.000000 6.872852
350 0.000256 0.024345 500.000000 7.042253
350 0.000251 0.034778 600.000000 7.211538
350 0.000235 0.025719 700.000000 7.042253
350 0.000232 0.008829 800.000000 7.319304
360 0.000368 0.013716 100.000000 6.024096
360 0.000427 0.015005 200.000000 6.711410
360 0.000429 0.031916 300.000000 7.425743
360 0.000327 0.034502 400.000000 6.908463
360 0.000245 0.025210 500.000000 7.092198
360 0.000241 0.034895 600.000000 7.142857
360 0.000222 0.024925 700.000000 7.070707
360 0.000225 0.008888 800.000000 7.352941
370 0.000413 0.014861 100.000000 5.882353
370 0.000434 0.016428 200.000000 6.825939
370 0.000432 0.034005 300.000000 7.462687
370 0.000317 0.033884 400.000000 6.944445
370 0.000244 0.026059 500.000000 7.142857
370 0.000249 0.035221 600.000000 7.125891
370 0.000225 0.023992 700.000000 7.106599
370 0.000226 0.008612 800.000000 7.393715
380 0.000393 0.011155 100.000000 5.780347
380 0.000444 0.017827 200.000000 6.944445
380 0.000456 0.036645 300.000000 7.481297
380 0.000317 0.033262 400.000000 7.005254
380 0.000237 0.026718 500.000000 7.183908
380 0.000253 0.035168 600.000000 7.134364
380 0.000221 0.023605 700.000000 7.142857
380 0.000225 0.008593 800.000000 7.434944
390 0.000350 0.012777 100.000000 5.780347
390 0.000469 0.019266 200.000000 7.042253
390 0.000456 0.041413 300.000000 7.425743
390 0.000323 0.032687 400.000000 7.042253
390 0.000243 0.026920 500.000000 7.235890
390 0.000258 0.035123 600.000000 7.151371
390 0.000221 0.022563 700.000000 7.172131
390 0.000236 0.007962 800.000000 7.469655
400 0.000310 0.012936 100.000000 5.847953
400 0.000521 0.022079 200.000000 7.168459
400 0.000490 0.049338 300.000000 7.299270
400 0.000336 0.033535 400.000000 7.079646
400 0.000244 0.027450 500.000000 7.278020
400 0.000260 0.034967 600.000000 7.168459
400 0.000223 0.021771 700.000000 7.201646
400 0.000245 0.007940 800.000000 7.504691
410 0.000328 0.015117 100.000000 5.988024
410 0.000547 0.028155 200.000000 7.272727
410 0.000519 0.055619 300.000000 7.299270
410 0.000346 0.035340 400.000000 7.130125
410 0.000247 0.028644 500.000000 7.320644
410 0.000260 0.035171 600.000000 7.194244
410 0.000226 0.020822 700.000000 7.238883
410 0.000248 0.007884 800.000000 7.547170
420 0.000361 0.015680 100.000000 6.172840
420 0.000542 0.030672 200.000000 7.434944
420 0.000509 0.056527 300.000000 7.371007
420 0.000334 0.035403 400.000000 7.194244
420 0.000240 0.029723 500.000000 7.385524
420 0.000257 0.035131 600.000000 7.237636
420 0.000222 0.020561 700.000000 7.276507
420 0.000243 0.008291 800.000000 7.590133
430 0.000407 0.016169 100.000000 6.410256
430 0.000551 0.034469 200.000000 7.633588
430 0.000517 0.060050 300.000000 7.444169
430 0.000317 0.036363 400.000000 7.259528
430 0.000248 0.030501 500.000000 7.451565
430 0.000256 0.035106 600.000000 7.281553
430 0.000221 0.019984 700.000000 7.322176
430 0.000246 0.008676 800.000000 7.640879
440 0.000406 0.017737 100.000000 6.622517
440 0.000551 0.033937 200.000000 7.782101
440 0.000502 0.057169 300.000000 7.518797
440 0.000277 0.033729 400.000000 7.299270
440 0.000239 0.031077 500.000000 7.507507
440 0.000242 0.035400 600.000000 7.326007
440 0.000214 0.020019 700.000000 7.368421
440 0.000241 0.008863 800.000000 7.684918
450 0.000529 0.019002 100.000000 6.711410
450 0.000573 0.035384 200.000000 7.874016
450 0.000498 0.056963 300.000000 7.556675
450 0.000281 0.032026 400.000000 7.312614
450 0.000231 0.031899 500.000000 7.541478
450 0.000235 0.035593 600.000000 7.343941
450 0.000218 0.018775 700.000000 7.391764
450 0.000245 0.009669 800.000000 7.707129
460 0.000558 0.019109 100.000000 6.756757
460 0.000614 0.037390 200.000000 7.936508
460 0.000494 0.057638 300.000000 7.556675
460 0.000289 0.030904 400.000000 7.285975
460 0.000236 0.032648 500.000000 7.564297
460 0.000233 0.035662 600.000000 7.334963
460 0.000230 0.016938 700.000000 7.415254
460 0.000255 0.011046 800.000000 7.722008
470 0.000544 0.021799 100.000000 6.756757
470 0.000625 0.041336 200.000000 7.968128
470 0.000486 0.058723 300.000000 7.518797
470 0.000278 0.030835 400.000000 7.233273
470 0.000239 0.034165 500.000000 7.552870
470 0.000227 0.035993 600.000000 7.272727
470 0.000228 0.015468 700.000000 7.423118
470 0.000259 0.012247 800.000000 7.707129
480 0.000687 0.025067 100.000000 6.756757
480 0.000652 0.048325 200.000000 8.000000
480 0.000489 0.062215 300.000000 7.352941
480 0.000265 0.031868 400.000000 7.194244
480 0.000247 0.035642 500.000000 7.541478
480 0.000216 0.034583 600.000000 7.202881
480 0.000228 0.014412 700.000000 7.438895
480 0.000260 0.013413 800.000000 7.670182
490 0.000767 0.029547 100.000000 6.756757
490 0.000661 0.054195 200.000000 8.000000
490 0.000460 0.061783 300.000000 7.142857
490 0.000256 0.032502 400.000000 7.194244
490 0.000237 0.037075 500.000000 7.530120
490 0.000226 0.033210 600.000000 7.168459
490 0.000233 0.013443 700.000000 7.446808
490 0.000253 0.014602 800.000000 7.490637
500 0.000828 0.033257 100.000000 6.896552
500 0.000687 0.061263 200.000000 8.064516
500 0.000462 0.060106 300.000000 7.075472
500 0.000265 0.032566 400.000000 7.233273
500 0.000234 0.038279 500.000000 7.507507
500 0.000219 0.031725 600.000000 7.168459
500 0.000235 0.012054 700.000000 7.470651
500 0.000251 0.016771 800.000000 7.462687
510 0.000836 0.030953 100.000000 7.092198
510 0.000687 0.061562 200.000000 8.163265
510 0.000455 0.055727 300.000000 7.125891
510 0.000273 0.031120 400.000000 7.285975
510 0.000239 0.038933 500.000000 7.473842
510 0.000226 0.030249 600.000000 7.202881
510 0.000243 0.010702 700.000000 7.510730
510 0.000260 0.019182 800.000000 7.483630
520 0.000875 0.026467 100.000000 7.352941
520 0.000694 0.060925 200.000000 8.298756
520 0.000462 0.050926 300.000000 7.194244
520 0.000287 0.028773 400.000000 7.366483
520 0.000255 0.039458 500.000000 7.429420
520 0.000240 0.028923 600.000000 7.255139
520 0.000257 0.009713 700.000000 7.559395
520 0.000274 0.023021 800.000000 7.511737
530 0.000807 0.020201 100.000000 7.692307
530 0.000675 0.055954 200.000000 8.438819
530 0.000452 0.042149 300.000000 7.281553
530 0.000300 0.025408 400.000000 7.448790
530 0.000273 0.040459 500.000000 7.407407
530 0.000256 0.027341 600.000000 7.299270
530 0.000271 0.010232 700.000000 7.616975
530 0.000285 0.027208 800.000000 7.554296
540 0.000840 0.023359 100.000000 8.064516
540 0.000681 0.058641 200.000000 8.583691
540 0.000439 0.042350 300.000000 7.389163
540 0.000297 0.027003 400.000000 7.532957
540 0.000277 0.040666 500.000000 7.429420
540 0.000257 0.026565 600.000000 7.352941
540 0.000270 0.010073 700.000000 7.667032
540 0.000283 0.027084 800.000000 7.597341
550 0.000830 0.024586 100.000000 8.474576
550 0.000696 0.058957 200.000000 8.695652
550 0.000426 0.038651 300.000000 7.481297
550 0.000283 0.027529 400.000000 7.619048
550 0.000279 0.040887 500.000000 7.462687
550 0.000254 0.025940 600.000000 7.407407
550 0.000267 0.010229 700.000000 7.726269
550 0.000276 0.027391 800.000000 7.640879
560 0.000812 0.023487 100.000000 8.849558
560 0.000662 0.058242 200.000000 8.620689
560 0.000405 0.033502 300.000000 7.556675
560 0.000284 0.027893 400.000000 7.692307
560 0.000301 0.040885 500.000000 7.485030
560 0.000253 0.025019 600.000000 7.453416
560 0.000270 0.010957 700.000000 7.777778
560 0.000272 0.028801 800.000000 7.677543
570 0.000827 0.024958 100.000000 9.090909
570 0.000639 0.059293 200.000000 8.264462
570 0.000396 0.030625 300.000000 7.594937
570 0.000286 0.029488 400.000000 7.722008
570 0.000308 0.040650 500.000000 7.485030
570 0.000256 0.023969 600.000000 7.481297
570 0.000274 0.011854 700.000000 7.812500
570 0.000268 0.029980 800.000000 7.707129
580 0.000778 0.026353 100.000000 9.259259
580 0.000627 0.057024 200.000000 8.097166
580 0.000382 0.027828 300.000000 7.575758
580 0.000289 0.031196 400.000000 7.736944
580 0.000321 0.040621 500.000000 7.473842
580 0.000262 0.022399 600.000000 7.490637
580 0.000274 0.013392 700.000000 7.829978
580 0.000266 0.031983 800.000000 7.722008
590 0.000807 0.030868 100.000000 9.345795
590 0.000620 0.057389 200.000000 8.032128
590 0.000331 0.025131 300.000000 7.537688
590 0.000311 0.033029 400.000000 7.751938
590 0.000320 0.041155 500.000000 7.473842
590 0.000268 0.020914 600.000000 7.500000
590 0.000283 0.015192 700.000000 7.856341
590 0.000277 0.035249 800.000000 7.729469
600 0.000741 0.024060 100.000000 9.433962
600 0.000552 0.045385 200.000000 8.000000
600 0.000322 0.020039 300.000000 7.481297
600 0.000287 0.035935 400.000000 7.751938
600 0.000305 0.041717 500.000000 7.462687
600 0.000266 0.019891 600.000000 7.509387
600 0.000280 0.017935 700.000000 7.865169
600 0.000265 0.037325 800.000000 7.744434
610 0.000809 0.026892 100.000000 9.523809
610 0.000517 0.043981 200.000000 7.968128
610 0.000306 0.021384 300.000000 7.425743
610 0.000301 0.038186 400.000000 7.766990
610 0.000264 0.043307 500.000000 7.418397
610 0.000268 0.018912 600.000000 7.528231
610 0.000288 0.019774 700.000000 7.856341
610 0.000266 0.039194 800.000000 7.759457
620 0.000765 0.029178 100.000000 9.615385
620 0.000487 0.041616 200.000000 7.874016
620 0.000276 0.023999 300.000000 7.352941
620 0.000301 0.039725 400.000000 7.766990
620 0.000278 0.040935 500.000000 7.331378
620 0.000255 0.018040 600.000000 7.537688
620 0.000281 0.020496 700.000000 7.838746
620 0.000262 0.039017 800.000000 7.774539
630 0.000758 0.030844 100.000000 9.615385
630 0.000451 0.036300 200.000000 7.518797
630 0.000281 0.025097 300.000000 7.334963
630 0.000310 0.043022 400.000000 7.736944
630 0.000301 0.039645 500.000000 7.256894
630 0.000264 0.017368 600.000000 7.556675
630 0.000293 0.023033 700.000000 7.751938
630 0.000264 0.042363 800.000000 7.782101
640 0.000633 0.025126 100.000000 9.615385
640 0.000400 0.025596 200.000000 7.220217
640 0.000311 0.027338 300.000000 7.317073
640 0.000345 0.046215 400.000000 7.692307
640 0.000326 0.037380 500.000000 7.225433
640 0.000274 0.017146 600.000000 7.566204
640 0.000270 0.026435 700.000000 7.559395
640 0.000257 0.044692 800.000000 7.797271
650 0.000627 0.023434 100.000000 9.433962
650 0.000376 0.020672 200.000000 7.092198
650 0.000331 0.029879 300.000000 7.334963
650 0.000341 0.049343 400.000000 7.547170
650 0.000319 0.034695 500.000000 7.215007
650 0.000279 0.017089 600.000000 7.575758
650 0.000271 0.028702 700.000000 7.526882
650 0.000256 0.046524 800.000000 7.804878
660 0.000580 0.020843 100.000000 9.174312
660 0.000364 0.016697 200.000000 7.042253
660 0.000359 0.032847 300.000000 7.334963
660 0.000370 0.053322 400.000000 7.285975
660 0.000319 0.032564 500.000000 7.215007
660 0.000285 0.017808 600.000000 7.585335
660 0.000274 0.032110 700.000000 7.518797
660 0.000255 0.049913 800.000000 7.812500
670 0.000579 0.021379 100.000000 8.403361
670 0.000372 0.017186 200.000000 6.993007
670 0.000391 0.036044 300.000000 7.334963
670 0.000431 0.054207 400.000000 7.194244
670 0.000334 0.030057 500.000000 7.204611
670 0.000290 0.018846 600.000000 7.604563
670 0.000269 0.034623 700.000000 7.518797
670 0.000257 0.052082 800.000000 7.820137
680 0.000467 0.020702 100.000000 7.407407
680 0.000382 0.019191 200.000000 6.968641
680 0.000403 0.038973 300.000000 7.334963
680 0.000458 0.053304 400.000000 7.142857
680 0.000338 0.027679 500.000000 7.204611
680 0.000290 0.020412 600.000000 7.614213
680 0.000260 0.036735 700.000000 7.526882
680 0.000259 0.053360 800.000000 7.835455
690 0.000501 0.023190 100.000000 7.042253
690 0.000366 0.022453 200.000000 6.896552
690 0.000421 0.041963 300.000000 7.317073
690 0.000463 0.052027 400.000000 7.117438
690 0.000338 0.025467 500.000000 7.194244
690 0.000289 0.021711 600.000000 7.633588
690 0.000261 0.038340 700.000000 7.534984
690 0.000262 0.055013 800.000000 7.843137
700 0.000431 0.021280 100.000000 6.944445
700 0.000398 0.025059 200.000000 6.802721
700 0.000443 0.045756 300.000000 7.317073
700 0.000454 0.052404 400.000000 7.092198
700 0.000329 0.023913 500.000000 7.204611
700 0.000289 0.023638 600.000000 7.643312
700 0.000262 0.040688 700.000000 7.543103
700 0.000261 0.056981 800.000000 7.858546
710 0.000302 0.019591 100.000000 6.849315
710 0.000452 0.027857 200.000000 6.711410
710 0.000464 0.050811 300.000000 7.299270
710 0.000447 0.053633 400.000000 7.054674
710 0.000328 0.022183 500.000000 7.204611
710 0.000296 0.025850 600.000000 7.633588
710 0.000257 0.043494 700.000000 7.543103
710 0.000260 0.059323 800.000000 7.858546
720 0.000221 0.020270 100.000000 6.666667
720 0.000455 0.031569 200.000000 6.578948
720 0.000491 0.055235 300.000000 7.281553
720 0.000452 0.054004 400.000000 6.944445
720 0.000314 0.021144 500.000000 7.215007
720 0.000303 0.027944 600.000000 7.604563
720 0.000263 0.045762 700.000000 7.551240
720 0.000261 0.061472 800.000000 7.858546
730 0.000350 0.018978 100.000000 6.211180
730 0.000466 0.034995 200.000000 6.514658
730 0.000528 0.059430 300.000000 7.246377
730 0.000438 0.050328 400.000000 6.837607
730 0.000317 0.020468 500.000000 7.225433
730 0.000306 0.029952 600.000000 7.537688
730 0.000259 0.048001 700.000000 7.559395
730 0.000260 0.063206 800.000000 7.858546
740 0.000352 0.021173 100.000000 5.780347
740 0.000515 0.039650 200.000000 6.514658
740 0.000556 0.066039 300.000000 7.194244
740 0.000462 0.048235 400.000000 6.791172
740 0.000325 0.020478 500.000000 7.235890
740 0.000301 0.032797 600.000000 7.299270
740 0.000257 0.050685 700.000000 7.575758
740 0.000265 0.066058 800.000000 7.850834
750 0.000469 0.023108 100.000000 5.649717
750 0.000582 0.044045 200.000000 6.535948
750 0.000556 0.071931 300.000000 7.109005
750 0.000468 0.045236 400.000000 6.779661
750 0.000336 0.020532 500.000000 7.256894
750 0.000294 0.035025 600.000000 7.263923
750 0.000253 0.052857 700.000000 7.592191
750 0.000270 0.067908 800.000000 7.850834
760 0.000565 0.025823 100.000000 5.649717
760 0.000618 0.048944 200.000000 6.578948
760 0.000577 0.077097 300.000000 6.896552
760 0.000460 0.042299 400.000000 6.802721
760 0.000338 0.020756 500.000000 7.288630
760 0.000286 0.037104 600.000000 7.272727
760 0.000257 0.054431 700.000000 7.616975
760 0.000275 0.069165 800.000000 7.843137
770 0.000552 0.027589 100.000000 5.714286
770 0.000626 0.051612 200.000000 6.666667
770 0.000601 0.079374 300.000000 6.787330
770 0.000451 0.040022 400.000000 6.837607
770 0.000331 0.021581 500.000000 7.331378
770 0.000285 0.038767 600.000000 7.299270
770 0.000253 0.056024 700.000000 7.650273
770 0.000277 0.070509 800.000000 7.835455
780 0.000658 0.031061 100.000000 5.813953
780 0.000670 0.058207 200.000000 6.756757
780 0.000656 0.084509 300.000000 6.802721
780 0.000469 0.039723 400.000000 6.884682
780 0.000336 0.022094 500.000000 7.385524
780 0.000288 0.040493 600.000000 7.334963
780 0.000254 0.057926 700.000000 7.692307
780 0.000279 0.072062 800.000000 7.835455
790 0.000618 0.028529 100.000000 5.988024
790 0.000650 0.053803 200.000000 6.896552
790 0.000659 0.077276 300.000000 6.849315
790 0.000446 0.035429 400.000000 6.956522
790 0.000320 0.023665 500.000000 7.462687
790 0.000270 0.041445 600.000000 7.389163
790 0.000246 0.057244 700.000000 7.751938
790 0.000275 0.070669 800.000000 7.820137
800 0.000659 0.030989 100.000000 6.211180
800 0.000665 0.057479 200.000000 7.042253
800 0.000676 0.078599 300.000000 6.928406
800 0.000448 0.035996 400.000000 7.042253
800 0.000330 0.024672 500.000000 7.541478
800 0.000275 0.042749 600.000000 7.453416
800 0.000251 0.058984 700.000000 7.812500
800 0.000283 0.072766 800.000000 7.812500
810 0.000741 0.032912 100.000000 6.451613
810 0.000700 0.062113 200.000000 7.194244
810 0.000685 0.081159 300.000000 7.009346
810 0.000464 0.036265 400.000000 7.117438
810 0.000342 0.025307 500.000000 7.621951
810 0.000283 0.044118 600.000000 7.518797
810 0.000267 0.061065 700.000000 7.865169
810 0.000282 0.075079 800.000000 7.797271
820 0.000716 0.031182 100.000000 6.578948
820 0.000693 0.059190 200.000000 7.326007
820 0.000670 0.075915 300.000000 7.075472
820 0.000448 0.031790 400.000000 7.168459
820 0.000321 0.026598 500.000000 7.692307
820 0.000262 0.045040 600.000000 7.566204
820 0.000255 0.060436 700.000000 7.918552
820 0.000271 0.073055 800.000000 7.766990
830 0.000715 0.032890 100.000000 6.666667
830 0.000691 0.059592 200.000000 7.407407
830 0.000663 0.071886 300.000000 7.109005
830 0.000440 0.029163 400.000000 7.207207
830 0.000318 0.028470 500.000000 7.739938
830 0.000262 0.046267 600.000000 7.604563
830 0.000251 0.061445 700.000000 7.954545
830 0.000273 0.072692 800.000000 7.759457
840 0.000796 0.037388 100.000000 6.622517
840 0.000718 0.065360 200.000000 7.462687
840 0.000648 0.072524 300.000000 7.109005
840 0.000420 0.028507 400.000000 7.246377
840 0.000324 0.030427 500.000000 7.776050
840 0.000272 0.048570 600.000000 7.633588
840 0.000259 0.064171 700.000000 7.981756
840 0.000282 0.074479 800.000000 7.759457
850 0.000905 0.040808 100.000000 6.535948
850 0.000720 0.071740 200.000000 7.490637
850 0.000631 0.072902 300.000000 7.109005
850 0.000409 0.027220 400.000000 7.272727
850 0.000329 0.032575 500.000000 7.788162
850 0.000272 0.050804 600.000000 7.653061
850 0.000260 0.066019 700.000000 8.009153
850 0.000281 0.074990 800.000000 7.774539
860 0.000924 0.049826 100.000000 6.451613
860 0.000763 0.079636 200.000000 7.518797
860 0.000592 0.076738 300.000000 7.058824
860 0.000409 0.027631 400.000000 7.299270
860 0.000346 0.034664 500.000000 7.800312
860 0.000287 0.053765 600.000000 7.672634
860 0.000276 0.069355 700.000000 8.027523
860 0.000292 0.077450 800.000000 7.797271
870 0.000994 0.058725 100.000000 6.410256
870 0.000795 0.087908 200.000000 7.575758
870 0.000643 0.077564 300.000000 7.009346
870 0.000404 0.028151 400.000000 7.352941
870 0.000361 0.036508 500.000000 7.812500
870 0.000300 0.056322 600.000000 7.712082
870 0.000285 0.072549 700.000000 8.055236
870 0.000299 0.079680 800.000000 7.835455
880 0.001011 0.061413 100.000000 6.578948
880 0.000827 0.091297 200.000000 7.722008
880 0.000629 0.075603 300.000000 7.009346
880 0.000409 0.027915 400.000000 7.421150
880 0.000367 0.038262 500.000000 7.836991
880 0.000299 0.058385 600.000000 7.772021
880 0.000289 0.074731 700.000000 8.101851
880 0.000298 0.081134 800.000000 7.881773
890 0.000809 0.036053 100.000000 6.802721
890 0.000727 0.069267 200.000000 7.843137
890 0.000542 0.053996 300.000000 7.042253
890 0.000344 0.023100 400.000000 7.504691
890 0.000318 0.037997 500.000000 7.849294
890 0.000252 0.054673 600.000000 7.832898
890 0.000254 0.067633 700.000000 8.149011
890 0.000270 0.071676 800.000000 7.928642
900 0.000874 0.040976 100.000000 7.042253
900 0.000729 0.074315 200.000000 8.000000
900 0.000589 0.054119 300.000000 7.109005
900 0.000358 0.024160 400.000000 7.604563
900 0.000338 0.039840 500.000000 7.776050
900 0.000264 0.057129 600.000000 7.894737
900 0.000264 0.070513 700.000000 8.206330
900 0.000277 0.074198 800.000000 7.984032
910 0.000841 0.037643 100.000000 7.352941
910 0.000738 0.070863 200.000000 8.163265
910 0.000561 0.046988 300.000000 7.177033
910 0.000342 0.024571 400.000000 7.692307
910 0.000293 0.041095 500.000000 7.704160
910 0.000249 0.057221 600.000000 7.957560
910 0.000262 0.069653 700.000000 8.254717
910 0.000273 0.072304 800.000000 8.032128
920 0.000822 0.031183 100.000000 7.575758
920 0.000699 0.065359 200.000000 8.196721
920 0.000527 0.038391 300.000000 7.228916
920 0.000317 0.024821 400.000000 7.751938
920 0.000263 0.041586 500.000000 7.692307
920 0.000230 0.055830 600.000000 8.010681
920 0.000254 0.067027 700.000000 8.293839
920 0.000263 0.068474 800.000000 8.072654
930 0.000797 0.030369 100.000000 7.751938
930 0.000655 0.064105 200.000000 8.000000
930 0.000486 0.032392 300.000000 7.263923
930 0.000311 0.026187 400.000000 7.812500
930 0.000262 0.042784 500.000000 7.692307
930 0.000229 0.055942 600.000000 8.053691
930 0.000259 0.066912 700.000000 8.303678
930 0.000265 0.067217 800.000000 8.105370
940 0.000778 0.030896 100.000000 7.874016
940 0.000668 0.062713 200.000000 7.547170
940 0.000435 0.026669 300.000000 7.281553
940 0.000292 0.027803 400.000000 7.858546
940 0.000250 0.043839 500.000000 7.704160
940 0.000218 0.055781 600.000000 8.086253
940 0.000265 0.066087 700.000000 8.284023
940 0.000265 0.065182 800.000000 8.121827
950 0.000741 0.029506 100.000000 7.936508
950 0.000689 0.057153 200.000000 7.380074
950 0.000419 0.022118 300.000000 7.317073
950 0.000270 0.029491 400.000000 7.905138
950 0.000238 0.044320 500.000000 7.727975
950 0.000218 0.055560 600.000000 8.108109
950 0.000274 0.065463 700.000000 8.225616
950 0.000268 0.063020 800.000000 8.146640
960 0.000720 0.028428 100.000000 8.064516
960 0.000709 0.050114 200.000000 7.326007
960 0.000388 0.019921 300.000000 7.334963
960 0.000261 0.031406 400.000000 7.936508
960 0.000223 0.044841 500.000000 7.751938
960 0.000218 0.055023 600.000000 8.141112
960 0.000285 0.064861 700.000000 8.083141
960 0.000273 0.061280 800.000000 8.163265
970 0.000710 0.025951 100.000000 8.130081
970 0.000660 0.042704 200.000000 7.299270
970 0.000362 0.019258 300.000000 7.352941
970 0.000246 0.032245 400.000000 8.000000
970 0.000211 0.044767 500.000000 7.776050
970 0.000230 0.054015 600.000000 8.174387
970 0.000287 0.063473 700.000000 7.954545
970 0.000274 0.059146 800.000000 8.188332
980 0.000674 0.022968 100.000000 8.264462
980 0.000635 0.035145 200.000000 7.299270
980 0.000345 0.021141 300.000000 7.389163
980 0.000255 0.033892 400.000000 8.048289
980 0.000227 0.046019 500.000000 7.812500
980 0.000247 0.056279 600.000000 8.207934
980 0.000310 0.065322 700.000000 7.927520
980 0.000289 0.060619 800.000000 8.213552
990 0.000646 0.022418 100.000000 8.403361
990 0.000574 0.031762 200.000000 7.352941
990 0.000303 0.023917 300.000000 7.444169
990 0.000268 0.035258 400.000000 8.097166
990 0.000249 0.047400 500.000000 7.849294
990 0.000265 0.058381 600.000000 8.253095
990 0.000323 0.067024 700.000000 7.945517
990 0.000301 0.061950 800.000000 8.238929
1000 0.000527 0.019323 100.000000 8.620689
1000 0.000495 0.027685 200.000000 7.380074
1000 0.000261 0.024809 300.000000 7.500000
1000 0.000258 0.034702 400.000000 8.146640
1000 0.000235 0.045859 500.000000 7.898894
1000 0.000263 0.056558 600.000000 8.298756
1000 0.000321 0.064066 700.000000 7.972665
1000 0.000303 0.059127 800.000000 8.264462
1010 0.000579 0.021370 100.000000 8.849558
1010 0.000421 0.030888 200.000000 7.380074
1010 0.000265 0.026250 300.000000 7.575758
1010 0.000274 0.035869 400.000000 8.196721
1010 0.000239 0.047249 500.000000 7.949126
1010 0.000278 0.058032 600.000000 8.333333
1010 0.000324 0.064163 700.000000 8.018328
1010 0.000305 0.059520 800.000000 8.290155
1020 0.000606 0.022895 100.000000 9.090909
1020 0.000470 0.028247 200.000000 7.352941
1020 0.000247 0.027935 300.000000 7.653061
1020 0.000285 0.037137 400.000000 8.230453
1020 0.000250 0.048795 500.000000 8.000000
1020 0.000288 0.060096 600.000000 8.379889
1020 0.000329 0.065105 700.000000 8.055236
1020 0.000312 0.060430 800.000000 8.324662
1030 0.000650 0.025663 100.000000 9.174312
1030 0.000453 0.026656 200.000000 7.220217
1030 0.000252 0.028942 300.000000 7.731959
1030 0.000294 0.038621 400.000000 8.213552
1030 0.000259 0.050766 500.000000 8.038586
1030 0.000297 0.062332 600.000000 8.415147
1030 0.000333 0.065958 700.000000 8.092485
1030 0.000317 0.061212 800.000000 8.342023
1040 0.000621 0.025698 100.000000 9.174312
1040 0.000459 0.024240 200.000000 7.092198
1040 0.000257 0.030083 300.000000 7.772021
1040 0.000317 0.039194 400.000000 7.968128
1040 0.000268 0.051255 500.000000 8.064516
1040 0.000307 0.063276 600.000000 8.415147
1040 0.000333 0.064803 700.000000 8.120649
1040 0.000316 0.059843 800.000000 8.350731
1050 0.000601 0.023726 100.000000 8.849558
1050 0.000404 0.021515 200.000000 7.042253
1050 0.000247 0.029772 300.000000 7.792208
1050 0.000273 0.039323 400.000000 7.707129
1050 0.000264 0.050826 500.000000 8.090615
1050 0.000322 0.063612 600.000000 8.403361
1050 0.000333 0.062988 700.000000 8.139535
1050 0.000316 0.056870 800.000000 8.359457
1060 0.000496 0.022433 100.000000 7.812500
1060 0.000325 0.021924 200.000000 6.993007
1060 0.000256 0.029522 300.000000 7.812500
1060 0.000284 0.039203 400.000000 7.648183
1060 0.000271 0.050704 500.000000 8.103727
1060 0.000339 0.064471 600.000000 8.368201
1060 0.000341 0.061524 700.000000 8.139535
1060 0.000321 0.053627 800.000000 8.359457
1070 0.000609 0.020765 100.000000 6.944445
1070 0.000279 0.023981 200.000000 6.993007
1070 0.000261 0.030505 300.000000 7.832898
1070 0.000293 0.039953 400.000000 7.648183
1070 0.000277 0.051813 500.000000 8.116883
1070 0.000353 0.066104 600.000000 8.310249
1070 0.000347 0.060199 700.000000 8.158508
1070 0.000320 0.050782 800.000000 8.368201
1080 0.000662 0.014762 100.000000 6.666667
1080 0.000244 0.024697 200.000000 6.993007
1080 0.000280 0.029593 300.000000 7.874016
1080 0.000289 0.039942 400.000000 7.648183
1080 0.000290 0.052261 500.000000 8.130081
1080 0.000373 0.067702 600.000000 8.141112
1080 0.000352 0.058873 700.000000 8.168028
1080 0.000323 0.047687 800.000000 8.385744
1090 0.000626 0.015977 100.000000 6.535948
1090 0.000246 0.025581 200.000000 6.993007
1090 0.000300 0.029439 300.000000 7.915567
1090 0.000297 0.042356 400.000000 7.662835
1090 0.000315 0.055990 500.000000 8.156607
1090 0.000397 0.071892 600.000000 7.926024
1090 0.000365 0.061127 700.000000 8.177570
1090 0.000321 0.047466 800.000000 8.394544
1100 0.000600 0.018601 100.000000 6.493506
1100 0.000230 0.025283 200.000000 6.993007
1100 0.000322 0.029264 300.000000 7.936508
1100 0.000307 0.043654 400.000000 7.677543
1100 0.000330 0.058150 500.000000 8.183306
1100 0.000411 0.072255 600.000000 7.863696
1100 0.000371 0.061383 700.000000 8.187135
1100 0.000324 0.046163 800.000000 8.403361
1110 0.000504 0.022622 100.000000 6.451613
1110 0.000227 0.027681 200.000000 6.993007
1110 0.000326 0.030702 300.000000 7.978724
1110 0.000314 0.045826 400.000000 7.707129
1110 0.000345 0.061276 500.000000 8.196721
1110 0.000411 0.072586 600.000000 7.853403
1110 0.000377 0.061417 700.000000 8.196721
1110 0.000324 0.044665 800.000000 8.394544
1120 0.000406 0.027263 100.000000 6.329114
1120 0.000259 0.028281 200.000000 7.042253
1120 0.000365 0.032958 300.000000 7.957560
1120 0.000326 0.049690 400.000000 7.722008
1120 0.000367 0.065588 500.000000 8.223684
1120 0.000419 0.074424 600.000000 7.874016
1120 0.000385 0.062969 700.000000 8.206330
1120 0.000324 0.043860 800.000000 8.324662
1130 0.000358 0.024215 100.000000 6.060606
1130 0.000286 0.027351 200.000000 7.067138
1130 0.000391 0.034237 300.000000 7.936508
1130 0.000338 0.052708 400.000000 7.751938
1130 0.000386 0.069879 500.000000 8.237232
1130 0.000426 0.075691 600.000000 7.894737
1130 0.000394 0.064057 700.000000 8.206330
1130 0.000310 0.041402 800.000000 8.179959
1140 0.000280 0.024787 100.000000 5.847953
1140 0.000310 0.025070 200.000000 7.142857
1140 0.000396 0.035872 300.000000 7.874016
1140 0.000353 0.055614 400.000000 7.782101
1140 0.000401 0.073845 500.000000 8.250825
1140 0.000429 0.076703 600.000000 7.926024
1140 0.000399 0.064768 700.000000 8.225616
1140 0.000305 0.038759 800.000000 8.154943
1150 0.000356 0.025346 100.000000 5.747127
1150 0.000368 0.025765 200.000000 7.194244
1150 0.000433 0.039953 300.000000 7.500000
1150 0.000373 0.060092 400.000000 7.827789
1150 0.000415 0.078715 500.000000 8.278146
1150 0.000435 0.078576 600.000000 7.957560
1150 0.000403 0.065765 700.000000 8.244994
1150 0.000306 0.038040 800.000000 8.163265
1160 0.000368 0.023167 100.000000 5.780347
1160 0.000394 0.025787 200.000000 7.299270
1160 0.000430 0.045087 300.000000 7.352941
1160 0.000388 0.065778 400.000000 7.874016
1160 0.000440 0.085175 500.000000 8.291874
1160 0.000441 0.082135 600.000000 8.000000
1160 0.000411 0.068031 700.000000 8.274232
1160 0.000314 0.037986 800.000000 8.179959
1170 0.000392 0.024887 100.000000 5.917160
1170 0.000428 0.029366 200.000000 7.434944
1170 0.000439 0.049712 300.000000 7.389163
1170 0.000392 0.069591 400.000000 7.968128
1170 0.000455 0.089025 500.000000 8.347245
1170 0.000446 0.083938 600.000000 8.064516
1170 0.000413 0.068841 700.000000 8.323424
1170 0.000316 0.038854 800.000000 8.230453
1180 0.000361 0.026650 100.000000 6.097561
1180 0.000439 0.030867 200.000000 7.604563
1180 0.000444 0.051408 300.000000 7.500000
1180 0.000408 0.071567 400.000000 8.064516
1180 0.000461 0.091182 500.000000 8.417508
1180 0.000447 0.084423 600.000000 8.130081
1180 0.000413 0.068385 700.000000 8.383233
1180 0.000319 0.038151 800.000000 8.281573
1190 0.000358 0.027924 100.000000 6.369427
1190 0.000451 0.032250 200.000000 7.843137
1190 0.000465 0.053642 300.000000 7.614213
1190 0.000413 0.073322 400.000000 8.196721
1190 0.000468 0.093301 500.000000 8.503402
1190 0.000452 0.085272 600.000000 8.207934
1190 0.000413 0.068436 700.000000 8.454106
1190 0.000321 0.037974 800.000000 8.342023
1200 0.000365 0.027059 100.000000 6.666667
1200 0.000483 0.035421 200.000000 8.064516
1200 0.000486 0.058937 300.000000 7.731959
1200 0.000426 0.078915 400.000000 8.316009
1200 0.000482 0.099307 500.000000 8.576329
1200 0.000460 0.089796 600.000000 8.287292
1200 0.000420 0.071852 700.000000 8.526188
1200 0.000327 0.040127 800.000000 8.412198
1210 0.000355 0.025010 100.000000 6.896552
1210 0.000515 0.035871 200.000000 8.264462
1210 0.000497 0.061164 300.000000 7.853403
1210 0.000429 0.082037 400.000000 8.421053
1210 0.000493 0.103162 500.000000 8.605852
1210 0.000469 0.090906 600.000000 8.368201
1210 0.000422 0.071118 700.000000 8.588957
1210 0.000334 0.038174 800.000000 8.465609
1220 0.000340 0.018400 100.000000 7.092198
1220 0.000532 0.032748 200.000000 8.438819
1220 0.000496 0.060821 300.000000 7.936508
1220 0.000439 0.082291 400.000000 8.510638
1220 0.000505 0.104346 500.000000 8.591065
1220 0.000471 0.089486 600.000000 8.426967
1220 0.000422 0.067584 700.000000 8.641975
1220 0.000335 0.033246 800.000000 8.519702
1230 0.000347 0.013959 100.000000 7.246377
1230 0.000554 0.032045 200.000000 8.620689
1230 0.000491 0.061362 300.000000 8.021390
1230 0.000446 0.083294 400.000000 8.583691
1230 0.000523 0.105517 500.000000 8.460237
1230 0.000474 0.087479 600.000000 8.474576
1230 0.000423 0.063646 700.000000 8.695652
1230 0.000335 0.027754 800.000000 8.556149
1240 0.000380 0.015175 100.000000 7.407407
1240 0.000566 0.035754 200.000000 8.733624
1240 0.000490 0.064513 300.000000 8.086253
1240 0.000459 0.085920 400.000000 8.658009
1240 0.000541 0.106786 500.000000 8.278146
1240 0.000478 0.086640 600.000000 8.510638
1240 0.000412 0.060605 700.000000 8.728180
1240 0.000334 0.024331 800.000000 8.592911
1250 0.000379 0.018384 100.000000 7.462687
1250 0.000572 0.038468 200.000000 8.849558
1250 0.000484 0.066471 300.000000 8.152174
1250 0.000472 0.087491 400.000000 8.714597
1250 0.000551 0.105412 500.000000 8.196721
1250 0.000478 0.084896 600.000000 8.534851
1250 0.000409 0.057517 700.000000 8.750000
1250 0.000330 0.021167 800.000000 8.629990
1260 0.000469 0.018015 100.000000 7.575758
1260 0.000595 0.042564 200.000000 8.968610
1260 0.000507 0.070880 300.000000 8.196721
1260 0.000487 0.092000 400.000000 8.752735
1260 0.000549 0.105852 500.000000 8.183306
1260 0.000482 0.085222 600.000000 8.559201
1260 0.000407 0.056178 700.000000 8.760951
1260 0.000330 0.018728 800.000000 8.648648
1270 0.000571 0.018186 100.000000 7.692307
1270 0.000596 0.044488 200.000000 9.049774
1270 0.000482 0.072602 300.000000 8.241758
1270 0.000493 0.092824 400.000000 8.810573
1270 0.000541 0.103043 500.000000 8.223684
1270 0.000481 0.082836 600.000000 8.583691
1270 0.000406 0.052542 700.000000 8.739077
1270 0.000329 0.015712 800.000000 8.686211
1280 0.000743 0.040888 100.000000 7.936508
1280 0.000678 0.062223 200.000000 9.132421
1280 0.000518 0.087216 300.000000 8.333333
1280 0.000530 0.105709 400.000000 8.888889
1280 0.000558 0.112016 500.000000 8.278146
1280 0.000495 0.091773 600.000000 8.633094
1280 0.000402 0.060013 700.000000 8.674102
1280 0.000348 0.023337 800.000000 8.724100
1290 0.000738 0.028094 100.000000 8.264462
1290 0.000664 0.057529 200.000000 9.259259
1290 0.000515 0.084080 300.000000 8.450705
1290 0.000535 0.103964 400.000000 8.968610
1290 0.000554 0.107353 500.000000 8.347245
1290 0.000495 0.086618 600.000000 8.683068
1290 0.000384 0.051619 700.000000 8.599508
1290 0.000345 0.015347 800.000000 8.771930
1300 0.000777 0.028081 100.000000 8.620689
1300 0.000665 0.060075 200.000000 9.389671
1300 0.000519 0.085804 300.000000 8.595988
1300 0.000540 0.106025 400.000000 9.070294
1300 0.000555 0.106221 500.000000 8.431704
1300 0.000496 0.084607 600.000000 8.746356
1300 0.000381 0.047476 700.000000 8.599508
1300 0.000343 0.012258 800.000000 8.830022
1310 0.000731 0.026463 100.000000 9.090909
1310 0.000642 0.058516 200.000000 9.478673
1310 0.000517 0.083861 300.000000 8.720930
1310 0.000540 0.103592 400.000000 9.174312
1310 0.000545 0.100878 500.000000 8.517887
1310 0.000488 0.079126 600.000000 8.810573
1310 0.000367 0.041361 700.000000 8.631319
1310 0.000338 0.008657 800.000000 8.879024
1320 0.000694 0.020263 100.000000 9.433962
1320 0.000615 0.052338 200.000000 9.009009
1320 0.000501 0.076533 300.000000 8.849558
1320 0.000529 0.097026 400.000000 9.237875
1320 0.000526 0.091856 500.000000 8.591065
1320 0.000472 0.070708 600.000000 8.862629
1320 0.000351 0.033007 700.000000 8.663366
1320 0.000327 0.001980 800.000000 8.928572
1330 0.000710 0.022672 100.000000 9.708738
1330 0.000598 0.054336 200.000000 8.510638
1330 0.000508 0.077582 300.000000 8.928572
1330 0.000535 0.097790 400.000000 9.280743
1330 0.000523 0.089029 500.000000 8.650519
1330 0.000466 0.066781 600.000000 8.888889
1330 0.000350 0.028959 700.000000 8.684863
1330 0.000324 0.003278 800.000000 8.958567
1340 0.000674 0.023578 100.000000 9.900990
1340 0.000578 0.054872 200.000000 8.403361
1340 0.000503 0.076957 300.000000 8.982036
1340 0.000550 0.097192 400.000000 9.259259
1340 0.000515 0.084106 500.000000 8.680555
1340 0.000463 0.060897 600.000000 8.915304
1340 0.000342 0.024258 700.000000 8.706468
1340 0.000323 0.007343 800.000000 8.988764
1350 0.000690 0.025429 100.000000 10.101010
1350 0.000612 0.056502 200.000000 8.368201
1350 0.000495 0.077444 300.000000 9.036144
1350 0.000556 0.098177 400.000000 9.195402
1350 0.000509 0.082081 500.000000 8.695652
1350 0.000452 0.058597 600.000000 8.928572
1350 0.000340 0.023982 700.000000 8.728180
1350 0.000321 0.010148 800.000000 8.998875
1360 0.000757 0.025725 100.000000 10.204082
1360 0.000588 0.056484 200.000000 8.403361
1360 0.000489 0.077077 300.000000 9.063444
1360 0.000563 0.098372 400.000000 9.009009
1360 0.000509 0.078333 500.000000 8.726004
1360 0.000440 0.053684 600.000000 8.955224
1360 0.000339 0.019177 700.000000 8.750000
1360 0.000314 0.012858 800.000000 9.019166
1370 0.000778 0.027372 100.000000 10.526316
1370 0.000570 0.057927 200.000000 8.438819
1370 0.000493 0.077282 300.000000 9.118541
1370 0.000586 0.097620 400.000000 8.639309
1370 0.000506 0.074167 500.000000 8.741259
1370 0.000428 0.047581 600.000000 8.968610
1370 0.000338 0.014077 700.000000 8.771930
1370 0.000316 0.017195 800.000000 9.029346
1380 0.000763 0.030891 100.000000 10.638298
1380 0.000550 0.059535 200.000000 8.474576
1380 0.000511 0.077431 300.000000 9.174312
1380 0.000595 0.094490 400.000000 8.385744
1380 0.000502 0.069899 500.000000 8.756567
1380 0.000416 0.041735 600.000000 8.982036
1380 0.000326 0.008579 700.000000 8.793970
1380 0.000321 0.021392 800.000000 9.039548
1390 0.000725 0.029576 100.000000 10.869565
1390 0.000538 0.057043 200.000000 8.474576
1390 0.000501 0.074153 300.000000 9.202454
1390 0.000572 0.086767 400.000000 8.333333
1390 0.000489 0.064824 500.000000 8.771930
1390 0.000400 0.037204 600.000000 8.982036
1390 0.000315 0.006422 700.000000 8.816121
1390 0.000313 0.024777 800.000000 9.039548
1400 0.000628 0.023871 100.000000 10.752688
1400 0.000444 0.047961 200.000000 8.510638
1400 0.000473 0.064291 300.000000 9.230769
1400 0.000536 0.072560 400.000000 8.333333
1400 0.000465 0.053405 500.000000 8.771930
1400 0.000374 0.026837 600.000000 8.902077
1400 0.000297 0.008715 700.000000 8.827238
1400 0.000294 0.030578 800.000000 9.029346
1410 0.000602 0.021946 100.000000 10.416667
1410 0.000414 0.043120 200.000000 8.510638
1410 0.000473 0.058740 300.000000 9.202454
1410 0.000510 0.062170 400.000000 8.350731
1410 0.000447 0.045659 500.000000 8.756567
1410 0.000327 0.020402 600.000000 8.633094
1410 0.000293 0.015195 700.000000 8.838384
1410 0.000292 0.035514 800.000000 8.958567
1420 0.000579 0.023090 100.000000 9.615385
1420 0.000413 0.042008 200.000000 8.510638
1420 0.000476 0.058176 300.000000 9.174312
1420 0.000499 0.056781 400.000000 8.368201
1420 0.000438 0.041058 500.000000 8.741259
1420 0.000306 0.015253 600.000000 8.534851
1420 0.000285 0.018464 700.000000 8.838384
1420 0.000246 0.039187 800.000000 8.048289
1430 0.000525 0.021738 100.000000 7.575758
1430 0.000411 0.037386 200.000000 8.510638
1430 0.000473 0.053951 300.000000 9.118541
1430 0.000476 0.048686 400.000000 8.385744
1430 0.000419 0.033856 500.000000 8.726004
1430 0.000290 0.011593 600.000000 8.510638
1430 0.000279 0.022151 700.000000 8.849558
1430 0.000236 0.040221 800.000000 7.976072
1440 0.000499 0.023583 100.000000 7.194244
1440 0.000434 0.038662 200.000000 8.510638
1440 0.000514 0.055867 300.000000 9.036144
1440 0.000476 0.045068 400.000000 8.385744
1440 0.000419 0.027463 500.000000 8.710801
1440 0.000289 0.010081 600.000000 8.510638
1440 0.000280 0.026269 700.000000 8.849558
1440 0.000237 0.041061 800.000000 7.960199
1450 0.000512 0.020967 100.000000 7.092198
1450 0.000405 0.034983 200.000000 8.510638
1450 0.000516 0.053135 300.000000 8.849558
1450 0.000465 0.037870 400.000000 8.385744
1450 0.000396 0.019793 500.000000 8.710801
1450 0.000279 0.012978 600.000000 8.522727
1450 0.000269 0.030488 700.000000 8.849558
1450 0.000222 0.041199 800.000000 7.960199
1460 0.000402 0.016491 100.000000 6.993007
1460 0.000379 0.027290 200.000000 8.510638
1460 0.000517 0.046526 300.000000 8.379889
1460 0.000441 0.028642 400.000000 8.385744
1460 0.000375 0.011964 500.000000 8.710801
1460 0.000264 0.017459 600.000000 8.522727
1460 0.000260 0.034498 700.000000 8.838384
1460 0.000200 0.041276 800.000000 7.960199
1470 0.000386 0.016430 100.000000 6.944445
1470 0.000396 0.026937 200.000000 8.510638
1470 0.000542 0.043360 300.000000 7.853403
1470 0.000438 0.024738 400.000000 8.368201
1470 0.000347 0.007507 500.000000 8.695652
1470 0.000256 0.020624 600.000000 8.522727
1470 0.000272 0.037595 700.000000 8.827238
1470 0.000199 0.041448 800.000000 7.960199
1480 0.000416 0.016841 100.000000 6.896552
1480 0.000419 0.026987 200.000000 8.510638
1480 0.000536 0.039129 300.000000 7.712082
1480 0.000433 0.021510 400.000000 8.350731
1480 0.000337 0.006337 500.000000 8.665511
1480 0.000249 0.023620 600.000000 8.534851
1480 0.000270 0.040306 700.000000 8.816121
1480 0.000197 0.041323 800.000000 7.952286
1490 0.000306 0.015485 100.000000 6.944445
1490 0.000426 0.025509 200.000000 8.547009
1490 0.000514 0.034197 300.000000 7.731959
1490 0.000427 0.018544 400.000000 8.350731
1490 0.000330 0.007512 500.000000 8.605852
1490 0.000246 0.026191 600.000000 8.547009
1490 0.000261 0.042478 700.000000 8.805032
1490 0.000193 0.041164 800.000000 7.960199
1500 0.000357 0.013957 100.000000 7.042253
1500 0.000446 0.023702 200.000000 8.620689
1500 0.000504 0.028268 300.000000 7.772021
1500 0.000420 0.012831 400.000000 8.385744
1500 0.000291 0.011770 500.000000 8.417508
1500 0.000246 0.030236 600.000000 8.583691
1500 0.000257 0.045575 700.000000 8.793970
1500 0.000183 0.041685 800.000000 7.976072
1510 0.000323 0.014250 100.000000 7.194244
1510 0.000449 0.024452 200.000000 8.695652
1510 0.000491 0.025808 300.000000 7.853403
1510 0.000411 0.011424 400.000000 8.421053
1510 0.000273 0.013725 500.000000 8.305648
1510 0.000240 0.031490 600.000000 8.633094
1510 0.000254 0.046940 700.000000 8.728180
1510 0.000182 0.041383 800.000000 8.000000
1520 0.000339 0.015322 100.000000 7.462687
1520 0.000466 0.026886 200.000000 8.849558
1520 0.000490 0.026092 300.000000 7.957560
1520 0.000414 0.012560 400.000000 8.492569
1520 0.000265 0.013499 500.000000 8.319468
1520 0.000238 0.031676 600.000000 8.683068
1520 0.000216 0.047666 700.000000 7.856341
1520 0.000187 0.041038 800.000000 8.032128
1530 0.000363 0.017360 100.000000 7.874016
1530 0.000471 0.028366 200.000000 9.090909
1530 0.000486 0.025480 300.000000 8.108109
1530 0.000407 0.011734 400.000000 8.602151
1530 0.000259 0.015498 500.000000 8.389262
1530 0.000231 0.032906 600.000000 8.771930
1530 0.000196 0.048000 700.000000 7.865169
1530 0.000171 0.041075 800.000000 8.080808
1540 0.000414 0.021376 100.000000 8.403361
1540 0.000489 0.031027 200.000000 9.433962
1540 0.000483 0.026759 300.000000 8.287292
1540 0.000408 0.012851 400.000000 8.752735
1540 0.000256 0.016797 500.000000 8.503402
1540 0.000234 0.033686 600.000000 8.875740
1540 0.000191 0.048263 700.000000 7.918552
1540 0.000163 0.041221 800.000000 8.146640
1550 0.000406 0.017174 100.000000 9.009009
1550 0.000475 0.026928 200.000000 9.756098
1550 0.000473 0.022399 300.000000 8.474576
1550 0.000403 0.008917 400.000000 8.908686
1550 0.000249 0.017716 500.000000 8.605852
1550 0.000235 0.034237 600.000000 8.982036
1550 0.000198 0.048102 700.000000 7.972665
1550 0.000164 0.040998 800.000000 8.213552
1560 0.000390 0.011265 100.000000 9.615385
1560 0.000477 0.024670 200.000000 10.050251
1560 0.000472 0.020139 300.000000 8.645534
1560 0.000401 0.009330 400.000000 9.029346
1560 0.000250 0.018401 500.000000 8.710801
1560 0.000246 0.034184 600.000000 9.077156
1560 0.000212 0.047579 700.000000 8.027523
1560 0.000177 0.040487 800.000000 8.273009
1570 0.000426 0.012244 100.000000 10.000000
1570 0.000527 0.025712 200.000000 10.204082
1570 0.000466 0.019148 300.000000 8.771930
1570 0.000400 0.008762 400.000000 9.111617
1570 0.000249 0.020637 500.000000 8.771930
1570 0.000249 0.035690 600.000000 9.146341
1570 0.000213 0.047586 700.000000 8.055236
1570 0.000180 0.040443 800.000000 8.307373
1580 0.000394 0.012170 100.000000 10.416667
1580 0.000527 0.025248 200.000000 10.256411
1580 0.000464 0.016983 300.000000 8.849558
1580 0.000395 0.007458 400.000000 9.174312
1580 0.000244 0.021693 500.000000 8.818342
1580 0.000251 0.036506 600.000000 9.188361
1580 0.000211 0.046515 700.000000 8.073818
1580 0.000177 0.040154 800.000000 8.342023
1590 0.000332 0.011967 100.000000 10.526316
1590 0.000522 0.023247 200.000000 10.050251
1590 0.000450 0.012135 300.000000 8.902077
1590 0.000368 0.008263 400.000000 9.216590
1590 0.000236 0.025115 500.000000 8.865249
1590 0.000240 0.038686 600.000000 9.216590
1590 0.000201 0.045814 700.000000 8.092485
1590 0.000171 0.039953 800.000000 8.359457
1600 0.000336 0.012137 100.000000 10.752688
1600 0.000555 0.028068 200.000000 9.389671
1600 0.000462 0.014046 300.000000 8.928572
1600 0.000372 0.008701 400.000000 9.237875
1600 0.000246 0.024730 500.000000 8.880995
1600 0.000248 0.038766 600.000000 9.230769
1600 0.000193 0.044556 700.000000 8.111239
1600 0.000162 0.039891 800.000000 8.368201
1610 0.000402 0.015619 100.000000 10.752688
1610 0.000623 0.029759 200.000000 8.474576
1610 0.000465 0.016010 300.000000 8.928572
1610 0.000357 0.011052 400.000000 9.237875
1610 0.000252 0.025706 500.000000 8.912656
1610 0.000276 0.040005 600.000000 9.230769
1610 0.000192 0.044017 700.000000 8.111239
1610 0.000166 0.040131 800.000000 8.368201
1620 0.000463 0.014437 100.000000 10.869565
1620 0.000632 0.026610 200.000000 8.163265
1620 0.000464 0.014602 300.000000 8.928572
1620 0.000347 0.011522 400.000000 9.237875
1620 0.000242 0.027350 500.000000 8.928572
1620 0.000283 0.041616 600.000000 9.230769
1620 0.000186 0.043588 700.000000 8.111239
1620 0.000169 0.040013 800.000000 8.359457
1630 0.000502 0.015947 100.000000 10.869565
1630 0.000630 0.027373 200.000000 8.130081
1630 0.000479 0.016048 300.000000 8.928572
1630 0.000354 0.009592 400.000000 9.153318
1630 0.000244 0.027389 500.000000 8.944544
1630 0.000271 0.043031 600.000000 9.202454
1630 0.000188 0.043219 700.000000 8.111239
1630 0.000158 0.040246 800.000000 8.359457
1640 0.000597 0.017454 100.000000 10.869565
1640 0.000619 0.024335 200.000000 8.163265
1640 0.000479 0.014150 300.000000 8.902077
1640 0.000317 0.012577 400.000000 8.849558
1640 0.000258 0.030500 500.000000 8.944544
1640 0.000276 0.045636 600.000000 9.146341
1640 0.000182 0.043211 700.000000 8.111239
1640 0.000154 0.040215 800.000000 8.368201
1650 0.000616 0.019738 100.000000 10.752688
1650 0.000610 0.022220 200.000000 8.163265
1650 0.000478 0.013805 300.000000 8.875740
1650 0.000289 0.014181 400.000000 8.547009
1650 0.000251 0.031819 500.000000 8.960573
1650 0.000284 0.047279 600.000000 8.862629
1650 0.000189 0.042805 700.000000 8.101851
1650 0.000147 0.040060 800.000000 8.368201
1660 0.000606 0.019226 100.000000 10.526316
1660 0.000571 0.018557 200.000000 8.196721
1660 0.000455 0.014312 300.000000 8.823529
1660 0.000260 0.015967 400.000000 8.492569
1660 0.000255 0.031685 500.000000 8.960573
1660 0.000224 0.046014 600.000000 7.812500
1660 0.000165 0.041427 700.000000 8.101851
1660 0.000138 0.040094 800.000000 8.359457
1670 0.000717 0.021797 100.000000 10.204082
1670 0.000564 0.018649 200.000000 8.196721
1670 0.000452 0.015691 300.000000 8.797654
1670 0.000258 0.019106 400.000000 8.474576
1670 0.000263 0.033194 500.000000 8.960573
1670 0.000224 0.045327 600.000000 7.782101
1670 0.000175 0.041287 700.000000 8.101851
1670 0.000136 0.040817 800.000000 8.342023
1680 0.000712 0.020632 100.000000 9.708738
1680 0.000532 0.014449 200.000000 8.196721
1680 0.000420 0.012642 300.000000 8.797654
1680 0.000240 0.021977 400.000000 8.492569
1680 0.000256 0.034939 500.000000 8.960573
1680 0.000215 0.043738 600.000000 7.772021
1680 0.000164 0.040362 700.000000 8.101851
1680 0.000116 0.040050 800.000000 8.324662
1690 0.000806 0.026521 100.000000 8.620689
1690 0.000545 0.015004 200.000000 8.196721
1690 0.000404 0.013709 300.000000 8.797654
1690 0.000254 0.024403 400.000000 8.492569
1690 0.000261 0.036786 500.000000 8.960573
1690 0.000208 0.043469 600.000000 7.782101
1690 0.000160 0.040775 700.000000 8.101851
1690 0.000123 0.040612 800.000000 8.324662
1700 0.000900 0.022399 100.000000 6.993007
1700 0.000533 0.011344 200.000000 8.163265
1700 0.000370 0.008686 300.000000 8.771930
1700 0.000239 0.024281 400.000000 8.510638
1700 0.000268 0.036965 500.000000 8.944544
1700 0.000180 0.041502 600.000000 7.772021
1700 0.000144 0.039410 700.000000 8.092485
1700 0.000109 0.038676 800.000000 8.324662
1710 0.000842 0.014875 100.000000 6.493506
1710 0.000493 0.009327 200.000000 8.163265
1710 0.000331 0.011846 300.000000 8.746356
1710 0.000212 0.025630 400.000000 8.510638
1710 0.000284 0.036418 500.000000 8.928572
1710 0.000176 0.039215 600.000000 7.772021
1710 0.000151 0.038131 700.000000 8.083141
1710 0.000100 0.038273 800.000000 8.324662
1720 0.000777 0.013558 100.000000 6.410256
1720 0.000487 0.010479 200.000000 8.130081
1720 0.000326 0.012483 300.000000 8.670520
1720 0.000211 0.025831 400.000000 8.528785
1720 0.000272 0.036708 500.000000 8.912656
1720 0.000178 0.038151 600.000000 7.772021
1720 0.000138 0.037985 700.000000 8.073818
1720 0.000097 0.038207 800.000000 8.324662
1730 0.000656 0.009248 100.000000 6.451613
1730 0.000440 0.008576 200.000000 8.097166
1730 0.000257 0.013818 300.000000 8.310249
1730 0.000204 0.025321 400.000000 8.547009
1730 0.000267 0.034998 500.000000 8.849558
1730 0.000159 0.035246 600.000000 7.761966
1730 0.000123 0.035815 700.000000 8.083141
1730 0.000090 0.036572 800.000000 8.307373
1740 0.000619 0.008146 100.000000 6.535948
1740 0.000430 0.010078 200.000000 8.097166
1740 0.000222 0.016948 300.000000 8.000000
1740 0.000212 0.026428 400.000000 8.565310
1740 0.000312 0.036232 500.000000 8.635578
1740 0.000166 0.034712 600.000000 7.772021
1740 0.000123 0.035715 700.000000 8.092485
1740 0.000089 0.036657 800.000000 8.307373
1750 0.000583 0.007118 100.000000 6.622517
1750 0.000417 0.013713 200.000000 8.130081
1750 0.000214 0.013886 300.000000 7.957560
1750 0.000217 0.021972 400.000000 8.602151
1750 0.000235 0.033620 500.000000 7.429420
1750 0.000149 0.033217 600.000000 7.782101
1750 0.000114 0.035707 700.000000 8.101851
1750 0.000082 0.036940 800.000000 8.316009
1760 0.000539 0.007816 100.000000 6.711410
1760 0.000389 0.015192 200.000000 8.163265
1760 0.000199 0.015396 300.000000 7.957560
1760 0.000229 0.021578 400.000000 8.639309
1760 0.000235 0.032423 500.000000 7.407407
1760 0.000156 0.032700 600.000000 7.792208
1760 0.000109 0.035758 700.000000 8.111239
1760 0.000085 0.037318 800.000000 8.333333
1770 0.000475 0.009152 100.000000 6.849315
1770 0.000363 0.015534 200.000000 8.230453
1770 0.000186 0.014745 300.000000 8.021390
1770 0.000229 0.018694 400.000000 8.695652
1770 0.000240 0.028949 500.000000 7.418397
1770 0.000159 0.030924 600.000000 7.822686
1770 0.000098 0.035204 700.000000 8.120649
1770 0.000091 0.036751 800.000000 8.359457
1780 0.000445 0.009170 100.000000 6.993007
1780 0.000333 0.013552 200.000000 8.333333
1780 0.000176 0.012929 300.000000 8.108109
1780 0.000228 0.016470 400.000000 8.752735
1780 0.000230 0.025900 500.000000 7.462687
1780 0.000147 0.029515 600.000000 7.863696
1780 0.000093 0.033911 700.000000 8.149011
1780 0.000088 0.035296 800.000000 8.394544
1790 0.000445 0.009146 100.000000 7.246377
1790 0.000315 0.013186 200.000000 8.510638
1790 0.000178 0.011605 300.000000 8.219178
1790 0.000219 0.014336 400.000000 8.849558
1790 0.000210 0.023804 500.000000 7.507507
1790 0.000141 0.028538 600.000000 7.915567
1790 0.000091 0.032699 700.000000 8.187135
1790 0.000086 0.034063 800.000000 8.438819
1800 0.000408 0.010475 100.000000 7.575758
1800 0.000301 0.013710 200.000000 8.733624
1800 0.000172 0.010939 300.000000 8.356546
1800 0.000220 0.012417 400.000000 8.948545
1800 0.000215 0.022010 500.000000 7.575758
1800 0.000135 0.027741 600.000000 7.968128
1800 0.000093 0.031907 700.000000 8.235294
1800 0.000085 0.033325 800.000000 8.483563
1810 0.000395 0.011657 100.000000 7.936508
1810 0.000280 0.014029 200.000000 8.968610
1810 0.000178 0.010467 300.000000 8.522727
1810 0.000224 0.010518 400.000000 9.090909
1810 0.000202 0.020477 500.000000 7.656968
1810 0.000128 0.026817 600.000000 8.042895
1810 0.000096 0.031096 700.000000 8.303678
1810 0.000086 0.032587 800.000000 8.547009
1820 0.000362 0.013423 100.000000 8.474576
1820 0.000261 0.016470 200.000000 9.259259
1820 0.000182 0.010748 300.000000 8.695652
1820 0.000240 0.009775 400.000000 9.237875
1820 0.000209 0.020071 500.000000 7.739938
1820 0.000136 0.026897 600.000000 8.119080
1820 0.000099 0.031597 700.000000 8.373206
1820 0.000091 0.033311 800.000000 8.620689
1830 0.000345 0.013511 100.000000 9.009009
1830 0.000246 0.016358 200.000000 9.615385
1830 0.000193 0.011760 300.000000 8.902077
1830 0.000258 0.011577 400.000000 9.411765
1830 0.000215 0.021226 500.000000 7.836991
1830 0.000144 0.027733 600.000000 8.207934
1830 0.000107 0.032624 700.000000 8.454106
1830 0.000100 0.034687 800.000000 8.686211
1840 0.000310 0.013891 100.000000 9.615385
1840 0.000226 0.017500 200.000000 9.950249
1840 0.000201 0.014974 300.000000 9.090909
1840 0.000291 0.016904 400.000000 9.569378
1840 0.000234 0.024632 500.000000 7.923930
1840 0.000162 0.030252 600.000000 8.275862
1840 0.000123 0.035323 700.000000 8.526188
1840 0.000116 0.038124 800.000000 8.752735
1850 0.000283 0.014183 100.000000 10.204082
1850 0.000193 0.017002 200.000000 10.256411
1850 0.000194 0.015007 300.000000 9.287926
1850 0.000310 0.017892 400.000000 9.708738
1850 0.000244 0.024994 500.000000 8.000000
1850 0.000172 0.030613 600.000000 8.344924
1850 0.000129 0.035688 700.000000 8.599508
1850 0.000119 0.038828 800.000000 8.820287
1860 0.000260 0.014447 100.000000 10.638298
1860 0.000196 0.016907 200.000000 10.471204
1860 0.000193 0.014441 300.000000 9.433962
1860 0.000325 0.018887 400.000000 9.803922
1860 0.000230 0.025031 500.000000 8.064516
1860 0.000176 0.030914 600.000000 8.403361
1860 0.000134 0.036124 700.000000 8.652658
1870 0.000241 0.011498 100.000000 10.869565
1870 0.000179 0.013113 200.000000 10.526316
1870 0.000181 0.011198 300.000000 9.523809
1870 0.000301 0.017150 400.000000 9.828010
1870 0.000224 0.022945 500.000000 8.090615
1870 0.000161 0.029789 600.000000 8.426967
1870 0.000128 0.034572 700.000000 8.674102
1880 0.000256 0.012451 100.000000 10.869565
1880 0.000184 0.012646 200.000000 10.101010
1880 0.000190 0.009256 300.000000 9.523809
1880 0.000294 0.017269 400.000000 9.779951
1880 0.000203 0.022592 500.000000 8.077544
1880 0.000152 0.029703 600.000000 8.426967
1880 0.000124 0.034049 700.000000 8.663366
1890 0.000264 0.013031 100.000000 10.526316
1890 0.000206 0.012820 200.000000 9.009009
1890 0.000215 0.008976 300.000000 9.523809
1890 0.000330 0.020798 400.000000 9.501187
1890 0.000204 0.024011 500.000000 8.064516
1890 0.000148 0.030911 600.000000 8.415147
1890 0.000126 0.035178 700.000000 8.631319
1900 0.000268 0.014610 100.000000 10.309278
1900 0.000188 0.013646 200.000000 8.771930
1900 0.000233 0.010277 300.000000 9.523809
1900 0.000313 0.024540 400.000000 7.648183
1900 0.000192 0.026734 500.000000 8.038586
1900 0.000152 0.033241 600.000000 8.403361
1900 0.000132 0.037176 700.000000 8.620689
1910 0.000262 0.014670 100.000000 10.204082
1910 0.000159 0.015347 200.000000 8.733624
1910 0.000253 0.012263 300.000000 9.493670
1910 0.000304 0.025450 400.000000 7.561437
1910 0.000204 0.028589 500.000000 8.038586
1910 0.000144 0.035022 600.000000 8.379889
1910 0.000137 0.038596 700.000000 8.610086
1920 0.000223 0.014003 100.000000 10.101010
1920 0.000161 0.015442 200.000000 8.733624
1920 0.000267 0.011624 300.000000 9.493670
1920 0.000304 0.024035 400.000000 7.561437
1920 0.000206 0.029001 500.000000 8.038586
1920 0.000149 0.035299 600.000000 8.356546
1920 0.000141 0.038706 700.000000 8.620689
1930 0.000192 0.014140 100.000000 10.101010
1930 0.000191 0.015250 200.000000 8.733624
1930 0.000296 0.013997 300.000000 9.493670
1930 0.000299 0.025956 400.000000 7.561437
1930 0.000205 0.031548 500.000000 8.038586
1930 0.000158 0.037276 600.000000 8.344924
1930 0.000147 0.040930 700.000000 8.620689
1940 0.000155 0.013437 100.000000 10.204082
1940 0.000217 0.013998 200.000000 8.771930
1940 0.000327 0.013584 300.000000 9.493670
1940 0.000286 0.024462 400.000000 7.561437
1940 0.000192 0.031134 500.000000 8.038586
1940 0.000160 0.036345 600.000000 8.356546
1940 0.000149 0.039724 700.000000 8.631319
1950 0.000153 0.014025 100.000000 10.101010
1950 0.000237 0.013385 200.000000 8.849558
1950 0.000400 0.020385 300.000000 9.493670
1950 0.000297 0.029285 400.000000 7.575758
1950 0.000215 0.035874 500.000000 8.038586
1950 0.000177 0.040952 600.000000 8.368201
1950 0.000161 0.044867 700.000000 8.631319
1960 0.000175 0.013933 100.000000 10.000000
1960 0.000255 0.012604 200.000000 8.888889
1960 0.000395 0.022625 300.000000 9.493670
1960 0.000291 0.029186 400.000000 7.575758
1960 0.000209 0.036342 500.000000 8.038586
1960 0.000175 0.041327 600.000000 8.368201
1970 0.000216 0.013952 100.000000 9.433962
1970 0.000290 0.012491 200.000000 8.928572
1970 0.000400 0.027541 300.000000 9.433962
1970 0.000290 0.031334 400.000000 7.575758
1970 0.000211 0.038317 500.000000 8.051530
1970 0.000180 0.043126 600.000000 8.368201
1980 0.000368 0.014666 100.000000 8.000000
1980 0.000316 0.013327 200.000000 9.009009
1980 0.000415 0.030361 300.000000 9.287926
1980 0.000281 0.031879 400.000000 7.590133
1980 0.000210 0.038758 500.000000 8.064516
1980 0.000185 0.043680 600.000000 8.356546
1990 0.000424 0.015059 100.000000 7.575758
1990 0.000317 0.014013 200.000000 9.049774
1990 0.000456 0.030608 300.000000 7.109005
1990 0.000283 0.031711 400.000000 7.590133
1990 0.000206 0.038194 500.000000 8.077544
1990 0.000185 0.042680 600.000000 8.368201
2000 0.000412 0.014593 100.000000 7.518797
2000 0.000385 0.019055 200.000000 9.090909
2000 0.000447 0.038810 300.000000 6.976744
2000 0.000286 0.039051 400.000000 7.604563
2000 0.000213 0.045083 500.000000 8.077544
2000 0.000194 0.049277 600.000000 8.368201
2010 0.000395 0.016501 100.000000 7.518797
2010 0.000387 0.021969 200.000000 9.132421
2010 0.000432 0.039123 300.000000 6.944445
2010 0.000286 0.040649 400.000000 7.619048
2010 0.000215 0.046452 500.000000 8.064516
2010 0.000196 0.050332 600.000000 8.379889
2020 0.000390 0.018852 100.000000 7.575758
2020 0.000424 0.025465 200.000000 9.174312
2020 0.000434 0.040497 300.000000 6.944445
2020 0.000292 0.043686 400.000000 7.619048
2020 0.000216 0.049053 500.000000 8.051530
2020 0.000200 0.052945 600.000000 8.391608
2030 0.000408 0.021052 100.000000 7.633588
2030 0.000452 0.027459 200.000000 9.132421
2030 0.000405 0.039939 300.000000 6.944445
2030 0.000269 0.043950 400.000000 7.619048
2030 0.000215 0.049024 500.000000 8.038586
2030 0.000194 0.052817 600.000000 8.403361
2040 0.000422 0.021069 100.000000 7.692307
2040 0.000536 0.031598 200.000000 9.132421
2040 0.000400 0.042600 300.000000 6.944445
2040 0.000268 0.047888 400.000000 7.619048
2040 0.000223 0.052730 500.000000 8.051530
2040 0.000201 0.056757 600.000000 8.403361
2050 0.000414 0.021530 100.000000 7.751938
2050 0.000595 0.035202 200.000000 9.132421
2050 0.000383 0.042835 300.000000 6.960557
2050 0.000279 0.048912 400.000000 7.619048
2050 0.000225 0.053808 500.000000 8.064516
2060 0.000478 0.022350 100.000000 7.936508
2060 0.000590 0.040661 200.000000 9.174312
2060 0.000391 0.045247 300.000000 6.993007
2060 0.000275 0.051973 400.000000 7.633588
2060 0.000228 0.056441 500.000000 8.090615
2070 0.000541 0.023962 100.000000 8.196721
2070 0.000609 0.045943 200.000000 9.302325
2070 0.000398 0.048346 300.000000 7.058824
2070 0.000277 0.054693 400.000000 7.707129
2070 0.000233 0.059372 500.000000 8.130081
2080 0.000520 0.023088 100.000000 8.620689
2080 0.000590 0.045090 200.000000 9.478673
2080 0.000378 0.046716 300.000000 7.142857
2080 0.000268 0.053348 400.000000 7.797271
2080 0.000227 0.058463 500.000000 8.196721
2090 0.000601 0.023320 100.000000 9.259259
2090 0.000642 0.050730 200.000000 9.756098
2090 0.000384 0.052394 300.000000 7.263923
2090 0.000271 0.059091 400.000000 7.905138
2090 0.000230 0.063995 500.000000 8.291874
2100 0.000656 0.024509 100.000000 9.900990
2100 0.000651 0.053107 200.000000 9.950249
2100 0.000388 0.054089 300.000000 7.389163
2100 0.000287 0.061241 400.000000 8.016032
2100 0.000233 0.066722 500.000000 8.389262
2110 0.000665 0.026971 100.000000 10.526316
2110 0.000692 0.055460 200.000000 9.950249
2110 0.000390 0.055202 300.000000 7.500000
2110 0.000272 0.061957 400.000000 8.113590
2110 0.000229 0.066947 500.000000 8.460237
2120 0.000719 0.031603 100.000000 10.989011
2120 0.000705 0.061483 200.000000 6.872852
2120 0.000409 0.059488 300.000000 7.556675
2120 0.000279 0.065400 400.000000 8.179959
2120 0.000229 0.069794 500.000000 8.517887
2130 0.000792 0.035360 100.000000 11.235955
2130 0.000632 0.063622 200.000000 6.688963
2130 0.000366 0.060972 300.000000 7.594937
2130 0.000264 0.066525 400.000000 8.196721
2130 0.000227 0.070150 500.000000 8.532423
2140 0.000751 0.036908 100.000000 11.363636
2140 0.000598 0.059761 200.000000 6.644518
2140 0.000365 0.059362 300.000000 7.614213
2140 0.000254 0.064533 400.000000 8.179959
2140 0.000223 0.067512 500.000000 8.547009
2150 0.000657 0.031059 100.000000 11.363636
2150 0.000527 0.048011 200.000000 6.622517
2150 0.000324 0.050474 300.000000 7.614213
2150 0.000223 0.055152 400.000000 8.146640
2150 0.000206 0.058154 500.000000 8.547009
2160 0.000577 0.024518 100.000000 11.235955
2160 0.000424 0.037559 200.000000 6.622517
2160 0.000253 0.041422 300.000000 7.594937
2160 0.000205 0.045020 400.000000 8.130081
2160 0.000190 0.048341 500.000000 8.547009
2170 0.000727 0.022402 100.000000 11.111111
2170 0.000392 0.035284 200.000000 6.600660
2170 0.000237 0.040071 300.000000 7.575758
2170 0.000211 0.042986 400.000000 8.130081
2170 0.000191 0.046414 500.000000 8.547009
2180 0.000879 0.028864 100.000000 10.869565
2180 0.000381 0.037815 200.000000 6.578948
2180 0.000250 0.042926 300.000000 7.537688
2180 0.000218 0.045884 400.000000 8.113590
2190 0.000715 0.029019 100.000000 10.526316
2190 0.000336 0.031483 200.000000 6.557377
2190 0.000211 0.035700 300.000000 7.518797
2190 0.000205 0.038189 400.000000 8.097166
2200 0.000648 0.026910 100.000000 9.900990
2200 0.000293 0.025828 200.000000 6.535948
2200 0.000203 0.029779 300.000000 7.518797
2200 0.000213 0.033660 400.000000 8.064516
2210 0.000714 0.028945 100.000000 4.926108
2210 0.000297 0.025825 200.000000 6.514658
2210 0.000195 0.028715 300.000000 7.518797
2210 0.000216 0.032863 400.000000 8.032128
2220 0.000589 0.022265 100.000000 4.694836
2220 0.000281 0.023273 200.000000 6.493506
2220 0.000196 0.026625 300.000000 7.481297
2220 0.000223 0.032569 400.000000 8.016032
2230 0.000543 0.019880 100.000000 4.651163
2230 0.000281 0.022475 200.000000 6.493506
2230 0.000222 0.026343 300.000000 7.444169
2230 0.000215 0.033131 400.000000 8.032128
2240 0.000510 0.018661 100.000000 4.651163
2240 0.000279 0.022181 200.000000 6.493506
2240 0.000237 0.026557 300.000000 7.407407
2240 0.000221 0.035310 400.000000 8.032128
2250 0.000421 0.015354 100.000000 4.651163
2250 0.000238 0.019116 200.000000 6.514658
2250 0.000234 0.026570 300.000000 7.425743
2250 0.000231 0.037355 400.000000 8.048289
2260 0.000413 0.014401 100.000000 4.672897
2260 0.000262 0.024948 200.000000 6.493506
2260 0.000298 0.035433 300.000000 7.444169
2260 0.000252 0.048551 400.000000 8.048289
2270 0.000442 0.018593 100.000000 4.672897
2270 0.000274 0.030390 200.000000 6.493506
2270 0.000333 0.041618 300.000000 7.444169
2280 0.000391 0.018351 100.000000 4.716981
2280 0.000268 0.027794 200.000000 6.514658
2280 0.000308 0.038999 300.000000 7.481297
2290 0.000445 0.019442 100.000000 4.761905
2290 0.000296 0.029003 200.000000 6.578948
2290 0.000325 0.041461 300.000000 7.500000
2300 0.000478 0.021806 100.000000 4.854369
2300 0.000291 0.033277 200.000000 6.688963
2300 0.000342 0.046326 300.000000 7.556675
2310 0.000494 0.026475 100.000000 5.000000
2310 0.000347 0.040231 200.000000 6.825939
2310 0.000370 0.053814 300.000000 7.672634
2320 0.000575 0.038272 100.000000 5.181347
2320 0.000401 0.052154 200.000000 7.017544
2320 0.000401 0.066341 300.000000 7.812500
2330 0.000565 0.040425 100.000000 5.434783
2330 0.000401 0.053312 200.000000 7.246377
2330 0.000399 0.067317 300.000000 8.000000
2340 0.000579 0.041995 100.000000 5.747127
2340 0.000408 0.054877 200.000000 7.518797
2340 0.000404 0.068838 300.000000 8.219178
2350 0.000572 0.040954 100.000000 6.097561
2350 0.000405 0.054009 200.000000 7.812500
2350 0.000401 0.068049 300.000000 8.450705
2360 0.000550 0.037937 100.000000 6.493506
2360 0.000393 0.051061 200.000000 8.130081
2360 0.000390 0.065146 300.000000 8.695652
2370 0.000540 0.037107 100.000000 6.944445
2370 0.000385 0.050546 200.000000 8.438819
2370 0.000388 0.064228 300.000000 8.955224
2380 0.000540 0.037199 100.000000 7.462687
2380 0.000385 0.050643 200.000000 8.810573
2380 0.000388 0.064325 300.000000 9.230769
2390 0.000540 0.036945 100.000000 8.064516
2390 0.000385 0.050483 200.000000 9.216590
2390 0.000388 0.064208 300.000000 9.523809
2400 0.000527 0.033783 100.000000 8.771930
2400 0.000375 0.047372 200.000000 9.661836
2400 0.000378 0.061160 300.000000 9.836065
2410 0.000427 0.024561 100.000000 9.345795
2410 0.000316 0.036177 200.000000 10.050251
2410 0.000328 0.049800 300.000000 10.101010
2420 0.000428 0.019231 100.000000 9.900990
2420 0.000283 0.029500 200.000000 10.362695
2420 0.000300 0.042676 300.000000 10.309278
2430 0.000389 0.019551 100.000000 10.309278
2430 0.000271 0.028806 200.000000 10.526316
2430 0.000291 0.041841 300.000000 10.452962
2440 0.000342 0.019877 100.000000 10.526316
2440 0.000283 0.027864 200.000000 10.582010
2440 0.000267 0.041051 300.000000 10.526316
2450 0.000346 0.020640 100.000000 10.638298
2450 0.000328 0.028889 200.000000 10.471204
2450 0.000255 0.041804 300.000000 10.563380
2460 0.000306 0.019799 100.000000 10.638298
2460 0.000293 0.028581 200.000000 10.471204
2460 0.000253 0.040923 300.000000 10.563380
2470 0.000287 0.021579 100.000000 10.526316
2470 0.000308 0.028581 200.000000 10.471204
2470 0.000231 0.040586 300.000000 10.563380
2480 0.000192 0.021220 100.000000 10.416667
2480 0.000302 0.026122 200.000000 10.526316
2490 0.000226 0.021871 100.000000 10.416667
2490 0.000306 0.029225 200.000000 10.526316
2500 0.000182 0.018847 100.000000 10.526316
2500 0.000285 0.024645 200.000000 10.471204
2510 0.000220 0.018795 100.000000 10.638298
2510 0.000307 0.026807 200.000000 10.416667
2520 0.000137 0.016746 100.000000 10.638298
2520 0.000248 0.022498 200.000000 10.416667
2530 0.000238 0.018429 100.000000 10.416667
2530 0.000257 0.025768 200.000000 10.416667
2540 0.000298 0.019232 100.000000 10.204082
2540 0.000225 0.025913 200.000000 10.416667
2550 0.000282 0.018341 100.000000 10.101010
2550 0.000237 0.026736 200.000000 10.416667
2560 0.000320 0.017814 100.000000 10.204082
2560 0.000223 0.028213 200.000000 10.471204
2570 0.000417 0.022460 100.000000 10.309278
2570 0.000261 0.033895 200.000000 10.526316
2580 0.000434 0.022159 100.000000 10.416667
2590 0.000372 0.022483 100.000000 10.309278
2600 0.000441 0.024591 100.000000 10.101010
2610 0.000394 0.026746 100.000000 10.000000
2620 0.000353 0.023426 100.000000 10.101010
2630 0.000215 0.021355 100.000000 10.309278
2640 0.000159 0.017662 100.000000 10.526316
2650 0.000195 0.018712 100.000000 10.638298
2660 0.000109 0.017586 100.000000 10.638298
