0.999998 0.00109698 0.00145364 -0.00895714 -0.00109012 0.999989 -0.00471163 -0.00664255 -0.00145881 0.00471 0.999988 0.953063
0.999998 0.000196801 0.00230495 -0.0110095 -0.000185625 0.999988 -0.00487991 -0.0212127 -0.00230597 0.00487932 0.999985 1.90409
0.999994 -0.000844095 0.00352164 -0.0127985 0.000848622 0.999999 -0.00127214 -0.0258456 -0.00352063 0.0012751 0.999993 2.85166
0.999995 -0.00304398 0.00193716 -0.0115776 0.00303628 0.999988 0.00389704 -0.0299799 -0.00194913 -0.00389133 0.999991 3.80303
0.999992 -0.00403861 0.000527285 -0.0119726 0.00403589 0.99998 0.00489853 -0.0448143 -0.000547213 -0.00489642 0.999988 4.7403
0.999974 -0.00732636 0.000776908 -0.0124613 0.00732431 0.999971 0.00230125 -0.0557685 -0.000793993 -0.00229577 0.999998 5.67471
0.999978 -0.00677551 -0.000801139 -0.0107152 0.00677668 0.999977 0.00163009 -0.0593142 0.000789958 -0.00163549 1 6.60217
0.999976 -0.00707243 -0.00143173 -0.016854 0.00707461 0.999974 0.00165755 -0.0642509 0.00141981 -0.00166794 0.999999 7.52727
0.999976 -0.0069762 -0.00142615 -0.0268405 0.00698007 0.999973 0.00281945 -0.0684711 0.00140635 -0.00282936 0.999996 8.45448
0.999973 -0.00691286 -0.00315469 -0.0309011 0.00692825 0.999964 0.00493024 -0.0777227 0.00312042 -0.00495234 0.999985 9.37491
0.99997 -0.00671637 -0.00407906 -0.0359472 0.00674274 0.999958 0.00653182 -0.0842742 0.00403493 -0.00655915 0.999973 10.2918
0.999968 -0.00736356 -0.00351809 -0.041408 0.00739034 0.999944 0.00772652 -0.0938277 0.00346094 -0.00775272 0.999967 11.2082
0.999959 -0.00760936 -0.00518489 -0.043936 0.00765184 0.999938 0.00825491 -0.0920929 0.00512178 -0.00829427 0.999955 12.1175
0.999957 -0.00750018 -0.00576839 -0.051014 0.00754616 0.99994 0.00803646 -0.0884426 0.00570765 -0.00808009 0.999954 13.0236
0.999955 -0.00758633 -0.00608226 -0.0571178 0.00763311 0.999942 0.00770856 -0.0834541 0.00602348 -0.00775477 0.999955 13.9233
0.999937 -0.00747157 -0.00857903 -0.0646415 0.00753769 0.999943 0.00773753 -0.08102 0.00852058 -0.00780208 0.999937 14.8211
0.999926 -0.00724136 -0.0100779 -0.0792156 0.00732044 0.999944 0.00782421 -0.0786381 0.0100208 -0.00789759 0.999922 15.7163
0.999924 -0.00682474 -0.0104486 -0.0959228 0.00690742 0.999946 0.00793411 -0.0793373 0.0103939 -0.00800594 0.999917 16.5982
0.999901 -0.0061868 -0.0128365 -0.114508 0.00629214 0.999948 0.00816887 -0.0773418 0.0127856 -0.00824907 0.999888 17.4944
0.99988 -0.00645497 -0.0142031 -0.134267 0.0065829 0.99994 0.00900396 -0.077807 0.0141441 -0.00909668 0.999863 18.377
0.999871 -0.00665366 -0.0148465 -0.154188 0.00680128 0.999929 0.00990293 -0.0777034 0.0147798 -0.0100029 0.999844 19.259
0.999837 -0.00661111 -0.0169718 -0.172339 0.00679104 0.999923 0.0105883 -0.0759751 0.0169004 -0.0107021 0.999804 20.1404
0.999809 -0.00678888 -0.0185423 -0.189267 0.00699723 0.999914 0.011184 -0.0778366 0.0184651 -0.0113118 0.99977 21.0131
0.999792 -0.00662526 -0.0194536 -0.211171 0.00684889 0.999912 0.0114704 -0.0750392 0.0193758 -0.0116015 0.99975 21.8729
0.999751 -0.00667162 -0.0214913 -0.230459 0.00692986 0.999906 0.0119529 -0.0693005 0.0214098 -0.0120991 0.999702 22.7399
0.999746 -0.00690524 -0.0216448 -0.254487 0.00719353 0.999888 0.0132889 -0.0644448 0.0215504 -0.0134415 0.999683 23.5886
0.999705 -0.00749276 -0.0232675 -0.276252 0.0078474 0.999856 0.0151757 -0.0606881 0.0231507 -0.0153539 0.999618 24.4466
0.999688 -0.00732916 -0.0240612 -0.298374 0.00771811 0.999842 0.0161314 -0.0552319 0.0239389 -0.0163122 0.999586 25.2853
0.999698 -0.00702527 -0.0237378 -0.323328 0.00741367 0.999841 0.0162981 -0.0508684 0.02362 -0.0164693 0.99959 26.1057
0.999668 -0.00660076 -0.0250747 -0.34685 0.00701069 0.999844 0.0163145 -0.0426283 0.0249629 -0.0164851 0.999559 26.9226
0.999651 -0.00652237 -0.0258006 -0.372102 0.00694869 0.999842 0.0164555 -0.035355 0.0256896 -0.0166293 0.999536 27.7217
0.999649 -0.00640574 -0.0258763 -0.398022 0.00684347 0.999836 0.0168821 -0.0244309 0.0257637 -0.0170535 0.999528 28.51
0.999603 -0.0062999 -0.0276523 -0.422222 0.00677993 0.999829 0.0172872 -0.0202831 0.027539 -0.017468 0.999474 29.2961
0.999555 -0.00579847 -0.0293994 -0.446721 0.00631619 0.999828 0.0175619 -0.0141617 0.0292924 -0.0177402 0.999419 30.0651
0.999523 -0.00537968 -0.030564 -0.475343 0.00593271 0.999822 0.018022 -0.0103286 0.0304619 -0.0181951 0.999376 30.8277
0.999438 -0.00536882 -0.0332238 -0.50363 0.0059982 0.999806 0.0188853 -0.00151255 0.0331157 -0.0190743 0.999275 31.5853
0.999371 -0.00526747 -0.035231 -0.531119 0.00597767 0.999783 0.0200751 0.00590145 0.0351178 -0.0202733 0.999185 32.3324
0.999329 -0.00478526 -0.0364362 -0.561959 0.00554422 0.999771 0.0207691 0.0144594 0.0363282 -0.0209576 0.999126 33.0666
0.999246 -0.00410016 -0.0387541 -0.593334 0.00492237 0.999767 0.0211347 0.0193341 0.0386586 -0.0213098 0.999033 33.7897
0.999206 -0.00296558 -0.0398626 -0.628392 0.00381257 0.99977 0.0211993 0.0270761 0.0397903 -0.0213349 0.998986 34.4982
0.999117 -0.00250707 -0.0420892 -0.661786 0.00341416 0.999766 0.021483 0.0331403 0.0420256 -0.021608 0.99889 35.2005
0.999057 -0.00246394 -0.0434837 -0.693322 0.00343699 0.999747 0.0223274 0.0449656 0.0434173 -0.0224562 0.998811 35.8926
0.999033 -0.00196484 -0.0440627 -0.731689 0.00298324 0.999732 0.0230503 0.0527408 0.0440057 -0.0231597 0.998771 36.5774
0.99901 -0.00105604 -0.0446061 -0.768711 0.00209758 0.999728 0.0233196 0.0617813 0.044569 -0.0233905 0.998738 37.2534
0.999064 0.000255241 -0.0434055 -0.807282 0.000751005 0.999734 0.0231553 0.0646737 0.0434 -0.0231663 0.998797 37.9143
0.999176 0.000809459 -0.0407462 -0.840864 0.000117463 0.999744 0.0227517 0.0766339 0.0407539 -0.0227382 0.998917 38.562
0.999243 0.000829276 -0.0390583 -0.867838 5.37769e-05 0.999747 0.0225926 0.0852831 0.0390672 -0.0225777 0.99899 39.2038
0.999361 0.00126128 -0.0359274 -0.894707 -0.000436521 0.999739 0.0229655 0.0973281 0.0359466 -0.0229356 0.999097 39.8403
0.999482 0.00458823 -0.0320498 -0.924256 -0.00375851 0.99966 0.025887 0.10496 0.0321578 -0.0257532 0.99916 40.4736
0.999554 0.00865575 -0.028844 -0.951437 -0.00778326 0.999515 0.0302371 0.119647 0.0290914 -0.0299995 0.999134 41.0919
0.99963 0.012736 -0.0243477 -0.977544 -0.0119638 0.999432 0.0315831 0.131123 0.0247364 -0.0312801 0.999214 41.6885
0.999734 0.0145438 -0.0183231 -0.995051 -0.0139576 0.999401 0.0317413 0.144283 0.0187735 -0.0314776 0.999336 42.2751
0.99975 0.0182069 -0.0135542 -1.01467 -0.0177413 0.999277 0.0336801 0.149715 0.0141579 -0.0334311 0.99935 42.8542
0.999756 0.0214001 -0.0068368 -1.02722 -0.0211516 0.999181 0.0345852 0.166522 0.00757092 -0.0344326 0.999386 43.4026
0.99974 0.0231556 0.000917421 -1.03301 -0.023173 0.999134 0.0346333 0.174161 -0.000114408 -0.0346455 0.999409 43.9326
0.999681 0.0244044 0.0078382 -1.03254 -0.0246625 0.999097 0.0346864 0.178743 -0.00698501 -0.0348689 0.999376 44.4403
0.999537 0.0265105 0.0155065 -1.03307 -0.0270322 0.999041 0.0345036 0.187771 -0.0145766 -0.0349067 0.999294 44.9302
0.999267 0.0301483 0.0239933 -1.02552 -0.0309415 0.998966 0.0334023 0.204195 -0.0229618 -0.0341205 0.999163 45.3992
0.999027 0.0308615 0.0317787 -1.01407 -0.0319001 0.998957 0.0327335 0.205227 -0.030735 -0.0337153 0.998969 45.8419
0.998713 0.0313159 0.0401786 -0.994962 -0.0326226 0.998949 0.032287 0.218906 -0.0391256 -0.0335565 0.99868 46.2608
0.998398 0.0307958 0.0476551 -0.970729 -0.0323711 0.998945 0.0326606 0.212513 -0.0465985 -0.0341509 0.99834 46.6613
0.99796 0.0316276 0.0556729 -0.952172 -0.0334876 0.998904 0.0327979 0.218603 -0.0545748 -0.0345956 0.99792 47.0357
0.997343 0.0333514 0.0649352 -0.933885 -0.0355132 0.998846 0.0324378 0.217746 -0.0637778 -0.0346575 0.997373 47.3944
0.996641 0.0368447 0.0733163 -0.918346 -0.0392888 0.998712 0.0321774 0.225804 -0.0720366 -0.03495 0.9968 47.7194
0.995811 0.0398862 0.0824109 -0.901131 -0.0426762 0.998567 0.0323843 0.235049 -0.0810005 -0.0357654 0.996083 48.0292
0.995114 0.0391759 0.0907692 -0.872516 -0.0422815 0.998578 0.0325479 0.235924 -0.0893653 -0.036227 0.995351 48.3285
0.99413 0.0389009 0.101078 -0.843588 -0.0423167 0.998599 0.0318798 0.245183 -0.0996959 -0.0359698 0.994379 48.5947
0.992863 0.038084 0.113141 -0.804191 -0.0416504 0.998705 0.0293265 0.249126 -0.111878 -0.0338297 0.993157 48.8642
0.991259 0.0386325 0.126245 -0.763734 -0.0422704 0.998764 0.0262714 0.252659 -0.125073 -0.0313781 0.991663 49.1333
0.989195 0.0385799 0.141536 -0.724993 -0.042606 0.998769 0.0255254 0.261091 -0.140377 -0.0312801 0.989616 49.3926
0.986642 0.0387796 0.158299 -0.67783 -0.043253 0.998756 0.0249161 0.264394 -0.157135 -0.03143 0.987089 49.6521
0.983821 0.0387771 0.17499 -0.627689 -0.0436918 0.998752 0.0243199 0.263264 -0.173828 -0.0315721 0.984282 49.8972
0.980454 0.0382312 0.193062 -0.563233 -0.0435739 0.998777 0.023506 0.263777 -0.191926 -0.0314588 0.980917 50.1554
0.976446 0.0371538 0.212603 -0.488596 -0.0430502 0.998807 0.0231716 0.270327 -0.211488 -0.0317785 0.976876 50.4086
0.97186 0.0373335 0.232638 -0.421046 -0.0437548 0.998791 0.0225047 0.274519 -0.231516 -0.0320502 0.972315 50.6462
0.966458 0.0384498 0.253985 -0.348666 -0.0453846 0.998741 0.0214996 0.28239 -0.252838 -0.0323055 0.966982 50.8891
0.960108 0.0387695 0.276979 -0.26228 -0.0462208 0.998725 0.0204249 0.28421 -0.275833 -0.0324121 0.960672 51.1339
0.952984 0.0393851 0.300499 -0.18801 -0.0475417 0.998675 0.0198775 0.275604 -0.299317 -0.0332292 0.953588 51.3842
0.944647 0.0404779 0.325625 -0.0901772 -0.049384 0.998599 0.0191314 0.283694 -0.324392 -0.0341529 0.945319 51.6428
0.934674 0.041166 0.353157 0.010145 -0.0508098 0.998547 0.0180766 0.280205 -0.351899 -0.0348395 0.935404 51.8935
0.923581 0.0412189 0.381217 0.114892 -0.0515238 0.998532 0.0168627 0.27759 -0.379961 -0.0352157 0.924346 52.1268
0.910672 0.0409509 0.411133 0.243073 -0.0518612 0.998538 0.0154133 0.270432 -0.4099 -0.0353582 0.91146 52.3562
0.895304 0.0401637 0.443673 0.381744 -0.0514039 0.998591 0.0133327 0.274792 -0.442511 -0.0347432 0.896105 52.5952
0.877987 0.0400427 0.477039 0.530378 -0.0515598 0.998611 0.0110709 0.283319 -0.475933 -0.034316 0.878828 52.8165
0.858176 0.0405103 0.511782 0.692789 -0.052293 0.998597 0.00864346 0.291201 -0.510711 -0.0341801 0.859087 53.0536
0.836292 0.0409598 0.546782 0.86021 -0.0529132 0.998583 0.00612414 0.294973 -0.545755 -0.0340533 0.837269 53.2762
0.811682 0.0414344 0.582654 1.05061 -0.0535882 0.998559 0.00364239 0.293112 -0.581661 -0.0341797 0.812729 53.5101
0.784165 0.0436184 0.619043 1.25712 -0.0568806 0.998382 0.00170486 0.287286 -0.617966 -0.0365481 0.785373 53.7551
0.754527 0.0445429 0.65478 1.47409 -0.0581127 0.998312 -0.000946419 0.277161 -0.653714 -0.0373369 0.755838 53.9881
0.721549 0.0443227 0.690967 1.72229 -0.058147 0.998305 -0.00331735 0.263182 -0.689942 -0.0377837 0.722899 54.2215
0.68466 0.0432777 0.727599 2.00325 -0.0573086 0.998345 -0.00545458 0.248945 -0.726627 -0.0379631 0.686003 54.4625
0.645691 0.0427836 0.762422 2.29701 -0.0570614 0.998344 -0.00769822 0.245075 -0.761487 -0.0385337 0.647058 54.6839
0.603171 0.0425522 0.796497 2.62705 -0.0567347 0.998338 -0.010371 0.239227 -0.79561 -0.0389335 0.60458 54.9114
0.557429 0.0420094 0.829182 2.96748 -0.0558498 0.998357 -0.0130352 0.232296 -0.828365 -0.0390429 0.558856 55.1144
0.509256 0.0412173 0.859647 3.34514 -0.0546826 0.998387 -0.015475 0.223818 -0.858893 -0.0391269 0.510685 55.3157
0.460096 0.0401638 0.88698 3.74777 -0.0537863 0.998406 -0.0173098 0.210501 -0.886258 -0.0397426 0.46152 55.5097
0.41074 0.0371286 0.911015 4.15767 -0.0552573 0.998351 -0.0157744 0.200257 -0.910093 -0.0438611 0.412111 55.6842
0.360799 0.0366632 0.931943 4.59984 -0.0588383 0.998136 -0.0164886 0.193603 -0.930805 -0.0488842 0.36228 55.8468
0.311177 0.0363134 0.949677 5.05841 -0.058534 0.998109 -0.0189854 0.201105 -0.948564 -0.0496805 0.312712 55.987
0.263999 0.0324217 0.963998 5.52977 -0.0513961 0.998494 -0.0195069 0.181698 -0.963172 -0.0443952 0.265265 56.0876
0.219658 0.0272383 0.975216 6.02692 -0.0405519 0.999005 -0.0187686 0.17145 -0.97475 -0.0354243 0.220542 56.1654
0.177205 0.0243363 0.983894 6.5372 -0.0331785 0.999281 -0.0187415 0.148768 -0.983634 -0.0293224 0.177883 56.2313
0.138781 0.0266191 0.989985 7.05648 -0.030928 0.999272 -0.0225331 0.160629 -0.989856 -0.0274913 0.139501 56.2897
0.105254 0.0260754 0.994125 7.58659 -0.0252026 0.999412 -0.0235459 0.145148 -0.994146 -0.0225757 0.105848 56.332
0.0757465 0.0243932 0.996848 8.13245 -0.0191098 0.999557 -0.0230073 0.13225 -0.99696 -0.0173072 0.076178 56.3577
0.0505161 0.0226611 0.998488 8.69378 -0.0150177 0.999653 -0.021928 0.130052 -0.99863 -0.0138869 0.0508379 56.3734
0.0301733 0.0211404 0.999341 9.26623 -0.0116902 0.99972 -0.0207953 0.11861 -0.999492 -0.0110554 0.0304112 56.3806
0.0135847 0.0215142 0.999699 9.84945 -0.0113063 0.999714 -0.0213612 0.116572 -0.999864 -0.0110123 0.0138236 56.387
0.000406829 0.0214734 0.99979 10.4396 -0.0107657 0.999717 -0.0214674 0.107895 -0.999958 -0.0107552 0.000637219 56.383
-0.0116849 0.0217163 0.999718 11.0434 -0.0105354 0.999711 -0.0218396 0.099619 -0.999897 -0.0107873 -0.0114529 56.3745
-0.0209339 0.0233739 0.999529 11.6533 -0.00718359 0.999702 -0.0235283 0.0882837 -0.999771 -0.00767316 -0.0207603 56.3581
-0.0282462 0.0233539 0.99935 12.2771 -0.0054294 0.999713 -0.0235162 0.0829244 -0.999607 -0.00608985 -0.0281114 56.3395
-0.0325767 0.0232003 0.999221 12.9128 -0.00541082 0.999716 -0.0233881 0.0780986 -0.99947 -0.00616893 -0.0324424 56.3178
-0.0368864 0.0221017 0.999098 13.5599 -0.00629705 0.999735 -0.0223486 0.0683439 -0.999321 -0.00711541 -0.0367374 56.3018
-0.0381685 0.0163097 0.99916 14.2376 -0.00798949 0.999835 -0.0166259 0.0609378 -0.999255 -0.00861783 -0.0380323 56.2851
-0.0394282 0.0101267 0.999195 14.9124 -0.00730354 0.999924 -0.0104226 0.0474511 -0.999219 -0.00770828 -0.0393511 56.2605
-0.0398889 0.00739573 0.9992 15.5977 -0.00435784 0.999967 -0.00757534 0.035261 -0.999211 -0.00465702 -0.0398558 56.2294
-0.0404963 0.00879843 0.999165 16.2779 -0.00364686 0.999958 -0.0089536 0.0328917 -0.999196 -0.00400615 -0.0404625 56.2022
-0.0391448 0.014381 0.999153 16.9757 -0.00208189 0.999898 -0.0144732 0.0230172 -0.999249 -0.00264719 -0.0391113 56.1742
-0.0372263 0.0207562 0.999115 17.6747 -0.00210432 0.999785 -0.020849 0.0132274 -0.999328 -0.00287835 -0.0371746 56.1511
-0.0349015 0.0217486 0.999177 18.3796 -0.00144385 0.999766 -0.0218117 0.0210232 -0.999407 -0.00220444 -0.0348624 56.1346
-0.0320906 0.0191456 0.999326 19.1178 -0.00162778 0.999819 -0.019208 0.00279048 -0.999507 -0.00224282 -0.0320537 56.1135
-0.029467 0.0119625 0.999518 19.8534 -0.00106805 0.999932 -0.0119988 -0.0204977 -0.999583 -0.00142162 -0.0294529 56.0945
-0.0275587 0.00965811 0.999598 20.5813 -0.000224217 0.999959 -0.0096685 -0.0412611 -0.999645 -0.000490315 -0.0275555 56.0785
-0.0238802 0.0140449 0.99964 21.309 0.00568419 0.999892 -0.0139125 -0.0686262 -0.999717 0.00534939 -0.0239581 56.0571
-0.0206959 0.0186062 0.999638 22.0304 0.00844236 0.9998 -0.0184352 -0.093044 -0.999776 0.00805796 -0.020849 56.0407
-0.0190577 0.0182368 0.999676 22.7581 0.00613751 0.999822 -0.0181223 -0.106046 -0.999818 0.00578966 -0.019167 56.0362
-0.0148887 0.0144659 0.99981 23.4981 0.00149354 0.999901 -0.0144458 -0.113574 -0.999914 0.00127842 -0.014909 56.0387
-0.0106824 0.0123755 0.999891 24.2265 0.00367474 0.999923 -0.0123366 -0.128124 -0.999955 0.00354222 -0.0107278 56.0304
-0.00826936 0.0129577 0.999907 24.9567 0.00903487 0.999883 -0.0128835 -0.163283 -0.999951 0.00892769 -0.00838576 56.0237
-0.00454699 0.0138469 0.999919 25.6983 0.00763831 0.999881 -0.0138115 -0.175355 -0.99998 0.00757458 -0.00465296 56.0246
-0.00100499 0.0137301 0.999931 26.4335 0.00682041 0.999889 -0.0137235 -0.182168 -1 0.0068063 -0.00109884 56.0302
0.00191099 0.0126856 0.999943 27.1708 0.00686249 0.999901 -0.012698 -0.204817 -0.999995 0.00688608 0.00182286 56.0403
0.00622864 0.0116327 0.99994 27.9136 0.00843775 0.999903 -0.0116858 -0.21744 -0.999971 0.00851015 0.00612949 56.0433
0.00957407 0.010305 0.999927 28.6504 0.013282 0.999863 -0.0104314 -0.245585 -0.999887 0.0133806 0.00943492 56.0458
0.0118959 0.0104135 0.999902 29.3808 0.0129107 0.999867 -0.0105679 -0.25394 -0.999872 0.0130352 0.0117594 56.0544
0.0153535 0.0102187 0.999855 30.1274 0.0124293 0.999874 -0.0104096 -0.261352 -0.999825 0.0125871 0.0152235 56.068
0.0186045 0.00977603 0.999807 30.871 0.0129044 0.999873 -0.0100179 -0.26999 -0.99977 0.0130885 0.0184755 56.0831
0.0214508 0.00920442 0.999753 31.6114 0.0136611 0.999867 -0.00949847 -0.288567 -0.999698 0.0138613 0.0213212 56.1007
0.0250411 0.00930882 0.999672 32.3576 0.0124947 0.999882 -0.0096249 -0.295508 -0.999635 0.0127318 0.0249213 56.1224
0.0291824 0.0115023 0.999533 33.1288 0.01076 0.999877 -0.0118203 -0.298354 -0.999538 0.0110998 0.0290539 56.1469
0.0313232 0.0112729 0.999476 33.8767 0.0120452 0.999866 -0.0116559 -0.317623 -0.999464 0.0124042 0.0311826 56.1724
0.0347296 0.0111137 0.999361 34.6297 0.0109549 0.999879 -0.0115001 -0.321319 -0.999359 0.0113471 0.0346025 56.2054
0.0352558 0.011019 0.999347 35.3893 0.00995923 0.999891 -0.0113776 -0.33371 -0.999355 0.0103541 0.0351416 56.2388
0.0397537 0.0109152 0.999177 36.0896 0.0098014 0.999894 -0.0113129 -0.33805 -0.999185 0.010243 0.0396407 56.2703
0.0416711 0.0116077 0.999093 36.8462 0.00853365 0.999898 -0.0119742 -0.344487 -0.999121 0.00902519 0.041567 56.3061
0.0445541 0.0142317 0.998933 37.607 0.00818965 0.999865 -0.0146101 -0.363211 -0.998997 0.00883176 0.0444298 56.3467
0.0481478 0.0158101 0.998744 38.3853 0.00787165 0.999844 -0.0162081 -0.370992 -0.998835 0.00864249 0.048015 56.3799
0.0513334 0.017167 0.998561 39.1571 0.00307147 0.99985 -0.0173469 -0.386115 -0.9987 0.00395748 0.0512711 56.4288
0.0536045 0.0171267 0.998445 39.9365 -0.000585811 0.99986 -0.0171206 -0.386645 -0.998588 0.000333316 0.053606 56.4867
0.0573427 0.0161193 0.998251 40.7204 0.000215704 0.999875 -0.0161578 -0.41782 -0.998378 0.00114186 0.0573301 56.5354
0.0612187 0.01656 0.998016 41.5028 -8.43825e-05 0.999868 -0.0165866 -0.434555 -0.998151 0.000931673 0.061211 56.5841
0.0643149 0.016897 0.997814 42.2923 -0.00251532 0.999861 -0.0167693 -0.444686 -0.99795 -0.00143128 0.0643465 56.6421
0.0691607 0.0155375 0.997513 43.0874 -0.00254582 0.999884 -0.0153991 -0.455683 -0.997629 -0.001474 0.0691912 56.7025
0.0738383 0.0151019 0.997184 43.8823 -0.00203813 0.999891 -0.0149918 -0.47717 -0.997292 -0.000925277 0.073859 56.7622
0.0781355 0.0183668 0.996803 44.6791 -0.00476777 0.999831 -0.01805 -0.482417 -0.996959 -0.00334169 0.0782087 56.8379
0.084785 0.0258539 0.996092 45.4751 -0.00625274 0.999663 -0.0254141 -0.5055 -0.996404 -0.0040734 0.084916 56.9142
0.0922847 0.0304745 0.995295 46.2756 -0.00742869 0.99953 -0.0299165 -0.534529 -0.995733 -0.00463243 0.0924663 56.9873
0.0991056 0.0329512 0.99456 47.0798 -0.0107454 0.999434 -0.0320417 -0.558161 -0.995044 -0.00751134 0.0994015 57.087
0.107327 0.0315853 0.993751 47.8926 -0.0117767 0.999471 -0.0304964 -0.583286 -0.994183 -0.00842953 0.10764 57.1783
0.115167 0.0303112 0.992913 48.7067 -0.0121668 0.999508 -0.0291012 -0.61419 -0.993297 -0.00872893 0.115477 57.2775
0.121874 0.0287503 0.992159 49.5221 -0.0123098 0.999552 -0.0274536 -0.639328 -0.992499 -0.00886684 0.122172 57.3814
0.130479 0.0242818 0.991183 50.3408 -0.0130374 0.999661 -0.0227731 -0.654879 -0.991392 -0.00995086 0.130749 57.4988
0.137855 0.0178527 0.990322 51.1543 -0.0139907 0.999778 -0.0160768 -0.669819 -0.990384 -0.0116385 0.138073 57.6214
0.14469 0.0158744 0.98938 51.9606 -0.014126 0.999808 -0.0139757 -0.689244 -0.989403 -0.0119537 0.144884 57.7473
0.152672 0.0174332 0.988154 52.7542 -0.0146313 0.999779 -0.015379 -0.70851 -0.988199 -0.0121094 0.152891 57.8715
0.158727 0.0220389 0.987107 53.5418 -0.0150579 0.999694 -0.0198984 -0.740552 -0.987235 -0.0117051 0.159008 58.0023
0.163157 0.023928 0.986341 54.3224 -0.0149498 0.999656 -0.0217794 -0.767962 -0.986518 -0.0111916 0.163456 58.1355
0.169099 0.0247757 0.985319 55.0999 -0.0150592 0.999637 -0.0225511 -0.788931 -0.985513 -0.0110245 0.169408 58.2737
0.17461 0.0242699 0.98437 55.8686 -0.0154986 0.999645 -0.0218986 -0.804219 -0.984547 -0.0114321 0.174922 58.4191
0.178933 0.0216394 0.983655 56.6254 -0.0141938 0.999716 -0.0194106 -0.83647 -0.983788 -0.0104882 0.179186 58.5594
0.184438 0.0156816 0.98275 57.3885 -0.0126831 0.999832 -0.0135751 -0.848645 -0.982794 -0.00996 0.184603 58.7032
0.187905 0.00883298 0.982181 58.1415 -0.0129291 0.9999 -0.0065185 -0.86669 -0.982132 -0.0114734 0.187998 58.8534
0.190427 0.00599516 0.981715 58.8753 -0.0143503 0.999896 -0.00332372 -0.861635 -0.981629 -0.0134544 0.190491 59.0096
0.19453 0.00519949 0.980916 59.6061 -0.0155261 0.999883 -0.00222064 -0.880506 -0.980804 -0.0147974 0.194585 59.1611
0.196152 0.00553596 0.98059 60.3195 -0.0165372 0.999866 -0.0023379 -0.883166 -0.980466 -0.0157571 0.196215 59.3114
0.198978 0.00723887 0.980012 61.0313 -0.0181445 0.999834 -0.00370094 -0.88892 -0.979867 -0.0170451 0.199073 59.4665
0.20083 0.0116612 0.979589 61.7245 -0.0188608 0.999795 -0.00803607 -0.896529 -0.979478 -0.0168614 0.201006 59.619
0.202133 0.0170213 0.979245 62.4043 -0.0203485 0.999712 -0.0131764 -0.903473 -0.979178 -0.0172624 0.202418 59.7696
0.204727 0.0173754 0.978698 63.0842 -0.0192788 0.999726 -0.013717 -0.919754 -0.978663 -0.0160594 0.205003 59.9144
0.206232 0.0172222 0.978385 63.7515 -0.0196425 0.999722 -0.013457 -0.915249 -0.978337 -0.0164423 0.20651 60.0629
0.20655 0.0155871 0.978345 64.4165 -0.019633 0.999744 -0.011784 -0.932052 -0.978271 -0.0167734 0.206801 60.2076
0.207991 0.0148008 0.978053 65.0676 -0.0202057 0.999743 -0.0108319 -0.939685 -0.977954 -0.0175089 0.208233 60.349
0.207876 0.0142811 0.978084 65.7137 -0.0207302 0.999739 -0.0101924 -0.955874 -0.977968 -0.0181567 0.208115 60.4876
0.206126 0.013844 0.978462 66.3478 -0.0209813 0.999738 -0.00972485 -0.966712 -0.978332 -0.0185245 0.20636 60.627
0.2049 0.0138118 0.978719 66.9673 -0.0217337 0.999725 -0.00955915 -0.978315 -0.978574 -0.0193121 0.205142 60.7613
0.201805 0.0140974 0.97936 67.581 -0.0225144 0.999705 -0.0097508 -0.992581 -0.979199 -0.0200815 0.20206 60.8922
0.200401 0.0187964 0.979568 68.1826 -0.0228059 0.999642 -0.0145168 -1.01345 -0.979481 -0.0194304 0.200756 61.0186
0.198161 0.0186031 0.980029 68.7784 -0.0214095 0.999669 -0.0146467 -1.02495 -0.979968 -0.0180792 0.198491 61.1384
0.195307 0.0180617 0.980611 69.3697 -0.0213332 0.999678 -0.0141649 -1.0286 -0.980543 -0.0181527 0.195628 61.2608
0.193745 0.0167568 0.980945 69.9482 -0.0214116 0.999694 -0.0128478 -1.03399 -0.980851 -0.0185141 0.194042 61.3794
0.191753 0.0153193 0.981359 70.5156 -0.0213224 0.999714 -0.0114403 -1.05053 -0.981245 -0.018731 0.192023 61.4932
0.189075 0.0137148 0.981903 71.0757 -0.0201136 0.999752 -0.0100908 -1.07613 -0.98179 -0.0178414 0.189302 61.5966
0.18787 0.0159585 0.9821 71.6177 -0.0169523 0.999778 -0.0130037 -1.094 -0.982081 -0.0142056 0.188097 61.6997
0.18535 0.0158328 0.982581 72.1627 -0.0144934 0.99981 -0.0133763 -1.11266 -0.982599 -0.0117614 0.185542 61.7986
0.182976 0.0159473 0.983024 72.707 -0.0143641 0.999811 -0.0135468 -1.11561 -0.983046 -0.0116414 0.183169 61.8986
0.182179 0.0158554 0.983174 73.2422 -0.0144223 0.99981 -0.0134512 -1.12432 -0.983193 -0.0117288 0.182371 62.0027
0.180959 0.0151597 0.98341 73.7923 -0.013158 0.999835 -0.0129927 -1.13522 -0.983437 -0.0105882 0.181127 62.1037
0.180437 0.013393 0.983532 74.3432 -0.0107716 0.999879 -0.0116394 -1.16317 -0.983562 -0.00849376 0.180557 62.1977
0.183214 0.0116362 0.983041 74.8815 -0.00669732 0.999928 -0.0105889 -1.1799 -0.983086 -0.00464342 0.183277 62.2889
0.185028 0.0107851 0.982711 75.4379 -0.00464839 0.999943 -0.0100989 -1.19005 -0.982756 -0.00269917 0.185065 62.3907
0.187843 0.010628 0.982179 75.9933 -0.00543198 0.999943 -0.00978249 -1.19373 -0.98222 -0.00349727 0.187888 62.5057
0.193292 0.0112201 0.981115 76.5634 -0.00747102 0.999928 -0.00996333 -1.1942 -0.981147 -0.00540385 0.19336 62.6395
0.199569 0.0103011 0.979868 77.1241 -0.0062976 0.999944 -0.00923068 -1.20648 -0.979901 -0.00432835 0.19962 62.7497
0.207107 0.00982554 0.978307 77.6921 -0.0063918 0.999947 -0.00868976 -1.20922 -0.978332 -0.00445321 0.207156 62.8757
0.215491 0.00913647 0.976502 78.2643 -0.00598386 0.999956 -0.00803656 -1.21357 -0.976525 -0.00411118 0.215534 63.0087
0.224799 0.0085774 0.974407 78.8414 -0.00627916 0.999958 -0.00735382 -1.21845 -0.974421 -0.00446499 0.224841 63.153
0.234039 0.00858899 0.972228 79.4294 -0.0073557 0.999954 -0.00706437 -1.23145 -0.972237 -0.00549785 0.234089 63.3027
0.244178 0.0108615 0.969709 80.009 -0.0111231 0.999908 -0.00839904 -1.22986 -0.969702 -0.0087349 0.244274 63.4643
0.253416 0.0122327 0.96732 80.6102 -0.0130368 0.999878 -0.00923037 -1.23065 -0.967308 -0.0102714 0.253542 63.6331
0.264941 0.0131947 0.964214 81.2079 -0.014524 0.999853 -0.00969179 -1.22597 -0.964191 -0.0114361 0.265091 63.811
0.275469 0.0136963 0.961252 81.8228 -0.0152756 0.99984 -0.00986978 -1.23616 -0.961228 -0.0119646 0.275631 63.9949
0.285763 0.0143519 0.958233 82.4436 -0.0164842 0.999818 -0.0100591 -1.2355 -0.958195 -0.0129207 0.285945 64.1917
0.295619 0.0142943 0.955239 83.0788 -0.0167035 0.999817 -0.00979344 -1.24653 -0.9552 -0.0130603 0.295801 64.3982
0.305736 0.0149554 0.95204 83.7216 -0.0184197 0.999787 -0.00979046 -1.24355 -0.951976 -0.0145425 0.305943 64.6159
0.316692 0.0109257 0.948506 84.3244 -0.0170142 0.999844 -0.00583752 -1.24106 -0.948417 -0.0142889 0.316825 64.8302
0.325725 0.00361253 0.9455 84.9995 -0.0144668 0.999899 0.00116332 -1.25988 -0.945392 -0.0140567 0.325743 65.072
0.337262 -0.000134409 0.941452 85.679 -0.0121079 0.999923 0.00447891 -1.26076 -0.941376 -0.0129091 0.33723 65.3107
0.347729 -0.00220389 0.937636 86.3616 -0.0106671 0.999928 0.00630611 -1.25422 -0.937573 -0.0121942 0.347678 65.5695
0.35592 -0.00471107 0.934547 87.0596 -0.00708898 0.999951 0.00773927 -1.25975 -0.934533 -0.00937897 0.355865 65.8342
0.364373 -0.00828661 0.93126 87.7568 -0.00125438 0.999958 0.00938841 -1.24605 -0.931291 -0.0045887 0.364346 66.1019
0.372238 -0.0178889 0.928009 88.4697 0.00882243 0.999842 0.0157334 -1.24576 -0.928139 0.0023313 0.372333 66.3723
0.378174 -0.0228882 0.925496 89.1981 0.0145514 0.99972 0.0187777 -1.24984 -0.92566 0.00636623 0.378399 66.6659
0.385801 -0.0237873 0.922319 89.9061 0.0170735 0.999684 0.0186395 -1.23764 -0.922469 0.00855663 0.386082 66.9606
0.392324 -0.0185711 0.919685 90.6259 0.0189997 0.999749 0.0120827 -1.23278 -0.919671 0.0127335 0.392576 67.2677
0.400021 -0.0146262 0.916434 91.3298 0.022735 0.999728 0.00603041 -1.22076 -0.91627 0.0184233 0.40024 67.5708
0.405566 -0.0141234 0.914002 92.0417 0.0219717 0.999745 0.00569872 -1.21277 -0.913842 0.0177711 0.405771 67.8874
0.410207 -0.0121674 0.911956 92.749 0.0158267 0.999861 0.00621981 -1.2088 -0.911902 0.0118825 0.410337 68.2222
0.415092 -0.0092039 0.909779 93.4361 0.0113294 0.999926 0.00494657 -1.20236 -0.909751 0.00825425 0.415164 68.5504
0.419102 -0.00831653 0.907947 94.1178 0.0103248 0.999943 0.0043919 -1.21942 -0.907927 0.00753428 0.419159 68.87
0.422966 -0.0069607 0.906165 94.7963 0.00931201 0.999954 0.00333442 -1.2097 -0.90614 0.00702819 0.423009 69.1942
0.426861 -0.00551498 0.904347 95.4596 0.00799584 0.999971 0.00232258 -1.20303 -0.90433 0.00624018 0.426887 69.5173
0.430831 -0.00630399 0.902457 96.1182 0.00813259 0.999964 0.00310252 -1.19963 -0.902439 0.00600299 0.430865 69.8377
0.434196 -0.00831836 0.900827 96.7745 0.0086155 0.999956 0.00507955 -1.21577 -0.900826 0.00555613 0.434243 70.1575
0.4382 -0.00977607 0.898871 97.4148 0.00927145 0.999939 0.0063553 -1.20882 -0.898873 0.00554919 0.438262 70.471
0.440965 -0.0104047 0.897511 98.045 0.00935788 0.999937 0.00699282 -1.20994 -0.897524 0.00531574 0.44103 70.7886
0.444966 -0.00983711 0.895541 98.6591 0.00844371 0.999943 0.00678836 -1.21113 -0.895551 0.00454144 0.445022 71.1024
0.447602 -0.009998 0.894225 99.2705 0.0086223 0.999944 0.00686264 -1.21963 -0.89424 0.00463903 0.447658 71.4099
0.449539 -0.0112446 0.893238 99.8753 0.00979559 0.999925 0.00765771 -1.22398 -0.893251 0.0053077 0.449613 71.714
0.450744 -0.0119953 0.892621 100.474 0.0104938 0.999916 0.00813663 -1.23376 -0.89264 0.00569997 0.450828 72.0186
0.45291 -0.012103 0.891524 101.054 0.010083 0.999915 0.00845203 -1.22555 -0.891544 0.00516146 0.452992 72.3188
0.453342 -0.0121692 0.891302 101.628 0.0115943 0.999907 0.00775335 -1.233 -0.891309 0.00681961 0.453437 72.622
0.455412 -0.0111312 0.890261 102.194 0.0110841 0.999917 0.00683211 -1.23484 -0.890257 0.00675658 0.455496 72.9177
0.458591 -0.0119856 0.888616 102.746 0.0122656 0.999903 0.00715535 -1.24055 -0.888611 0.00761862 0.45869 73.2006
0.46083 -0.0127604 0.887447 103.308 0.0142754 0.999875 0.00696415 -1.25296 -0.887419 0.00945958 0.460953 73.4876
0.46299 -0.0135578 0.886309 103.853 0.0154191 0.999858 0.0072389 -1.26358 -0.886279 0.0103153 0.46313 73.7655
0.466344 -0.0143207 0.884537 104.379 0.016316 0.999839 0.00758553 -1.26718 -0.884499 0.010895 0.466502 74.0397
0.469154 -0.0148977 0.88304 104.898 0.0167314 0.999831 0.00797761 -1.27036 -0.883008 0.0110325 0.46932 74.3187
0.471751 -0.0153327 0.881649 105.428 0.0162164 0.999832 0.00871112 -1.27909 -0.88163 0.010188 0.471919 74.5966
0.475102 -0.0160477 0.879835 105.932 0.0174597 0.999812 0.00880686 -1.27886 -0.879809 0.0111784 0.475288 74.8683
0.478458 -0.0155336 0.878024 106.442 0.0170548 0.999821 0.00839514 -1.27456 -0.877992 0.0109583 0.478636 75.1483
0.482191 -0.0161277 0.875968 106.939 0.0198678 0.999778 0.00746952 -1.27408 -0.875892 0.0138026 0.4824 75.4309
0.486535 -0.0136234 0.873607 107.434 0.0186226 0.999815 0.00522057 -1.26988 -0.873511 0.0137293 0.486697 75.7139
0.491972 -0.00814718 0.870623 107.923 0.0161856 0.999872 0.000209444 -1.26813 -0.870512 0.0139893 0.492036 76.0011
0.497723 -0.00121315 0.867387 108.411 0.0113304 0.999925 -0.00510271 -1.27299 -0.86731 0.012368 0.497698 76.2987
0.504285 0.00489924 0.863574 108.891 0.00688353 0.999932 -0.00969355 -1.27408 -0.863562 0.0108336 0.504212 76.5972
0.510307 0.00922428 0.859995 109.386 0.00406769 0.999908 -0.0131383 -1.28095 -0.860031 0.0102033 0.510221 76.9
0.516172 0.00958682 0.856484 109.868 0.00135008 0.999931 -0.0120073 -1.28838 -0.856537 0.00735492 0.516118 77.206
0.521921 0.00833947 0.853007 110.364 -0.0038338 0.999969 -0.00743013 -1.29459 -0.853035 0.000608132 0.521935 77.5285
0.527821 0.00572546 0.84939 110.876 -0.00829222 0.999968 -0.00158885 -1.29547 -0.849369 -0.00620378 0.527847 77.8623
0.534444 0.00389874 0.84525 111.379 -0.0136319 0.999904 0.00400767 -1.30123 -0.845144 -0.0136638 0.534443 78.1986
0.540651 0.00219527 0.841299 111.895 -0.0151771 0.999864 0.00714308 -1.30552 -0.841165 -0.0166295 0.540606 78.5451
0.546856 0.00470073 0.83727 112.417 -0.0187073 0.999808 0.00660564 -1.30492 -0.837069 -0.0192749 0.546835 78.898
0.553729 0.00851637 0.83271 112.933 -0.0220356 0.999753 0.004427 -1.29653 -0.832461 -0.0207996 0.553774 79.2646
0.559867 0.0114406 0.828561 113.46 -0.0240128 0.999714 0.00242224 -1.29718 -0.828286 -0.0212516 0.559979 79.6366
0.565719 0.0134562 0.824545 114.005 -0.0255968 0.999677 0.00124636 -1.28652 -0.824257 -0.0218097 0.565875 80.0196
0.572786 0.0137868 0.819647 114.548 -0.0264788 0.999654 0.00168986 -1.27759 -0.819329 -0.0226705 0.57295 80.4158
0.579499 0.0154489 0.814885 115.104 -0.0299884 0.999554 0.0023749 -1.27556 -0.814478 -0.0258123 0.579697 80.8247
0.585808 0.0141483 0.810386 115.674 -0.0297479 0.999556 0.00405354 -1.28237 -0.809957 -0.026481 0.585965 81.2467
0.594295 0.0122728 0.804213 116.247 -0.0290432 0.999566 0.00620707 -1.27707 -0.803781 -0.0270447 0.594387 81.6812
0.60169 0.0123288 0.798695 116.828 -0.0293958 0.999551 0.00671635 -1.27453 -0.798243 -0.0275185 0.60178 82.1269
0.609283 0.0135795 0.792897 117.407 -0.0309483 0.999506 0.00666233 -1.254 -0.792408 -0.0285969 0.609395 82.5921
0.617313 0.0146712 0.786642 117.998 -0.0321201 0.999469 0.00656608 -1.24146 -0.786117 -0.0293194 0.617453 83.074
0.624404 0.014792 0.781023 118.59 -0.0322558 0.999463 0.0068573 -1.22751 -0.780495 -0.0294732 0.624539 83.5633
0.629283 0.0137342 0.777118 119.192 -0.0314118 0.999483 0.00777268 -1.22639 -0.776598 -0.0293009 0.629385 84.0593
0.63354 0.0130139 0.773663 119.806 -0.0306773 0.999501 0.00830725 -1.2222 -0.773163 -0.0289958 0.633616 84.571
0.636743 0.0118443 0.771049 120.427 -0.02893 0.99955 0.00853708 -1.22151 -0.770591 -0.0277413 0.636796 85.0819
0.640468 0.00963748 0.767988 121.057 -0.0253344 0.999649 0.00858204 -1.22061 -0.767629 -0.024952 0.640481 85.599
0.643755 0.00554242 0.765276 121.695 -0.0196654 0.999769 0.00930264 -1.21046 -0.765037 -0.0210371 0.643713 86.1283
0.647032 -0.000311388 0.762528 122.333 -0.0133494 0.999849 0.0117346 -1.19568 -0.76241 -0.017771 0.646922 86.6675
0.650181 -0.00413417 0.759834 122.983 -0.00898051 0.99988 0.0131253 -1.18956 -0.759786 -0.0153565 0.650062 87.2147
0.653831 -0.00498337 0.75669 123.63 -0.00779164 0.999888 0.0133164 -1.16633 -0.756665 -0.0146016 0.653711 87.7793
0.656173 -0.00423923 0.754665 124.275 -0.0084049 0.999887 0.0129253 -1.16387 -0.754624 -0.0148231 0.65606 88.3408
0.661541 0.000616192 0.749976 124.928 -0.0129413 0.999867 0.0105926 -1.1393 -0.749863 -0.0167121 0.661453 88.9131
0.664414 0.00283846 0.747428 125.567 -0.0179385 0.999772 0.0121501 -1.1324 -0.747212 -0.0214794 0.66431 89.5077
0.667575 0.000549391 0.74461 126.223 -0.018396 0.999714 0.0157539 -1.12872 -0.744381 -0.0242138 0.667387 90.1013
0.671461 -0.00149838 0.741108 126.873 -0.0211217 0.999561 0.0211586 -1.10262 -0.740802 -0.0298593 0.67113 90.7024
0.674725 -0.00733597 0.738102 127.527 -0.0192202 0.999446 0.0275021 -1.09258 -0.737887 -0.0327417 0.674202 91.3082
0.679676 -0.00958377 0.733521 128.187 -0.0180977 0.9994 0.0298279 -1.07319 -0.733354 -0.033547 0.67909 91.9209
0.683364 -0.0112958 0.730062 128.848 -0.0136336 0.999518 0.0282252 -1.05625 -0.73002 -0.0292403 0.682872 92.5397
0.688609 -0.0138052 0.725073 129.492 -0.00305604 0.999763 0.0219386 -1.03927 -0.725192 -0.0173218 0.688399 93.1378
0.692933 -0.0116624 0.720981 130.158 0.000759255 0.999889 0.0154429 -1.02586 -0.721073 -0.0101526 0.692856 93.77
0.699252 -0.0109088 0.714864 130.798 0.00337855 0.999931 0.0119551 -1.02609 -0.714934 -0.00594328 0.699237 94.3963
0.704947 -0.0143333 0.70919 131.45 0.00586981 0.999888 0.0143727 -1.01059 -0.709309 -0.00596832 0.704943 95.0415
0.710606 -0.0200755 0.703378 132.099 0.00993611 0.999788 0.0184983 -1.01556 -0.703589 -0.00615506 0.71065 95.6931
0.715468 -0.0229525 0.698345 132.765 0.0151809 0.999744 0.0173043 -0.992743 -0.698556 -0.00177834 0.715623 96.3647
0.720662 -0.0209697 0.693046 133.392 0.0175419 0.999782 0.0120108 -0.990356 -0.693135 0.00350271 0.720868 97.0254
0.723768 -0.020401 0.689819 134.036 0.0180636 0.999789 0.0106143 -0.967275 -0.689883 0.00477907 0.723975 97.708
0.727358 -0.0226279 0.685962 134.661 0.0197251 0.999741 0.0120641 -0.962175 -0.686046 0.00475679 0.727611 98.3755
0.729695 -0.0289403 0.683238 135.302 0.0242514 0.99958 0.016438 -0.955613 -0.68342 0.0045753 0.730081 99.0564
0.73068 -0.0321262 0.682042 135.954 0.0268122 0.999481 0.0183556 -0.949834 -0.682266 0.00487587 0.731157 99.7472
0.731582 -0.0360177 0.68088 136.581 0.0299977 0.999345 0.0206314 -0.939893 -0.68117 0.00533176 0.732175 100.429
0.731698 -0.0381435 0.68064 137.217 0.0316136 0.999267 0.0220156 -0.921161 -0.680968 0.00540951 0.732361 101.115
0.73091 -0.0388712 0.681445 137.855 0.0320876 0.999239 0.022581 -0.898549 -0.681796 0.00536157 0.731593 101.812
0.731044 -0.0375429 0.681376 138.48 0.0305775 0.999294 0.0222547 -0.880644 -0.681718 0.00456635 0.73167 102.495
0.729366 -0.0356392 0.683275 139.118 0.0285097 0.999368 0.0216925 -0.852836 -0.683607 0.00365826 0.729912 103.187
0.728054 -0.0339254 0.684759 139.746 0.0268436 0.999429 0.0209759 -0.82708 -0.685067 0.0031105 0.728544 103.87
0.72636 -0.0326489 0.686619 140.383 0.0248439 0.999476 0.0212425 -0.803814 -0.686943 0.00162877 0.72678 104.559
0.724243 -0.0318409 0.688889 141.02 0.0231241 0.999503 0.0218883 -0.786147 -0.68923 7.82214e-05 0.724613 105.247
0.72135 -0.0327675 0.691875 141.671 0.0228324 0.999473 0.0235295 -0.772404 -0.692272 -0.00117557 0.721708 105.939
0.719526 -0.0338714 0.693718 142.308 0.0214454 0.999427 0.0265562 -0.752727 -0.694208 -0.00423011 0.719834 106.61
0.716592 -0.0367744 0.696603 142.952 0.0239078 0.999327 0.028161 -0.738621 -0.69716 -0.00352555 0.71698 107.278
0.714207 -0.0340986 0.699183 143.587 0.0233351 0.999427 0.0249062 -0.741346 -0.699619 -0.00147212 0.714587 107.93
0.710039 -0.0237425 0.703841 144.234 0.0185982 0.999726 0.0149611 -0.70583 -0.703994 0.00246725 0.710277 108.611
0.707967 -0.0183522 0.706086 144.87 0.0163915 0.99983 0.00955371 -0.693612 -0.706129 0.0048106 0.708141 109.255
0.704361 -0.0208488 0.709616 145.516 0.0160608 0.999791 0.0134318 -0.686824 -0.709738 0.00193629 0.704539 109.909
0.700724 -0.0235075 0.713124 146.157 0.0132195 0.999724 0.0199673 -0.675276 -0.713383 -0.00456379 0.700835 110.559
0.696939 -0.026423 0.716724 146.802 0.0123378 0.999626 0.0248549 -0.660929 -0.717103 -0.00847923 0.696994 111.201
0.693986 -0.0262683 0.719588 147.441 0.0116158 0.999623 0.0252904 -0.643528 -0.719968 -0.00919213 0.694023 111.827
0.690824 -0.0274526 0.722582 148.087 0.0126539 0.999597 0.0258787 -0.629596 -0.72299 -0.00873384 0.690883 112.454
0.686735 -0.0280906 0.726443 148.744 0.0147026 0.999596 0.0247558 -0.619043 -0.726831 -0.00631956 0.686864 113.074
0.683835 -0.0283534 0.729167 149.389 0.016982 0.999605 0.0229426 -0.613278 -0.729517 -0.00330614 0.684036 113.683
0.680049 -0.028213 0.732702 150.042 0.0179992 0.999611 0.0217863 -0.60443 -0.733018 -0.00162745 0.680286 114.297
0.675267 -0.0284082 0.737107 150.703 0.0180106 0.999606 0.0220248 -0.583837 -0.737432 -0.00159657 0.675503 114.905
0.671785 -0.0283248 0.740283 151.36 0.0168564 0.999606 0.022952 -0.561813 -0.740627 -0.00293996 0.671991 115.508
0.666704 -0.0287126 0.744849 152.03 0.0166537 0.999593 0.0236256 -0.553687 -0.745214 -0.00334646 0.666902 116.116
0.660511 -0.0276768 0.750385 152.697 0.0151162 0.999619 0.0235652 -0.524263 -0.750737 -0.00422171 0.660671 116.714
0.655291 -0.0227426 0.755114 153.371 0.0118474 0.999745 0.0198287 -0.506127 -0.755361 -0.00404712 0.655384 117.316
0.649374 -0.0171051 0.760355 154.045 0.00894884 0.999861 0.0148519 -0.49033 -0.760489 -0.00283979 0.64943 117.908
0.642068 -0.0152989 0.766574 154.735 0.00746621 0.99989 0.0137014 -0.475383 -0.766688 -0.00307358 0.642103 118.496
0.636017 -0.0207259 0.771475 155.446 0.00664267 0.999762 0.0213843 -0.470417 -0.771719 -0.00847565 0.635996 119.084
0.629519 -0.025224 0.776655 156.156 0.000812705 0.999505 0.0318027 -0.431673 -0.777061 -0.0193888 0.62922 119.69
0.621278 -0.0304562 0.783075 156.883 0.000864098 0.999283 0.0381809 -0.423703 -0.783661 -0.0230438 0.620852 120.278
0.61523 -0.0302144 0.787846 157.605 -0.00315102 0.999175 0.0407792 -0.381094 -0.788416 -0.0275705 0.614619 120.859
0.607113 -0.0292164 0.794155 158.341 -0.00395732 0.999213 0.0397868 -0.349472 -0.794676 -0.0272972 0.606513 121.434
0.599185 -0.0297459 0.800135 159.092 0.000687552 0.99934 0.0366362 -0.330869 -0.800685 -0.0214011 0.598803 121.991
0.593243 -0.0223763 0.804788 159.835 0.000217883 0.999631 0.0276342 -0.296399 -0.805094 -0.016218 0.593022 122.551
0.585684 -0.0207347 0.810351 160.59 0.00324194 0.999736 0.0232368 -0.278783 -0.810607 -0.0109819 0.58559 123.106
0.577526 -0.0244828 0.816079 161.368 0.00488161 0.999648 0.0265365 -0.250708 -0.816426 -0.0113414 0.577437 123.655
0.570885 -0.0311232 0.820515 162.142 0.00840238 0.999462 0.0320642 -0.240488 -0.82106 -0.0114102 0.570833 124.186
0.563646 -0.0315767 0.825486 162.903 0.007606 0.999437 0.0330383 -0.214994 -0.82605 -0.012343 0.563563 124.711
0.556662 -0.0314815 0.830217 163.663 0.0070619 0.999437 0.0331623 -0.182821 -0.830782 -0.0125967 0.556563 125.232
0.550133 -0.0324593 0.834519 164.424 0.00838578 0.99942 0.0333461 -0.154116 -0.835104 -0.0113463 0.55008 125.733
0.544618 -0.0389823 0.837852 165.189 0.0126337 0.999199 0.0382762 -0.150046 -0.838661 -0.0102602 0.544668 126.221
0.538767 -0.0405558 0.841551 165.948 0.0120724 0.999122 0.0404216 -0.124815 -0.842437 -0.011618 0.538777 126.712
0.535345 -0.0412018 0.843703 166.691 0.0116407 0.999087 0.0414027 -0.0881295 -0.844626 -0.0123428 0.535329 127.192
0.530553 -0.0406024 0.846751 167.429 0.0109008 0.999108 0.0410789 -0.0613368 -0.84765 -0.0125638 0.530517 127.663
0.525867 -0.0391357 0.849741 168.179 0.0109178 0.999182 0.039261 -0.0346465 -0.85057 -0.0113682 0.525857 128.127
0.523274 -0.0347138 0.851531 168.898 0.0107022 0.999371 0.034165 -0.00278506 -0.852166 -0.00876402 0.523311 128.58
0.520076 -0.032394 0.85358 169.629 0.00897087 0.999445 0.032463 0.0360699 -0.854146 -0.00922536 0.520071 129.028
0.516412 -0.0360957 0.855653 170.361 0.00867406 0.999293 0.036921 0.0473699 -0.856365 -0.0116441 0.516355 129.476
0.514733 -0.0434515 0.856324 171.083 0.00987427 0.998962 0.044753 0.0603693 -0.857367 -0.0145797 0.514621 129.909
0.511094 -0.0485666 0.858226 171.804 0.0138366 0.99875 0.0482795 0.068357 -0.859482 -0.0128002 0.511123 130.335
0.509132 -0.0496233 0.859333 172.502 0.0181076 0.998747 0.0469447 0.104423 -0.860572 -0.00834023 0.509384 130.75
0.50618 -0.0481755 0.861156 173.209 0.0185551 0.998828 0.0449715 0.129962 -0.862297 -0.00678458 0.506476 131.154
0.505853 -0.0423232 0.861657 173.885 0.0169143 0.999104 0.0391434 0.160795 -0.862528 -0.00522611 0.506109 131.561
0.502726 -0.0326119 0.863905 174.623 0.0143891 0.999478 0.0293571 0.19638 -0.864395 -0.00232787 0.502928 132.01
0.501543 -0.0317086 0.864628 175.295 0.0175173 0.999509 0.0264928 0.203163 -0.865029 0.00185895 0.501845 132.396
0.499647 -0.0372088 0.865505 175.976 0.0176129 0.99932 0.0327947 0.228652 -0.86612 -0.00114185 0.499957 132.785
0.496761 -0.0457192 0.86676 176.651 0.0106938 0.998873 0.0465579 0.257725 -0.867896 -0.0138587 0.496683 133.189
0.494236 -0.0500966 0.867959 177.316 0.00405067 0.998474 0.0553239 0.285992 -0.869388 -0.0238272 0.493679 133.586
0.491522 -0.0486185 0.869585 177.966 0.00240457 0.998528 0.0544675 0.312318 -0.870936 -0.0246804 0.490909 133.966
0.489739 -0.0463138 0.870714 178.61 0.00382522 0.998707 0.0509711 0.33593 -0.87193 -0.0216319 0.489279 134.338
0.487127 -0.0453969 0.872228 179.252 0.00423849 0.998775 0.049615 0.370895 -0.873395 -0.0204713 0.486716 134.696
0.483941 -0.0465131 0.873939 179.89 0.00435189 0.998716 0.0507451 0.406736 -0.87516 -0.0207544 0.483518 135.055
0.482313 -0.0473417 0.874796 180.519 0.00409776 0.998666 0.0517849 0.439065 -0.876064 -0.0213913 0.481857 135.409
0.479959 -0.0476591 0.876072 181.138 0.00377736 0.99864 0.0522585 0.467992 -0.877353 -0.0217727 0.479482 135.753
0.476048 -0.0474309 0.878217 181.754 0.00398657 0.998667 0.0517741 0.494719 -0.879485 -0.0211453 0.475595 136.086
0.473082 -0.0467667 0.879852 182.358 0.00382373 0.998703 0.051029 0.52405 -0.88108 -0.0207766 0.472644 136.416
0.468588 -0.0462084 0.882284 182.955 0.00355018 0.998737 0.0504208 0.556273 -0.883484 -0.0204937 0.468154 136.74
0.463274 -0.0458864 0.885103 183.555 0.00297614 0.998747 0.0502213 0.587543 -0.88628 -0.020632 0.462826 137.057
0.458855 -0.045113 0.887441 184.138 0.0023667 0.998784 0.0495484 0.618214 -0.888582 -0.0206346 0.458397 137.367
0.452896 -0.0436475 0.89057 184.729 0.00228474 0.998868 0.0477944 0.643927 -0.89163 -0.0196111 0.452479 137.666
0.445925 -0.043121 0.894106 185.33 0.00258019 0.998912 0.0468878 0.670255 -0.89514 -0.0186008 0.445545 137.965
0.440013 -0.0428531 0.897044 185.926 0.00184524 0.998916 0.0468156 0.70788 -0.898059 -0.0189442 0.439611 138.261
0.433775 -0.0421847 0.900108 186.529 -0.00128614 0.998889 0.0474331 0.742535 -0.901094 -0.0217322 0.433233 138.564
0.426738 -0.0412936 0.903507 187.147 -0.00485732 0.998852 0.0479463 0.77685 -0.904432 -0.0248491 0.426044 138.866
0.420976 -0.041097 0.906215 187.758 -0.00572758 0.998849 0.0479578 0.800478 -0.907127 -0.0253787 0.42025 139.154
0.413818 -0.0402294 0.909546 188.379 -0.00683477 0.998872 0.047291 0.833882 -0.910404 -0.0257863 0.413072 139.44
0.405832 -0.0350544 0.913349 189.018 -0.010994 0.999022 0.0432269 0.864289 -0.913954 -0.0275832 0.405044 139.736
0.398936 -0.0325298 0.916477 189.645 -0.0130958 0.999081 0.0411632 0.903973 -0.916955 -0.0284232 0.398139 140.021
0.391166 -0.0323281 0.919826 190.301 -0.0138373 0.999079 0.0409973 0.937369 -0.920288 -0.0287635 0.390353 140.312
0.384177 -0.0316085 0.922794 190.955 -0.0146128 0.999095 0.0403067 0.968636 -0.923214 -0.0289693 0.383365 140.59
0.376908 -0.031251 0.925797 191.627 -0.0152935 0.9991 0.0399509 1.00071 -0.926196 -0.0292153 0.376086 140.871
0.369307 -0.0312835 0.928857 192.324 -0.0149708 0.999118 0.0396034 1.02349 -0.929256 -0.0285311 0.36851 141.148
0.362409 -0.0319674 0.931544 193.011 -0.0146932 0.999107 0.0400014 1.05745 -0.931976 -0.0281829 0.361611 141.417
0.354795 -0.0341391 0.934398 193.727 -0.0146376 0.999023 0.0420595 1.0824 -0.9349 -0.0285995 0.353946 141.689
0.34707 -0.035814 0.937228 194.465 -0.0156844 0.998924 0.0439789 1.12397 -0.93778 -0.0299623 0.34613 141.965
0.341007 -0.0379126 0.939372 195.199 -0.0155036 0.998838 0.045942 1.1535 -0.940002 -0.0302299 0.340021 142.235
0.335043 -0.0407199 0.941395 195.953 -0.0147205 0.998732 0.0484384 1.16948 -0.94216 -0.0300854 0.334015 142.5
0.329308 -0.0462998 0.943164 196.728 -0.0151056 0.998426 0.0542881 1.21182 -0.944171 -0.0321243 0.328088 142.771
0.323845 -0.0519147 0.944757 197.508 -0.0150356 0.9981 0.059999 1.25874 -0.946063 -0.033634 0.322445 143.04
0.318684 -0.0528015 0.946467 198.293 -0.010597 0.998202 0.0592571 1.29712 -0.947871 -0.0289137 0.31755 143.301
0.310553 -0.0476753 0.949431 199.077 -0.00589443 0.99864 0.0520736 1.36339 -0.95061 -0.0217669 0.309846 143.56
0.305954 -0.0355297 0.951461 199.862 -0.00295397 0.99928 0.0382664 1.40807 -0.952112 -0.0145183 0.305627 143.813
0.301271 -0.0287228 0.953178 200.675 0.000902073 0.999569 0.029835 1.4419 -0.95361 -0.0081277 0.301163 144.066
0.295424 -0.032114 0.954905 201.514 0.00720916 0.999499 0.0313846 1.4752 -0.95541 -0.00238785 0.295506 144.32
0.290758 -0.0404867 0.956011 202.349 0.0126023 0.999195 0.0384821 1.50291 -0.956786 0.00085962 0.29103 144.566
0.284656 -0.0452909 0.957638 203.207 0.0157256 0.998987 0.0425732 1.53636 -0.958571 0.00294027 0.285078 144.817
0.280771 -0.0411264 0.958965 204.046 0.0129457 0.999168 0.0390596 1.56244 -0.95976 0.00144841 0.281066 145.071
0.276675 -0.0293684 0.960594 204.894 0.00755454 0.999588 0.0283858 1.61907 -0.961004 -0.000597067 0.276781 145.331
0.2707 -0.0255326 0.962397 205.763 0.00385268 0.999686 0.0254377 1.65662 -0.962729 -0.00317723 0.270709 145.585
0.266811 -0.029215 0.963385 206.643 0.00296085 0.99958 0.029494 1.67173 -0.963815 -0.00501701 0.266783 145.842
0.261417 -0.0339135 0.964702 207.524 0.000870592 0.999408 0.0348971 1.69035 -0.965299 -0.00828177 0.261288 146.095
0.255454 -0.0325172 0.966354 208.41 0.00038499 0.999457 0.0335306 1.71881 -0.966892 -0.00819364 0.255326 146.334
0.248975 -0.0283886 0.968167 209.304 -0.00317716 0.999559 0.0301255 1.75339 -0.968579 -0.0105753 0.248771 146.567
0.244951 -0.0294861 0.969167 210.204 -0.00198005 0.999539 0.0309119 1.77575 -0.969604 -0.00949104 0.244778 146.802
0.240493 -0.029956 0.970261 211.118 -0.00126775 0.999531 0.0311733 1.80008 -0.970725 -0.00872591 0.240339 147.036
0.235573 -0.0307227 0.97145 212.046 -0.000930268 0.999511 0.0318369 1.833 -0.971927 -0.00840386 0.235427 147.26
0.232265 -0.0315746 0.972213 212.973 -0.000442918 0.999487 0.0325657 1.85861 -0.972727 -0.00799337 0.232129 147.487
0.228252 -0.0322245 0.973149 213.941 -0.00120078 0.999461 0.0333788 1.88798 -0.973672 -0.00878754 0.228088 147.713
0.227462 -0.0333657 0.973288 214.847 -0.00302552 0.999402 0.0349675 1.91091 -0.973856 -0.0108973 0.227221 147.93
0.223563 -0.0347348 0.97415 215.791 -0.00343008 0.99935 0.0364218 1.93912 -0.974754 -0.0114842 0.223296 148.152
0.22011 -0.034846 0.974925 216.721 -0.00535538 0.999322 0.0369265 1.97633 -0.975535 -0.0133477 0.219771 148.373
0.220732 -0.0314357 0.974907 217.68 -0.00935031 0.999385 0.0343433 2.01149 -0.975361 -0.0166963 0.2203 148.6
0.214348 -0.0312664 0.976332 218.607 -0.00947669 0.999393 0.0340847 2.03961 -0.976788 -0.0165572 0.213917 148.837
0.213893 -0.0318501 0.976416 219.549 -0.00914604 0.999378 0.0346039 2.07129 -0.976886 -0.0163319 0.213466 149.049
0.213391 -0.0336346 0.976463 220.487 -0.00960997 0.999306 0.0365207 2.09572 -0.976996 -0.0171758 0.212915 149.264
0.212373 -0.0353963 0.976625 221.43 -0.00934585 0.999244 0.0382497 2.14303 -0.977215 -0.0172507 0.211879 149.477
0.209312 -0.0400415 0.977103 222.362 -0.005339 0.999119 0.0420866 2.14751 -0.977911 -0.0140248 0.208909 149.678
0.209251 -0.03812 0.977196 223.284 -0.00659606 0.999182 0.0403914 2.1939 -0.977912 -0.0148977 0.208825 149.884
0.20715 -0.0332643 0.977819 224.207 -0.00985234 0.99932 0.0360822 2.2374 -0.978336 -0.0171069 0.206676 150.088
0.204836 -0.0320331 0.97835 225.13 -0.00916226 0.999378 0.0346412 2.26834 -0.978826 -0.0160598 0.204412 150.279
0.204413 -0.0320394 0.978436 226.047 -0.00789787 0.999398 0.034375 2.28421 -0.978929 -0.0147531 0.204032 150.482
0.199409 -0.0347115 0.97938 227.051 -0.00878471 0.999291 0.037207 2.30497 -0.97995 -0.0160231 0.198958 150.682
0.203774 -0.0410749 0.978232 227.962 -0.00531711 0.999079 0.043057 2.32091 -0.979078 -0.0139743 0.203363 150.904
0.199959 -0.0459635 0.978805 228.893 -0.0021141 0.998899 0.0473402 2.3478 -0.979876 -0.0115356 0.199637 151.095
0.19695 -0.0459748 0.979412 229.807 -0.00508015 0.99886 0.0479086 2.38708 -0.980475 -0.0144102 0.196487 151.284
0.191898 -0.0451621 0.980457 230.827 -0.00501389 0.99891 0.0469944 2.42149 -0.981477 -0.0139341 0.191456 151.489
0.188862 -0.0457538 0.981014 231.724 -0.0052238 0.998874 0.0475916 2.45156 -0.982064 -0.0141121 0.188406 151.66
0.184606 -0.0464162 0.981797 232.646 -0.0053914 0.998848 0.048237 2.49679 -0.982873 -0.0141981 0.184137 151.841
0.179778 -0.0472419 0.982649 233.569 -0.00561811 0.998803 0.0490455 2.539 -0.983766 -0.0143371 0.179292 152.023
0.176403 -0.0477193 0.983242 234.479 -0.00712163 0.998764 0.0497512 2.57781 -0.984367 -0.0157785 0.175839 152.195
0.172282 -0.0478632 0.983961 235.404 -0.00928449 0.998718 0.0502057 2.61787 -0.985078 -0.0177843 0.171612 152.363
0.167997 -0.0478709 0.984706 236.326 -0.0108632 0.998696 0.0504055 2.66381 -0.985803 -0.0191648 0.167253 152.531
0.164703 -0.048678 0.985219 237.249 -0.0124561 0.998621 0.0514216 2.70305 -0.986338 -0.0207403 0.163865 152.695
0.161214 -0.0486133 0.985804 238.172 -0.0158014 0.998557 0.0518276 2.74434 -0.986869 -0.0239319 0.160208 152.86
0.157548 -0.0442267 0.986597 239.085 -0.0212401 0.998635 0.0481572 2.79366 -0.987356 -0.0285414 0.15639 153.023
0.154826 -0.0390822 0.987251 240.002 -0.0250744 0.998766 0.0434718 2.83709 -0.987699 -0.0314846 0.15365 153.182
0.151505 -0.0376923 0.987815 240.919 -0.0275948 0.998743 0.0423408 2.88557 -0.988145 -0.0336721 0.150271 153.336
0.147548 -0.0395711 0.988347 241.83 -0.027581 0.998672 0.0441035 2.92099 -0.988746 -0.033766 0.146256 153.482
0.144964 -0.0422185 0.988613 242.754 -0.0293423 0.998488 0.046942 2.96003 -0.989075 -0.0358117 0.143502 153.626
0.142172 -0.0432762 0.988978 243.667 -0.0304362 0.998406 0.0480656 3.01456 -0.98945 -0.0369334 0.140623 153.768
0.138287 -0.0438163 0.9895 244.578 -0.0318515 0.998329 0.0486578 3.06463 -0.989953 -0.0382443 0.136657 153.901
0.136094 -0.0442265 0.98979 245.471 -0.032344 0.998298 0.0490553 3.10891 -0.990243 -0.038689 0.134427 154.03
0.131375 -0.0434149 0.99046 246.383 -0.0329636 0.998319 0.0481308 3.15143 -0.990858 -0.0389708 0.12972 154.151
0.128407 -0.042311 0.990901 247.272 -0.031075 0.998453 0.0466618 3.17347 -0.99131 -0.0367832 0.126889 154.265
0.122469 -0.0471133 0.991431 248.182 -0.02425 0.998455 0.0504417 3.20016 -0.99225 -0.0302186 0.121134 154.37
0.117004 -0.0520119 0.991851 249.098 -0.0209222 0.998303 0.0548197 3.22032 -0.992987 -0.0271654 0.115714 154.481
0.112614 -0.0515871 0.992377 249.987 -0.0209503 0.998329 0.054273 3.266 -0.993492 -0.0269015 0.111342 154.582
0.108074 -0.0428897 0.993298 250.876 -0.018041 0.998845 0.0450933 3.27759 -0.994055 -0.0227931 0.107172 154.678
0.101741 -0.031278 0.994398 251.762 -0.0183108 0.9993 0.0333047 3.32041 -0.994717 -0.0215957 0.101094 154.777
0.0971844 -0.027378 0.994971 252.651 -0.0191104 0.999411 0.0293679 3.3434 -0.995159 -0.021868 0.0966004 154.869
0.0922109 -0.0320317 0.995303 253.548 -0.0216895 0.999203 0.0341657 3.37489 -0.995578 -0.0247369 0.0914402 154.957
0.086523 -0.0390833 0.995565 254.44 -0.0226894 0.998919 0.041188 3.40076 -0.996068 -0.0261522 0.0855393 155.044
0.0823077 -0.0439357 0.995717 255.334 -0.0237243 0.998681 0.0460265 3.43285 -0.996399 -0.0274097 0.0811546 155.123
0.0765415 -0.0447157 0.996145 256.222 -0.0275218 0.998544 0.0469391 3.47255 -0.996763 -0.0310081 0.0751962 155.199
0.0689535 -0.04629 0.996625 257.105 -0.031104 0.99836 0.0485217 3.5129 -0.99721 -0.0343432 0.0673989 155.275
0.0632808 -0.0509193 0.996778 257.991 -0.0347443 0.998005 0.0531888 3.55959 -0.997467 -0.0379978 0.0613826 155.343
0.0564888 -0.0528651 0.997082 258.873 -0.0366276 0.997838 0.0549794 3.60847 -0.997806 -0.0396247 0.054429 155.4
0.0482323 -0.0534967 0.997485 259.74 -0.0351071 0.997883 0.0552167 3.63804 -0.998296 -0.0376816 0.0462496 155.449
0.0430581 -0.0518783 0.997805 260.615 -0.0349407 0.997984 0.0533946 3.69022 -0.998537 -0.0371614 0.0411577 155.487
0.0363423 -0.0513289 0.998103 261.486 -0.0340853 0.99806 0.0525689 3.72821 -0.998835 -0.0359306 0.0345202 155.523
0.0286966 -0.0527024 0.998278 262.357 -0.0344584 0.997986 0.0536766 3.77421 -0.999069 -0.0359377 0.0268223 155.552
0.0238833 -0.054516 0.99831 263.229 -0.0352544 0.997869 0.0553367 3.82719 -0.99917 -0.036516 0.0219089 155.582
0.0180306 -0.0562743 0.998333 264.099 -0.0330447 0.997859 0.0568435 3.86252 -0.999367 -0.0340129 0.0161324 155.6
0.0116333 -0.0562172 0.998433 264.966 -0.0329377 0.997879 0.0565711 3.89921 -0.999467 -0.0335438 0.0097557 155.615
0.00882513 -0.0553437 0.998509 265.824 -0.0335846 0.99791 0.0556065 3.95424 -0.999473 -0.0340236 0.00694824 155.629
0.00534803 -0.0548812 0.998561 266.692 -0.0325412 0.997979 0.0550247 3.99755 -0.999534 -0.0327882 0.0035503 155.634
0.00115014 -0.0563328 0.998492 267.563 -0.0292887 0.998005 0.0563382 4.03502 -0.999646 -0.0293078 -0.000501606 155.628
0.00063759 -0.0589018 0.998347 268.418 -0.0269357 0.997925 0.0588952 4.07641 -0.999715 -0.0269284 -0.000951135 155.624
-0.00142341 -0.0603447 0.998259 269.281 -0.0257836 0.997872 0.0602838 4.11527 -0.999743 -0.0256515 -0.00297571 155.621
-0.00420415 -0.0615903 0.998177 270.16 -0.0244019 0.997835 0.0614677 4.16026 -0.999772 -0.0240986 -0.00569859 155.614
-0.00424434 -0.0619592 0.998152 271.017 -0.0236777 0.997829 0.0618378 4.2093 -0.999787 -0.0233701 -0.00570149 155.606
-0.00464424 -0.0617856 0.998163 271.875 -0.0229641 0.997857 0.0616612 4.26046 -0.999804 -0.0226351 -0.00605377 155.602
-0.0058756 -0.0619202 0.998146 272.731 -0.0221589 0.997868 0.0617718 4.30428 -0.999814 -0.0217536 -0.00723445 155.597
-0.00395236 -0.0617885 0.998166 273.571 -0.0213232 0.997891 0.0616885 4.3496 -0.999843 -0.0210399 -0.00526226 155.589
-0.00347396 -0.0623372 0.998132 274.419 -0.0209319 0.997865 0.0622471 4.39091 -0.999852 -0.0206753 -0.00477094 155.587
-0.00115049 -0.0629317 0.998102 275.243 -0.0205812 0.997832 0.0628925 4.43159 -0.999867 -0.0204694 -0.00244395 155.578
0.000995656 -0.0641941 0.99802 276.069 -0.0202769 0.997755 0.0641968 4.47163 -0.999871 -0.0202993 -0.000307909 155.577
0.00345997 -0.0663401 0.997876 276.884 -0.0196905 0.997623 0.0663931 4.50878 -0.99988 -0.019878 0.00214457 155.575
0.0060841 -0.0687312 0.997701 277.697 -0.0193075 0.997465 0.0688323 4.5477 -0.999873 -0.0196806 0.00474177 155.582
0.0101353 -0.0713414 0.997486 278.496 -0.0190928 0.99728 0.0715224 4.5857 -0.999847 -0.0197691 0.00874413 155.589
0.0137263 -0.0733276 0.997298 279.28 -0.0185696 0.99714 0.0735712 4.63387 -0.999811 -0.0195279 0.0123252 155.602
0.017488 -0.0733413 0.99724 280.049 -0.0197222 0.997111 0.0736797 4.68465 -0.999734 -0.0209556 0.0159894 155.625
0.0223257 -0.0731892 0.997153 280.818 -0.019764 0.997113 0.0736284 4.73525 -0.999633 -0.0213502 0.0208143 155.649
0.0260814 -0.0731668 0.997066 281.56 -0.0194229 0.997116 0.073681 4.78734 -0.999553 -0.0212871 0.0245833 155.674
0.02881 -0.0764888 0.996739 282.299 -0.0180923 0.996888 0.0770228 4.84871 -0.999499 -0.020251 0.0273359 155.699
0.0330591 -0.0784406 0.996457 283.029 -0.0171369 0.996748 0.0790344 4.90626 -0.999389 -0.0196885 0.0316053 155.733
0.0359938 -0.0796662 0.996256 283.733 -0.0167512 0.996652 0.0803027 4.96365 -0.99929 -0.0195776 0.0345381 155.765
0.0407049 -0.0799366 0.996055 284.433 -0.0157189 0.996643 0.0806286 5.01028 -0.99913 -0.0189384 0.0393095 155.803
0.0453188 -0.0794452 0.995893 285.116 -0.0156164 0.996678 0.0802181 5.07039 -0.998927 -0.0191864 0.0439268 155.838
0.0469553 -0.0792702 0.995833 285.769 -0.0153298 0.996695 0.0800641 5.12776 -0.998861 -0.019025 0.0455824 155.874
0.0501127 -0.0791308 0.995688 286.416 -0.0153309 0.996701 0.0799825 5.17969 -0.998703 -0.0192717 0.0487332 155.917
0.0536642 -0.0788129 0.99553 287.056 -0.0158053 0.996712 0.0797611 5.22953 -0.998516 -0.0200146 0.0522393 155.961
0.0572067 -0.0790046 0.995315 287.681 -0.0156673 0.996693 0.080014 5.27366 -0.998316 -0.02017 0.0557786 156.006
0.0600134 -0.0791766 0.995139 288.291 -0.0156249 0.996676 0.0802437 5.31438 -0.998157 -0.0203642 0.0585739 156.048
0.0638409 -0.0793297 0.994886 288.894 -0.0151405 0.996667 0.0804428 5.35764 -0.997922 -0.0201974 0.0624256 156.093
0.0663383 -0.078882 0.99476 289.482 -0.015249 0.996697 0.0800552 5.39706 -0.997763 -0.0204794 0.0649132 156.134
0.070249 -0.0783368 0.994535 290.054 -0.0158236 0.996722 0.0796266 5.43686 -0.997482 -0.0213296 0.0687777 156.183
0.0743678 -0.0780702 0.994256 290.64 -0.0156431 0.99674 0.079438 5.4822 -0.997191 -0.0214605 0.0729007 156.237
0.0778421 -0.078655 0.993944 291.199 -0.0161999 0.996675 0.0801397 5.51155 -0.996912 -0.0223388 0.0763074 156.288
0.0807415 -0.0789742 0.993688 291.755 -0.0164013 0.996639 0.0805442 5.54772 -0.996683 -0.0228006 0.0791715 156.338
0.0844308 -0.0789949 0.993379 292.3 -0.0161251 0.996637 0.0806244 5.5811 -0.996377 -0.0228243 0.0828712 156.387
0.0874956 -0.0790266 0.993112 292.825 -0.0165277 0.996619 0.0807647 5.61293 -0.996111 -0.02348 0.08589 156.441
0.0895046 -0.0788058 0.99295 293.357 -0.0162021 0.996641 0.0805591 5.65606 -0.995933 -0.0232971 0.0879253 156.491
0.0928897 -0.0788051 0.99264 293.846 -0.0156528 0.996647 0.080591 5.6925 -0.995637 -0.0230234 0.0913407 156.535
0.0946526 -0.0786866 0.992482 294.345 -0.0157174 0.996651 0.0805162 5.73392 -0.995465 -0.0232191 0.0930969 156.588
0.0955126 -0.0786405 0.992403 294.832 -0.0157161 0.996654 0.0804924 5.77175 -0.995385 -0.0232846 0.093953 156.639
0.0976169 -0.0785722 0.992204 295.324 -0.015565 0.996659 0.0804563 5.80875 -0.995181 -0.0232963 0.0960656 156.69
0.0988216 -0.0785122 0.992089 295.812 -0.0153903 0.996666 0.0804098 5.84731 -0.995066 -0.0232147 0.0972794 156.743
0.0981744 -0.078312 0.99217 296.299 -0.0150635 0.996691 0.0801594 5.88887 -0.995134 -0.0228138 0.0966674 156.795
0.0991076 -0.0781414 0.992091 296.78 -0.0143715 0.996719 0.0799441 5.93305 -0.995053 -0.0221808 0.0976549 156.839
0.0987533 -0.0778774 0.992147 297.292 -0.0140218 0.996748 0.0796343 6.00165 -0.995093 -0.0217747 0.0973378 156.908
0.096222 -0.0784928 0.992347 297.806 -0.0144436 0.996694 0.0802397 6.03782 -0.995336 -0.0220537 0.0947658 156.968
0.0954938 -0.078704 0.992401 298.309 -0.0142214 0.996683 0.0804122 6.06778 -0.995408 -0.0217909 0.0940553 157.011
0.0928181 -0.0766434 0.992816 298.828 -0.0123428 0.996891 0.0781146 6.10493 -0.995688 -0.0195045 0.0915792 157.058
0.0907108 -0.0729175 0.993292 299.37 -0.00718072 0.997266 0.0738652 6.14422 -0.995932 -0.0138318 0.0899367 157.107
0.0880964 -0.0687922 0.993821 299.897 -0.0049735 0.997592 0.0694969 6.18201 -0.996182 -0.0110655 0.0875379 157.149
0.0855274 -0.0661704 0.994224 300.447 -0.00586045 0.997766 0.0669105 6.2291 -0.9964 -0.0115482 0.0849463 157.202
0.0839129 -0.0655214 0.994404 301.002 -0.00631705 0.997803 0.0662812 6.27661 -0.996535 -0.0118437 0.0833105 157.246
0.0817362 -0.0678485 0.994431 301.573 -0.00169254 0.997694 0.0682106 6.31859 -0.996735 -0.00725734 0.0814306 157.286
0.0790389 -0.0730084 0.994281 302.164 0.0064782 0.997353 0.0727217 6.35037 -0.996934 0.000692905 0.0792984 157.32
0.077245 -0.0741848 0.994338 302.749 0.00781067 0.997267 0.0737969 6.38417 -0.997064 0.00206676 0.0776112 157.357
0.0747589 -0.0711284 0.994749 303.349 0.00331424 0.997487 0.0710779 6.42452 -0.99728 -0.00201714 0.0748026 157.408
0.0728039 -0.0690697 0.995041 303.958 -0.000146159 0.997624 0.0692599 6.48112 -0.997429 -0.00518695 0.0726187 157.466
0.0712863 -0.0708304 0.995026 304.577 0.00444552 0.99751 0.0706917 6.51812 -0.997531 -0.000616342 0.0714195 157.505
0.0697858 -0.0727262 0.994997 305.21 0.00826703 0.997373 0.0723201 6.56257 -0.99761 0.0031794 0.0702017 157.541
0.0672831 -0.0721183 0.995211 305.864 0.00971562 0.997406 0.0716233 6.61006 -0.997772 0.00484954 0.0678052 157.586
0.065639 -0.0711383 0.995394 306.516 0.00653387 0.997491 0.0708575 6.65797 -0.997905 0.00185333 0.0659372 157.642
0.0650957 -0.0690832 0.995573 307.188 0.00329327 0.997632 0.0690136 6.70691 -0.997959 -0.0012142 0.0651649 157.698
0.063076 -0.0667261 0.995865 307.859 0.00261485 0.997796 0.0666902 6.75453 -0.998089 -0.00160186 0.0631095 157.744
0.0617336 -0.0650241 0.99606 308.542 0.00306497 0.997905 0.0649575 6.79985 -0.998174 -0.000957612 0.0617996 157.784
0.0602144 -0.0660966 0.996084 309.239 0.000868631 0.997833 0.0661606 6.84405 -0.998268 -0.00311787 0.0601395 157.831
0.0586335 -0.0664444 0.996154 309.943 -0.00267725 0.99779 0.066714 6.89656 -0.998362 -0.00657889 0.0583221 157.883
0.0567776 -0.0658932 0.996299 310.656 -0.00330748 0.997825 0.0661832 6.94196 -0.998465 -0.00705217 0.0564345 157.932
0.0545896 -0.0619521 0.996674 311.372 -0.000540806 0.998093 0.0620729 6.98246 -0.998594 -0.00392791 0.0544482 157.968
0.0520373 -0.0565527 0.997132 312.092 0.00043647 0.99842 0.0566036 7.02263 -0.998729 -0.00250963 0.0519782 158.008
0.0515534 -0.0534645 0.997327 312.827 -0.000292054 0.998587 0.05355 7.07687 -0.998755 -0.00305255 0.0514612 158.049
0.0504538 -0.0560306 0.997243 313.579 0.00230271 0.998452 0.0559827 7.11131 -0.998808 -0.000527557 0.050503 158.084
0.0480101 -0.0618406 0.997019 314.333 0.00695235 0.9981 0.0615757 7.14795 -0.998908 0.00397459 0.0483451 158.121
0.0471077 -0.064834 0.996873 315.107 0.00958151 0.997898 0.0644487 7.18817 -0.998928 0.00651596 0.0476284 158.151
0.0458037 -0.0646825 0.996942 315.877 0.0109758 0.997895 0.0642429 7.23538 -0.998976 0.00799872 0.0464136 158.188
0.0440046 -0.0643625 0.997046 316.654 0.010714 0.997919 0.063947 7.28666 -0.999058 0.00786889 0.0446011 158.231
0.0441259 -0.0638453 0.997072 317.447 0.0113604 0.997945 0.0634013 7.33791 -0.999047 0.00852859 0.0447567 158.266
0.0440897 -0.0644434 0.997037 318.244 0.0117512 0.997904 0.0639808 7.38714 -0.999042 0.00889596 0.044753 158.305
0.0437392 -0.0656891 0.996969 319.045 0.0121892 0.997819 0.0652132 7.43952 -0.999055 0.00929893 0.0444406 158.344
0.0456392 -0.0664326 0.996836 319.862 0.0126785 0.997767 0.0659152 7.49285 -0.998961 0.00963046 0.0463779 158.382
0.0461098 -0.0669942 0.996775 320.684 0.0129239 0.997727 0.066463 7.54486 -0.998939 0.00981663 0.0468668 158.426
0.0475457 -0.0680589 0.996638 321.515 0.0128418 0.997658 0.067517 7.60466 -0.99887 0.00958891 0.0483067 158.47
0.0497039 -0.0691381 0.996457 322.356 0.0134692 0.997579 0.068547 7.65918 -0.99876 0.0100134 0.0505107 158.516
0.05149 -0.0697169 0.996328 323.201 0.0142644 0.997533 0.0690651 7.71659 -0.998655 0.0106562 0.0523557 158.561
0.0532715 -0.0702481 0.996195 324.055 0.0148526 0.997491 0.069548 7.77447 -0.998557 0.0110901 0.0541769 158.611
0.0521149 -0.0705429 0.996238 324.9 0.0152725 0.997465 0.069832 7.83188 -0.998608 0.0115762 0.0530583 158.663
0.061255 -0.0712847 0.995662 325.782 0.0167095 0.997403 0.0703841 7.89739 -0.99807 0.0123247 0.0622821 158.7
0.0612841 -0.0720208 0.995609 326.64 0.0177159 0.997338 0.0710564 7.95715 -0.998048 0.0132838 0.0623946 158.758
0.0639461 -0.0725828 0.995399 327.521 0.018759 0.997286 0.0715181 8.01723 -0.997865 0.0140983 0.0651292 158.815
0.0671939 -0.0725359 0.99519 328.411 0.0193819 0.997284 0.0713809 8.08013 -0.997637 0.0144926 0.0684149 158.876
0.0692398 -0.0724907 0.995052 329.295 0.0200998 0.997279 0.0712573 8.13823 -0.997487 0.0150654 0.0705033 158.944
0.0730607 -0.0725347 0.994776 330.201 0.020158 0.997279 0.0712377 8.20194 -0.997209 0.0148483 0.0743215 159.01
0.0762616 -0.0717539 0.994592 331.101 0.01903 0.997354 0.0704971 8.27301 -0.996996 0.0135499 0.0774199 159.086
0.078233 -0.071577 0.994452 331.997 0.0184048 0.997376 0.0703405 8.32983 -0.996851 0.0128 0.0793424 159.165
0.0812805 -0.0714594 0.994216 332.92 0.0176498 0.997398 0.0702481 8.39593 -0.996625 0.011837 0.0823247 159.25
0.0830906 -0.0724899 0.993992 333.837 0.0174701 0.997327 0.0712738 8.45721 -0.996475 0.0114432 0.0841321 159.333
0.0835736 -0.0740289 0.993839 334.75 0.0178944 0.997212 0.0727783 8.51757 -0.99643 0.0117008 0.0846598 159.416
0.0860123 -0.0752092 0.993541 335.679 0.0183884 0.99712 0.0738893 8.58646 -0.996211 0.0119145 0.0871447 159.503
0.0869184 -0.0760808 0.993397 336.599 0.0183768 0.997057 0.0747562 8.64817 -0.996135 0.0117567 0.0880552 159.585
0.0867403 -0.0761165 0.993409 337.506 0.0186346 0.99705 0.0747695 8.70693 -0.996143 0.0120265 0.0878999 159.663
0.0883076 -0.0761089 0.993272 338.436 0.0181822 0.997058 0.0747857 8.77715 -0.996017 0.0114548 0.0894261 159.755
0.0886678 -0.0775031 0.993132 339.356 0.0170969 0.996964 0.076277 8.83812 -0.996001 0.0102165 0.0897207 159.841
0.0880247 -0.0783557 0.993123 340.269 0.016721 0.996901 0.0771751 8.897 -0.996068 0.00981184 0.0890564 159.934
0.0893211 -0.0786973 0.99298 341.198 0.0151336 0.99689 0.0776473 8.95836 -0.995975 0.00809226 0.0902313 160.027
0.0897693 -0.0786013 0.992947 342.109 0.0152073 0.996897 0.0775425 9.02465 -0.995937 0.00813843 0.0906803 160.115
0.088995 -0.0785753 0.993019 343.006 0.0150482 0.9969 0.0775352 9.08868 -0.996006 0.00804324 0.0898985 160.198
0.0899669 -0.0785779 0.992931 343.932 0.0149498 0.996901 0.0775408 9.15574 -0.995923 0.00786736 0.090857 160.29
0.0900996 -0.078826 0.992899 344.841 0.0148567 0.996882 0.0777955 9.21707 -0.995909 0.00774219 0.0909868 160.376
0.0901591 -0.0790284 0.992878 345.726 0.0149282 0.996866 0.0779936 9.28544 -0.995905 0.00778942 0.0910505 160.461
0.0906706 -0.0797513 0.992774 346.645 0.0146216 0.996811 0.0787416 9.35758 -0.995861 0.00737665 0.0915447 160.546
0.0910682 -0.0797651 0.992737 347.543 0.0145705 0.996811 0.0787592 9.42361 -0.995828 0.00729149 0.0919342 160.637
0.0910162 -0.0791261 0.992792 348.42 0.0148364 0.99686 0.0780914 9.48968 -0.995826 0.00762216 0.0919014 160.721
0.092111 -0.0789306 0.992707 349.331 0.0156212 0.996869 0.0778155 9.55743 -0.995715 0.00833888 0.0930499 160.808
0.0928675 -0.0811018 0.992462 350.232 0.01859 0.996669 0.0797074 9.63186 -0.995592 0.0110479 0.0940629 160.892
0.0954055 -0.0822857 0.992124 351.162 0.0198476 0.996561 0.0807485 9.70297 -0.995331 0.0119868 0.0967047 160.982
0.0944551 -0.0813266 0.992294 352.038 0.0229361 0.996596 0.0794972 9.76846 -0.995352 0.0152505 0.0959959 161.075
0.0967519 -0.076973 0.992421 352.93 0.0279823 0.996846 0.0745917 9.83352 -0.995006 0.0205524 0.0985948 161.157
0.0992812 -0.0745676 0.992354 353.822 0.030935 0.996963 0.0718203 9.90324 -0.994666 0.0235679 0.101283 161.246
0.103458 -0.0743718 0.991943 354.72 0.033472 0.996921 0.0712575 9.96496 -0.994162 0.0258292 0.105622 161.336
0.106499 -0.0748303 0.991586 355.615 0.0343337 0.996872 0.0715431 10.0256 -0.993808 0.0264253 0.108732 161.437
0.109031 -0.0745759 0.991331 356.508 0.0345288 0.996888 0.0712001 10.0885 -0.99353 0.0264653 0.111261 161.538
0.113568 -0.0748798 0.990798 357.399 0.0347225 0.996871 0.0713602 10.1564 -0.993012 0.0262985 0.11581 161.645
0.117401 -0.0788567 0.990044 358.295 0.034635 0.996586 0.0752744 10.2212 -0.992573 0.0254518 0.119725 161.753
0.12088 -0.0805151 0.98949 359.192 0.0349425 0.996458 0.0768148 10.294 -0.992141 0.0252896 0.123262 161.868
0.126509 -0.0817659 0.988685 360.084 0.0345781 0.99638 0.0779815 10.3634 -0.991455 0.0243205 0.128872 161.986
0.131765 -0.0821177 0.987968 360.975 0.0345226 0.996365 0.0782127 10.4324 -0.990769 0.0238013 0.134117 162.113
0.136506 -0.0825589 0.987289 361.861 0.034616 0.996335 0.078533 10.5017 -0.990127 0.0234549 0.138856 162.245
0.143724 -0.082739 0.986248 362.752 0.0350362 0.996325 0.0784802 10.5661 -0.989087 0.0232746 0.146091 162.382
0.150828 -0.0827493 0.985187 363.642 0.0353628 0.996329 0.0782751 10.6346 -0.988021 0.023032 0.153193 162.525
0.158612 -0.0825555 0.983979 364.528 0.0355674 0.996355 0.0778623 10.7039 -0.986791 0.0226476 0.160965 162.679
0.167784 -0.0823853 0.982472 365.421 0.0356633 0.996382 0.0774651 10.7727 -0.985273 0.0220399 0.170107 162.839
0.177619 -0.0824613 0.980734 366.305 0.0364501 0.996376 0.0771767 10.8378 -0.983515 0.0220395 0.179976 163.006
0.186043 -0.0825685 0.979164 367.186 0.0370061 0.99637 0.0769921 10.9081 -0.98194 0.0219104 0.188414 163.18
0.196142 -0.0829759 0.977154 368.073 0.037516 0.996344 0.0770766 10.9777 -0.97995 0.0215407 0.198532 163.367
0.207117 -0.0831175 0.974877 368.958 0.0380173 0.996341 0.0768747 11.0479 -0.977674 0.0211393 0.209509 163.567
0.213519 -0.0837595 0.97344 369.916 0.0382877 0.996295 0.0773299 11.1181 -0.976282 0.020759 0.215929 163.782
0.223559 -0.0839936 0.971164 370.789 0.0390609 0.996278 0.0771778 11.1835 -0.974005 0.0206799 0.225998 163.996
0.229578 -0.0840974 0.969749 371.673 0.0391413 0.996277 0.0771339 11.2492 -0.972597 0.0202487 0.232009 164.211
0.23403 -0.084043 0.96869 372.553 0.0390934 0.99629 0.0769968 11.3172 -0.971541 0.019849 0.236437 164.429
0.239268 -0.0841867 0.967396 373.438 0.0397246 0.996274 0.0768767 11.3812 -0.970236 0.0200348 0.241714 164.657
0.243938 -0.084494 0.966203 374.321 0.040177 0.996248 0.0769819 11.4491 -0.969057 0.0200396 0.246407 164.886
0.247565 -0.0847122 0.965259 375.199 0.0406757 0.996226 0.0769997 11.5156 -0.968112 0.0201997 0.25007 165.116
0.252668 -0.0850348 0.96391 376.087 0.0414849 0.996193 0.0770124 11.5795 -0.966763 0.0205283 0.255223 165.353
0.257205 -0.085389 0.962676 376.968 0.0417867 0.996164 0.0771972 11.6527 -0.965549 0.0203711 0.259779 165.593
0.260631 -0.086075 0.961695 377.845 0.0422313 0.996107 0.0777139 11.7152 -0.964614 0.0203583 0.26324 165.838
0.265869 -0.0869326 0.960182 378.733 0.0424177 0.996041 0.0784363 11.7879 -0.963172 0.0198746 0.268497 166.088
0.270212 -0.0879939 0.958874 379.614 0.0427328 0.995956 0.079359 11.8561 -0.961953 0.0195309 0.272868 166.338
0.273909 -0.0891149 0.957719 380.482 0.0428154 0.995866 0.0804214 11.9248 -0.960899 0.0189766 0.276585 166.592
0.279029 -0.0902189 0.956138 381.358 0.0424087 0.995789 0.0815886 11.9921 -0.959447 0.0177823 0.281669 166.856
0.283621 -0.0902466 0.954781 382.217 0.0429278 0.995783 0.0813726 12.0584 -0.958072 0.0179073 0.286291 167.118
0.287605 -0.0891424 0.953694 383.058 0.0422972 0.995895 0.0803359 12.1326 -0.956916 0.0172329 0.290183 167.382
0.293003 -0.0873544 0.952214 383.913 0.0414803 0.996066 0.0786158 12.2146 -0.955309 0.016463 0.295466 167.657
0.29726 -0.0872705 0.950903 384.758 0.0407546 0.99609 0.078682 12.276 -0.954029 0.0153639 0.299643 167.931
0.300278 -0.0896714 0.94973 385.59 0.0400335 0.995903 0.0813761 12.3363 -0.953109 0.0135852 0.30263 168.204
0.303836 -0.0921172 0.948364 386.443 0.0378347 0.995721 0.0846002 12.3984 -0.952076 0.010176 0.306008 168.493
0.306452 -0.0916191 0.94757 387.27 0.0350452 0.995793 0.0849504 12.4674 -0.951339 0.0071744 0.308365 168.778
0.308229 -0.087688 0.947366 388.089 0.0314622 0.996162 0.0819728 12.54 -0.950896 0.00453942 0.309792 169.059
0.309585 -0.0843172 0.947228 388.899 0.0295562 0.996457 0.0790418 12.6157 -0.95051 0.00352625 0.310973 169.34
0.31153 -0.0848442 0.946545 389.727 0.0284937 0.996416 0.0799412 12.6825 -0.949913 0.00206603 0.312819 169.633
0.312544 -0.0881151 0.94591 390.532 0.0261684 0.996134 0.0841496 12.7557 -0.949641 -0.00154742 0.313634 169.916
0.313442 -0.0920834 0.945237 391.347 0.024435 0.995765 0.0889078 12.8227 -0.949397 -0.00477074 0.314352 170.198
0.315182 -0.0943815 0.944429 392.154 0.0236428 0.99554 0.0916013 12.8952 -0.948835 -0.0065419 0.316 170.486
0.314887 -0.0956789 0.9444 392.94 0.023263 0.995411 0.0930951 12.9677 -0.948948 -0.00734495 0.315655 170.755
0.314875 -0.0955088 0.944419 393.751 0.0231045 0.995426 0.0929664 13.0468 -0.948951 -0.00745219 0.315633 171.032
0.314537 -0.0951917 0.944566 394.542 0.0229272 0.995456 0.0926904 13.122 -0.949072 -0.00749849 0.315278 171.301
0.313377 -0.0974161 0.944723 395.325 0.0261272 0.995258 0.0939631 13.206 -0.949368 -0.00476271 0.314429 171.557
0.314668 -0.100041 0.944021 396.134 0.0279359 0.995001 0.096137 13.284 -0.948895 -0.00387952 0.315878 171.841
0.314182 -0.0990456 0.944287 396.921 0.0277099 0.995101 0.0951586 13.3655 -0.949058 -0.00373081 0.31538 172.105
0.313061 -0.0959178 0.944983 397.701 0.029743 0.995415 0.0911881 13.4352 -0.94937 -0.00044135 0.314466 172.368
0.3129 -0.0942558 0.945203 398.502 0.0305616 0.995573 0.0891643 13.501 -0.949395 0.000987569 0.314387 172.635
0.312535 -0.0947953 0.945271 399.301 0.029917 0.995523 0.0899481 13.5886 -0.949538 0.000167253 0.31396 172.903
0.311488 -0.0965126 0.945441 400.099 0.0302838 0.995358 0.0916335 13.6623 -0.949868 8.90713e-05 0.312956 173.162
0.311662 -0.0971545 0.94532 400.921 0.0297396 0.995295 0.0924907 13.7404 -0.949831 -0.000712886 0.313073 173.439
0.311632 -0.0968931 0.945354 401.734 0.029738 0.995321 0.092214 13.8199 -0.949838 -0.000623654 0.313047 173.71
0.31128 -0.0949007 0.945675 402.534 0.0306807 0.995512 0.0898079 13.8898 -0.949927 0.0010581 0.312783 173.982
0.311894 -0.0939399 0.945566 403.376 0.0311227 0.995602 0.0886478 13.971 -0.949708 0.00178005 0.313438 174.264
0.311314 -0.0945372 0.945701 404.198 0.0314263 0.995546 0.0891797 14.0531 -0.949891 0.0019564 0.312887 174.542
0.312605 -0.0960387 0.945121 405.078 0.0319539 0.995402 0.0905819 14.135 -0.949447 0.0018842 0.314228 174.848
0.311991 -0.0970012 0.945227 405.895 0.0336145 0.995305 0.09105 14.1959 -0.949594 0.00336602 0.313775 175.117
0.312624 -0.0978181 0.944933 406.768 0.0375637 0.995204 0.0905973 14.2621 -0.949235 0.0071724 0.314791 175.414
0.31221 -0.0984713 0.945002 407.617 0.0403737 0.995115 0.0903594 14.3201 -0.949259 0.00994133 0.314649 175.692
0.313414 -0.0995568 0.94449 408.497 0.0434003 0.994978 0.0904798 14.4138 -0.948727 0.0126334 0.316152 175.989
0.313764 -0.101084 0.944212 409.367 0.0480072 0.99476 0.090547 14.4715 -0.948391 0.0169176 0.316961 176.271
0.314284 -0.102998 0.943832 410.236 0.0520278 0.994498 0.0912058 14.537 -0.948004 0.0204407 0.317905 176.556
0.314223 -0.10539 0.943588 411.082 0.0509413 0.994284 0.0940931 14.6272 -0.948085 0.0185003 0.317784 176.851
0.315705 -0.110083 0.942557 411.956 0.0487346 0.993845 0.0997519 14.7303 -0.947707 0.0144427 0.319118 177.157
0.316454 -0.114444 0.941785 412.831 0.0496677 0.993357 0.104027 14.801 -0.947411 0.0138557 0.320025 177.452
0.315586 -0.11445 0.942076 413.668 0.0504332 0.993347 0.103786 14.8927 -0.947658 0.0147582 0.31925 177.728
0.316736 -0.112098 0.941973 414.526 0.0517751 0.99358 0.100835 14.9986 -0.947203 0.0168317 0.320495 178.019
0.317384 -0.11045 0.94195 415.388 0.0522675 0.993749 0.0989152 15.0794 -0.946959 0.0178389 0.321164 178.314
0.316836 -0.112668 0.941872 416.238 0.0550875 0.993455 0.100313 15.1757 -0.946983 0.0201014 0.320957 178.599
0.31849 -0.115357 0.940988 417.094 0.0569659 0.99313 0.102471 15.2617 -0.946316 0.0209678 0.322865 178.901
0.319039 -0.117059 0.940592 417.944 0.0563987 0.992954 0.104451 15.3495 -0.946165 0.019723 0.323381 179.194
0.318815 -0.117277 0.94064 418.753 0.0551319 0.992958 0.105116 15.438 -0.946316 0.0183464 0.323026 179.474
0.317884 -0.11771 0.940902 419.559 0.0549464 0.992908 0.105657 15.5297 -0.94664 0.0181113 0.322086 179.753
0.319241 -0.120598 0.940076 420.407 0.0572136 0.992541 0.107901 15.6406 -0.946049 0.019338 0.323751 180.08
0.316614 -0.122978 0.940657 421.186 0.0583009 0.992233 0.110103 15.7238 -0.946865 0.0199796 0.321314 180.34
0.31587 -0.124782 0.940668 421.975 0.0585417 0.992016 0.111939 15.817 -0.9471 0.0197096 0.320644 180.615
0.31498 -0.126166 0.940783 422.78 0.0608068 0.991796 0.112654 15.9252 -0.947253 0.0217211 0.320056 180.91
0.31281 -0.125656 0.941577 423.525 0.0615792 0.991835 0.111909 16.0008 -0.947924 0.0229743 0.317985 181.159
0.314029 -0.122192 0.941625 424.336 0.0607834 0.992261 0.108498 16.075 -0.947571 0.0231625 0.319015 181.458
0.312306 -0.116843 0.942878 425.07 0.0579989 0.992928 0.103838 16.1511 -0.948317 0.0222555 0.316865 181.708
0.311397 -0.11216 0.943746 425.823 0.0562241 0.99347 0.0995227 16.2193 -0.948721 0.022069 0.315658 181.96
0.310411 -0.11122 0.944183 426.575 0.0555437 0.993583 0.0987819 16.2986 -0.949085 0.0217791 0.314588 182.218
0.308972 -0.115177 0.944181 427.324 0.0552343 0.993163 0.103083 16.3706 -0.949572 0.0202999 0.313209 182.462
0.307173 -0.118246 0.944388 428.061 0.0560006 0.992803 0.106097 16.4689 -0.950112 0.0202949 0.311576 182.707
0.306339 -0.119771 0.944468 428.8 0.0557453 0.992634 0.107803 16.5398 -0.950396 0.0196239 0.310748 182.952
0.305811 -0.120182 0.944586 429.531 0.0557251 0.992586 0.108252 16.6081 -0.950568 0.0195312 0.310233 183.195
0.304912 -0.120202 0.944875 430.241 0.055344 0.992589 0.108418 16.6828 -0.950879 0.0192338 0.309293 183.436
0.305275 -0.12005 0.944777 430.975 0.0561838 0.992591 0.107975 16.7605 -0.950714 0.0201176 0.309749 183.68
0.304889 -0.119815 0.944932 431.694 0.0565448 0.992608 0.107622 16.8312 -0.950817 0.0206166 0.309398 183.911
0.304215 -0.119622 0.945173 432.409 0.0574634 0.992609 0.107134 16.9015 -0.950978 0.0217195 0.308832 184.143
0.303472 -0.11906 0.945484 433.116 0.0579003 0.992659 0.106422 16.9697 -0.951189 0.0224459 0.308127 184.379
0.306498 -0.118248 0.944609 433.877 0.0571666 0.992777 0.105732 17.0556 -0.950262 0.0215916 0.311036 184.657
0.305251 -0.118638 0.944965 434.557 0.0576586 0.992717 0.106014 17.1248 -0.950635 0.0221224 0.309857 184.878
0.305946 -0.119297 0.944657 435.293 0.0584853 0.992625 0.106418 17.2067 -0.950361 0.0226886 0.310658 185.126
0.306024 -0.121147 0.944397 436.009 0.0589951 0.992403 0.108195 17.2854 -0.950304 0.0226025 0.310835 185.364
0.307792 -0.123001 0.943581 436.747 0.0594379 0.992183 0.109953 17.3597 -0.949705 0.0222402 0.312688 185.604
0.30875 -0.124696 0.943047 437.47 0.0603269 0.991967 0.11142 17.4428 -0.949339 0.022488 0.31378 185.823
0.309976 -0.124676 0.942646 438.187 0.0589193 0.992005 0.111833 17.4878 -0.949027 0.0208726 0.314834 186.057
0.311747 -0.124714 0.942058 438.876 0.0578543 0.992027 0.112191 17.5573 -0.948513 0.0195247 0.316464 186.301
0.314556 -0.123641 0.941265 439.572 0.0563149 0.992193 0.111516 17.6291 -0.947677 0.0179275 0.319054 186.543
0.316262 -0.123717 0.940684 440.244 0.0562575 0.992188 0.111583 17.7001 -0.947114 0.0176289 0.320739 186.773
0.317756 -0.123289 0.940236 440.906 0.0556325 0.992254 0.111312 17.7621 -0.94665 0.0169358 0.322144 187.007
0.319079 -0.123695 0.939735 441.569 0.0554407 0.992209 0.111785 17.8348 -0.946217 0.0164291 0.323439 187.25
0.319218 -0.125155 0.939494 442.209 0.0552962 0.99204 0.113371 17.9098 -0.946178 0.0157585 0.323588 187.476
0.320426 -0.125373 0.939055 442.839 0.0546028 0.992025 0.11382 17.9692 -0.94581 0.0148015 0.324704 187.705
0.321461 -0.125877 0.938633 443.464 0.0551933 0.991958 0.11413 18.0471 -0.945425 0.0151158 0.325814 187.924
0.321833 -0.126488 0.938424 444.087 0.0564833 0.991861 0.114326 18.1285 -0.945222 0.0162086 0.326346 188.146
0.32332 -0.1269 0.937857 444.688 0.0570294 0.991806 0.114543 18.1982 -0.944682 0.0164489 0.327899 188.361
0.324188 -0.127853 0.937429 445.285 0.0583635 0.991666 0.115074 18.2672 -0.944303 0.0174034 0.328937 188.574
0.324682 -0.127469 0.937309 445.866 0.05846 0.991714 0.114622 18.3322 -0.944127 0.0175769 0.329435 188.788
0.32571 -0.126656 0.937064 446.461 0.0570136 0.99184 0.114249 18.3792 -0.943862 0.0162106 0.330261 188.992
0.326576 -0.127056 0.936708 447.019 0.0574389 0.991787 0.114507 18.4414 -0.943538 0.016406 0.331183 189.191
0.327544 -0.127798 0.93627 447.564 0.0584895 0.991679 0.114907 18.5214 -0.943137 0.0171222 0.332281 189.399
0.32803 -0.126422 0.936286 448.105 0.0560102 0.991891 0.114312 18.5242 -0.94312 0.0149415 0.332441 189.598
0.329426 -0.126548 0.93578 448.621 0.0555987 0.991885 0.114569 18.5815 -0.942657 0.0142832 0.333777 189.782
0.329714 -0.127186 0.935591 449.178 0.0558256 0.991803 0.115159 18.6464 -0.942543 0.0142577 0.334103 189.985
0.330125 -0.127633 0.935386 449.723 0.0554816 0.991754 0.115751 18.7087 -0.942419 0.0136816 0.334473 190.17
0.330618 -0.128304 0.93512 450.219 0.0562877 0.991659 0.116166 18.7634 -0.9422 0.0142265 0.335073 190.348
0.330991 -0.12855 0.934954 450.715 0.0563673 0.991628 0.116394 18.8148 -0.942063 0.0141728 0.335454 190.526
0.331397 -0.125329 0.935247 451.2 0.0551145 0.992043 0.113416 18.8595 -0.941995 0.0139574 0.335659 190.694
0.332332 -0.122097 0.935343 451.667 0.0535488 0.992455 0.110533 18.9102 -0.941755 0.0133502 0.336351 190.878
0.332982 -0.122368 0.935076 452.126 0.0538275 0.992419 0.11071 18.9645 -0.94151 0.0134659 0.337036 191.045
0.33384 -0.122734 0.934723 452.578 0.05424 0.992372 0.110939 19.0134 -0.941182 0.0136609 0.337939 191.203
0.334404 -0.122993 0.934487 453.013 0.0545181 0.992338 0.111103 19.063 -0.940966 0.0137905 0.338539 191.361
0.333777 -0.124291 0.93454 453.448 0.0548638 0.992177 0.112369 19.111 -0.941168 0.0137637 0.337973 191.514
0.3329 -0.124658 0.934803 453.878 0.0529052 0.992157 0.113471 19.1651 -0.941591 0.0116788 0.336876 191.693
0.331205 -0.125097 0.935347 454.283 0.0528521 0.992102 0.11398 19.2183 -0.942192 0.0116818 0.33519 191.849
0.329912 -0.126092 0.93567 454.667 0.0528772 0.991977 0.115041 19.2546 -0.942645 0.0115196 0.333925 191.997
0.328162 -0.126272 0.936262 455.044 0.0534274 0.991946 0.115063 19.3144 -0.943224 0.0122604 0.332254 192.129
0.327396 -0.126441 0.936507 455.412 0.0532172 0.991926 0.115325 19.3587 -0.943502 0.0120789 0.331474 192.26
0.326151 -0.126813 0.936892 455.772 0.0533513 0.991877 0.11569 19.4026 -0.943926 0.0122493 0.330256 192.39
0.324988 -0.127456 0.937208 456.127 0.0534382 0.991794 0.116355 19.4266 -0.944322 0.0122663 0.329125 192.512
0.324166 -0.127464 0.937492 456.479 0.0534226 0.991792 0.116383 19.4759 -0.944606 0.0123532 0.328304 192.633
0.323084 -0.127583 0.937849 456.809 0.0531284 0.991779 0.116624 19.5149 -0.944993 0.0121448 0.327199 192.751
0.322618 -0.127401 0.938035 457.122 0.0512751 0.991824 0.11708 19.5402 -0.945255 0.010323 0.326502 192.876
0.321897 -0.126385 0.93842 457.444 0.0494211 0.991968 0.11665 19.5723 -0.945599 0.00882601 0.32555 192.99
0.320362 -0.126481 0.938933 457.739 0.0500455 0.991948 0.116555 19.6119 -0.946088 0.00964676 0.324101 193.099
0.320017 -0.12651 0.939045 458.029 0.0500264 0.991944 0.116594 19.6355 -0.946206 0.0096625 0.323761 193.195
0.319511 -0.125677 0.939331 458.315 0.0509907 0.992037 0.115392 19.6787 -0.946326 0.0110254 0.323363 193.298
0.318727 -0.12519 0.939661 458.598 0.0511218 0.992093 0.114841 19.7116 -0.946582 0.0114317 0.3226 193.39
0.318338 -0.125265 0.939784 458.875 0.0511567 0.992084 0.114915 19.75 -0.946712 0.0114914 0.322214 193.485
0.319822 -0.12654 0.939108 459.154 0.0496432 0.991944 0.116759 19.7563 -0.946292 0.00927575 0.32352 193.583
0.320377 -0.126595 0.938913 459.418 0.0491106 0.991944 0.116996 19.7797 -0.946133 0.0086251 0.324002 193.684
0.321754 -0.126692 0.938428 459.686 0.0491427 0.991932 0.117072 19.8112 -0.945663 0.00844593 0.325377 193.78
0.323057 -0.12645 0.938014 459.956 0.0478373 0.991975 0.117257 19.8331 -0.945286 0.00698856 0.326503 193.895
0.325688 -0.1266 0.937082 460.212 0.048401 0.991954 0.117198 19.8669 -0.944354 0.00718331 0.329188 193.989
0.329694 -0.126732 0.935663 460.476 0.0490163 0.991938 0.11709 19.897 -0.942931 0.00725595 0.333236 194.081
0.335028 -0.126727 0.933766 460.745 0.0499259 0.991935 0.116715 19.9228 -0.941001 0.00751388 0.338646 194.174
0.342481 -0.126682 0.931065 461.006 0.0507644 0.991943 0.1163 19.9566 -0.938269 0.00743173 0.346141 194.279
0.351522 -0.126625 0.927697 461.271 0.0517543 0.99195 0.115791 19.9904 -0.934865 0.00730658 0.355238 194.389
0.36181 -0.125856 0.923839 461.545 0.0525299 0.99205 0.114584 20.02 -0.930888 0.00706882 0.365533 194.513
0.37323 -0.125964 0.91927 461.817 0.0540035 0.992036 0.114015 20.0495 -0.926285 0.00708724 0.377051 194.63
0.387396 -0.125782 0.913416 462.1 0.0554831 0.992061 0.113089 20.0889 -0.920361 0.00686628 0.391286 194.757
0.402825 -0.125759 0.90672 462.376 0.0572726 0.992064 0.112158 20.1246 -0.913604 0.00674757 0.406821 194.896
0.420042 -0.125597 0.898897 462.655 0.0591153 0.992086 0.111003 20.161 -0.905698 0.00651005 0.42413 195.044
0.438385 -0.125824 0.890063 462.923 0.0614839 0.992057 0.109967 20.186 -0.896807 0.00651404 0.442628 195.193
0.456762 -0.123543 0.881096 463.217 0.0647396 0.992327 0.105586 20.2243 -0.887353 0.00881137 0.46124 195.344
0.475917 -0.123449 0.870913 463.481 0.0671367 0.992336 0.10398 20.2573 -0.877051 0.00898193 0.480546 195.507
0.494855 -0.120515 0.860708 463.717 0.0657405 0.992718 0.101211 20.2984 -0.866612 0.00649599 0.499157 195.7
0.509429 -0.115085 0.852914 463.965 0.0621745 0.993375 0.0969095 20.3296 -0.858393 0.00365859 0.513197 195.882
0.517243 -0.109742 0.848906 464.235 0.0567099 0.993988 0.0939521 20.3577 -0.854086 -0.000457345 0.520339 196.046
0.516542 -0.109247 0.849396 464.469 0.0560953 0.994041 0.0937451 20.3923 -0.854553 -0.000778449 0.519578 196.206
0.51227 -0.109285 0.851974 464.705 0.0554208 0.994038 0.0941939 20.4188 -0.857162 -0.00103825 0.515256 196.356
0.503271 -0.109322 0.857318 464.936 0.0543449 0.994032 0.0948611 20.4459 -0.862549 -0.00115238 0.506196 196.49
0.490293 -0.110084 0.864707 465.179 0.0537064 0.99395 0.096094 20.4723 -0.870027 -0.000676546 0.493223 196.63
0.475849 -0.111113 0.87261 465.406 0.0540211 0.993834 0.0970972 20.4795 -0.877994 0.0009334 0.478905 196.725
0.457534 -0.112755 0.882142 465.638 0.0557878 0.993642 0.0980801 20.5124 -0.887565 0.00433496 0.460899 196.843
0.437695 -0.11288 0.892136 465.883 0.0540025 0.993624 0.0992335 20.5504 -0.897625 0.00474117 0.440989 196.937
0.416974 -0.112915 0.902002 466.125 0.0516013 0.993622 0.100539 20.5831 -0.907573 0.00461946 0.420126 197.039
0.396716 -0.11297 0.911087 466.377 0.0471492 0.993622 0.10268 20.6144 -0.916852 0.00221997 0.399502 197.13
0.376779 -0.11327 0.919474 466.638 0.0449938 0.99359 0.103971 20.6455 -0.925328 0.00219332 0.379447 197.222
0.358248 -0.113713 0.926794 466.905 0.0432402 0.993537 0.105194 20.6721 -0.932742 0.00238708 0.360841 197.309
0.341668 -0.114857 0.932897 467.173 0.0436114 0.993401 0.106342 20.7049 -0.938925 0.00434814 0.34441 197.37
0.325658 -0.115667 0.938504 467.44 0.0442281 0.993292 0.107078 20.7321 -0.944569 0.00663491 0.328581 197.464
0.31218 -0.115544 0.94309 467.705 0.0423609 0.99331 0.107682 20.7709 -0.949194 0.00633065 0.314975 197.551
0.30186 -0.116991 0.946264 467.968 0.0404115 0.993147 0.109902 20.8039 -0.952611 0.00506259 0.304512 197.624
0.292251 -0.1192 0.949003 468.235 0.0399131 0.992886 0.112428 20.8411 -0.955623 0.00501727 0.294919 197.697
0.285833 -0.120267 0.95082 468.485 0.0396362 0.992755 0.113663 20.8733 -0.957574 0.00519587 0.288522 197.766
0.282798 -0.120747 0.951668 468.731 0.0400766 0.992694 0.114051 20.8892 -0.958458 0.00588312 0.28556 197.83
0.285177 -0.120247 0.95102 468.944 0.0403162 0.992753 0.11344 20.9237 -0.957742 0.00598833 0.287951 197.898
0.291395 -0.120512 0.949101 469.173 0.0413905 0.99272 0.113351 20.9499 -0.955822 0.00625065 0.294251 197.963
0.299996 -0.121764 0.946255 469.385 0.0438333 0.992559 0.113832 20.973 -0.953049 0.00732576 0.303093 198.02
0.31145 -0.121657 0.942561 469.586 0.0450105 0.992575 0.113247 21.004 -0.94931 0.00715126 0.314602 198.099
0.325201 -0.119509 0.938182 469.782 0.0432541 0.992851 0.111486 21.0319 -0.944771 0.00432198 0.328038 198.19
0.339286 -0.119403 0.933194 469.953 0.0445931 0.992866 0.110833 21.0522 -0.939741 0.00400674 0.342178 198.269
0.353056 -0.119194 0.928099 470.109 0.0448669 0.992895 0.110454 21.0769 -0.934643 0.0026418 0.355886 198.357
0.367465 -0.120307 0.922345 470.279 0.046372 0.992763 0.111025 21.1011 -0.928998 0.00196997 0.370372 198.44
0.381956 -0.121029 0.916342 470.426 0.0489716 0.992673 0.110704 21.1108 -0.922999 0.00258809 0.385075 198.5
0.395931 -0.122004 0.910263 470.552 0.058658 0.992499 0.107521 21.1227 -0.916524 0.01082 0.400104 198.566
0.411114 -0.119771 0.903804 470.679 0.0660338 0.992667 0.101516 21.11 -0.909309 0.0179438 0.415998 198.619
0.425963 -0.118839 0.897028 470.773 0.0676448 0.992772 0.0994099 21.1386 -0.90233 0.0183304 0.430909 198.695
0.441161 -0.116066 0.890014 470.874 0.0629849 0.993188 0.0983064 21.174 -0.895336 0.0126856 0.445454 198.772
0.455438 -0.115192 0.882912 470.977 0.0594944 0.993343 0.0989197 21.1915 -0.888401 0.00747296 0.459244 198.845
0.468167 -0.11532 0.876208 471.08 0.0606646 0.993331 0.0983264 21.2018 -0.881677 0.00711875 0.472028 198.92
0.48016 -0.115543 0.869669 471.173 0.0622207 0.993304 0.097625 21.2108 -0.875098 0.00723202 0.484119 198.978
0.491908 -0.115594 0.863067 471.262 0.0635453 0.993298 0.0968246 21.2229 -0.86845 0.00721221 0.495943 199.037
0.50309 -0.115656 0.856593 471.34 0.0647897 0.993291 0.0960711 21.2318 -0.86193 0.00716216 0.507192 199.092
0.51305 -0.11654 0.85054 471.422 0.0670253 0.993182 0.0956605 21.2429 -0.855865 0.00792608 0.517349 199.154
0.522556 -0.116549 0.844736 471.504 0.0683059 0.993179 0.094786 21.2574 -0.849995 0.00816575 0.526936 199.204
0.530089 -0.11621 0.840072 471.567 0.0679182 0.993228 0.0945465 21.2651 -0.845347 0.00693514 0.534377 199.26
0.538233 -0.112713 0.835362 471.618 0.0633184 0.993652 0.0932833 21.2586 -0.840546 0.00268211 0.541935 199.313
0.548351 -0.107127 0.829491 471.648 0.0578238 0.994272 0.0901888 21.2606 -0.834378 -0.00149372 0.55139 199.372
0.555629 -0.102125 0.825273 471.69 0.0523376 0.994783 0.0878742 21.2691 -0.829915 -0.00563605 0.558058 199.421
0.560479 -0.101848 0.822017 471.741 0.0526631 0.994811 0.0873572 21.275 -0.826625 -0.00567485 0.562919 199.452
0.566142 -0.106682 0.817515 471.784 0.0582918 0.994317 0.0893959 21.2681 -0.82238 -0.00295973 0.569125 199.492
0.570389 -0.111729 0.813876 471.844 0.064116 0.993766 0.0914971 21.2764 -0.819003 -9.60724e-06 0.573981 199.514
0.574473 -0.112078 0.810955 471.879 0.0648165 0.993727 0.0914333 21.2922 -0.81609 3.37152e-05 0.578116 199.541
0.579573 -0.111797 0.807353 471.903 0.0650964 0.993759 0.0908853 21.3035 -0.812452 -0.000122245 0.583217 199.578
0.584258 -0.111397 0.804029 471.922 0.065016 0.993804 0.0904557 21.3114 -0.809097 -0.000578259 0.587861 199.614
0.587554 -0.111151 0.801654 471.947 0.0650186 0.993831 0.0901506 21.316 -0.806706 -0.00084939 0.59114 199.647
