0 0.000213 0.015900 100.000000 9.009009
0 0.000185 0.013745 200.000000 7.604563
0 0.000214 0.017221 300.000000 7.142857
0 0.000108 0.014034 400.000000 6.884682
0 0.000119 0.004947 500.000000 7.267442
0 0.000134 0.007269 600.000000 7.263923
0 0.000159 0.009621 700.000000 7.179487
0 0.000183 0.016284 800.000000 7.299270
10 0.000148 0.017215 100.000000 8.849558
10 0.000192 0.014842 200.000000 7.722008
10 0.000231 0.019105 300.000000 7.075472
10 0.000118 0.014145 400.000000 6.932409
10 0.000124 0.004123 500.000000 7.309941
10 0.000143 0.008282 600.000000 7.281553
10 0.000161 0.010500 700.000000 7.194244
10 0.000189 0.017672 800.000000 7.326007
20 0.000213 0.017930 100.000000 8.196721
20 0.000205 0.017123 200.000000 7.782101
20 0.000237 0.021659 300.000000 7.025761
20 0.000125 0.014485 400.000000 6.956522
20 0.000129 0.003569 500.000000 7.342144
20 0.000143 0.009879 600.000000 7.290401
20 0.000167 0.011753 700.000000 7.201646
20 0.000188 0.019299 800.000000 7.346189
30 0.000195 0.016858 100.000000 7.751938
30 0.000223 0.017420 200.000000 7.751938
30 0.000228 0.021469 300.000000 7.009346
30 0.000147 0.014508 400.000000 6.968641
30 0.000142 0.004027 500.000000 7.363770
30 0.000136 0.011444 600.000000 7.290401
30 0.000177 0.012955 700.000000 7.179487
30 0.000192 0.020902 800.000000 7.352941
40 0.000157 0.016888 100.000000 7.518797
40 0.000249 0.014054 200.000000 7.692307
40 0.000238 0.018427 300.000000 6.993007
40 0.000162 0.013306 400.000000 6.956522
40 0.000134 0.004588 500.000000 7.363770
40 0.000120 0.011801 600.000000 7.263923
40 0.000179 0.012812 700.000000 7.142857
40 0.000190 0.021427 800.000000 7.346189
50 0.000132 0.017287 100.000000 7.407407
50 0.000243 0.016826 200.000000 7.575758
50 0.000223 0.020989 300.000000 6.960557
50 0.000174 0.012597 400.000000 6.932409
50 0.000139 0.004277 500.000000 7.363770
50 0.000136 0.012544 600.000000 7.177033
50 0.000186 0.013879 700.000000 7.106599
50 0.000203 0.023459 800.000000 7.326007
60 0.000163 0.016546 100.000000 7.246377
60 0.000277 0.017288 200.000000 7.407407
60 0.000216 0.020872 300.000000 6.928406
60 0.000143 0.010084 400.000000 6.908463
60 0.000141 0.005032 500.000000 7.342144
60 0.000155 0.012090 600.000000 7.042253
60 0.000193 0.014312 700.000000 7.092198
60 0.000210 0.024577 800.000000 7.299270
70 0.000202 0.014098 100.000000 6.944445
70 0.000309 0.015729 200.000000 7.220217
70 0.000192 0.019972 300.000000 6.849315
70 0.000130 0.008553 400.000000 6.896552
70 0.000129 0.006719 500.000000 7.320644
70 0.000153 0.012382 600.000000 6.984866
70 0.000198 0.014674 700.000000 7.092198
70 0.000210 0.025172 800.000000 7.239819
80 0.000256 0.015773 100.000000 6.711410
80 0.000342 0.020685 200.000000 6.968641
80 0.000155 0.024819 300.000000 6.607930
80 0.000131 0.009307 400.000000 6.884682
80 0.000164 0.008135 500.000000 7.267442
80 0.000179 0.013220 600.000000 6.952491
80 0.000209 0.017382 700.000000 7.085020
80 0.000221 0.028210 800.000000 7.098492
90 0.000362 0.015745 100.000000 6.535948
90 0.000379 0.022536 200.000000 6.711410
90 0.000147 0.024868 300.000000 6.382979
90 0.000134 0.008558 400.000000 6.872852
90 0.000176 0.009659 500.000000 7.153076
90 0.000190 0.013143 600.000000 6.928406
90 0.000219 0.018797 700.000000 7.077857
90 0.000251 0.028198 800.000000 7.042253
100 0.000489 0.025423 100.000000 6.451613
100 0.000410 0.034959 200.000000 6.557377
100 0.000174 0.029599 300.000000 6.342494
100 0.000187 0.009696 400.000000 6.884682
100 0.000183 0.012292 500.000000 6.993007
100 0.000211 0.015507 600.000000 6.920415
100 0.000232 0.022917 700.000000 7.077857
100 0.000270 0.030828 800.000000 7.017544
110 0.000450 0.020424 100.000000 6.535948
110 0.000356 0.031571 200.000000 6.430868
110 0.000164 0.025329 300.000000 6.369427
110 0.000182 0.007790 400.000000 6.920415
110 0.000185 0.012885 500.000000 6.973501
110 0.000204 0.015363 600.000000 6.928406
110 0.000225 0.022430 700.000000 7.092198
110 0.000265 0.028427 800.000000 7.023705
120 0.000380 0.012296 100.000000 6.756757
120 0.000351 0.022817 200.000000 6.389776
120 0.000154 0.019671 300.000000 6.423983
120 0.000159 0.006475 400.000000 6.980803
120 0.000173 0.012912 500.000000 7.012623
120 0.000189 0.013752 600.000000 6.960557
120 0.000218 0.020453 700.000000 7.135576
120 0.000256 0.025259 800.000000 7.054674
130 0.000383 0.008712 100.000000 6.993007
130 0.000343 0.016891 200.000000 6.451613
130 0.000142 0.016081 300.000000 6.507592
130 0.000146 0.006215 400.000000 7.054674
130 0.000165 0.013151 500.000000 7.062147
130 0.000183 0.012746 600.000000 7.001167
130 0.000211 0.019194 700.000000 7.179487
130 0.000246 0.023198 800.000000 7.092198
140 0.000397 0.011229 100.000000 7.299270
140 0.000362 0.023733 200.000000 6.535948
140 0.000157 0.019007 300.000000 6.593407
140 0.000161 0.006676 400.000000 7.142857
140 0.000167 0.014605 500.000000 7.122507
140 0.000193 0.014378 600.000000 7.042253
140 0.000214 0.021590 700.000000 7.223942
140 0.000244 0.024873 800.000000 7.123775
150 0.000361 0.010132 100.000000 7.575758
150 0.000330 0.021966 200.000000 6.622517
150 0.000155 0.016814 300.000000 6.681514
150 0.000154 0.006314 400.000000 7.207207
150 0.000158 0.014970 500.000000 7.163324
150 0.000191 0.013990 600.000000 7.075472
150 0.000210 0.021382 700.000000 7.268951
150 0.000231 0.024178 800.000000 7.155635
160 0.000362 0.011039 100.000000 7.751938
160 0.000301 0.021091 200.000000 6.666667
160 0.000170 0.015076 300.000000 6.726458
160 0.000160 0.006246 400.000000 7.272727
160 0.000144 0.015227 500.000000 7.194244
160 0.000193 0.013885 600.000000 7.083825
160 0.000207 0.021833 700.000000 7.291667
160 0.000221 0.023752 800.000000 7.168459
170 0.000399 0.013846 100.000000 7.751938
170 0.000311 0.023846 200.000000 6.711410
170 0.000196 0.014845 300.000000 6.756757
170 0.000167 0.007046 400.000000 7.299270
170 0.000142 0.016446 500.000000 7.204611
170 0.000200 0.014799 600.000000 7.067138
170 0.000209 0.023443 700.000000 7.306890
170 0.000231 0.024210 800.000000 7.149240
180 0.000420 0.015868 100.000000 7.692307
180 0.000310 0.024774 200.000000 6.734007
180 0.000220 0.013916 300.000000 6.756757
180 0.000160 0.008095 400.000000 7.326007
180 0.000134 0.017272 500.000000 7.153076
180 0.000202 0.015288 600.000000 7.050529
180 0.000213 0.024744 700.000000 7.306890
180 0.000240 0.023074 800.000000 7.104796
190 0.000426 0.016839 100.000000 7.575758
190 0.000274 0.025931 200.000000 6.756757
190 0.000200 0.012111 300.000000 6.772009
190 0.000163 0.008593 400.000000 7.339449
190 0.000148 0.016223 500.000000 7.052186
190 0.000207 0.015312 600.000000 7.050529
190 0.000221 0.025470 700.000000 7.306890
190 0.000236 0.021029 800.000000 7.073386
200 0.000471 0.017159 100.000000 7.518797
200 0.000262 0.025539 200.000000 6.779661
200 0.000158 0.010123 300.000000 6.802721
200 0.000162 0.009253 400.000000 7.366483
200 0.000179 0.015187 500.000000 6.983240
200 0.000210 0.015477 600.000000 7.067138
200 0.000225 0.026242 700.000000 7.299270
200 0.000231 0.019397 800.000000 7.073386
210 0.000455 0.014984 100.000000 7.407407
210 0.000225 0.023158 200.000000 6.756757
210 0.000131 0.008317 300.000000 6.849315
210 0.000136 0.009666 400.000000 7.393715
210 0.000184 0.013414 500.000000 6.973501
210 0.000208 0.015231 600.000000 7.092198
210 0.000219 0.026078 700.000000 7.276507
210 0.000232 0.017362 800.000000 7.079646
220 0.000441 0.016194 100.000000 7.299270
220 0.000188 0.023755 200.000000 6.666667
220 0.000118 0.008091 300.000000 6.896552
220 0.000148 0.010701 400.000000 7.407407
220 0.000169 0.014548 500.000000 6.983240
220 0.000210 0.016216 600.000000 7.117438
220 0.000223 0.027103 700.000000 7.209063
220 0.000235 0.016222 800.000000 7.098492
230 0.000411 0.013256 100.000000 7.142857
230 0.000120 0.018713 200.000000 6.493506
230 0.000099 0.006073 300.000000 6.944445
230 0.000155 0.010515 400.000000 7.393715
230 0.000166 0.012664 500.000000 6.993007
230 0.000202 0.015845 600.000000 7.142857
230 0.000217 0.026269 700.000000 7.142857
230 0.000226 0.014777 800.000000 7.117438
240 0.000407 0.010130 100.000000 6.849315
240 0.000040 0.015190 200.000000 6.309148
240 0.000077 0.005434 300.000000 6.976744
240 0.000146 0.009977 400.000000 7.339449
240 0.000161 0.010667 500.000000 7.002801
240 0.000199 0.015450 600.000000 7.159904
240 0.000238 0.024511 700.000000 7.113821
240 0.000225 0.013042 800.000000 7.130125
250 0.000354 0.008488 100.000000 6.711410
250 0.000035 0.013569 200.000000 6.269592
250 0.000092 0.004658 300.000000 7.009346
250 0.000120 0.010268 400.000000 7.168459
250 0.000161 0.009857 500.000000 7.012623
250 0.000192 0.016011 600.000000 7.177033
250 0.000241 0.023745 700.000000 7.099391
250 0.000220 0.011959 800.000000 7.136485
260 0.000279 0.012073 100.000000 6.369427
260 0.000052 0.011804 200.000000 6.250000
260 0.000130 0.004546 300.000000 7.025761
260 0.000135 0.010627 400.000000 7.079646
260 0.000163 0.010824 500.000000 7.002801
260 0.000192 0.016964 600.000000 7.185629
260 0.000240 0.023349 700.000000 7.092198
260 0.000226 0.011263 800.000000 7.142857
270 0.000309 0.011487 100.000000 5.952381
270 0.000056 0.010966 200.000000 6.269592
270 0.000128 0.004368 300.000000 7.042253
270 0.000144 0.010731 400.000000 7.054674
270 0.000154 0.010709 500.000000 6.983240
270 0.000190 0.017933 600.000000 7.194244
270 0.000233 0.023074 700.000000 7.092198
270 0.000228 0.010588 800.000000 7.149240
280 0.000297 0.011420 100.000000 5.813953
280 0.000076 0.010373 200.000000 6.269592
280 0.000132 0.005298 300.000000 7.075472
280 0.000131 0.011957 400.000000 7.054674
280 0.000160 0.011498 500.000000 6.973501
280 0.000188 0.019296 600.000000 7.202881
280 0.000217 0.023173 700.000000 7.092198
280 0.000221 0.009986 800.000000 7.162041
290 0.000225 0.010986 100.000000 5.813953
290 0.000110 0.009724 200.000000 6.289308
290 0.000153 0.005350 300.000000 7.109005
290 0.000107 0.012011 400.000000 7.054674
290 0.000166 0.011859 500.000000 6.954103
290 0.000183 0.020406 600.000000 7.211538
290 0.000198 0.023343 700.000000 7.085020
290 0.000213 0.009889 800.000000 7.174888
300 0.000241 0.010098 100.000000 5.882353
300 0.000122 0.009123 200.000000 6.309148
300 0.000134 0.005269 300.000000 7.142857
300 0.000088 0.011477 400.000000 7.054674
300 0.000164 0.012161 500.000000 6.925208
300 0.000177 0.021142 600.000000 7.228916
300 0.000217 0.023059 700.000000 7.056452
300 0.000211 0.009970 800.000000 7.194244
310 0.000214 0.009470 100.000000 5.952381
310 0.000157 0.008557 200.000000 6.349206
310 0.000119 0.005837 300.000000 7.194244
310 0.000085 0.010999 400.000000 7.005254
310 0.000166 0.012434 500.000000 6.925208
310 0.000183 0.021914 600.000000 7.237636
310 0.000209 0.022166 700.000000 7.014028
310 0.000209 0.010145 800.000000 7.213706
320 0.000182 0.008980 100.000000 6.024096
320 0.000135 0.007614 200.000000 6.389776
320 0.000116 0.005133 300.000000 7.228916
320 0.000094 0.009015 400.000000 6.908463
320 0.000168 0.012941 500.000000 6.934813
320 0.000188 0.022630 600.000000 7.246377
320 0.000215 0.021056 700.000000 7.000000
320 0.000211 0.010645 800.000000 7.239819
330 0.000176 0.008335 100.000000 6.097561
330 0.000070 0.007297 200.000000 6.451613
330 0.000113 0.004034 300.000000 7.281553
330 0.000115 0.007132 400.000000 6.849315
330 0.000166 0.013483 500.000000 6.963789
330 0.000189 0.023187 600.000000 7.255139
330 0.000200 0.019918 700.000000 7.000000
330 0.000214 0.011312 800.000000 7.259528
340 0.000193 0.008414 100.000000 6.134969
340 0.000063 0.007615 200.000000 6.535948
340 0.000094 0.004165 300.000000 7.334963
340 0.000131 0.006536 400.000000 6.837607
340 0.000163 0.014197 500.000000 7.002801
340 0.000183 0.023886 600.000000 7.246377
340 0.000203 0.019321 700.000000 7.021063
340 0.000211 0.011725 800.000000 7.292616
350 0.000223 0.008264 100.000000 6.097561
350 0.000098 0.007718 200.000000 6.622517
350 0.000116 0.004951 300.000000 7.389163
350 0.000116 0.008463 400.000000 6.872852
350 0.000163 0.015086 500.000000 7.042253
350 0.000189 0.024592 600.000000 7.211538
350 0.000209 0.018517 700.000000 7.042253
350 0.000210 0.012134 800.000000 7.319304
360 0.000400 0.007612 100.000000 6.024096
360 0.000107 0.008190 200.000000 6.711410
360 0.000118 0.005574 300.000000 7.425743
360 0.000124 0.008562 400.000000 6.908463
360 0.000164 0.015755 500.000000 7.092198
360 0.000186 0.025364 600.000000 7.142857
360 0.000200 0.017726 700.000000 7.070707
360 0.000210 0.012508 800.000000 7.352941
370 0.000361 0.011643 100.000000 5.882353
370 0.000121 0.010349 200.000000 6.825939
370 0.000113 0.006833 300.000000 7.462687
370 0.000121 0.008971 400.000000 6.944445
370 0.000159 0.016398 500.000000 7.142857
370 0.000191 0.025211 600.000000 7.125891
370 0.000199 0.017116 700.000000 7.106599
370 0.000208 0.012616 800.000000 7.393715
380 0.000335 0.021537 100.000000 5.780347
380 0.000146 0.011234 200.000000 6.944445
380 0.000113 0.006946 300.000000 7.481297
380 0.000115 0.009655 400.000000 7.005254
380 0.000158 0.017372 500.000000 7.183908
380 0.000204 0.025313 600.000000 7.134364
380 0.000200 0.016745 700.000000 7.142857
380 0.000207 0.013769 800.000000 7.434944
390 0.000314 0.024769 100.000000 5.780347
390 0.000162 0.012750 200.000000 7.042253
390 0.000143 0.007854 300.000000 7.425743
390 0.000120 0.010084 400.000000 7.042253
390 0.000158 0.017880 500.000000 7.235890
390 0.000211 0.025211 600.000000 7.151371
390 0.000199 0.016249 700.000000 7.172131
390 0.000212 0.014417 800.000000 7.469655
400 0.000296 0.023272 100.000000 5.847953
400 0.000151 0.012164 200.000000 7.168459
400 0.000095 0.007148 300.000000 7.299270
400 0.000127 0.010563 400.000000 7.079646
400 0.000162 0.018709 500.000000 7.278020
400 0.000221 0.025416 600.000000 7.168459
400 0.000203 0.015621 700.000000 7.201646
400 0.000213 0.015239 800.000000 7.504691
410 0.000256 0.014431 100.000000 5.988024
410 0.000201 0.006509 200.000000 7.272727
410 0.000155 0.010236 300.000000 7.299270
410 0.000165 0.011955 400.000000 7.130125
410 0.000189 0.019235 500.000000 7.320644
410 0.000242 0.025995 600.000000 7.194244
410 0.000224 0.013878 700.000000 7.238883
410 0.000224 0.016644 800.000000 7.547170
420 0.000262 0.014861 100.000000 6.172840
420 0.000212 0.009005 200.000000 7.434944
420 0.000163 0.012505 300.000000 7.371007
420 0.000161 0.012135 400.000000 7.194244
420 0.000185 0.019778 500.000000 7.385524
420 0.000242 0.025961 600.000000 7.237636
420 0.000234 0.013125 700.000000 7.276507
420 0.000221 0.016775 800.000000 7.590133
430 0.000279 0.017585 100.000000 6.410256
430 0.000212 0.011539 200.000000 7.633588
430 0.000163 0.012379 300.000000 7.444169
430 0.000143 0.012293 400.000000 7.259528
430 0.000181 0.020421 500.000000 7.451565
430 0.000234 0.025865 600.000000 7.281553
430 0.000229 0.013052 700.000000 7.322176
430 0.000215 0.016551 800.000000 7.640879
440 0.000290 0.018432 100.000000 6.622517
440 0.000221 0.011928 200.000000 7.782101
440 0.000154 0.012516 300.000000 7.518797
440 0.000144 0.012728 400.000000 7.299270
440 0.000176 0.021184 500.000000 7.507507
440 0.000222 0.025961 600.000000 7.326007
440 0.000222 0.012673 700.000000 7.368421
440 0.000214 0.017182 800.000000 7.684918
450 0.000256 0.017722 100.000000 6.711410
450 0.000227 0.011641 200.000000 7.874016
450 0.000153 0.012193 300.000000 7.556675
450 0.000147 0.013248 400.000000 7.312614
450 0.000174 0.022051 500.000000 7.541478
450 0.000208 0.025998 600.000000 7.343941
450 0.000217 0.012001 700.000000 7.391764
450 0.000204 0.018648 800.000000 7.707129
460 0.000259 0.014380 100.000000 6.756757
460 0.000257 0.010979 200.000000 7.936508
460 0.000132 0.013909 300.000000 7.556675
460 0.000172 0.013612 400.000000 7.285975
460 0.000183 0.022900 500.000000 7.564297
460 0.000200 0.026075 600.000000 7.334963
460 0.000220 0.011194 700.000000 7.415254
460 0.000211 0.020967 800.000000 7.722008
470 0.000306 0.013522 100.000000 6.756757
470 0.000249 0.011264 200.000000 7.968128
470 0.000123 0.013590 300.000000 7.518797
470 0.000168 0.014535 400.000000 7.233273
470 0.000178 0.024346 500.000000 7.552870
470 0.000224 0.025913 600.000000 7.272727
470 0.000219 0.011102 700.000000 7.423118
470 0.000213 0.022524 800.000000 7.707129
480 0.000358 0.007386 100.000000 6.756757
480 0.000229 0.012137 200.000000 8.000000
480 0.000169 0.014588 300.000000 7.352941
480 0.000195 0.015035 400.000000 7.194244
480 0.000213 0.025441 500.000000 7.541478
480 0.000233 0.024365 600.000000 7.202881
480 0.000227 0.011876 700.000000 7.438895
480 0.000226 0.025930 800.000000 7.670182
490 0.000317 0.004995 100.000000 6.756757
490 0.000233 0.014319 200.000000 8.000000
490 0.000174 0.014165 300.000000 7.142857
490 0.000210 0.015854 400.000000 7.194244
490 0.000219 0.026808 500.000000 7.530120
490 0.000231 0.022547 600.000000 7.168459
490 0.000245 0.012762 700.000000 7.446808
490 0.000209 0.028362 800.000000 7.490637
500 0.000290 0.006100 100.000000 6.896552
500 0.000235 0.017631 200.000000 8.064516
500 0.000214 0.014938 300.000000 7.075472
500 0.000222 0.016550 400.000000 7.233273
500 0.000225 0.028021 500.000000 7.507507
500 0.000246 0.021189 600.000000 7.168459
500 0.000251 0.013825 700.000000 7.470651
500 0.000211 0.030362 800.000000 7.462687
510 0.000331 0.010743 100.000000 7.092198
510 0.000262 0.022996 200.000000 8.163265
510 0.000215 0.020300 300.000000 7.125891
510 0.000240 0.017221 400.000000 7.285975
510 0.000246 0.029019 500.000000 7.473842
510 0.000270 0.020029 600.000000 7.202881
510 0.000262 0.015888 700.000000 7.510730
510 0.000220 0.033585 800.000000 7.483630
520 0.000390 0.021614 100.000000 7.352941
520 0.000313 0.033155 200.000000 8.298756
520 0.000257 0.025437 300.000000 7.194244
520 0.000269 0.017453 400.000000 7.366483
520 0.000267 0.029955 500.000000 7.429420
520 0.000282 0.018833 600.000000 7.255139
520 0.000278 0.018097 700.000000 7.559395
520 0.000234 0.037437 800.000000 7.511737
530 0.000611 0.048039 100.000000 7.692307
530 0.000457 0.059752 200.000000 8.438819
530 0.000355 0.041250 300.000000 7.281553
530 0.000342 0.019794 400.000000 7.448790
530 0.000320 0.032068 500.000000 7.407407
530 0.000320 0.017037 600.000000 7.299270
530 0.000320 0.022890 700.000000 7.616975
530 0.000270 0.045775 800.000000 7.554296
540 0.000355 0.020357 100.000000 8.064516
540 0.000308 0.031270 200.000000 8.583691
540 0.000262 0.022448 300.000000 7.389163
540 0.000273 0.018356 400.000000 7.532957
540 0.000282 0.030554 500.000000 7.429420
540 0.000282 0.017490 600.000000 7.352941
540 0.000282 0.019501 700.000000 7.667032
540 0.000241 0.038220 800.000000 7.597341
550 0.000224 0.019435 100.000000 8.474576
550 0.000272 0.027225 200.000000 8.695652
550 0.000248 0.021081 300.000000 7.481297
550 0.000276 0.020220 400.000000 7.619048
550 0.000304 0.030617 500.000000 7.462687
550 0.000288 0.016730 600.000000 7.407407
550 0.000282 0.019476 700.000000 7.726269
550 0.000202 0.037462 800.000000 7.640879
560 0.000249 0.018220 100.000000 8.849558
560 0.000302 0.025728 200.000000 8.620689
560 0.000253 0.019790 300.000000 7.556675
560 0.000278 0.020821 400.000000 7.692307
560 0.000318 0.030213 500.000000 7.485030
560 0.000286 0.016197 600.000000 7.453416
560 0.000283 0.020301 700.000000 7.777778
560 0.000183 0.038332 800.000000 7.677543
570 0.000287 0.017173 100.000000 9.090909
570 0.000212 0.025773 200.000000 8.264462
570 0.000250 0.018413 300.000000 7.594937
570 0.000273 0.021870 400.000000 7.722008
570 0.000326 0.029573 500.000000 7.485030
570 0.000283 0.015541 600.000000 7.481297
570 0.000282 0.021660 700.000000 7.812500
570 0.000170 0.040537 800.000000 7.707129
580 0.000339 0.017907 100.000000 9.259259
580 0.000244 0.025798 200.000000 8.097166
580 0.000250 0.019562 300.000000 7.575758
580 0.000272 0.022974 400.000000 7.736944
580 0.000327 0.029011 500.000000 7.473842
580 0.000294 0.014849 600.000000 7.490637
580 0.000273 0.023815 700.000000 7.829978
580 0.000171 0.043045 800.000000 7.722008
590 0.000286 0.014709 100.000000 9.345795
590 0.000210 0.022003 200.000000 8.032128
590 0.000233 0.017561 300.000000 7.537688
590 0.000262 0.023875 400.000000 7.751938
590 0.000304 0.028157 500.000000 7.473842
590 0.000285 0.014430 600.000000 7.500000
590 0.000265 0.024517 700.000000 7.856341
590 0.000161 0.042719 800.000000 7.729469
600 0.000293 0.014415 100.000000 9.433962
600 0.000174 0.021389 200.000000 8.000000
600 0.000239 0.017619 300.000000 7.481297
600 0.000249 0.025298 400.000000 7.751938
600 0.000273 0.028193 500.000000 7.462687
600 0.000272 0.014310 600.000000 7.509387
600 0.000249 0.026195 700.000000 7.865169
600 0.000161 0.043161 800.000000 7.744434
610 0.000258 0.009632 100.000000 9.523809
610 0.000077 0.015821 200.000000 7.968128
610 0.000211 0.017613 300.000000 7.425743
610 0.000228 0.025589 400.000000 7.766990
610 0.000249 0.027476 500.000000 7.418397
610 0.000247 0.014514 600.000000 7.528231
610 0.000234 0.026227 700.000000 7.856341
610 0.000151 0.041553 800.000000 7.759457
620 0.000147 0.009618 100.000000 9.615385
620 0.000044 0.013876 200.000000 7.874016
620 0.000189 0.018098 300.000000 7.352941
620 0.000213 0.025723 400.000000 7.766990
620 0.000258 0.026032 500.000000 7.331378
620 0.000237 0.014792 600.000000 7.537688
620 0.000233 0.026426 700.000000 7.838746
620 0.000151 0.040462 800.000000 7.774539
630 0.000092 0.008985 100.000000 9.615385
630 0.000096 0.013360 200.000000 7.518797
630 0.000213 0.018618 300.000000 7.334963
630 0.000246 0.026931 400.000000 7.736944
630 0.000262 0.024632 500.000000 7.256894
630 0.000246 0.015405 600.000000 7.556675
630 0.000238 0.028261 700.000000 7.751938
630 0.000149 0.041816 800.000000 7.782101
640 0.000187 0.011018 100.000000 9.615385
640 0.000215 0.014334 200.000000 7.220217
640 0.000263 0.020118 300.000000 7.317073
640 0.000280 0.030533 400.000000 7.692307
640 0.000277 0.024241 500.000000 7.225433
640 0.000279 0.016535 600.000000 7.566204
640 0.000225 0.032218 700.000000 7.559395
640 0.000155 0.045375 800.000000 7.797271
650 0.000232 0.015168 100.000000 9.433962
650 0.000229 0.018515 200.000000 7.092198
650 0.000291 0.021950 300.000000 7.334963
650 0.000302 0.033347 400.000000 7.547170
650 0.000307 0.023303 500.000000 7.215007
650 0.000287 0.017912 600.000000 7.575758
650 0.000240 0.034696 700.000000 7.526882
650 0.000160 0.047536 800.000000 7.804878
660 0.000327 0.017063 100.000000 9.174312
660 0.000269 0.017419 200.000000 7.042253
660 0.000314 0.023287 300.000000 7.334963
660 0.000319 0.035079 400.000000 7.285975
660 0.000304 0.021741 500.000000 7.215007
660 0.000298 0.019560 600.000000 7.585335
660 0.000246 0.036727 700.000000 7.518797
660 0.000154 0.049120 800.000000 7.812500
670 0.000349 0.017756 100.000000 8.403361
670 0.000302 0.016505 200.000000 6.993007
670 0.000335 0.024597 300.000000 7.334963
670 0.000373 0.034173 400.000000 7.194244
670 0.000319 0.019535 500.000000 7.204611
670 0.000306 0.021816 600.000000 7.604563
670 0.000178 0.039676 700.000000 7.518797
670 0.000152 0.049954 800.000000 7.820137
680 0.000179 0.016025 100.000000 7.407407
680 0.000270 0.015287 200.000000 6.968641
680 0.000314 0.023790 300.000000 7.334963
680 0.000370 0.029799 400.000000 7.142857
680 0.000304 0.017375 500.000000 7.204611
680 0.000291 0.023672 600.000000 7.614213
680 0.000155 0.043045 700.000000 7.526882
680 0.000137 0.048294 800.000000 7.835455
690 0.000237 0.015389 100.000000 7.042253
690 0.000277 0.017810 200.000000 6.896552
690 0.000311 0.024925 300.000000 7.317073
690 0.000363 0.028954 400.000000 7.117438
690 0.000315 0.016983 500.000000 7.194244
690 0.000283 0.025385 600.000000 7.633588
690 0.000151 0.044488 700.000000 7.534984
690 0.000135 0.048519 800.000000 7.843137
700 0.000227 0.016605 100.000000 6.944445
700 0.000280 0.018670 200.000000 6.802721
700 0.000312 0.026975 300.000000 7.317073
700 0.000340 0.029415 400.000000 7.092198
700 0.000312 0.016675 500.000000 7.204611
700 0.000276 0.027633 600.000000 7.643312
700 0.000146 0.045695 700.000000 7.543103
700 0.000137 0.049759 800.000000 7.858546
710 0.000203 0.016077 100.000000 6.849315
710 0.000296 0.018210 200.000000 6.711410
710 0.000297 0.026589 300.000000 7.299270
710 0.000306 0.027905 400.000000 7.054674
710 0.000291 0.016809 500.000000 7.204611
710 0.000258 0.029437 600.000000 7.633588
710 0.000138 0.045923 700.000000 7.543103
710 0.000142 0.049273 800.000000 7.858546
720 0.000166 0.016774 100.000000 6.666667
720 0.000326 0.020282 200.000000 6.578948
720 0.000306 0.029492 300.000000 7.281553
720 0.000340 0.029018 400.000000 6.944445
720 0.000293 0.017236 500.000000 7.215007
720 0.000267 0.031408 600.000000 7.604563
720 0.000154 0.047102 700.000000 7.551240
720 0.000148 0.050948 800.000000 7.858546
730 0.000193 0.016058 100.000000 6.211180
730 0.000317 0.021176 200.000000 6.514658
730 0.000321 0.030433 300.000000 7.246377
730 0.000318 0.027876 400.000000 6.837607
730 0.000286 0.018464 500.000000 7.225433
730 0.000268 0.033216 600.000000 7.537688
730 0.000160 0.047985 700.000000 7.559395
730 0.000150 0.051731 800.000000 7.858546
740 0.000278 0.016914 100.000000 5.780347
740 0.000339 0.022012 200.000000 6.514658
740 0.000346 0.031680 300.000000 7.194244
740 0.000312 0.026430 400.000000 6.791172
740 0.000304 0.019921 500.000000 7.235890
740 0.000256 0.035370 600.000000 7.299270
740 0.000153 0.048671 700.000000 7.575758
740 0.000150 0.052511 800.000000 7.850834
750 0.000436 0.017437 100.000000 5.649717
750 0.000389 0.025620 200.000000 6.535948
750 0.000365 0.035896 300.000000 7.109005
750 0.000341 0.026790 400.000000 6.779661
750 0.000315 0.021098 500.000000 7.256894
750 0.000257 0.037128 600.000000 7.263923
750 0.000155 0.050111 700.000000 7.592191
750 0.000153 0.054368 800.000000 7.850834
760 0.000319 0.019689 100.000000 5.649717
760 0.000377 0.024099 200.000000 6.578948
760 0.000371 0.033748 300.000000 6.896552
760 0.000336 0.024471 400.000000 6.802721
760 0.000309 0.022830 500.000000 7.288630
760 0.000254 0.038458 600.000000 7.272727
760 0.000145 0.050376 700.000000 7.616975
760 0.000149 0.054104 800.000000 7.843137
770 0.000253 0.015964 100.000000 5.714286
770 0.000349 0.020157 200.000000 6.666667
770 0.000365 0.029100 300.000000 6.787330
770 0.000318 0.021807 400.000000 6.837607
770 0.000299 0.024568 500.000000 7.331378
770 0.000246 0.039363 600.000000 7.299270
770 0.000135 0.050033 700.000000 7.650273
770 0.000146 0.052855 800.000000 7.835455
780 0.000250 0.015943 100.000000 5.813953
780 0.000347 0.019809 200.000000 6.756757
780 0.000389 0.027757 300.000000 6.802721
780 0.000321 0.020990 400.000000 6.884682
780 0.000297 0.026670 500.000000 7.385524
780 0.000168 0.041453 600.000000 7.334963
780 0.000135 0.050447 700.000000 7.692307
780 0.000143 0.052886 800.000000 7.835455
790 0.000262 0.013496 100.000000 5.988024
790 0.000340 0.015633 200.000000 6.896552
790 0.000395 0.022595 300.000000 6.849315
790 0.000312 0.020154 400.000000 6.956522
790 0.000293 0.028029 500.000000 7.462687
790 0.000147 0.043302 600.000000 7.389163
790 0.000128 0.049781 700.000000 7.751938
790 0.000137 0.051554 800.000000 7.820137
800 0.000256 0.014772 100.000000 6.211180
800 0.000342 0.017478 200.000000 7.042253
800 0.000407 0.024061 300.000000 6.928406
800 0.000312 0.020489 400.000000 7.042253
800 0.000300 0.028781 500.000000 7.541478
800 0.000161 0.045108 600.000000 7.453416
800 0.000128 0.050561 700.000000 7.812500
800 0.000141 0.052581 800.000000 7.812500
810 0.000368 0.018692 100.000000 6.451613
810 0.000382 0.026348 200.000000 7.194244
810 0.000435 0.032517 300.000000 7.009346
810 0.000336 0.021555 400.000000 7.117438
810 0.000318 0.028726 500.000000 7.621951
810 0.000163 0.048715 600.000000 7.518797
810 0.000148 0.053095 700.000000 7.865169
810 0.000147 0.056596 800.000000 7.797271
820 0.000355 0.015977 100.000000 6.578948
820 0.000382 0.022979 200.000000 7.326007
820 0.000427 0.028380 300.000000 7.075472
820 0.000335 0.019927 400.000000 7.168459
820 0.000304 0.030109 500.000000 7.692307
820 0.000161 0.050857 600.000000 7.566204
820 0.000141 0.052762 700.000000 7.918552
820 0.000139 0.055717 800.000000 7.766990
830 0.000351 0.014345 100.000000 6.666667
830 0.000360 0.020803 200.000000 7.407407
830 0.000412 0.025807 300.000000 7.109005
830 0.000338 0.020121 400.000000 7.207207
830 0.000294 0.032101 500.000000 7.739938
830 0.000161 0.051799 600.000000 7.604563
830 0.000135 0.052656 700.000000 7.954545
830 0.000137 0.055082 800.000000 7.759457
840 0.000349 0.016296 100.000000 6.622517
840 0.000360 0.024450 200.000000 7.462687
840 0.000389 0.028714 300.000000 7.109005
840 0.000334 0.020718 400.000000 7.246377
840 0.000292 0.033811 500.000000 7.776050
840 0.000154 0.052765 600.000000 7.633588
840 0.000140 0.053989 700.000000 7.981756
840 0.000144 0.056577 800.000000 7.759457
850 0.000447 0.021670 100.000000 6.535948
850 0.000373 0.031993 200.000000 7.490637
850 0.000365 0.034309 300.000000 7.109005
850 0.000338 0.021263 400.000000 7.272727
850 0.000287 0.035591 500.000000 7.788162
850 0.000172 0.054196 600.000000 7.653061
850 0.000162 0.056120 700.000000 8.009153
850 0.000155 0.059266 800.000000 7.774539
860 0.000502 0.028902 100.000000 6.451613
860 0.000388 0.039429 200.000000 7.518797
860 0.000375 0.039795 300.000000 7.058824
860 0.000339 0.022448 400.000000 7.299270
860 0.000298 0.037142 500.000000 7.800312
860 0.000185 0.055804 600.000000 7.672634
860 0.000180 0.058471 700.000000 8.027523
860 0.000164 0.061874 800.000000 7.797271
870 0.000552 0.033385 100.000000 6.410256
870 0.000412 0.044112 200.000000 7.575758
870 0.000430 0.040959 300.000000 7.009346
870 0.000351 0.022693 400.000000 7.352941
870 0.000312 0.038785 500.000000 7.812500
870 0.000200 0.057069 600.000000 7.712082
870 0.000180 0.060347 700.000000 8.055236
870 0.000164 0.063479 800.000000 7.835455
880 0.000581 0.032913 100.000000 6.578948
880 0.000431 0.044518 200.000000 7.722008
880 0.000410 0.039061 300.000000 7.009346
880 0.000351 0.022667 400.000000 7.421150
880 0.000322 0.040079 500.000000 7.836991
880 0.000204 0.057862 600.000000 7.772021
880 0.000183 0.061293 700.000000 8.101851
880 0.000163 0.064228 800.000000 7.881773
890 0.000456 0.016236 100.000000 6.802721
890 0.000389 0.028679 200.000000 7.843137
890 0.000361 0.026438 300.000000 7.042253
890 0.000316 0.023584 400.000000 7.504691
890 0.000288 0.041129 500.000000 7.849294
890 0.000181 0.055764 600.000000 7.832898
890 0.000160 0.057457 700.000000 8.149011
890 0.000143 0.059166 800.000000 7.928642
900 0.000498 0.020199 100.000000 7.042253
900 0.000408 0.032622 200.000000 8.000000
900 0.000386 0.029128 300.000000 7.109005
900 0.000332 0.024533 400.000000 7.604563
900 0.000290 0.042604 500.000000 7.776050
900 0.000192 0.056933 600.000000 7.894737
900 0.000170 0.059111 700.000000 8.206330
900 0.000151 0.060994 800.000000 7.984032
910 0.000450 0.014419 100.000000 7.352941
910 0.000388 0.026825 200.000000 8.163265
910 0.000347 0.024119 300.000000 7.177033
910 0.000328 0.025656 400.000000 7.692307
910 0.000252 0.043469 500.000000 7.704160
910 0.000174 0.056232 600.000000 7.957560
910 0.000161 0.057841 700.000000 8.254717
910 0.000141 0.058983 800.000000 8.032128
920 0.000337 0.007394 100.000000 7.575758
920 0.000335 0.017842 200.000000 8.196721
920 0.000316 0.018376 300.000000 7.228916
920 0.000299 0.027082 400.000000 7.751938
920 0.000222 0.043473 500.000000 7.692307
920 0.000166 0.053872 600.000000 8.010681
920 0.000156 0.054375 700.000000 8.293839
920 0.000131 0.054996 800.000000 8.072654
930 0.000465 0.011006 100.000000 7.751938
930 0.000411 0.024352 200.000000 8.000000
930 0.000369 0.023009 300.000000 7.263923
930 0.000321 0.029784 400.000000 7.812500
930 0.000248 0.046052 500.000000 7.692307
930 0.000163 0.056563 600.000000 8.053691
930 0.000149 0.057516 700.000000 8.303678
930 0.000130 0.057906 800.000000 8.105370
940 0.000464 0.006709 100.000000 7.874016
940 0.000401 0.020355 200.000000 7.547170
940 0.000331 0.021741 300.000000 7.281553
940 0.000312 0.031724 400.000000 7.858546
940 0.000242 0.046763 500.000000 7.704160
940 0.000151 0.055552 600.000000 8.086253
940 0.000148 0.055838 700.000000 8.284023
940 0.000127 0.055815 800.000000 8.121827
950 0.000446 0.005577 100.000000 7.936508
950 0.000459 0.016847 200.000000 7.380074
950 0.000343 0.021868 300.000000 7.317073
950 0.000311 0.034153 400.000000 7.905138
950 0.000178 0.048275 500.000000 7.727975
950 0.000149 0.055009 600.000000 8.108109
950 0.000148 0.054956 700.000000 8.225616
950 0.000125 0.054672 800.000000 8.146640
960 0.000430 0.004658 100.000000 8.064516
960 0.000484 0.014495 200.000000 7.326007
960 0.000333 0.022702 300.000000 7.334963
960 0.000315 0.036127 400.000000 7.936508
960 0.000177 0.051387 500.000000 7.751938
960 0.000150 0.054420 600.000000 8.141112
960 0.000152 0.054330 700.000000 8.083141
960 0.000126 0.053910 800.000000 8.163265
970 0.000407 0.008206 100.000000 8.130081
970 0.000460 0.016615 200.000000 7.299270
970 0.000327 0.024613 300.000000 7.352941
970 0.000293 0.037839 400.000000 8.000000
970 0.000191 0.056454 500.000000 7.776050
970 0.000158 0.053806 600.000000 8.174387
970 0.000142 0.053740 700.000000 7.954545
970 0.000119 0.053195 800.000000 8.188332
980 0.000398 0.011512 100.000000 8.264462
980 0.000459 0.021946 200.000000 7.299270
980 0.000359 0.025381 300.000000 7.389163
980 0.000294 0.039587 400.000000 8.048289
980 0.000209 0.058191 500.000000 7.812500
980 0.000169 0.055531 600.000000 8.207934
980 0.000154 0.056167 700.000000 7.927520
980 0.000127 0.055887 800.000000 8.213552
990 0.000362 0.012430 100.000000 8.403361
990 0.000410 0.024460 200.000000 7.352941
990 0.000335 0.027321 300.000000 7.444169
990 0.000281 0.041359 400.000000 8.097166
990 0.000192 0.057949 500.000000 7.849294
990 0.000161 0.055110 600.000000 8.253095
990 0.000155 0.055664 700.000000 7.945517
990 0.000125 0.055347 800.000000 8.238929
1000 0.000314 0.011744 100.000000 8.620689
1000 0.000336 0.025540 200.000000 7.380074
1000 0.000308 0.028450 300.000000 7.500000
1000 0.000257 0.042001 400.000000 8.146640
1000 0.000194 0.056627 500.000000 7.898894
1000 0.000167 0.053323 600.000000 8.298756
1000 0.000153 0.053817 700.000000 7.972665
1000 0.000130 0.053705 800.000000 8.264462
1010 0.000275 0.013677 100.000000 8.849558
1010 0.000296 0.027073 200.000000 7.380074
1010 0.000288 0.028711 300.000000 7.575758
1010 0.000255 0.042881 400.000000 8.196721
1010 0.000206 0.057092 500.000000 7.949126
1010 0.000188 0.054235 600.000000 8.333333
1010 0.000161 0.055027 700.000000 8.018328
1010 0.000144 0.055375 800.000000 8.290155
1020 0.000252 0.013734 100.000000 9.090909
1020 0.000355 0.025588 200.000000 7.352941
1020 0.000288 0.029314 300.000000 7.653061
1020 0.000255 0.043837 400.000000 8.230453
1020 0.000214 0.057033 500.000000 8.000000
1020 0.000191 0.054293 600.000000 8.379889
1020 0.000157 0.055049 700.000000 8.055236
1020 0.000149 0.055435 800.000000 8.324662
1030 0.000306 0.013593 100.000000 9.174312
1030 0.000347 0.026327 200.000000 7.220217
1030 0.000287 0.030498 300.000000 7.731959
1030 0.000270 0.045168 400.000000 8.213552
1030 0.000221 0.057135 500.000000 8.038586
1030 0.000188 0.054580 600.000000 8.415147
1030 0.000156 0.055264 700.000000 8.092485
1030 0.000148 0.055678 800.000000 8.342023
1040 0.000342 0.009874 100.000000 9.174312
1040 0.000340 0.024525 200.000000 7.092198
1040 0.000287 0.031711 300.000000 7.772021
1040 0.000251 0.045741 400.000000 7.968128
1040 0.000213 0.055177 500.000000 8.064516
1040 0.000177 0.052026 600.000000 8.415147
1040 0.000148 0.052271 700.000000 8.120649
1040 0.000140 0.052894 800.000000 8.350731
1050 0.000361 0.010205 100.000000 8.849558
1050 0.000309 0.023622 200.000000 7.042253
1050 0.000300 0.033243 300.000000 7.792208
1050 0.000205 0.046873 400.000000 7.707129
1050 0.000205 0.054670 500.000000 8.090615
1050 0.000179 0.051723 600.000000 8.403361
1050 0.000147 0.051632 700.000000 8.139535
1050 0.000140 0.052051 800.000000 8.359457
1060 0.000360 0.010960 100.000000 7.812500
1060 0.000317 0.024306 200.000000 6.993007
1060 0.000292 0.034674 300.000000 7.812500
1060 0.000202 0.047249 400.000000 7.648183
1060 0.000209 0.053719 500.000000 8.103727
1060 0.000179 0.051129 600.000000 8.368201
1060 0.000154 0.051400 700.000000 8.139535
1060 0.000144 0.051648 800.000000 8.359457
1070 0.000415 0.013546 100.000000 6.944445
1070 0.000303 0.025689 200.000000 6.993007
1070 0.000296 0.036091 300.000000 7.832898
1070 0.000214 0.047141 400.000000 7.648183
1070 0.000206 0.052399 500.000000 8.116883
1070 0.000183 0.049734 600.000000 8.310249
1070 0.000154 0.050182 700.000000 8.158508
1070 0.000147 0.050227 800.000000 8.368201
1080 0.000526 0.015364 100.000000 6.666667
1080 0.000305 0.026954 200.000000 6.993007
1080 0.000304 0.037591 300.000000 7.874016
1080 0.000208 0.049650 400.000000 7.648183
1080 0.000209 0.050476 500.000000 8.130081
1080 0.000179 0.047717 600.000000 8.141112
1080 0.000150 0.048429 700.000000 8.168028
1080 0.000140 0.047951 800.000000 8.385744
1090 0.000527 0.020677 100.000000 6.535948
1090 0.000304 0.027713 200.000000 6.993007
1090 0.000288 0.038803 300.000000 7.915567
1090 0.000288 0.056811 400.000000 7.662835
1090 0.000228 0.049843 500.000000 8.156607
1090 0.000184 0.048744 600.000000 7.926024
1090 0.000155 0.049954 700.000000 8.177570
1090 0.000128 0.049062 800.000000 8.394544
1100 0.000523 0.024802 100.000000 6.493506
1100 0.000351 0.029038 200.000000 6.993007
1100 0.000276 0.040897 300.000000 7.936508
1100 0.000295 0.057151 400.000000 7.677543
1100 0.000223 0.049401 500.000000 8.183306
1100 0.000182 0.048612 600.000000 7.863696
1100 0.000151 0.049965 700.000000 8.187135
1100 0.000129 0.048661 800.000000 8.403361
1110 0.000404 0.030200 100.000000 6.451613
1110 0.000328 0.032240 200.000000 6.993007
1110 0.000258 0.044169 300.000000 7.978724
1110 0.000264 0.058252 400.000000 7.707129
1110 0.000215 0.051060 500.000000 8.196721
1110 0.000187 0.050938 600.000000 7.853403
1110 0.000154 0.052054 700.000000 8.196721
1110 0.000136 0.050076 800.000000 8.394544
1120 0.000324 0.033803 100.000000 6.329114
1120 0.000315 0.034575 200.000000 7.042253
1120 0.000266 0.046924 300.000000 7.957560
1120 0.000279 0.059184 400.000000 7.722008
1120 0.000233 0.052260 500.000000 8.223684
1120 0.000187 0.052669 600.000000 7.874016
1120 0.000162 0.053857 700.000000 8.206330
1120 0.000173 0.052276 800.000000 8.324662
1130 0.000474 0.032573 100.000000 6.060606
1130 0.000326 0.036910 200.000000 7.067138
1130 0.000278 0.049729 300.000000 7.936508
1130 0.000292 0.060410 400.000000 7.751938
1130 0.000241 0.054463 500.000000 8.237232
1130 0.000188 0.055176 600.000000 7.894737
1130 0.000174 0.056638 700.000000 8.206330
1130 0.000177 0.054251 800.000000 8.179959
1140 0.000339 0.031299 100.000000 5.847953
1140 0.000273 0.034107 200.000000 7.142857
1140 0.000258 0.044744 300.000000 7.874016
1140 0.000292 0.053420 400.000000 7.782101
1140 0.000228 0.047202 500.000000 8.250825
1140 0.000181 0.048549 600.000000 7.926024
1140 0.000168 0.050902 700.000000 8.225616
1140 0.000183 0.049031 800.000000 8.154943
1150 0.000324 0.028000 100.000000 5.747127
1150 0.000298 0.032928 200.000000 7.194244
1150 0.000228 0.044296 300.000000 7.500000
1150 0.000302 0.051292 400.000000 7.827789
1150 0.000241 0.045667 500.000000 8.278146
1150 0.000194 0.048292 600.000000 7.957560
1150 0.000174 0.051678 700.000000 8.244994
1150 0.000188 0.049336 800.000000 8.163265
1160 0.000336 0.027477 100.000000 5.780347
1160 0.000340 0.035396 200.000000 7.299270
1160 0.000198 0.047330 300.000000 7.352941
1160 0.000304 0.053296 400.000000 7.874016
1160 0.000246 0.048857 500.000000 8.291874
1160 0.000197 0.051336 600.000000 8.000000
1160 0.000182 0.054490 700.000000 8.274232
1160 0.000187 0.051559 800.000000 8.179959
1170 0.000425 0.026441 100.000000 5.917160
1170 0.000349 0.038135 200.000000 7.434944
1170 0.000212 0.049761 300.000000 7.389163
1170 0.000322 0.054733 400.000000 7.968128
1170 0.000252 0.050638 500.000000 8.347245
1170 0.000208 0.053207 600.000000 8.064516
1170 0.000189 0.056479 700.000000 8.323424
1170 0.000187 0.053221 800.000000 8.230453
1180 0.000418 0.025634 100.000000 6.097561
1180 0.000346 0.037497 200.000000 7.604563
1180 0.000199 0.048282 300.000000 7.500000
1180 0.000323 0.053125 400.000000 8.064516
1180 0.000252 0.049546 500.000000 8.417508
1180 0.000209 0.052811 600.000000 8.130081
1180 0.000188 0.056176 700.000000 8.383233
1180 0.000190 0.052692 800.000000 8.281573
1190 0.000420 0.027316 100.000000 6.369427
1190 0.000355 0.039024 200.000000 7.843137
1190 0.000203 0.049921 300.000000 7.614213
1190 0.000325 0.054249 400.000000 8.196721
1190 0.000252 0.050798 500.000000 8.503402
1190 0.000214 0.054070 600.000000 8.207934
1190 0.000189 0.057059 700.000000 8.454106
1190 0.000186 0.053369 800.000000 8.342023
1200 0.000389 0.027725 100.000000 6.666667
1200 0.000359 0.039784 200.000000 8.064516
1200 0.000205 0.050347 300.000000 7.731959
1200 0.000328 0.054032 400.000000 8.316009
1200 0.000257 0.050676 500.000000 8.576329
1200 0.000215 0.054237 600.000000 8.287292
1200 0.000188 0.057119 700.000000 8.526188
1200 0.000187 0.053313 800.000000 8.412198
1210 0.000378 0.025078 100.000000 6.896552
1210 0.000361 0.037345 200.000000 8.264462
1210 0.000209 0.046992 300.000000 7.853403
1210 0.000329 0.050719 400.000000 8.421053
1210 0.000264 0.048195 500.000000 8.605852
1210 0.000219 0.052945 600.000000 8.368201
1210 0.000191 0.056399 700.000000 8.588957
1210 0.000190 0.052159 800.000000 8.465609
1220 0.000313 0.018932 100.000000 7.092198
1220 0.000308 0.027000 200.000000 8.438819
1220 0.000254 0.036226 300.000000 7.936508
1220 0.000338 0.042332 400.000000 8.510638
1220 0.000261 0.041479 500.000000 8.591065
1220 0.000217 0.049149 600.000000 8.426967
1220 0.000190 0.053371 700.000000 8.641975
1220 0.000201 0.048009 800.000000 8.519702
1230 0.000231 0.015797 100.000000 7.246377
1230 0.000293 0.020264 200.000000 8.620689
1230 0.000348 0.033954 300.000000 8.021390
1230 0.000344 0.038642 400.000000 8.583691
1230 0.000261 0.040694 500.000000 8.460237
1230 0.000217 0.049581 600.000000 8.474576
1230 0.000180 0.052970 700.000000 8.695652
1230 0.000203 0.045565 800.000000 8.556149
1240 0.000235 0.016100 100.000000 7.407407
1240 0.000252 0.017939 200.000000 8.733624
1240 0.000482 0.044326 300.000000 8.086253
1240 0.000350 0.036250 400.000000 8.658009
1240 0.000261 0.040149 500.000000 8.278146
1240 0.000213 0.048611 600.000000 8.510638
1240 0.000166 0.051137 700.000000 8.728180
1240 0.000202 0.042946 800.000000 8.592911
1250 0.000268 0.017720 100.000000 7.462687
1250 0.000220 0.017443 200.000000 8.849558
1250 0.000492 0.044611 300.000000 8.152174
1250 0.000346 0.035323 400.000000 8.714597
1250 0.000254 0.039875 500.000000 8.196721
1250 0.000210 0.048096 600.000000 8.534851
1250 0.000165 0.049997 700.000000 8.750000
1250 0.000201 0.041400 800.000000 8.629990
1260 0.000307 0.021002 100.000000 7.575758
1260 0.000248 0.027125 200.000000 8.968610
1260 0.000449 0.048337 300.000000 8.196721
1260 0.000323 0.038762 400.000000 8.752735
1260 0.000251 0.042971 500.000000 8.183306
1260 0.000203 0.050531 600.000000 8.559201
1260 0.000176 0.051536 700.000000 8.760951
1260 0.000182 0.044237 800.000000 8.648648
1270 0.000341 0.027802 100.000000 7.692307
1270 0.000268 0.035967 200.000000 9.049774
1270 0.000445 0.052074 300.000000 8.241758
1270 0.000320 0.041883 400.000000 8.810573
1270 0.000246 0.045351 500.000000 8.223684
1270 0.000203 0.051977 600.000000 8.583691
1270 0.000179 0.051972 700.000000 8.739077
1270 0.000170 0.046056 800.000000 8.686211
1280 0.000415 0.034920 100.000000 7.936508
1280 0.000314 0.043962 200.000000 9.132421
1280 0.000445 0.056506 300.000000 8.333333
1280 0.000335 0.047515 400.000000 8.888889
1280 0.000252 0.051639 500.000000 8.278146
1280 0.000213 0.057315 600.000000 8.633094
1280 0.000243 0.056843 700.000000 8.674102
1280 0.000165 0.049198 800.000000 8.724100
1290 0.000276 0.020765 100.000000 8.264462
1290 0.000248 0.028982 200.000000 9.259259
1290 0.000442 0.048207 300.000000 8.450705
1290 0.000332 0.040996 400.000000 8.968610
1290 0.000238 0.047149 500.000000 8.347245
1290 0.000212 0.053524 600.000000 8.683068
1290 0.000262 0.052220 700.000000 8.599508
1290 0.000175 0.043568 800.000000 8.771930
1300 0.000274 0.020170 100.000000 8.620689
1300 0.000252 0.028190 200.000000 9.389671
1300 0.000442 0.047247 300.000000 8.595988
1300 0.000324 0.040161 400.000000 9.070294
1300 0.000236 0.046247 500.000000 8.431704
1300 0.000212 0.052625 600.000000 8.746356
1300 0.000260 0.050702 700.000000 8.599508
1300 0.000174 0.042897 800.000000 8.830022
1310 0.000287 0.019796 100.000000 9.090909
1310 0.000255 0.028917 200.000000 9.478673
1310 0.000432 0.047501 300.000000 8.720930
1310 0.000311 0.040331 400.000000 9.174312
1310 0.000233 0.046406 500.000000 8.517887
1310 0.000208 0.052426 600.000000 8.810573
1310 0.000255 0.049705 700.000000 8.631319
1310 0.000173 0.042767 800.000000 8.879024
1320 0.000331 0.018356 100.000000 9.433962
1320 0.000240 0.028257 200.000000 9.009009
1320 0.000426 0.046625 300.000000 8.849558
1320 0.000311 0.039942 400.000000 9.237875
1320 0.000234 0.046396 500.000000 8.591065
1320 0.000208 0.052470 600.000000 8.862629
1320 0.000255 0.048711 700.000000 8.663366
1320 0.000173 0.042008 800.000000 8.928572
1330 0.000366 0.018339 100.000000 9.708738
1330 0.000169 0.028212 200.000000 8.510638
1330 0.000399 0.046127 300.000000 8.928572
1330 0.000297 0.040219 400.000000 9.280743
1330 0.000227 0.045466 500.000000 8.650519
1330 0.000198 0.050855 600.000000 8.888889
1330 0.000245 0.046358 700.000000 8.684863
1330 0.000176 0.041170 800.000000 8.958567
1340 0.000257 0.014408 100.000000 9.900990
1340 0.000150 0.020435 200.000000 8.403361
1340 0.000406 0.043229 300.000000 8.982036
1340 0.000287 0.038190 400.000000 9.259259
1340 0.000231 0.043059 500.000000 8.680555
1340 0.000194 0.047738 600.000000 8.915304
1340 0.000249 0.042392 700.000000 8.706468
1340 0.000177 0.038234 800.000000 8.988764
1350 0.000343 0.018724 100.000000 10.101010
1350 0.000171 0.024884 200.000000 8.368201
1350 0.000395 0.044064 300.000000 9.036144
1350 0.000278 0.038001 400.000000 9.195402
1350 0.000224 0.043236 500.000000 8.695652
1350 0.000182 0.047119 600.000000 8.928572
1350 0.000235 0.042351 700.000000 8.728180
1350 0.000161 0.039940 800.000000 8.998875
1360 0.000311 0.009163 100.000000 10.204082
1360 0.000296 0.021683 200.000000 8.403361
1360 0.000419 0.043165 300.000000 9.063444
1360 0.000285 0.037937 400.000000 9.009009
1360 0.000230 0.043764 500.000000 8.726004
1360 0.000184 0.047097 600.000000 8.955224
1360 0.000240 0.040729 700.000000 8.750000
1360 0.000165 0.038212 800.000000 9.019166
1370 0.000356 0.010527 100.000000 10.526316
1370 0.000534 0.051114 200.000000 8.438819
1370 0.000434 0.043595 300.000000 9.118541
1370 0.000289 0.040755 400.000000 8.639309
1370 0.000229 0.046748 500.000000 8.741259
1370 0.000173 0.048772 600.000000 8.968610
1370 0.000233 0.041117 700.000000 8.771930
1370 0.000156 0.038649 800.000000 9.029346
1380 0.000193 0.005498 100.000000 10.638298
1380 0.000709 0.068260 200.000000 8.474576
1380 0.000436 0.044676 300.000000 9.174312
1380 0.000289 0.042871 400.000000 8.385744
1380 0.000231 0.046551 500.000000 8.756567
1380 0.000166 0.047149 600.000000 8.982036
1380 0.000236 0.037624 700.000000 8.793970
1380 0.000156 0.036235 800.000000 9.039548
1390 0.000176 0.008278 100.000000 10.869565
1390 0.000663 0.067880 200.000000 8.474576
1390 0.000410 0.044935 300.000000 9.202454
1390 0.000285 0.043317 400.000000 8.333333
1390 0.000225 0.047455 500.000000 8.771930
1390 0.000190 0.047662 600.000000 8.982036
1390 0.000225 0.038085 700.000000 8.816121
1390 0.000148 0.037003 800.000000 9.039548
1400 0.000198 0.015054 100.000000 10.752688
1400 0.000676 0.068153 200.000000 8.510638
1400 0.000412 0.045081 300.000000 9.230769
1400 0.000289 0.044862 400.000000 8.333333
1400 0.000229 0.050023 500.000000 8.771930
1400 0.000212 0.050192 600.000000 8.902077
1400 0.000224 0.040221 700.000000 8.827238
1400 0.000148 0.038869 800.000000 9.029346
1410 0.000221 0.017062 100.000000 10.416667
1410 0.000627 0.067451 200.000000 8.510638
1410 0.000400 0.044732 300.000000 9.202454
1410 0.000259 0.044381 400.000000 8.350731
1410 0.000221 0.048300 500.000000 8.756567
1410 0.000317 0.047371 600.000000 8.633094
1410 0.000204 0.039407 700.000000 8.838384
1410 0.000135 0.039210 800.000000 8.958567
1420 0.000237 0.015906 100.000000 9.615385
1420 0.000598 0.067325 200.000000 8.510638
1420 0.000366 0.045623 300.000000 9.174312
1420 0.000251 0.044953 400.000000 8.368201
1420 0.000217 0.047468 500.000000 8.741259
1420 0.000306 0.043819 600.000000 8.534851
1420 0.000205 0.038247 700.000000 8.838384
1420 0.000142 0.038437 800.000000 8.048289
1430 0.000198 0.007159 100.000000 7.575758
1430 0.000599 0.068729 200.000000 8.510638
1430 0.000381 0.051740 300.000000 9.118541
1430 0.000270 0.048286 400.000000 8.385744
1430 0.000221 0.049427 500.000000 8.726004
1430 0.000320 0.041817 600.000000 8.510638
1430 0.000222 0.035552 700.000000 8.849558
1430 0.000155 0.036921 800.000000 7.976072
1440 0.000261 0.006121 100.000000 7.194244
1440 0.000605 0.069239 200.000000 8.510638
1440 0.000364 0.053851 300.000000 9.036144
1440 0.000273 0.049874 400.000000 8.385744
1440 0.000212 0.049887 500.000000 8.710801
1440 0.000311 0.040400 600.000000 8.510638
1440 0.000215 0.035982 700.000000 8.849558
1440 0.000163 0.037390 800.000000 7.960199
1450 0.000275 0.002992 100.000000 7.092198
1450 0.000601 0.071496 200.000000 8.510638
1450 0.000361 0.057098 300.000000 8.849558
1450 0.000278 0.051246 400.000000 8.385744
1450 0.000195 0.049496 500.000000 8.710801
1450 0.000310 0.038088 600.000000 8.522727
1450 0.000207 0.035275 700.000000 8.849558
1450 0.000161 0.037286 800.000000 7.960199
1460 0.000938 0.063719 100.000000 6.993007
1460 0.000645 0.068566 200.000000 8.510638
1460 0.000359 0.057500 300.000000 8.379889
1460 0.000273 0.051020 400.000000 8.385744
1460 0.000196 0.049226 500.000000 8.710801
1460 0.000306 0.034732 600.000000 8.522727
1460 0.000204 0.033149 700.000000 8.838384
1460 0.000170 0.035795 800.000000 7.960199
1470 0.001491 0.133067 100.000000 6.944445
1470 0.000667 0.067655 200.000000 8.510638
1470 0.000378 0.056834 300.000000 7.853403
1470 0.000285 0.052905 400.000000 8.368201
1470 0.000196 0.051448 500.000000 8.695652
1470 0.000293 0.036655 600.000000 8.522727
1470 0.000185 0.035831 700.000000 8.827238
1470 0.000166 0.037369 800.000000 7.960199
1480 0.001398 0.132350 100.000000 6.896552
1480 0.000631 0.068030 200.000000 8.510638
1480 0.000374 0.056257 300.000000 7.712082
1480 0.000281 0.054370 400.000000 8.350731
1480 0.000223 0.052748 500.000000 8.665511
1480 0.000284 0.038025 600.000000 8.534851
1480 0.000176 0.037659 700.000000 8.816121
1480 0.000172 0.038790 800.000000 7.952286
1490 0.001315 0.132075 100.000000 6.944445
1490 0.000577 0.066780 200.000000 8.547009
1490 0.000345 0.053560 300.000000 7.731959
1490 0.000260 0.051770 400.000000 8.350731
1490 0.000219 0.049421 500.000000 8.605852
1490 0.000262 0.037765 600.000000 8.547009
1490 0.000160 0.038918 700.000000 8.805032
1490 0.000162 0.040061 800.000000 7.960199
1500 0.001229 0.132941 100.000000 7.042253
1500 0.000573 0.069208 200.000000 8.620689
1500 0.000328 0.056389 300.000000 7.772021
1500 0.000253 0.052933 400.000000 8.385744
1500 0.000394 0.049748 500.000000 8.417508
1500 0.000253 0.037134 600.000000 8.583691
1500 0.000156 0.038999 700.000000 8.793970
1500 0.000164 0.040759 800.000000 7.976072
1510 0.001272 0.133974 100.000000 7.194244
1510 0.000582 0.071375 200.000000 8.695652
1510 0.000328 0.057956 300.000000 7.853403
1510 0.000268 0.054611 400.000000 8.421053
1510 0.000403 0.049162 500.000000 8.305648
1510 0.000258 0.037302 600.000000 8.633094
1510 0.000153 0.039315 700.000000 8.728180
1510 0.000162 0.041269 800.000000 8.000000
1520 0.001315 0.135224 100.000000 7.462687
1520 0.000587 0.073255 200.000000 8.849558
1520 0.000352 0.059731 300.000000 7.957560
1520 0.000282 0.057063 400.000000 8.492569
1520 0.000408 0.049683 500.000000 8.319468
1520 0.000267 0.037802 600.000000 8.683068
1520 0.000181 0.038984 700.000000 7.856341
1520 0.000162 0.041662 800.000000 8.032128
1530 0.001276 0.136803 100.000000 7.874016
1530 0.000570 0.073946 200.000000 9.090909
1530 0.000348 0.059619 300.000000 8.108109
1530 0.000282 0.056895 400.000000 8.602151
1530 0.000403 0.048523 500.000000 8.389262
1530 0.000266 0.037975 600.000000 8.771930
1530 0.000179 0.039557 700.000000 7.865169
1530 0.000168 0.042134 800.000000 8.080808
1540 0.001286 0.137680 100.000000 8.403361
1540 0.000579 0.075064 200.000000 9.433962
1540 0.000357 0.061057 300.000000 8.287292
1540 0.000285 0.058282 400.000000 8.752735
1540 0.000406 0.048971 500.000000 8.503402
1540 0.000264 0.038121 600.000000 8.875740
1540 0.000185 0.039638 700.000000 7.918552
1540 0.000177 0.042244 800.000000 8.146640
1550 0.001280 0.136166 100.000000 9.009009
1550 0.000572 0.071603 200.000000 9.756098
1550 0.000366 0.059244 300.000000 8.474576
1550 0.000284 0.058758 400.000000 8.908686
1550 0.000393 0.050559 500.000000 8.605852
1550 0.000258 0.040916 600.000000 8.982036
1550 0.000177 0.041212 700.000000 7.972665
1550 0.000168 0.042889 800.000000 8.213552
1560 0.001235 0.135321 100.000000 9.615385
1560 0.000566 0.069628 200.000000 10.050251
1560 0.000354 0.056415 300.000000 8.645534
1560 0.000278 0.057976 400.000000 9.029346
1560 0.000372 0.051805 500.000000 8.710801
1560 0.000247 0.044246 600.000000 9.077156
1560 0.000163 0.043348 700.000000 8.027523
1560 0.000152 0.043900 800.000000 8.273009
1570 0.001229 0.134879 100.000000 10.000000
1570 0.000554 0.069498 200.000000 10.204082
1570 0.000355 0.056667 300.000000 8.771930
1570 0.000275 0.058349 400.000000 9.111617
1570 0.000368 0.051510 500.000000 8.771930
1570 0.000243 0.045094 600.000000 9.146341
1570 0.000162 0.043962 700.000000 8.055236
1570 0.000145 0.044665 800.000000 8.307373
1580 0.001295 0.134799 100.000000 10.416667
1580 0.000569 0.071013 200.000000 10.256411
1580 0.000381 0.060370 300.000000 8.849558
1580 0.000287 0.062606 400.000000 9.174312
1580 0.000364 0.053602 500.000000 8.818342
1580 0.000242 0.046628 600.000000 9.188361
1580 0.000172 0.044544 700.000000 8.073818
1580 0.000149 0.045225 800.000000 8.342023
1590 0.001265 0.135725 100.000000 10.526316
1590 0.000562 0.072419 200.000000 10.050251
1590 0.000383 0.061558 300.000000 8.902077
1590 0.000265 0.062190 400.000000 9.216590
1590 0.000359 0.051640 500.000000 8.865249
1590 0.000230 0.046251 600.000000 9.216590
1590 0.000170 0.044628 700.000000 8.092485
1590 0.000153 0.045890 800.000000 8.359457
1600 0.000514 0.070464 100.000000 10.752688
1600 0.000228 0.034728 200.000000 9.389671
1600 0.000153 0.027862 300.000000 8.928572
1600 0.000127 0.024956 400.000000 9.237875
1600 0.000231 0.032940 500.000000 8.880995
1600 0.000128 0.040712 600.000000 9.230769
1600 0.000110 0.040983 700.000000 8.111239
1600 0.000111 0.040307 800.000000 8.368201
1610 0.000315 0.008881 100.000000 10.752688
1610 0.000325 0.016895 200.000000 8.474576
1610 0.000211 0.014091 300.000000 8.928572
1610 0.000161 0.021922 400.000000 9.237875
1610 0.000198 0.037022 500.000000 8.912656
1610 0.000133 0.043522 600.000000 9.230769
1610 0.000142 0.038959 700.000000 8.111239
1610 0.000143 0.033020 800.000000 8.368201
1620 0.000347 0.014766 100.000000 10.869565
1620 0.000339 0.016438 200.000000 8.163265
1620 0.000193 0.018086 300.000000 8.928572
1620 0.000153 0.025646 400.000000 9.237875
1620 0.000188 0.039472 500.000000 8.928572
1620 0.000127 0.044369 600.000000 9.230769
1620 0.000145 0.038147 700.000000 8.111239
1620 0.000142 0.032283 800.000000 8.359457
1630 0.000326 0.013974 100.000000 10.869565
1630 0.000294 0.013949 200.000000 8.130081
1630 0.000164 0.015224 300.000000 8.928572
1630 0.000109 0.021399 400.000000 9.153318
1630 0.000172 0.037841 500.000000 8.944544
1630 0.000114 0.043146 600.000000 9.202454
1630 0.000134 0.037109 700.000000 8.111239
1630 0.000137 0.032614 800.000000 8.359457
1640 0.000360 0.013902 100.000000 10.869565
1640 0.000288 0.012085 200.000000 8.163265
1640 0.000175 0.017908 300.000000 8.902077
1640 0.000297 0.027335 400.000000 8.849558
1640 0.000161 0.040089 500.000000 8.944544
1640 0.000113 0.044212 600.000000 9.146341
1640 0.000141 0.037109 700.000000 8.111239
1640 0.000144 0.032991 800.000000 8.368201
1650 0.000323 0.013561 100.000000 10.752688
1650 0.000241 0.006064 200.000000 8.163265
1650 0.000141 0.015473 300.000000 8.875740
1650 0.000306 0.025711 400.000000 8.547009
1650 0.000183 0.039137 500.000000 8.960573
1650 0.000109 0.044133 600.000000 8.862629
1650 0.000143 0.037074 700.000000 8.101851
1650 0.000146 0.034454 800.000000 8.368201
1660 0.000377 0.014480 100.000000 10.526316
1660 0.000207 0.006005 200.000000 8.196721
1660 0.000119 0.014803 300.000000 8.823529
1660 0.000302 0.026019 400.000000 8.492569
1660 0.000180 0.039661 500.000000 8.960573
1660 0.000127 0.043202 600.000000 7.812500
1660 0.000143 0.036970 700.000000 8.101851
1660 0.000144 0.035162 800.000000 8.359457
1670 0.000363 0.009702 100.000000 10.204082
1670 0.000179 0.009416 200.000000 8.196721
1670 0.000134 0.017066 300.000000 8.797654
1670 0.000284 0.029969 400.000000 8.474576
1670 0.000177 0.041874 500.000000 8.960573
1670 0.000122 0.043099 600.000000 7.782101
1670 0.000143 0.037189 700.000000 8.101851
1670 0.000240 0.033529 800.000000 8.342023
1680 0.000357 0.009908 100.000000 9.708738
1680 0.000160 0.012692 200.000000 8.196721
1680 0.000148 0.018706 300.000000 8.797654
1680 0.000267 0.032908 400.000000 8.492569
1680 0.000147 0.043489 500.000000 8.960573
1680 0.000129 0.042334 600.000000 7.772021
1680 0.000135 0.037106 700.000000 8.101851
1680 0.000267 0.035229 800.000000 8.324662
1690 0.000388 0.013109 100.000000 8.620689
1690 0.000171 0.016817 200.000000 8.196721
1690 0.000189 0.021937 300.000000 8.797654
1690 0.000244 0.037076 400.000000 8.492569
1690 0.000132 0.044990 500.000000 8.960573
1690 0.000123 0.041768 600.000000 7.782101
1690 0.000123 0.036942 700.000000 8.101851
1690 0.000259 0.037301 800.000000 8.324662
1700 0.000371 0.010864 100.000000 6.993007
1700 0.000170 0.021128 200.000000 8.163265
1700 0.000139 0.024580 300.000000 8.771930
1700 0.000226 0.040160 400.000000 8.510638
1700 0.000121 0.046483 500.000000 8.944544
1700 0.000127 0.041840 600.000000 7.772021
1700 0.000125 0.037602 700.000000 8.092485
1700 0.000261 0.040547 800.000000 8.324662
1710 0.000366 0.012127 100.000000 6.493506
1710 0.000134 0.021729 200.000000 8.163265
1710 0.000115 0.024398 300.000000 8.746356
1710 0.000223 0.041530 400.000000 8.510638
1710 0.000101 0.047091 500.000000 8.928572
1710 0.000130 0.041746 600.000000 7.772021
1710 0.000128 0.038037 700.000000 8.083141
1710 0.000263 0.043498 800.000000 8.324662
1720 0.000303 0.011096 100.000000 6.410256
1720 0.000107 0.019268 200.000000 8.130081
1720 0.000052 0.020998 300.000000 8.670520
1720 0.000215 0.041576 400.000000 8.528785
1720 0.000095 0.047413 500.000000 8.912656
1720 0.000131 0.042133 600.000000 7.772021
1720 0.000131 0.039398 700.000000 8.073818
1720 0.000270 0.047072 800.000000 8.324662
1730 0.000238 0.010746 100.000000 6.451613
1730 0.000094 0.017884 200.000000 8.097166
1730 0.000437 0.021103 300.000000 8.310249
1730 0.000221 0.041922 400.000000 8.547009
1730 0.000099 0.048857 500.000000 8.849558
1730 0.000144 0.043726 600.000000 7.761966
1730 0.000145 0.041912 700.000000 8.083141
1730 0.000279 0.052239 800.000000 8.307373
1740 0.000229 0.013286 100.000000 6.535948
1740 0.000077 0.019469 200.000000 8.097166
1740 0.000430 0.023902 300.000000 8.000000
1740 0.000222 0.044359 400.000000 8.565310
1740 0.000081 0.050079 500.000000 8.635578
1740 0.000139 0.044157 600.000000 7.772021
1740 0.000146 0.042927 700.000000 8.092485
1740 0.000279 0.054827 800.000000 8.307373
1750 0.000103 0.011649 100.000000 6.622517
1750 0.000057 0.014046 200.000000 8.130081
1750 0.000429 0.022565 300.000000 7.957560
1750 0.000226 0.044653 400.000000 8.602151
1750 0.000116 0.048830 500.000000 7.429420
1750 0.000135 0.044530 600.000000 7.782101
1750 0.000134 0.044005 700.000000 8.101851
1750 0.000277 0.057438 800.000000 8.316009
1760 0.000073 0.013802 100.000000 6.711410
1760 0.000057 0.014601 200.000000 8.163265
1760 0.000416 0.025859 300.000000 7.957560
1760 0.000235 0.046128 400.000000 8.639309
1760 0.000115 0.049170 500.000000 7.407407
1760 0.000136 0.044706 600.000000 7.792208
1760 0.000137 0.043970 700.000000 8.111239
1760 0.000284 0.059116 800.000000 8.333333
1770 0.000005 0.014188 100.000000 6.849315
1770 0.000096 0.014006 200.000000 8.230453
1770 0.000406 0.028827 300.000000 8.021390
1770 0.000221 0.048027 400.000000 8.695652
1770 0.000119 0.049400 500.000000 7.418397
1770 0.000132 0.045257 600.000000 7.822686
1770 0.000276 0.042858 700.000000 8.120649
1770 0.000276 0.061366 800.000000 8.359457
1780 0.000033 0.013674 100.000000 6.993007
1780 0.000105 0.012785 200.000000 8.333333
1780 0.000406 0.030245 300.000000 8.108109
1780 0.000208 0.049933 400.000000 8.752735
1780 0.000136 0.050314 500.000000 7.462687
1780 0.000134 0.046397 600.000000 7.863696
1780 0.000308 0.045068 700.000000 8.149011
1780 0.000276 0.064280 800.000000 8.394544
1790 0.000057 0.014530 100.000000 7.246377
1790 0.000112 0.013862 200.000000 8.510638
1790 0.000411 0.032332 300.000000 8.219178
1790 0.000200 0.052134 400.000000 8.849558
1790 0.000148 0.051753 500.000000 7.507507
1790 0.000139 0.047835 600.000000 7.915567
1790 0.000314 0.048013 700.000000 8.187135
1790 0.000287 0.067084 800.000000 8.438819
1800 0.000055 0.013268 100.000000 7.575758
1800 0.000138 0.012755 200.000000 8.733624
1800 0.000404 0.034356 300.000000 8.356546
1800 0.000192 0.053209 400.000000 8.948545
1800 0.000139 0.051807 500.000000 7.575758
1800 0.000132 0.048225 600.000000 7.968128
1800 0.000313 0.049487 700.000000 8.235294
1800 0.000293 0.068508 800.000000 8.483563
1810 0.000049 0.015234 100.000000 7.936508
1810 0.000127 0.013724 200.000000 8.968610
1810 0.000402 0.035644 300.000000 8.522727
1810 0.000196 0.054668 400.000000 9.090909
1810 0.000154 0.052993 500.000000 7.656968
1810 0.000139 0.049521 600.000000 8.042895
1810 0.000314 0.051492 700.000000 8.303678
1810 0.000299 0.070621 800.000000 8.547009
1820 0.000048 0.014306 100.000000 8.474576
1820 0.000075 0.012157 200.000000 9.259259
1820 0.000393 0.037269 300.000000 8.695652
1820 0.000190 0.055494 400.000000 9.237875
1820 0.000153 0.053198 500.000000 7.739938
1820 0.000132 0.049859 600.000000 8.119080
1820 0.000316 0.052421 700.000000 8.373206
1820 0.000297 0.071292 800.000000 8.620689
1830 0.000059 0.013679 100.000000 9.009009
1830 0.000088 0.010970 200.000000 9.615385
1830 0.000383 0.038301 300.000000 8.902077
1830 0.000179 0.055193 400.000000 9.411765
1830 0.000149 0.052535 500.000000 7.836991
1830 0.000127 0.049443 600.000000 8.207934
1830 0.000313 0.052676 700.000000 8.454106
1830 0.000294 0.071790 800.000000 8.686211
1840 0.000061 0.012673 100.000000 9.615385
1840 0.000103 0.010576 200.000000 9.950249
1840 0.000340 0.040940 300.000000 9.090909
1840 0.000148 0.053612 400.000000 9.569378
1840 0.000131 0.049946 500.000000 7.923930
1840 0.000115 0.047063 600.000000 8.275862
1840 0.000300 0.050978 700.000000 8.526188
1840 0.000286 0.069649 800.000000 8.752735
1850 0.000029 0.013496 100.000000 10.204082
1850 0.000094 0.010171 200.000000 10.256411
1850 0.000340 0.042157 300.000000 9.287926
1850 0.000135 0.055082 400.000000 9.708738
1850 0.000130 0.050781 500.000000 8.000000
1850 0.000122 0.047809 600.000000 8.344924
1850 0.000303 0.052527 700.000000 8.599508
1850 0.000296 0.071185 800.000000 8.820287
1860 0.000096 0.013207 100.000000 10.638298
1860 0.000091 0.010140 200.000000 10.471204
1860 0.000356 0.043751 300.000000 9.433962
1860 0.000122 0.056582 400.000000 9.803922
1860 0.000147 0.051870 500.000000 8.064516
1860 0.000130 0.048986 600.000000 8.403361
1860 0.000309 0.054920 700.000000 8.652658
1870 0.000101 0.013658 100.000000 10.869565
1870 0.000071 0.009852 200.000000 10.526316
1870 0.000337 0.046972 300.000000 9.523809
1870 0.000115 0.058959 400.000000 9.828010
1870 0.000151 0.053339 500.000000 8.090615
1870 0.000143 0.050523 600.000000 8.426967
1870 0.000317 0.058339 700.000000 8.674102
1880 0.000073 0.015558 100.000000 10.869565
1880 0.000689 0.013706 200.000000 10.101010
1880 0.000328 0.051195 300.000000 9.523809
1880 0.000113 0.060776 400.000000 9.779951
1880 0.000164 0.054481 500.000000 8.077544
1880 0.000149 0.051857 600.000000 8.426967
1880 0.000322 0.061771 700.000000 8.663366
1890 0.000139 0.016641 100.000000 10.526316
1890 0.000707 0.017797 200.000000 9.009009
1890 0.000321 0.054920 300.000000 9.523809
1890 0.000094 0.062286 400.000000 9.501187
1890 0.000153 0.054996 500.000000 8.064516
1890 0.000160 0.052896 600.000000 8.415147
1890 0.000323 0.064969 700.000000 8.631319
1900 0.000143 0.015691 100.000000 10.309278
1900 0.000675 0.026752 200.000000 8.771930
1900 0.000318 0.057486 300.000000 9.523809
1900 0.000148 0.061039 400.000000 7.648183
1900 0.000166 0.054242 500.000000 8.038586
1900 0.000155 0.052423 600.000000 8.403361
1900 0.000320 0.066802 700.000000 8.620689
1910 0.000143 0.014014 100.000000 10.204082
1910 0.000633 0.035174 200.000000 8.733624
1910 0.000302 0.060069 300.000000 9.493670
1910 0.000135 0.059989 400.000000 7.561437
1910 0.000156 0.053178 500.000000 8.038586
1910 0.000316 0.048384 600.000000 8.379889
1910 0.000313 0.068738 700.000000 8.610086
1920 0.000212 0.014149 100.000000 10.101010
1920 0.000597 0.042389 200.000000 8.733624
1920 0.000272 0.063498 300.000000 9.493670
1920 0.000166 0.060363 400.000000 7.561437
1920 0.000160 0.054017 500.000000 8.038586
1920 0.000353 0.051487 600.000000 8.356546
1920 0.000315 0.072707 700.000000 8.620689
1930 0.000318 0.013578 100.000000 10.101010
1930 0.000582 0.049557 200.000000 8.733624
1930 0.000239 0.067000 300.000000 9.493670
1930 0.000175 0.061214 400.000000 7.561437
1930 0.000155 0.055283 500.000000 8.038586
1930 0.000361 0.055488 600.000000 8.344924
1930 0.000328 0.076395 700.000000 8.620689
1940 0.000176 0.009091 100.000000 10.204082
1940 0.000543 0.055534 200.000000 8.771930
1940 0.000217 0.069782 300.000000 9.493670
1940 0.000173 0.062185 400.000000 7.561437
1940 0.000152 0.056631 500.000000 8.038586
1940 0.000358 0.059191 600.000000 8.356546
1940 0.000331 0.079949 700.000000 8.631319
1950 0.000211 0.012034 100.000000 10.101010
1950 0.000496 0.059452 200.000000 8.849558
1950 0.000152 0.068676 300.000000 9.493670
1950 0.000166 0.059069 400.000000 7.575758
1950 0.000147 0.053918 500.000000 8.038586
1950 0.000350 0.059509 600.000000 8.368201
1950 0.000341 0.080110 700.000000 8.631319
1960 0.000068 0.012703 100.000000 10.000000
1960 0.000469 0.066085 200.000000 8.888889
1960 0.000146 0.072293 300.000000 9.493670
1960 0.000182 0.061415 400.000000 7.575758
1960 0.000169 0.055945 500.000000 8.038586
1960 0.000362 0.063913 600.000000 8.368201
1970 0.000924 0.026607 100.000000 9.433962
1970 0.000504 0.073436 200.000000 8.928572
1970 0.000161 0.078488 300.000000 9.433962
1970 0.000206 0.066530 400.000000 7.575758
1970 0.000189 0.061383 500.000000 8.051530
1970 0.000378 0.071781 600.000000 8.368201
1980 0.001476 0.029569 100.000000 8.000000
1980 0.000511 0.081197 200.000000 9.009009
1980 0.000173 0.084592 300.000000 9.287926
1980 0.000224 0.071361 400.000000 7.590133
1980 0.000208 0.066933 500.000000 8.064516
1980 0.000391 0.079873 600.000000 8.356546
1990 0.001386 0.043001 100.000000 7.575758
1990 0.000515 0.083708 200.000000 9.049774
1990 0.000237 0.081696 300.000000 7.109005
1990 0.000209 0.069419 400.000000 7.590133
1990 0.000207 0.065704 500.000000 8.077544
1990 0.000388 0.080832 600.000000 8.368201
2000 0.001370 0.054801 100.000000 7.518797
2000 0.000521 0.087971 200.000000 9.090909
2000 0.000237 0.083250 300.000000 6.976744
2000 0.000228 0.069967 400.000000 7.604563
2000 0.000215 0.066494 500.000000 8.077544
2000 0.000394 0.084201 600.000000 8.368201
2010 0.001385 0.069736 100.000000 7.518797
2010 0.000540 0.096698 200.000000 9.132421
2010 0.000247 0.088197 300.000000 6.944445
2010 0.000242 0.074926 400.000000 7.619048
2010 0.000411 0.068378 500.000000 8.064516
2010 0.000396 0.091607 600.000000 8.379889
2020 0.001394 0.085247 100.000000 7.575758
2020 0.000495 0.105461 200.000000 9.174312
2020 0.000294 0.092458 300.000000 6.944445
2020 0.000241 0.078996 400.000000 7.619048
2020 0.000473 0.074134 500.000000 8.051530
2020 0.000399 0.097823 600.000000 8.391608
2030 0.001459 0.106752 100.000000 7.633588
2030 0.000516 0.120951 200.000000 9.132421
2030 0.000347 0.102547 300.000000 6.944445
2030 0.000266 0.088656 400.000000 7.619048
2030 0.000489 0.086913 500.000000 8.038586
2030 0.000437 0.109440 600.000000 8.403361
2040 0.001142 0.110394 100.000000 7.692307
2040 0.000347 0.107898 200.000000 9.132421
2040 0.000259 0.086147 300.000000 6.944445
2040 0.000207 0.073459 400.000000 7.619048
2040 0.000443 0.074359 500.000000 8.051530
2040 0.000401 0.096445 600.000000 8.403361
2050 0.001157 0.122850 100.000000 7.751938
2050 0.000304 0.112984 200.000000 9.132421
2050 0.000282 0.088131 300.000000 6.960557
2050 0.000226 0.075514 400.000000 7.619048
2050 0.000453 0.079789 500.000000 8.064516
2060 0.000988 0.123440 100.000000 7.936508
2060 0.000241 0.106265 200.000000 9.174312
2060 0.000268 0.080137 300.000000 6.993007
2060 0.000232 0.068977 400.000000 7.633588
2060 0.000443 0.076817 500.000000 8.090615
2070 0.000960 0.127548 100.000000 8.196721
2070 0.000230 0.105477 200.000000 9.302325
2070 0.000267 0.078939 300.000000 7.058824
2070 0.000231 0.068785 400.000000 7.707129
2070 0.000446 0.079072 500.000000 8.130081
2080 0.000450 0.018107 100.000000 8.620689
2080 0.000511 0.033267 200.000000 9.478673
2080 0.000284 0.036902 300.000000 7.142857
2080 0.000242 0.044715 400.000000 7.797271
2080 0.000230 0.045409 500.000000 8.196721
2090 0.000473 0.017935 100.000000 9.259259
2090 0.000533 0.034082 200.000000 9.756098
2090 0.000292 0.037548 300.000000 7.263923
2090 0.000238 0.045641 400.000000 7.905138
2090 0.000229 0.045933 500.000000 8.291874
2100 0.000518 0.019229 100.000000 9.900990
2100 0.000550 0.036641 200.000000 9.950249
2100 0.000322 0.039517 300.000000 7.389163
2100 0.000253 0.048078 400.000000 8.016032
2100 0.000239 0.048730 500.000000 8.389262
2110 0.000492 0.020365 100.000000 10.526316
2110 0.000559 0.037523 200.000000 9.950249
2110 0.000330 0.039470 300.000000 7.500000
2110 0.000247 0.048048 400.000000 8.113590
2110 0.000247 0.048386 500.000000 8.460237
2120 0.000454 0.021178 100.000000 10.989011
2120 0.000444 0.039646 200.000000 6.872852
2120 0.000336 0.039466 300.000000 7.556675
2120 0.000251 0.047565 400.000000 8.179959
2120 0.000247 0.047057 500.000000 8.517887
2130 0.000429 0.022168 100.000000 11.235955
2130 0.000430 0.038551 200.000000 6.688963
2130 0.000296 0.038975 300.000000 7.594937
2130 0.000237 0.046984 400.000000 8.196721
2130 0.000254 0.044620 500.000000 8.532423
2140 0.000388 0.022230 100.000000 11.363636
2140 0.000428 0.035917 200.000000 6.644518
2140 0.000315 0.037851 300.000000 7.614213
2140 0.000247 0.049349 400.000000 8.179959
2140 0.000252 0.042026 500.000000 8.547009
2150 0.000456 0.018837 100.000000 11.363636
2150 0.000367 0.032322 200.000000 6.622517
2150 0.000293 0.036161 300.000000 7.614213
2150 0.000289 0.045490 400.000000 8.146640
2150 0.000253 0.039311 500.000000 8.547009
2160 0.000487 0.016942 100.000000 11.235955
2160 0.000305 0.028377 200.000000 6.622517
2160 0.000248 0.033547 300.000000 7.594937
2160 0.000288 0.039567 400.000000 8.130081
2160 0.000273 0.036690 500.000000 8.547009
2170 0.000520 0.013367 100.000000 11.111111
2170 0.000284 0.023284 200.000000 6.600660
2170 0.000248 0.029396 300.000000 7.575758
2170 0.000306 0.033213 400.000000 8.130081
2170 0.000294 0.035670 500.000000 8.547009
2180 0.000677 0.015513 100.000000 10.869565
2180 0.000286 0.024804 200.000000 6.578948
2180 0.000241 0.032010 300.000000 7.537688
2180 0.000316 0.033670 400.000000 8.113590
2190 0.000643 0.016787 100.000000 10.526316
2190 0.000246 0.020024 200.000000 6.557377
2190 0.000214 0.026549 300.000000 7.518797
2190 0.000338 0.028376 400.000000 8.097166
2200 0.000595 0.017844 100.000000 9.900990
2200 0.000261 0.017515 200.000000 6.535948
2200 0.000198 0.023927 300.000000 7.518797
2200 0.000348 0.028906 400.000000 8.064516
2210 0.000436 0.025682 100.000000 4.926108
2210 0.000299 0.022878 200.000000 6.514658
2210 0.000207 0.027747 300.000000 7.518797
2210 0.000345 0.029827 400.000000 8.032128
2220 0.000499 0.025412 100.000000 4.694836
2220 0.000293 0.026204 200.000000 6.493506
2220 0.000202 0.030950 300.000000 7.481297
2220 0.000349 0.031419 400.000000 8.016032
2230 0.000398 0.021865 100.000000 4.651163
2230 0.000287 0.023908 200.000000 6.493506
2230 0.000365 0.031843 300.000000 7.444169
2230 0.000349 0.033079 400.000000 8.032128
2240 0.000289 0.016218 100.000000 4.651163
2240 0.000217 0.018911 200.000000 6.493506
2240 0.000468 0.025349 300.000000 7.407407
2240 0.000380 0.041473 400.000000 8.032128
2250 0.000179 0.013425 100.000000 4.651163
2250 0.000167 0.015675 200.000000 6.514658
2250 0.000478 0.023712 300.000000 7.425743
2250 0.000412 0.047684 400.000000 8.048289
2260 0.000204 0.013577 100.000000 4.672897
2260 0.000184 0.016426 200.000000 6.493506
2260 0.000525 0.029753 300.000000 7.444169
2260 0.000455 0.059673 400.000000 8.048289
2270 0.000279 0.018106 100.000000 4.672897
2270 0.000195 0.023569 200.000000 6.493506
2270 0.000571 0.044182 300.000000 7.444169
2280 0.000337 0.021708 100.000000 4.716981
2280 0.000224 0.027282 200.000000 6.514658
2280 0.000593 0.051872 300.000000 7.481297
2290 0.000346 0.023064 100.000000 4.761905
2290 0.000236 0.027916 200.000000 6.578948
2290 0.000596 0.056241 300.000000 7.500000
2300 0.000381 0.028169 100.000000 4.854369
2300 0.000243 0.031588 200.000000 6.688963
2300 0.000609 0.063254 300.000000 7.556675
2310 0.000404 0.032700 100.000000 5.000000
2310 0.000298 0.036108 200.000000 6.825939
2310 0.000629 0.069355 300.000000 7.672634
2320 0.000390 0.033618 100.000000 5.181347
2320 0.000298 0.036461 200.000000 7.017544
2320 0.000627 0.071068 300.000000 7.812500
2330 0.000361 0.031296 100.000000 5.434783
2330 0.000277 0.033948 200.000000 7.246377
2330 0.000615 0.068652 300.000000 8.000000
2340 0.000376 0.032596 100.000000 5.747127
2340 0.000284 0.035073 200.000000 7.518797
2340 0.000620 0.069952 300.000000 8.219178
2350 0.000373 0.032173 100.000000 6.097561
2350 0.000283 0.034654 200.000000 7.812500
2350 0.000618 0.069504 300.000000 8.450705
2360 0.000377 0.031629 100.000000 6.493506
2360 0.000284 0.034195 200.000000 8.130081
2360 0.000617 0.069010 300.000000 8.695652
2370 0.000368 0.030784 100.000000 6.944445
2370 0.000281 0.033527 200.000000 8.438819
2370 0.000614 0.068044 300.000000 8.955224
2380 0.000368 0.031099 100.000000 7.462687
2380 0.000282 0.033824 200.000000 8.810573
2380 0.000615 0.068349 300.000000 9.230769
2390 0.000359 0.029954 100.000000 8.064516
2390 0.000277 0.032817 200.000000 9.216590
2390 0.000611 0.067279 300.000000 9.523809
2400 0.000288 0.022179 100.000000 8.771930
2400 0.000235 0.024738 200.000000 9.661836
2400 0.000578 0.058327 300.000000 9.836065
2410 0.000236 0.016034 100.000000 9.345795
2410 0.000192 0.017202 200.000000 10.050251
2410 0.000541 0.049171 300.000000 10.101010
2420 0.000286 0.017376 100.000000 9.900990
2420 0.000205 0.019077 200.000000 10.362695
2420 0.000555 0.052297 300.000000 10.309278
2430 0.000234 0.018957 100.000000 10.309278
2430 0.000188 0.020253 200.000000 10.526316
2430 0.000554 0.054976 300.000000 10.452962
2440 0.000288 0.020300 100.000000 10.526316
2440 0.000657 0.024190 200.000000 10.582010
2440 0.000549 0.062432 300.000000 10.526316
2450 0.000211 0.015330 100.000000 10.638298
2450 0.000752 0.022033 200.000000 10.471204
2450 0.000509 0.057057 300.000000 10.563380
2460 0.000178 0.014520 100.000000 10.638298
2460 0.000729 0.024094 200.000000 10.471204
2460 0.000541 0.060478 300.000000 10.563380
2470 0.000195 0.015978 100.000000 10.526316
2470 0.000728 0.028150 200.000000 10.471204
2470 0.000545 0.064773 300.000000 10.563380
2480 0.000189 0.016799 100.000000 10.416667
2480 0.000725 0.032657 200.000000 10.526316
2490 0.000162 0.015749 100.000000 10.416667
2490 0.000733 0.038631 200.000000 10.526316
2500 0.000178 0.015380 100.000000 10.526316
2500 0.000719 0.042924 200.000000 10.471204
2510 0.000208 0.013882 100.000000 10.638298
2510 0.000771 0.057767 200.000000 10.416667
2520 0.000162 0.012218 100.000000 10.638298
2520 0.000736 0.057033 200.000000 10.416667
2530 0.001191 0.027915 100.000000 10.416667
2530 0.000764 0.070494 200.000000 10.416667
2540 0.001420 0.026916 100.000000 10.204082
2540 0.000733 0.078476 200.000000 10.416667
2550 0.001468 0.032480 100.000000 10.101010
2550 0.000785 0.086576 200.000000 10.416667
2560 0.001493 0.045387 100.000000 10.204082
2560 0.000816 0.097393 200.000000 10.471204
2570 0.001481 0.056669 100.000000 10.309278
2570 0.000858 0.102616 200.000000 10.526316
2580 0.001443 0.065500 100.000000 10.416667
2590 0.001417 0.076727 100.000000 10.309278
2600 0.001360 0.090656 100.000000 10.101010
2610 0.001430 0.106927 100.000000 10.000000
2620 0.001391 0.112520 100.000000 10.101010
2630 0.000333 0.036621 100.000000 10.309278
2640 0.000191 0.016826 100.000000 10.526316
2650 0.000235 0.017230 100.000000 10.638298
2660 0.000232 0.017751 100.000000 10.638298
