0 0.000204 0.020423 100.000000 11.627907
0 0.000082 0.024965 200.000000 12.048193
0 0.000243 0.022056 300.000000 10.309278
0 0.000161 0.016459 400.000000 10.282776
0 0.000133 0.014929 500.000000 10.351967
0 0.000084 0.018275 600.000000 10.791367
0 0.000076 0.022711 700.000000 11.146497
0 0.000146 0.019857 800.000000 10.810811
10 0.000247 0.020915 100.000000 11.627907
10 0.000113 0.023838 200.000000 12.048193
10 0.000221 0.020209 300.000000 9.771987
10 0.000156 0.015418 400.000000 10.335917
10 0.000133 0.015316 500.000000 10.330579
10 0.000087 0.019131 600.000000 10.810811
10 0.000076 0.024288 700.000000 11.164274
10 0.000145 0.018755 800.000000 10.796222
20 0.000146 0.019375 100.000000 11.764706
20 0.000095 0.022286 200.000000 11.904762
20 0.000215 0.017044 300.000000 9.646302
20 0.000157 0.014434 400.000000 10.389610
20 0.000137 0.015676 500.000000 10.351967
20 0.000103 0.020111 600.000000 10.830325
20 0.000080 0.025700 700.000000 11.182109
20 0.000147 0.017541 800.000000 10.810811
30 0.000291 0.016626 100.000000 11.764706
30 0.000067 0.019297 200.000000 11.560694
30 0.000204 0.013908 300.000000 9.615385
30 0.000154 0.013626 400.000000 10.416667
30 0.000140 0.016390 500.000000 10.373444
30 0.000108 0.021545 600.000000 10.869565
30 0.000081 0.027702 700.000000 11.182109
30 0.000154 0.016762 800.000000 10.840109
40 0.000238 0.015917 100.000000 11.904762
40 0.000141 0.016897 200.000000 11.111111
40 0.000201 0.011252 300.000000 9.646302
40 0.000148 0.013207 400.000000 10.443864
40 0.000138 0.017572 500.000000 10.416667
40 0.000109 0.023305 600.000000 10.909091
40 0.000084 0.029547 700.000000 11.182109
40 0.000152 0.015718 800.000000 10.869565
50 0.000226 0.022460 100.000000 11.904762
50 0.000336 0.014407 200.000000 10.752688
50 0.000192 0.014631 300.000000 9.677420
50 0.000136 0.014781 400.000000 10.443864
50 0.000125 0.018501 500.000000 10.460251
50 0.000098 0.023737 600.000000 10.928962
50 0.000071 0.029004 700.000000 11.128776
50 0.000137 0.013477 800.000000 10.899182
60 0.000184 0.029979 100.000000 12.048193
60 0.000311 0.022660 200.000000 10.526316
60 0.000195 0.018919 300.000000 9.708738
60 0.000136 0.016796 400.000000 10.309278
60 0.000107 0.019473 500.000000 10.504202
60 0.000085 0.023705 600.000000 10.968922
60 0.000143 0.025085 700.000000 10.920437
60 0.000124 0.011646 800.000000 10.928962
70 0.000132 0.018952 100.000000 12.048193
70 0.000310 0.006342 200.000000 10.309278
70 0.000232 0.010170 300.000000 9.771987
70 0.000172 0.015327 400.000000 10.152285
70 0.000134 0.021806 500.000000 10.548523
70 0.000112 0.029052 600.000000 10.989011
70 0.000190 0.030311 700.000000 10.736197
70 0.000146 0.012354 800.000000 10.958904
80 0.000099 0.020149 100.000000 12.195122
80 0.000320 0.011098 200.000000 9.900990
80 0.000240 0.013123 300.000000 9.803922
80 0.000183 0.016735 400.000000 10.050251
80 0.000127 0.022972 500.000000 10.570825
80 0.000109 0.029460 600.000000 11.029411
80 0.000189 0.027359 700.000000 10.670732
80 0.000133 0.010957 800.000000 10.989011
90 0.000088 0.015784 100.000000 12.195122
90 0.000343 0.005306 200.000000 9.216590
90 0.000241 0.011183 300.000000 9.868421
90 0.000225 0.017961 400.000000 10.000000
90 0.000148 0.026400 500.000000 10.615711
90 0.000132 0.034590 600.000000 11.049724
90 0.000204 0.029211 700.000000 10.670732
90 0.000149 0.011447 800.000000 11.019283
100 0.000094 0.018532 100.000000 12.048193
100 0.000386 0.012489 200.000000 8.849558
100 0.000258 0.014861 300.000000 9.933775
100 0.000219 0.019773 400.000000 10.000000
100 0.000153 0.026027 500.000000 10.638298
100 0.000121 0.033267 600.000000 11.070110
100 0.000192 0.024429 700.000000 10.670732
100 0.000134 0.009976 800.000000 11.034483
110 0.000183 0.018019 100.000000 11.494253
110 0.000348 0.006557 200.000000 8.733624
110 0.000242 0.014875 300.000000 9.966778
110 0.000218 0.022325 400.000000 10.025063
110 0.000168 0.030308 500.000000 10.660981
110 0.000133 0.038620 600.000000 11.070110
110 0.000205 0.025149 700.000000 10.687023
110 0.000149 0.009779 800.000000 11.049724
120 0.000074 0.024534 100.000000 10.526316
120 0.000379 0.005510 200.000000 8.733624
120 0.000256 0.015681 300.000000 10.000000
120 0.000242 0.025521 400.000000 10.075566
120 0.000191 0.035353 500.000000 10.683761
120 0.000145 0.044270 600.000000 11.049724
120 0.000211 0.025203 700.000000 10.703364
120 0.000156 0.009543 800.000000 11.065007
130 0.000738 0.008472 100.000000 9.803922
130 0.000357 0.011761 200.000000 8.771930
130 0.000238 0.017509 300.000000 10.000000
130 0.000208 0.024810 400.000000 10.101010
130 0.000153 0.032111 500.000000 10.706638
130 0.000113 0.038947 600.000000 11.009174
130 0.000180 0.018971 700.000000 10.736197
130 0.000142 0.009434 800.000000 11.065007
140 0.000640 0.008866 100.000000 9.345795
140 0.000349 0.014623 200.000000 8.771930
140 0.000230 0.018355 300.000000 9.836065
140 0.000177 0.025270 400.000000 10.126582
140 0.000141 0.031904 500.000000 10.729613
140 0.000165 0.035513 600.000000 10.791367
140 0.000172 0.016241 700.000000 10.769231
140 0.000129 0.010327 800.000000 11.080333
150 0.000676 0.013803 100.000000 8.928572
150 0.000363 0.017710 200.000000 8.810573
150 0.000235 0.021093 300.000000 9.584664
150 0.000165 0.026080 400.000000 10.152285
150 0.000127 0.032228 500.000000 10.752688
150 0.000212 0.032887 600.000000 10.526316
150 0.000161 0.014292 700.000000 10.785825
150 0.000127 0.011503 800.000000 11.080333
160 0.000685 0.020151 100.000000 8.264462
160 0.000362 0.020311 200.000000 8.888889
160 0.000247 0.022079 300.000000 9.433962
160 0.000153 0.026564 400.000000 10.178117
160 0.000121 0.031956 500.000000 10.775862
160 0.000209 0.028857 600.000000 10.434783
160 0.000144 0.013026 700.000000 10.802469
160 0.000122 0.012933 800.000000 11.080333
170 0.000666 0.023370 100.000000 7.299270
170 0.000354 0.021345 200.000000 8.928572
170 0.000292 0.025773 300.000000 9.375000
170 0.000175 0.032569 400.000000 10.230179
170 0.000148 0.039868 500.000000 10.799136
170 0.000230 0.032629 600.000000 10.416667
170 0.000163 0.013944 700.000000 10.835914
170 0.000133 0.012412 800.000000 11.095700
180 0.000712 0.027534 100.000000 6.896552
180 0.000356 0.023314 200.000000 9.049774
180 0.000280 0.028174 300.000000 9.404388
180 0.000182 0.033738 400.000000 10.282776
180 0.000145 0.040968 500.000000 10.845987
180 0.000223 0.030068 600.000000 10.434783
180 0.000152 0.013381 700.000000 10.869565
180 0.000132 0.013738 800.000000 11.095700
190 0.000667 0.033109 100.000000 6.896552
190 0.000351 0.026129 200.000000 9.216590
190 0.000272 0.028413 300.000000 9.493670
190 0.000185 0.032295 400.000000 10.362695
190 0.000128 0.038569 500.000000 10.893247
190 0.000213 0.025430 600.000000 10.489511
190 0.000153 0.013093 700.000000 10.920437
190 0.000114 0.015807 800.000000 11.126565
200 0.000618 0.034559 100.000000 7.092198
200 0.000334 0.027960 200.000000 9.389671
200 0.000244 0.030149 300.000000 9.646302
200 0.000177 0.034175 400.000000 10.498688
200 0.000129 0.040579 500.000000 10.989011
200 0.000215 0.024986 600.000000 10.582010
200 0.000158 0.012975 700.000000 11.006289
200 0.000112 0.017860 800.000000 11.173184
210 0.000655 0.032298 100.000000 7.299270
210 0.000352 0.032491 200.000000 9.615385
210 0.000291 0.038380 300.000000 9.803922
210 0.000221 0.045073 400.000000 10.638298
210 0.000162 0.052299 500.000000 11.111111
210 0.000235 0.030854 600.000000 10.676157
210 0.000176 0.013487 700.000000 11.093502
210 0.000122 0.016752 800.000000 11.220197
220 0.000763 0.033376 100.000000 7.575758
220 0.000394 0.036329 200.000000 9.852217
220 0.000312 0.043732 300.000000 10.000000
220 0.000230 0.051487 400.000000 10.781672
220 0.000173 0.058986 500.000000 11.185682
220 0.000244 0.032808 600.000000 10.771993
220 0.000186 0.013923 700.000000 11.182109
220 0.000135 0.016362 800.000000 11.283498
230 0.000383 0.020405 100.000000 7.812500
230 0.000243 0.031847 200.000000 10.000000
230 0.000262 0.041972 300.000000 10.135135
230 0.000246 0.051528 400.000000 10.899182
230 0.000194 0.059404 500.000000 11.235955
230 0.000247 0.029605 600.000000 10.869565
230 0.000197 0.010085 700.000000 11.254020
230 0.000140 0.014760 800.000000 11.331445
240 0.000391 0.022724 100.000000 8.064516
240 0.000267 0.034130 200.000000 10.050251
240 0.000258 0.045311 300.000000 10.273973
240 0.000245 0.054668 400.000000 11.019283
240 0.000225 0.059715 500.000000 11.185682
240 0.000243 0.028702 600.000000 10.968922
240 0.000185 0.009734 700.000000 11.308562
240 0.000126 0.015440 800.000000 11.379801
250 0.000354 0.024714 100.000000 8.333333
250 0.000224 0.033619 200.000000 10.000000
250 0.000226 0.043226 300.000000 10.452962
250 0.000227 0.052253 400.000000 11.142061
250 0.000280 0.054572 500.000000 11.013216
250 0.000232 0.024106 600.000000 11.049724
250 0.000180 0.009199 700.000000 11.382113
250 0.000117 0.016985 800.000000 11.444921
260 0.000380 0.026699 100.000000 8.620689
260 0.000244 0.035016 200.000000 9.900990
260 0.000226 0.044104 300.000000 10.600707
260 0.000227 0.052973 400.000000 11.267606
260 0.000289 0.052928 500.000000 10.893247
260 0.000231 0.021758 600.000000 11.131725
260 0.000177 0.009301 700.000000 11.456629
260 0.000116 0.017793 800.000000 11.510792
270 0.000446 0.033276 100.000000 8.928572
270 0.000297 0.040541 200.000000 9.900990
270 0.000258 0.050462 300.000000 10.752688
270 0.000230 0.058922 400.000000 11.428572
270 0.000317 0.055437 500.000000 10.893247
270 0.000233 0.022735 600.000000 11.235955
270 0.000185 0.009228 700.000000 11.532125
270 0.000129 0.017548 800.000000 11.594203
280 0.000482 0.038045 100.000000 9.433962
280 0.000336 0.045081 200.000000 10.101010
280 0.000268 0.055206 300.000000 10.989011
280 0.000242 0.063667 400.000000 11.627907
280 0.000325 0.056814 500.000000 10.964912
280 0.000234 0.023467 600.000000 11.363636
280 0.000191 0.009270 700.000000 11.627907
280 0.000136 0.017695 800.000000 11.695907
290 0.000523 0.043784 100.000000 10.101010
290 0.000378 0.049734 200.000000 10.362695
290 0.000288 0.059929 300.000000 11.278195
290 0.000258 0.068698 400.000000 11.834319
290 0.000331 0.058890 500.000000 11.111111
290 0.000237 0.024400 600.000000 11.516315
290 0.000196 0.008851 700.000000 11.744967
290 0.000139 0.017528 800.000000 11.799410
300 0.000320 0.021479 100.000000 10.869565
300 0.000309 0.030833 200.000000 10.695188
300 0.000234 0.040404 300.000000 11.583012
300 0.000216 0.048584 400.000000 12.084592
300 0.000289 0.039784 500.000000 11.261261
300 0.000202 0.015301 600.000000 11.673152
300 0.000172 0.013357 700.000000 11.884550
300 0.000115 0.021315 800.000000 11.922503
310 0.000304 0.019035 100.000000 11.764706
310 0.000283 0.028159 200.000000 11.049724
310 0.000216 0.036984 300.000000 11.857708
310 0.000203 0.045131 400.000000 12.307693
310 0.000277 0.034674 500.000000 11.415525
310 0.000198 0.013552 600.000000 11.834319
310 0.000150 0.014757 700.000000 12.006861
310 0.000106 0.022257 800.000000 12.048193
320 0.000318 0.020132 100.000000 12.658228
320 0.000266 0.029839 200.000000 11.299435
320 0.000227 0.037322 300.000000 12.145749
320 0.000209 0.045488 400.000000 12.539185
320 0.000269 0.032792 500.000000 11.547344
320 0.000197 0.012807 600.000000 11.952191
320 0.000158 0.015396 700.000000 12.110726
320 0.000093 0.022968 800.000000 12.139606
330 0.000249 0.021035 100.000000 13.333333
330 0.000238 0.028178 200.000000 11.560694
330 0.000238 0.034992 300.000000 12.295082
330 0.000193 0.042890 400.000000 12.658228
330 0.000263 0.027221 500.000000 11.627907
330 0.000189 0.011784 600.000000 12.048193
330 0.000143 0.017264 700.000000 12.152778
330 0.000094 0.024027 800.000000 12.213740
340 0.000184 0.018399 100.000000 13.698630
340 0.000182 0.024825 200.000000 11.695907
340 0.000224 0.030473 300.000000 12.448133
340 0.000176 0.038077 400.000000 12.698413
340 0.000253 0.020410 500.000000 11.709601
340 0.000183 0.012158 600.000000 12.096774
340 0.000106 0.021346 700.000000 12.131716
340 0.000084 0.025372 800.000000 12.251148
350 0.000149 0.015197 100.000000 13.698630
350 0.000176 0.022522 200.000000 11.764706
350 0.000207 0.027180 300.000000 12.500000
350 0.000171 0.033707 400.000000 12.658228
350 0.000230 0.015166 500.000000 11.737089
350 0.000170 0.014867 600.000000 12.096774
350 0.000103 0.023250 700.000000 12.110726
350 0.000075 0.026528 800.000000 12.269938
360 0.000182 0.015339 100.000000 13.333333
360 0.000197 0.023721 200.000000 11.834319
360 0.000225 0.029674 300.000000 12.500000
360 0.000167 0.035909 400.000000 12.461060
360 0.000224 0.013570 500.000000 11.764706
360 0.000166 0.015591 600.000000 12.096774
360 0.000101 0.024015 700.000000 12.068966
360 0.000095 0.027104 800.000000 12.232416
370 0.000193 0.016873 100.000000 12.195122
370 0.000200 0.024057 200.000000 11.834319
370 0.000229 0.029551 300.000000 12.500000
370 0.000270 0.030239 400.000000 11.834319
370 0.000228 0.012879 500.000000 11.792453
370 0.000163 0.018104 600.000000 12.096774
370 0.000098 0.025453 700.000000 12.068966
370 0.000098 0.028144 800.000000 12.102875
380 0.000201 0.020238 100.000000 10.869565
380 0.000224 0.023504 200.000000 11.834319
380 0.000216 0.029490 300.000000 12.500000
380 0.000305 0.026589 400.000000 11.461318
380 0.000214 0.012839 500.000000 11.792453
380 0.000160 0.019901 600.000000 12.072434
380 0.000099 0.026154 700.000000 12.068966
380 0.000117 0.029433 800.000000 11.958146
390 0.000339 0.020771 100.000000 10.309278
390 0.000251 0.026859 200.000000 11.834319
390 0.000234 0.034405 300.000000 12.448133
390 0.000309 0.025324 400.000000 11.299435
390 0.000204 0.012950 500.000000 11.792453
390 0.000169 0.020857 600.000000 12.024048
390 0.000101 0.026975 700.000000 12.068966
390 0.000125 0.031188 800.000000 11.834319
400 0.000264 0.022741 100.000000 10.101010
400 0.000243 0.024400 200.000000 11.764706
400 0.000209 0.032047 300.000000 12.396694
400 0.000281 0.018899 400.000000 11.235955
400 0.000183 0.015881 500.000000 11.792453
400 0.000145 0.023719 600.000000 11.976048
400 0.000080 0.028354 700.000000 12.048193
400 0.000109 0.032243 800.000000 11.730206
410 0.000312 0.026353 100.000000 10.000000
410 0.000311 0.032792 200.000000 11.764706
410 0.000229 0.041380 300.000000 12.345679
410 0.000309 0.019271 400.000000 11.235955
410 0.000212 0.014637 500.000000 11.764706
410 0.000159 0.025263 600.000000 11.881188
410 0.000093 0.029683 700.000000 12.048193
410 0.000198 0.032964 800.000000 11.611031
420 0.000266 0.026792 100.000000 10.101010
420 0.000296 0.031602 200.000000 11.764706
420 0.000212 0.038786 300.000000 12.244898
420 0.000282 0.014954 400.000000 11.267606
420 0.000197 0.017808 500.000000 11.764706
420 0.000110 0.027346 600.000000 11.834319
420 0.000077 0.030460 700.000000 12.048193
430 0.000310 0.026333 100.000000 10.309278
430 0.000281 0.030766 200.000000 11.904762
430 0.000184 0.036952 300.000000 12.145749
430 0.000262 0.014446 400.000000 11.331445
430 0.000187 0.020398 500.000000 11.820331
430 0.000107 0.028491 600.000000 11.834319
430 0.000087 0.030431 700.000000 12.048193
440 0.000334 0.026564 100.000000 10.752688
440 0.000286 0.031867 200.000000 12.195122
440 0.000250 0.033311 300.000000 11.952191
440 0.000263 0.014598 400.000000 11.461318
440 0.000170 0.021783 500.000000 11.904762
440 0.000098 0.029106 600.000000 11.904762
440 0.000108 0.030552 700.000000 12.068966
450 0.000303 0.027734 100.000000 11.363636
450 0.000299 0.033659 200.000000 12.578616
450 0.000338 0.031812 300.000000 11.673152
450 0.000269 0.014228 400.000000 11.627907
450 0.000181 0.022622 500.000000 12.019231
450 0.000099 0.029632 600.000000 12.000000
450 0.000099 0.031431 700.000000 12.068966
460 0.000331 0.024644 100.000000 12.048193
460 0.000294 0.032994 200.000000 12.987013
460 0.000349 0.029570 300.000000 11.583012
460 0.000257 0.014299 400.000000 11.834319
460 0.000177 0.023547 500.000000 12.165450
460 0.000094 0.029880 600.000000 12.121212
460 0.000121 0.031743 700.000000 12.089810
470 0.000349 0.022750 100.000000 12.820513
470 0.000268 0.029286 200.000000 13.333333
470 0.000359 0.023620 300.000000 11.583012
470 0.000236 0.017117 400.000000 11.976048
470 0.000166 0.025160 500.000000 12.285012
470 0.000092 0.029354 600.000000 12.244898
470 0.000111 0.030945 700.000000 12.089810
480 0.000312 0.021522 100.000000 13.333333
480 0.000260 0.026726 200.000000 13.698630
480 0.000340 0.019612 300.000000 11.583012
480 0.000218 0.019967 400.000000 12.121212
480 0.000155 0.026702 500.000000 12.376238
480 0.000090 0.029311 600.000000 12.320329
480 0.000103 0.030482 700.000000 12.068966
490 0.000305 0.018194 100.000000 13.698630
490 0.000245 0.022555 200.000000 13.793103
490 0.000304 0.016500 300.000000 11.627907
490 0.000194 0.023446 400.000000 12.195122
490 0.000128 0.028143 500.000000 12.406948
490 0.000066 0.028489 600.000000 12.396694
490 0.000105 0.028844 700.000000 12.027492
500 0.000323 0.015260 100.000000 13.888889
500 0.000241 0.021257 200.000000 13.888889
500 0.000301 0.014276 300.000000 11.627907
500 0.000177 0.024283 400.000000 12.232416
500 0.000127 0.029312 500.000000 12.376238
500 0.000060 0.029246 600.000000 12.422360
500 0.000095 0.030180 700.000000 11.965812
510 0.000394 0.017184 100.000000 13.888889
510 0.000236 0.025079 200.000000 13.793103
510 0.000313 0.014144 300.000000 11.627907
510 0.000190 0.024816 400.000000 12.232416
510 0.000083 0.031321 500.000000 12.285012
510 0.000060 0.030614 600.000000 12.422360
520 0.000357 0.017380 100.000000 13.888889
520 0.000216 0.023408 200.000000 13.513514
520 0.000277 0.018712 300.000000 11.627907
520 0.000178 0.027875 400.000000 12.195122
520 0.000073 0.031842 500.000000 12.165450
520 0.000046 0.030150 600.000000 12.396694
530 0.000355 0.016478 100.000000 13.698630
530 0.000225 0.018393 200.000000 12.738853
530 0.000248 0.022195 300.000000 11.673152
530 0.000148 0.030120 400.000000 12.158054
530 0.000064 0.032248 500.000000 12.106538
530 0.000076 0.029650 600.000000 12.295082
540 0.000307 0.020113 100.000000 13.698630
540 0.000384 0.015992 200.000000 11.428572
540 0.000239 0.024262 300.000000 11.673152
540 0.000142 0.032103 400.000000 12.121212
540 0.000057 0.033432 500.000000 12.106538
540 0.000075 0.031680 600.000000 12.096774
550 0.000245 0.021126 100.000000 13.698630
550 0.000415 0.015080 200.000000 10.869565
550 0.000226 0.027744 300.000000 11.673152
550 0.000148 0.033417 400.000000 12.121212
550 0.000061 0.033302 500.000000 12.106538
550 0.000086 0.032315 600.000000 11.904762
560 0.000219 0.021123 100.000000 13.698630
560 0.000392 0.017295 200.000000 10.695188
560 0.000195 0.030634 300.000000 11.718750
560 0.000116 0.034605 400.000000 12.048193
560 0.000043 0.032556 500.000000 12.106538
560 0.000088 0.031519 600.000000 11.764706
570 0.000156 0.020601 100.000000 13.513514
570 0.000335 0.022970 200.000000 10.638298
570 0.000145 0.032762 300.000000 11.718750
570 0.000091 0.033895 400.000000 11.976048
570 0.000021 0.029572 500.000000 12.106538
570 0.000063 0.028175 600.000000 11.650485
580 0.000108 0.021011 100.000000 13.333333
580 0.000312 0.027988 200.000000 10.695188
580 0.000151 0.033998 300.000000 11.718750
580 0.000037 0.033970 400.000000 11.869436
580 0.000020 0.028230 500.000000 12.106538
590 0.000128 0.019597 100.000000 12.987013
590 0.000289 0.032255 200.000000 10.695188
590 0.000140 0.036388 300.000000 11.673152
590 0.000035 0.034525 400.000000 11.764706
590 0.000026 0.028847 500.000000 12.077294
600 0.000080 0.023176 100.000000 11.764706
600 0.000250 0.036246 200.000000 10.752688
600 0.000119 0.037435 300.000000 11.673152
600 0.000025 0.033682 400.000000 11.730206
600 0.000045 0.027278 500.000000 12.019231
610 0.000557 0.021911 100.000000 9.803922
610 0.000246 0.039986 200.000000 10.752688
610 0.000121 0.040939 300.000000 11.627907
610 0.000037 0.036171 400.000000 11.695907
610 0.000056 0.030453 500.000000 11.792453
620 0.000692 0.026371 100.000000 8.928572
620 0.000259 0.044100 200.000000 10.810811
620 0.000141 0.043663 300.000000 11.583012
620 0.000045 0.037436 400.000000 11.695907
620 0.000077 0.033154 500.000000 11.574074
630 0.000645 0.035165 100.000000 8.695652
630 0.000193 0.045911 200.000000 10.810811
630 0.000102 0.042222 300.000000 11.538462
630 0.000046 0.034028 400.000000 11.730206
630 0.000071 0.030258 500.000000 11.441648
640 0.000620 0.043062 100.000000 8.695652
640 0.000177 0.049768 200.000000 10.869565
640 0.000111 0.045395 300.000000 11.494253
640 0.000051 0.036305 400.000000 11.730206
640 0.000063 0.032956 500.000000 11.337869
650 0.000654 0.051758 100.000000 8.695652
650 0.000205 0.052418 200.000000 10.928962
650 0.000119 0.046810 300.000000 11.406844
650 0.000049 0.037247 400.000000 11.764706
650 0.000197 0.031248 500.000000 11.185682
660 0.000623 0.061107 100.000000 8.849558
660 0.000211 0.055790 200.000000 10.989011
660 0.000063 0.047740 300.000000 11.363636
660 0.000053 0.038120 400.000000 11.799410
670 0.000645 0.072637 100.000000 9.090909
670 0.000249 0.063241 200.000000 11.111111
670 0.000085 0.053503 300.000000 11.406844
670 0.000051 0.043413 400.000000 11.869436
680 0.000598 0.076734 100.000000 9.523809
680 0.000219 0.064465 200.000000 11.363636
680 0.000071 0.052983 300.000000 11.538462
680 0.000071 0.042454 400.000000 11.976048
690 0.000341 0.042135 100.000000 10.101010
690 0.000068 0.034251 200.000000 11.764706
690 0.000059 0.022252 300.000000 11.811024
690 0.000034 0.014490 400.000000 12.121212
700 0.000159 0.017197 100.000000 10.869565
700 0.000094 0.017581 200.000000 12.195122
700 0.000155 0.011758 300.000000 12.096774
700 0.000074 0.020536 400.000000 12.232416
710 0.000192 0.017526 100.000000 11.627907
710 0.000114 0.019198 200.000000 12.658228
710 0.000148 0.015974 300.000000 12.396694
710 0.000088 0.024218 400.000000 12.383901
720 0.000212 0.017419 100.000000 12.500000
720 0.000141 0.023766 200.000000 13.071896
720 0.000176 0.026127 300.000000 12.711864
720 0.000069 0.034224 400.000000 12.422360
730 0.000237 0.017593 100.000000 13.333333
730 0.000141 0.025142 200.000000 13.422819
730 0.000184 0.028605 300.000000 12.931034
730 0.000084 0.035206 400.000000 12.422360
740 0.000262 0.020043 100.000000 13.888889
740 0.000130 0.026966 200.000000 13.605442
740 0.000186 0.031438 300.000000 13.100436
740 0.000096 0.036985 400.000000 12.383901
750 0.000238 0.018345 100.000000 14.285714
750 0.000155 0.025533 200.000000 13.605442
750 0.000196 0.029599 300.000000 13.215859
750 0.000070 0.034325 400.000000 12.269938
760 0.000263 0.020228 100.000000 14.285714
760 0.000192 0.026588 200.000000 13.422819
760 0.000211 0.032368 300.000000 13.215859
760 0.000030 0.038394 400.000000 12.084592
770 0.000196 0.022352 100.000000 14.084507
770 0.000251 0.022046 200.000000 13.071896
770 0.000218 0.034361 300.000000 13.215859
780 0.000153 0.022428 100.000000 13.888889
780 0.000198 0.021382 200.000000 12.820513
780 0.000176 0.032706 300.000000 13.100436
790 0.000204 0.022302 100.000000 13.698630
790 0.000252 0.020994 200.000000 12.738853
790 0.000124 0.032210 300.000000 12.711864
800 0.000081 0.023061 100.000000 13.333333
800 0.000169 0.022211 200.000000 12.658228
800 0.000072 0.029637 300.000000 12.244898
810 0.000060 0.021872 100.000000 13.157895
810 0.000181 0.018983 200.000000 12.658228
810 0.000076 0.024090 300.000000 11.904762
820 0.000101 0.020452 100.000000 12.820513
820 0.000196 0.017371 200.000000 12.658228
820 0.000036 0.020863 300.000000 11.627907
830 0.000124 0.019107 100.000000 12.345679
830 0.000249 0.024613 200.000000 12.658228
830 0.000180 0.032364 300.000000 11.363636
840 0.000346 0.015581 100.000000 12.048193
840 0.000238 0.026167 200.000000 12.658228
850 0.000343 0.016883 100.000000 11.764706
850 0.000204 0.027833 200.000000 12.578616
860 0.000327 0.013767 100.000000 11.627907
860 0.000106 0.020841 200.000000 12.269938
870 0.000332 0.020519 100.000000 11.764706
870 0.000083 0.024787 200.000000 11.764706
880 0.000291 0.028030 100.000000 11.904762
880 0.000091 0.029064 200.000000 11.363636
890 0.000279 0.025622 100.000000 12.048193
890 0.000085 0.024103 200.000000 11.111111
900 0.000343 0.027613 100.000000 12.345679
900 0.000090 0.024663 200.000000 10.989011
910 0.000351 0.028692 100.000000 12.658228
910 0.000328 0.031945 200.000000 10.810811
920 0.000182 0.018684 100.000000 12.987013
930 0.000092 0.017105 100.000000 13.333333
940 0.000142 0.017575 100.000000 13.157895
950 0.000156 0.017465 100.000000 12.048193
960 0.000246 0.008406 100.000000 10.989011
970 0.000304 0.008594 100.000000 10.204082
980 0.000328 0.013488 100.000000 9.708738
990 0.000940 0.009417 100.000000 9.090909
