0 0.000731 0.016856 100.000000 5.780347
0 0.000588 0.047078 200.000000 6.329114
0 0.000479 0.042560 300.000000 6.711410
0 0.000346 0.028376 400.000000 6.908463
0 0.000180 0.037750 500.000000 6.289308
0 0.000163 0.034769 600.000000 6.734007
10 0.000720 0.016069 100.000000 6.060606
10 0.000583 0.045275 200.000000 6.430868
10 0.000472 0.041252 300.000000 6.833713
10 0.000345 0.027758 400.000000 7.005254
10 0.000182 0.037131 500.000000 6.361323
10 0.000161 0.034463 600.000000 6.795017
20 0.000763 0.018683 100.000000 6.369427
20 0.000649 0.048145 200.000000 6.451613
20 0.000489 0.044305 300.000000 6.944445
20 0.000352 0.029389 400.000000 7.104796
20 0.000181 0.038078 500.000000 6.426735
20 0.000165 0.035078 600.000000 6.841505
30 0.000714 0.018276 100.000000 6.622517
30 0.000616 0.043990 200.000000 6.514658
30 0.000480 0.040411 300.000000 7.025761
30 0.000332 0.027069 400.000000 7.207207
30 0.000169 0.036560 500.000000 6.493506
30 0.000150 0.034238 600.000000 6.880734
40 0.000699 0.021726 100.000000 6.849315
40 0.000622 0.043538 200.000000 6.557377
40 0.000483 0.040439 300.000000 7.058824
40 0.000329 0.027470 400.000000 7.285975
40 0.000161 0.036652 500.000000 6.553080
40 0.000150 0.034217 600.000000 6.888634
50 0.000724 0.024604 100.000000 6.993007
50 0.000617 0.043158 200.000000 6.600660
50 0.000486 0.040746 300.000000 7.042253
50 0.000308 0.027255 400.000000 7.352941
50 0.000152 0.037330 500.000000 6.596306
50 0.000154 0.034433 600.000000 6.880734
60 0.000737 0.028326 100.000000 7.092198
60 0.000600 0.041930 200.000000 6.622517
60 0.000421 0.038815 300.000000 6.976744
60 0.000309 0.028585 400.000000 7.393715
60 0.000152 0.037788 500.000000 6.631300
60 0.000151 0.034332 600.000000 6.872852
70 0.000752 0.032205 100.000000 7.142857
70 0.000603 0.040568 200.000000 6.644518
70 0.000413 0.036560 300.000000 6.928406
70 0.000298 0.030352 400.000000 7.421150
70 0.000147 0.038297 500.000000 6.657790
70 0.000149 0.034036 600.000000 6.864988
80 0.000742 0.033042 100.000000 7.142857
80 0.000580 0.036872 200.000000 6.688963
80 0.000363 0.032261 300.000000 6.912442
80 0.000299 0.030600 400.000000 7.434944
80 0.000135 0.038304 500.000000 6.675568
80 0.000132 0.033621 600.000000 6.857143
90 0.000715 0.031346 100.000000 7.142857
90 0.000516 0.031052 200.000000 6.711410
90 0.000332 0.027960 300.000000 6.928406
90 0.000295 0.030630 400.000000 7.421150
90 0.000140 0.037200 500.000000 6.702413
90 0.000130 0.033214 600.000000 6.841505
100 0.000673 0.030280 100.000000 7.092198
100 0.000497 0.027664 200.000000 6.756757
100 0.000306 0.025578 300.000000 6.960557
100 0.000189 0.038095 400.000000 7.259528
100 0.000128 0.036947 500.000000 6.720430
100 0.000125 0.032894 600.000000 6.825939
110 0.000686 0.034946 100.000000 7.092198
110 0.000507 0.029552 200.000000 6.802721
110 0.000348 0.024769 300.000000 6.976744
110 0.000193 0.040027 400.000000 6.201550
110 0.000128 0.037492 500.000000 6.747638
110 0.000125 0.032705 600.000000 6.795017
120 0.000668 0.033919 100.000000 7.142857
120 0.000489 0.029838 200.000000 6.872852
120 0.000320 0.024461 300.000000 7.025761
120 0.000182 0.039763 400.000000 6.201550
120 0.000119 0.037796 500.000000 6.784261
120 0.000131 0.032823 600.000000 6.764374
130 0.000712 0.035468 100.000000 7.352941
130 0.000509 0.031985 200.000000 6.993007
130 0.000332 0.025882 300.000000 7.092198
130 0.000183 0.040884 400.000000 6.240250
130 0.000123 0.038533 500.000000 6.830601
130 0.000133 0.033012 600.000000 6.703911
140 0.000750 0.036023 100.000000 7.575758
140 0.000508 0.032886 200.000000 7.142857
140 0.000338 0.026781 300.000000 7.177033
140 0.000181 0.041259 400.000000 6.289308
140 0.000123 0.038837 500.000000 6.887053
140 0.000121 0.033036 600.000000 6.637168
150 0.000665 0.028355 100.000000 7.692307
150 0.000477 0.029562 200.000000 7.220217
150 0.000308 0.025127 300.000000 7.246377
150 0.000195 0.038232 400.000000 6.339144
150 0.000112 0.037742 500.000000 6.925208
150 0.000115 0.033289 600.000000 6.578948
160 0.000521 0.019699 100.000000 7.692307
160 0.000387 0.024486 200.000000 7.272727
160 0.000239 0.022270 300.000000 7.299270
160 0.000192 0.034632 400.000000 6.379585
160 0.000091 0.035755 500.000000 6.954103
160 0.000097 0.033042 600.000000 6.514658
170 0.000466 0.016529 100.000000 7.142857
170 0.000359 0.024184 200.000000 7.272727
170 0.000246 0.020684 300.000000 7.352941
170 0.000190 0.033422 400.000000 6.410256
170 0.000092 0.035672 500.000000 6.954103
180 0.000556 0.012216 100.000000 6.329114
180 0.000368 0.023942 200.000000 7.194244
180 0.000235 0.019925 300.000000 7.389163
180 0.000184 0.032979 400.000000 6.451613
180 0.000083 0.035769 500.000000 6.915629
190 0.000534 0.008816 100.000000 6.172840
190 0.000382 0.024094 200.000000 7.042253
190 0.000193 0.018184 300.000000 7.444169
190 0.000174 0.033257 400.000000 6.482982
190 0.000090 0.035922 500.000000 6.849315
200 0.000505 0.006661 100.000000 6.134969
200 0.000282 0.022612 200.000000 6.849315
200 0.000200 0.017700 300.000000 7.462687
200 0.000181 0.033463 400.000000 6.514658
200 0.000088 0.036553 500.000000 6.811989
210 0.000465 0.007387 100.000000 6.172840
210 0.000239 0.021041 200.000000 6.779661
210 0.000187 0.017191 300.000000 7.481297
210 0.000190 0.033487 400.000000 6.535948
210 0.000093 0.036299 500.000000 6.793478
220 0.000479 0.008330 100.000000 6.211180
220 0.000231 0.018858 200.000000 6.779661
220 0.000212 0.016601 300.000000 7.500000
220 0.000191 0.033620 400.000000 6.557377
220 0.000103 0.036794 500.000000 6.784261
230 0.000359 0.009066 100.000000 6.289308
230 0.000217 0.015937 200.000000 6.802721
230 0.000204 0.013968 300.000000 7.500000
230 0.000191 0.033343 400.000000 6.589786
230 0.000107 0.036800 500.000000 6.775068
240 0.000372 0.009967 100.000000 6.410256
240 0.000239 0.015352 200.000000 6.849315
240 0.000235 0.022105 300.000000 7.263923
240 0.000190 0.033623 400.000000 6.622517
240 0.000129 0.036890 500.000000 6.756757
250 0.000379 0.012389 100.000000 6.493506
250 0.000306 0.014189 200.000000 6.896552
250 0.000381 0.023836 300.000000 5.940594
250 0.000183 0.034557 400.000000 6.655574
250 0.000140 0.037174 500.000000 6.729475
260 0.000370 0.013869 100.000000 6.578948
260 0.000295 0.013887 200.000000 6.920415
260 0.000372 0.023217 300.000000 5.917160
260 0.000186 0.035207 400.000000 6.688963
260 0.000140 0.037494 500.000000 6.666667
270 0.000336 0.012525 100.000000 6.666667
270 0.000311 0.011559 200.000000 6.944445
270 0.000386 0.020418 300.000000 5.928854
270 0.000185 0.035646 400.000000 6.711410
270 0.000152 0.037689 500.000000 6.476684
280 0.000345 0.013269 100.000000 6.756757
280 0.000325 0.011566 200.000000 7.017544
280 0.000398 0.020556 300.000000 5.964215
280 0.000177 0.036616 400.000000 6.745363
280 0.000159 0.038275 500.000000 6.361323
290 0.000360 0.016654 100.000000 6.849315
290 0.000309 0.013040 200.000000 7.092198
290 0.000385 0.022479 300.000000 6.024096
290 0.000181 0.037397 400.000000 6.779661
290 0.000157 0.038602 500.000000 6.297229
300 0.000370 0.019838 100.000000 7.042253
300 0.000309 0.013627 200.000000 7.246377
300 0.000365 0.024950 300.000000 6.097561
300 0.000179 0.038346 400.000000 6.825939
310 0.000355 0.019728 100.000000 7.352941
310 0.000323 0.013742 200.000000 7.434944
310 0.000375 0.024236 300.000000 6.198347
310 0.000187 0.038576 400.000000 6.896552
320 0.000313 0.017470 100.000000 7.751938
320 0.000311 0.013575 200.000000 7.662835
320 0.000374 0.023746 300.000000 6.302521
320 0.000189 0.038780 400.000000 6.980803
330 0.000261 0.015514 100.000000 8.130081
330 0.000302 0.015260 200.000000 7.905138
330 0.000385 0.022667 300.000000 6.410256
330 0.000195 0.039955 400.000000 7.042253
340 0.000256 0.016347 100.000000 8.264462
340 0.000261 0.016540 200.000000 8.097166
340 0.000374 0.024499 300.000000 6.493506
340 0.000183 0.040807 400.000000 7.054674
350 0.000249 0.016496 100.000000 8.064516
350 0.000202 0.014380 200.000000 8.230453
350 0.000350 0.026718 300.000000 6.564551
350 0.000183 0.041209 400.000000 7.029877
360 0.000109 0.014735 100.000000 7.692307
360 0.000175 0.013977 200.000000 8.298756
360 0.000341 0.028865 300.000000 6.622517
360 0.000173 0.041091 400.000000 6.980803
370 0.000092 0.013559 100.000000 7.462687
370 0.000203 0.014553 200.000000 8.333333
370 0.000354 0.032035 300.000000 6.637168
370 0.000173 0.041899 400.000000 6.956522
380 0.000220 0.012512 100.000000 7.352941
380 0.000194 0.017128 200.000000 8.298756
380 0.000333 0.034867 300.000000 6.666667
380 0.000180 0.041993 400.000000 6.920415
390 0.000260 0.013249 100.000000 7.299270
390 0.000223 0.014875 200.000000 8.163265
390 0.000296 0.037513 300.000000 6.666667
390 0.000167 0.041343 400.000000 6.872852
400 0.000390 0.014026 100.000000 7.299270
400 0.000639 0.014124 200.000000 5.714286
400 0.000293 0.041674 300.000000 6.681514
400 0.000189 0.044034 400.000000 6.802721
410 0.000388 0.014394 100.000000 7.246377
410 0.000625 0.015962 200.000000 5.617978
410 0.000289 0.043509 300.000000 6.696429
410 0.000181 0.044058 400.000000 6.677796
420 0.000435 0.017171 100.000000 7.194244
420 0.000637 0.018741 200.000000 5.602241
420 0.000272 0.047360 300.000000 6.711410
420 0.000204 0.045815 400.000000 6.369427
430 0.000526 0.021746 100.000000 7.246377
430 0.000654 0.023591 200.000000 5.633803
430 0.000265 0.051658 300.000000 6.726458
430 0.000200 0.048421 400.000000 6.211180
440 0.000491 0.023502 100.000000 7.352941
440 0.000612 0.028937 200.000000 5.681818
440 0.000274 0.053376 300.000000 6.726458
450 0.000450 0.023194 100.000000 7.575758
450 0.000588 0.031718 200.000000 5.763689
450 0.000265 0.054025 300.000000 6.726458
460 0.000442 0.030681 100.000000 7.874016
460 0.000602 0.037432 200.000000 5.847953
460 0.000266 0.058789 300.000000 6.711410
470 0.000454 0.032521 100.000000 8.196721
470 0.000607 0.042086 200.000000 5.952381
470 0.000282 0.062402 300.000000 6.711410
480 0.000386 0.026809 100.000000 8.547009
480 0.000563 0.041068 200.000000 6.060606
480 0.000257 0.058168 300.000000 6.726458
490 0.000302 0.018454 100.000000 8.928572
490 0.000510 0.040395 200.000000 6.172840
490 0.000221 0.053376 300.000000 6.756757
500 0.000330 0.018233 100.000000 9.259259
500 0.000520 0.042561 200.000000 6.250000
500 0.000223 0.052901 300.000000 6.772009
510 0.000253 0.009538 100.000000 9.433962
510 0.000445 0.043993 200.000000 6.309148
510 0.000192 0.048406 300.000000 6.772009
520 0.000204 0.009217 100.000000 9.345795
520 0.000364 0.046267 200.000000 6.349206
520 0.000154 0.045838 300.000000 6.741573
530 0.000457 0.045170 100.000000 8.196721
530 0.000332 0.048599 200.000000 6.369427
530 0.000165 0.044990 300.000000 6.666667
540 0.001039 0.049983 100.000000 4.587156
540 0.000354 0.053344 200.000000 6.410256
540 0.000195 0.047214 300.000000 6.593407
550 0.000972 0.052143 100.000000 4.545455
550 0.000330 0.054808 200.000000 6.430868
550 0.000190 0.046226 300.000000 6.396588
560 0.000974 0.055305 100.000000 4.566210
560 0.000307 0.056400 200.000000 6.472492
560 0.000194 0.045054 300.000000 6.048387
570 0.000867 0.060289 100.000000 4.587156
570 0.000284 0.055936 200.000000 6.451613
570 0.000175 0.043553 300.000000 5.847953
580 0.000859 0.062934 100.000000 4.608295
580 0.000304 0.060487 200.000000 6.349206
590 0.000798 0.071615 100.000000 4.651163
590 0.000249 0.065883 200.000000 6.134969
600 0.000832 0.078898 100.000000 4.672897
600 0.000247 0.069912 200.000000 5.988024
610 0.000820 0.082020 100.000000 4.694836
610 0.000232 0.066710 200.000000 5.934718
620 0.000817 0.087502 100.000000 4.739336
620 0.000275 0.069997 200.000000 5.899705
630 0.000790 0.094133 100.000000 4.807693
630 0.000269 0.072067 200.000000 5.899705
640 0.000758 0.087404 100.000000 4.950495
640 0.000265 0.064021 200.000000 5.952381
650 0.000303 0.036624 100.000000 5.154639
650 0.000172 0.017976 200.000000 6.060606
660 0.000345 0.048811 100.000000 5.405406
660 0.000151 0.027910 200.000000 6.230530
670 0.000327 0.041759 100.000000 5.714286
670 0.000172 0.021694 200.000000 6.430868
680 0.000328 0.041379 100.000000 6.060606
680 0.000174 0.021284 200.000000 6.644518
690 0.000331 0.039572 100.000000 6.451613
690 0.000179 0.019365 200.000000 6.849315
700 0.000334 0.038427 100.000000 6.896552
700 0.000185 0.018249 200.000000 7.092198
710 0.000337 0.038368 100.000000 7.407407
710 0.000186 0.018175 200.000000 7.352941
720 0.000323 0.031053 100.000000 8.000000
720 0.000203 0.011913 200.000000 7.633588
730 0.000474 0.015016 100.000000 8.695652
730 0.000327 0.017599 200.000000 7.936508
740 0.000540 0.018869 100.000000 9.345795
740 0.000357 0.022845 200.000000 8.163265
750 0.000544 0.018424 100.000000 10.101010
750 0.000332 0.021971 200.000000 8.333333
760 0.000544 0.019608 100.000000 10.526316
760 0.000339 0.021359 200.000000 8.333333
770 0.000542 0.020859 100.000000 10.869565
770 0.000353 0.021052 200.000000 7.843137
780 0.000623 0.026225 100.000000 10.869565
780 0.000320 0.025103 200.000000 7.067138
790 0.000510 0.024256 100.000000 10.526316
800 0.000525 0.023021 100.000000 9.433962
810 0.000500 0.016291 100.000000 8.403361
820 0.000487 0.015982 100.000000 8.000000
830 0.000390 0.011137 100.000000 7.692307
840 0.000307 0.008845 100.000000 7.352941
850 0.000156 0.007145 100.000000 6.944445
860 0.000215 0.006743 100.000000 6.134969
870 0.000131 0.009170 100.000000 5.208333
880 0.000148 0.008749 100.000000 4.807693
