0 0.000280 0.020154 100.000000 7.692307
0 0.000877 0.070443 200.000000 7.782101
0 0.000664 0.076447 300.000000 7.772021
0 0.000509 0.082719 400.000000 8.130081
0 0.000412 0.092231 500.000000 8.000000
0 0.000354 0.097763 600.000000 7.947020
0 0.000309 0.102135 700.000000 8.495146
0 0.000232 0.088391 800.000000 8.501594
10 0.000238 0.018835 100.000000 8.196721
10 0.000865 0.069221 200.000000 8.000000
10 0.000651 0.075543 300.000000 7.936508
10 0.000549 0.082456 400.000000 8.264462
10 0.000403 0.091449 500.000000 7.961783
10 0.000350 0.096913 600.000000 8.032128
10 0.000305 0.101247 700.000000 8.578431
10 0.000231 0.086729 800.000000 8.574491
20 0.000254 0.014309 100.000000 8.620689
20 0.000886 0.071705 200.000000 8.130081
20 0.000662 0.080586 300.000000 8.064516
20 0.000551 0.087688 400.000000 8.385744
20 0.000396 0.096757 500.000000 7.911392
20 0.000348 0.102289 600.000000 8.108109
20 0.000303 0.105946 700.000000 8.663366
20 0.000233 0.089385 800.000000 8.629990
30 0.000271 0.016286 100.000000 8.928572
30 0.000903 0.076188 200.000000 8.230453
30 0.000670 0.086912 300.000000 8.130081
30 0.000558 0.093218 400.000000 8.456659
30 0.000398 0.102184 500.000000 7.861635
30 0.000354 0.106613 600.000000 8.174387
30 0.000302 0.111228 700.000000 8.728180
30 0.000235 0.091978 800.000000 8.648648
40 0.000658 0.029628 100.000000 9.009009
40 0.000924 0.083361 200.000000 8.230453
40 0.000694 0.095219 300.000000 8.174387
40 0.000561 0.100941 400.000000 8.510638
40 0.000409 0.109748 500.000000 7.836991
40 0.000365 0.112975 600.000000 8.230453
40 0.000305 0.118543 700.000000 8.771930
40 0.000247 0.095433 800.000000 8.519702
50 0.000647 0.035249 100.000000 9.090909
50 0.000942 0.090108 200.000000 8.163265
50 0.000715 0.102179 300.000000 8.174387
50 0.000562 0.106911 400.000000 8.528785
50 0.000418 0.115212 500.000000 7.824726
50 0.000375 0.118285 600.000000 8.275862
50 0.000306 0.123551 700.000000 8.793970
50 0.000261 0.096972 800.000000 8.281573
60 0.000605 0.039939 100.000000 9.090909
60 0.000938 0.095422 200.000000 8.130081
60 0.000703 0.105866 300.000000 8.196721
60 0.000631 0.111702 400.000000 8.510638
60 0.000427 0.117809 500.000000 7.836991
60 0.000366 0.120831 600.000000 8.321775
60 0.000314 0.125786 700.000000 8.760951
60 0.000267 0.096278 800.000000 8.255934
70 0.000609 0.043566 100.000000 9.174312
70 0.000935 0.101215 200.000000 8.130081
70 0.000715 0.110941 300.000000 8.241758
70 0.000544 0.117404 400.000000 8.474576
70 0.000430 0.122355 500.000000 7.861635
70 0.000371 0.123956 600.000000 8.368201
70 0.000312 0.128993 700.000000 8.695652
70 0.000275 0.096749 800.000000 8.255934
80 0.001000 0.061981 100.000000 9.174312
80 0.000951 0.108435 200.000000 8.097166
80 0.000733 0.116282 300.000000 8.264462
80 0.000548 0.122711 400.000000 8.456659
80 0.000442 0.127142 500.000000 7.886436
80 0.000390 0.128025 600.000000 8.426967
80 0.000301 0.130148 700.000000 8.663366
80 0.000287 0.097129 800.000000 8.255934
90 0.001890 0.112138 100.000000 8.928572
90 0.000955 0.115453 200.000000 8.000000
90 0.000727 0.120162 300.000000 8.241758
90 0.000545 0.126077 400.000000 8.403361
90 0.000445 0.130012 500.000000 7.898894
90 0.000401 0.131159 600.000000 8.462624
90 0.000311 0.129879 700.000000 8.631319
90 0.000284 0.096937 800.000000 8.255934
100 0.001509 0.098986 100.000000 8.620689
100 0.000666 0.078659 200.000000 7.905138
100 0.000556 0.082561 300.000000 8.219178
100 0.000408 0.088360 400.000000 8.333333
100 0.000342 0.090639 500.000000 7.911392
100 0.000300 0.090779 600.000000 8.498584
100 0.000214 0.084818 700.000000 8.610086
100 0.000219 0.064461 800.000000 8.247422
110 0.001523 0.101227 100.000000 8.333333
110 0.000640 0.083796 200.000000 7.843137
110 0.000577 0.086513 300.000000 8.219178
110 0.000424 0.091745 400.000000 8.281573
110 0.000351 0.093858 500.000000 7.923930
110 0.000310 0.093730 600.000000 8.547009
110 0.000231 0.083604 700.000000 8.610086
110 0.000214 0.064690 800.000000 8.247422
120 0.001515 0.116948 100.000000 8.000000
120 0.000639 0.086406 200.000000 7.812500
120 0.000600 0.088658 300.000000 8.241758
120 0.000452 0.093477 400.000000 8.230453
120 0.000364 0.095119 500.000000 7.949126
120 0.000317 0.095090 600.000000 8.583691
120 0.000232 0.081584 700.000000 8.620689
120 0.000221 0.063539 800.000000 8.238929
130 0.001551 0.120151 100.000000 7.751938
130 0.000875 0.097363 200.000000 7.782101
130 0.000602 0.094730 300.000000 8.264462
130 0.000458 0.099382 400.000000 7.968128
130 0.000383 0.100274 500.000000 7.987220
130 0.000325 0.100513 600.000000 8.633094
130 0.000232 0.083471 700.000000 8.620689
130 0.000229 0.065471 800.000000 8.213552
140 0.001569 0.123523 100.000000 7.575758
140 0.000878 0.103805 200.000000 7.751938
140 0.000669 0.100138 300.000000 8.287292
140 0.000446 0.103810 400.000000 7.619048
140 0.000381 0.104519 500.000000 8.025682
140 0.000322 0.104952 600.000000 8.683068
140 0.000234 0.084828 700.000000 8.599508
140 0.000226 0.067097 800.000000 8.113590
150 0.001510 0.110698 100.000000 7.462687
150 0.000878 0.102632 200.000000 7.751938
150 0.000666 0.104281 300.000000 8.310249
150 0.000459 0.104602 400.000000 7.561437
150 0.000396 0.101211 500.000000 8.064516
150 0.000326 0.098693 600.000000 8.708273
150 0.000245 0.072766 700.000000 8.413462
160 0.001534 0.118805 100.000000 7.352941
160 0.000910 0.110252 200.000000 7.751938
160 0.000677 0.111558 300.000000 8.310249
160 0.000469 0.109927 400.000000 7.547170
160 0.000408 0.105575 500.000000 8.116883
160 0.000337 0.103308 600.000000 8.720930
160 0.000261 0.074464 700.000000 8.158508
170 0.001548 0.128550 100.000000 7.246377
170 0.000916 0.116872 200.000000 7.782101
170 0.000640 0.118715 300.000000 8.287292
170 0.000489 0.114585 400.000000 7.561437
170 0.000403 0.109507 500.000000 8.169934
170 0.000345 0.107393 600.000000 8.670520
170 0.000268 0.075676 700.000000 8.130081
180 0.001553 0.136309 100.000000 7.194244
180 0.000961 0.122406 200.000000 7.812500
180 0.000651 0.123202 300.000000 8.241758
180 0.000509 0.118416 400.000000 7.575758
180 0.000429 0.110513 500.000000 8.223684
180 0.000350 0.108266 600.000000 8.595988
180 0.000284 0.075403 700.000000 8.130081
190 0.000880 0.083851 100.000000 7.194244
190 0.000668 0.072054 200.000000 7.843137
190 0.000454 0.072776 300.000000 8.219178
190 0.000376 0.065135 400.000000 7.619048
190 0.000316 0.054382 500.000000 8.291874
190 0.000261 0.047791 600.000000 8.571428
190 0.000202 0.030402 700.000000 8.139535
200 0.000373 0.029030 100.000000 7.194244
200 0.000553 0.031322 200.000000 7.874016
200 0.000382 0.039454 300.000000 8.219178
200 0.000330 0.034418 400.000000 7.648183
200 0.000261 0.028201 500.000000 8.347245
200 0.000244 0.016291 600.000000 8.571428
200 0.000160 0.012184 700.000000 8.149011
210 0.000237 0.007121 100.000000 7.194244
210 0.000517 0.014733 200.000000 7.968128
210 0.000357 0.026389 300.000000 8.219178
210 0.000313 0.028987 400.000000 7.707129
210 0.000236 0.036917 500.000000 8.417508
210 0.000138 0.036358 600.000000 8.583691
210 0.000149 0.031240 700.000000 8.168028
220 0.000253 0.008953 100.000000 7.299270
220 0.000566 0.016167 200.000000 8.032128
220 0.000378 0.027262 300.000000 8.219178
220 0.000325 0.029610 400.000000 7.751938
220 0.000246 0.037488 500.000000 8.503402
220 0.000153 0.036749 600.000000 8.608321
220 0.000151 0.032025 700.000000 8.196721
230 0.000261 0.009039 100.000000 7.352941
230 0.000601 0.015723 200.000000 8.130081
230 0.000386 0.025935 300.000000 8.241758
230 0.000337 0.027949 400.000000 7.812500
230 0.000259 0.036548 500.000000 8.576329
230 0.000158 0.036723 600.000000 8.645534
230 0.000155 0.032071 700.000000 8.225616
240 0.000357 0.016721 100.000000 7.462687
240 0.000718 0.019874 200.000000 8.264462
240 0.000475 0.028395 300.000000 8.264462
240 0.000386 0.031809 400.000000 7.889546
240 0.000303 0.041253 500.000000 8.665511
240 0.000202 0.042268 600.000000 8.695652
240 0.000193 0.037415 700.000000 8.244994
250 0.000341 0.015194 100.000000 7.633588
250 0.000732 0.014957 200.000000 8.403361
250 0.000497 0.022979 300.000000 8.241758
250 0.000388 0.026728 400.000000 7.968128
250 0.000300 0.037607 500.000000 8.741259
250 0.000192 0.039478 600.000000 8.746356
250 0.000197 0.036063 700.000000 8.274232
260 0.001123 0.007583 100.000000 7.751938
260 0.000807 0.017816 200.000000 8.510638
260 0.000505 0.025255 300.000000 7.853403
260 0.000389 0.029265 400.000000 8.032128
260 0.000297 0.039104 500.000000 8.833922
260 0.000193 0.039690 600.000000 8.771930
260 0.000193 0.035888 700.000000 8.264462
270 0.001071 0.008124 100.000000 7.874016
270 0.000791 0.018800 200.000000 8.620689
270 0.000493 0.025221 300.000000 7.633588
270 0.000386 0.028932 400.000000 8.113590
270 0.000299 0.038619 500.000000 8.912656
270 0.000193 0.038613 600.000000 8.784773
270 0.000192 0.035129 700.000000 8.196721
280 0.001041 0.006380 100.000000 7.936508
280 0.000783 0.019335 200.000000 8.733624
280 0.000480 0.023874 300.000000 7.575758
280 0.000364 0.028375 400.000000 8.196721
280 0.000296 0.035760 500.000000 8.976661
280 0.000186 0.035401 600.000000 8.670520
290 0.001088 0.008095 100.000000 8.064516
290 0.000788 0.022349 200.000000 8.810573
290 0.000479 0.026221 300.000000 7.575758
290 0.000374 0.032467 400.000000 8.264462
290 0.000303 0.037068 500.000000 9.025270
290 0.000200 0.035600 600.000000 8.321775
300 0.001054 0.008565 100.000000 8.196721
300 0.000798 0.023393 200.000000 8.888889
300 0.000469 0.026778 300.000000 7.614213
300 0.000371 0.032154 400.000000 8.350731
300 0.000314 0.036850 500.000000 9.041592
300 0.000196 0.035249 600.000000 8.275862
310 0.001060 0.005120 100.000000 8.333333
310 0.000598 0.025816 200.000000 8.849558
310 0.000465 0.022144 300.000000 7.653061
310 0.000355 0.027424 400.000000 8.438819
310 0.000318 0.033006 500.000000 8.976661
310 0.000189 0.032571 600.000000 8.275862
320 0.001072 0.005687 100.000000 8.403361
320 0.000569 0.025303 200.000000 8.810573
320 0.000451 0.021622 300.000000 7.692307
320 0.000349 0.030588 400.000000 8.528785
320 0.000297 0.033276 500.000000 8.896797
320 0.000185 0.031876 600.000000 8.287292
330 0.001058 0.008896 100.000000 8.547009
330 0.000571 0.026484 200.000000 8.810573
330 0.000451 0.023486 300.000000 7.751938
330 0.000337 0.033302 400.000000 8.602151
330 0.000302 0.035521 500.000000 8.880995
330 0.000193 0.033392 600.000000 8.310249
340 0.001207 0.013208 100.000000 8.620689
340 0.000611 0.028591 200.000000 8.771930
340 0.000466 0.026126 300.000000 7.812500
340 0.000341 0.036262 400.000000 8.695652
340 0.000305 0.037611 500.000000 8.896797
340 0.000207 0.035387 600.000000 8.321775
350 0.001160 0.013858 100.000000 8.771930
350 0.000582 0.025904 200.000000 8.733624
350 0.000449 0.022416 300.000000 7.853403
350 0.000329 0.032638 400.000000 8.791209
350 0.000181 0.035056 500.000000 8.896797
350 0.000192 0.033009 600.000000 8.344924
360 0.001154 0.009433 100.000000 8.928572
360 0.000578 0.018915 200.000000 8.733624
360 0.000437 0.015003 300.000000 7.915567
360 0.000322 0.028431 400.000000 8.869180
360 0.000176 0.032787 500.000000 8.928572
360 0.000181 0.031533 600.000000 8.356546
370 0.001181 0.012401 100.000000 9.090909
370 0.000582 0.018151 200.000000 8.658009
370 0.000432 0.013681 300.000000 7.978724
370 0.000322 0.027167 400.000000 8.968610
370 0.000187 0.031354 500.000000 8.960573
370 0.000185 0.030910 600.000000 8.368201
380 0.001193 0.014357 100.000000 9.174312
380 0.000609 0.016790 200.000000 8.510638
380 0.000437 0.011438 300.000000 8.042895
380 0.000311 0.025362 400.000000 9.049774
380 0.000175 0.029427 500.000000 8.976661
380 0.000185 0.029541 600.000000 8.379889
390 0.000583 0.008045 100.000000 9.345795
390 0.000259 0.012659 200.000000 7.692307
390 0.000186 0.013993 300.000000 8.130081
390 0.000133 0.020017 400.000000 9.153318
390 0.000052 0.018011 500.000000 8.992805
390 0.000050 0.014080 600.000000 8.321775
400 0.000533 0.007497 100.000000 9.523809
400 0.000239 0.011507 200.000000 7.407407
400 0.000161 0.013788 300.000000 8.196721
400 0.000136 0.017190 400.000000 9.216590
400 0.000041 0.015739 500.000000 8.944544
400 0.000049 0.012284 600.000000 8.064516
410 0.000488 0.010611 100.000000 9.615385
410 0.000225 0.013258 200.000000 7.326007
410 0.000160 0.019391 300.000000 8.287292
410 0.000153 0.018397 400.000000 9.280743
410 0.000036 0.015840 500.000000 8.445946
420 0.000583 0.012359 100.000000 9.523809
420 0.000208 0.015631 200.000000 7.299270
420 0.000161 0.019451 300.000000 8.379889
420 0.000158 0.018633 400.000000 9.237875
420 0.000031 0.016292 500.000000 8.278146
430 0.000161 0.032129 100.000000 9.259259
430 0.000216 0.016187 200.000000 7.326007
430 0.000152 0.019348 300.000000 8.450705
430 0.000170 0.017519 400.000000 9.090909
430 0.000020 0.015277 500.000000 8.250825
440 0.000061 0.031348 100.000000 9.090909
440 0.000180 0.014658 200.000000 7.352941
440 0.000117 0.023048 300.000000 8.547009
440 0.000156 0.014547 400.000000 8.968610
440 0.000025 0.012695 500.000000 8.237232
450 0.000090 0.030694 100.000000 8.928572
450 0.000147 0.013542 200.000000 7.380074
450 0.000077 0.021804 300.000000 8.645534
450 0.000124 0.012284 400.000000 8.928572
450 0.000022 0.011642 500.000000 8.237232
460 0.000085 0.029833 100.000000 8.620689
460 0.000130 0.012016 200.000000 7.434944
460 0.000076 0.019684 300.000000 8.720930
460 0.000089 0.010471 400.000000 8.908686
460 0.000027 0.009807 500.000000 8.237232
470 0.000065 0.029912 100.000000 8.474576
470 0.000129 0.011124 200.000000 7.462687
470 0.000076 0.016983 300.000000 8.823529
470 0.000073 0.006679 400.000000 8.908686
470 0.000033 0.006820 500.000000 8.237232
480 0.000041 0.029107 100.000000 8.196721
480 0.000106 0.010265 200.000000 7.490637
480 0.000077 0.017123 300.000000 8.902077
480 0.000066 0.009218 400.000000 8.908686
480 0.000027 0.007266 500.000000 8.223684
490 0.000126 0.035514 100.000000 7.518797
490 0.000092 0.015320 200.000000 7.547170
490 0.000099 0.017723 300.000000 8.982036
490 0.000077 0.001411 400.000000 8.888889
490 0.000037 0.003848 500.000000 8.183306
500 0.000251 0.029329 100.000000 6.134969
500 0.000092 0.011062 200.000000 7.604563
500 0.000106 0.016279 300.000000 9.063444
500 0.000117 0.006226 400.000000 8.830022
500 0.000055 0.007152 500.000000 8.012820
510 0.000238 0.028513 100.000000 5.917160
510 0.000103 0.017237 200.000000 7.692307
510 0.000117 0.016268 300.000000 9.118541
510 0.000110 0.005913 400.000000 8.438819
520 0.000204 0.026291 100.000000 5.847953
520 0.000074 0.015089 200.000000 7.782101
520 0.000072 0.014934 300.000000 9.118541
520 0.000102 0.002315 400.000000 8.000000
530 0.000413 0.012041 100.000000 5.917160
530 0.000206 0.025360 200.000000 7.936508
530 0.000181 0.027252 300.000000 9.063444
530 0.000131 0.023255 400.000000 7.984032
540 0.000282 0.010278 100.000000 6.024096
540 0.000158 0.023360 200.000000 8.097166
540 0.000179 0.014091 300.000000 8.955224
540 0.000025 0.018492 400.000000 8.016032
550 0.000293 0.011541 100.000000 6.134969
550 0.000140 0.023584 200.000000 8.264462
550 0.000185 0.014324 300.000000 8.902077
550 0.000033 0.018020 400.000000 8.032128
560 0.000230 0.009621 100.000000 6.250000
560 0.000107 0.021179 200.000000 8.438819
560 0.000145 0.010866 300.000000 8.902077
560 0.000038 0.016175 400.000000 8.064516
570 0.000214 0.009072 100.000000 6.369427
570 0.000113 0.019836 200.000000 8.620689
570 0.000119 0.012825 300.000000 8.928572
570 0.000035 0.015048 400.000000 8.097166
580 0.000205 0.008160 100.000000 6.535948
580 0.000101 0.017888 200.000000 8.810573
580 0.000077 0.015830 300.000000 8.982036
580 0.000055 0.013888 400.000000 8.146640
590 0.000162 0.008584 100.000000 6.666667
590 0.000082 0.017652 200.000000 9.009009
590 0.000100 0.019301 300.000000 9.036144
590 0.000058 0.012742 400.000000 8.179959
600 0.000185 0.009422 100.000000 6.849315
600 0.000100 0.017518 200.000000 9.216590
600 0.000078 0.019464 300.000000 9.118541
600 0.000044 0.013092 400.000000 8.213552
610 0.000112 0.008785 100.000000 7.092198
610 0.000093 0.015596 200.000000 9.478673
610 0.000103 0.017258 300.000000 9.230769
610 0.000058 0.011515 400.000000 8.264462
620 0.000078 0.008958 100.000000 7.407407
620 0.000090 0.014141 200.000000 9.852217
620 0.000107 0.014364 300.000000 9.404388
620 0.000072 0.009770 400.000000 8.333333
630 0.000087 0.009305 100.000000 7.936508
630 0.000099 0.014169 200.000000 10.256411
630 0.000108 0.012701 300.000000 9.615385
630 0.000069 0.008880 400.000000 8.438819
640 0.000098 0.010878 100.000000 8.547009
640 0.000114 0.013270 200.000000 10.752688
640 0.000119 0.010680 300.000000 9.868421
640 0.000071 0.008045 400.000000 8.565310
650 0.000108 0.012054 100.000000 9.174312
650 0.000116 0.013548 200.000000 11.235955
650 0.000111 0.010562 300.000000 10.101010
650 0.000076 0.008010 400.000000 8.658009
660 0.000129 0.013085 100.000000 9.803922
660 0.000115 0.014330 200.000000 11.764706
660 0.000112 0.010261 300.000000 10.309278
660 0.000066 0.007801 400.000000 8.658009
670 0.000128 0.006228 100.000000 10.416667
670 0.000099 0.014768 200.000000 12.195122
670 0.000112 0.011115 300.000000 10.309278
670 0.000070 0.007971 400.000000 8.179959
680 0.000150 0.013534 100.000000 10.989011
680 0.000110 0.014548 200.000000 12.500000
680 0.000104 0.010373 300.000000 9.554140
690 0.000155 0.015687 100.000000 11.494253
690 0.000122 0.013364 200.000000 12.578616
690 0.000079 0.012643 300.000000 9.063444
700 0.000069 0.011936 100.000000 11.904762
700 0.000133 0.010353 200.000000 12.048193
700 0.000116 0.011658 300.000000 8.982036
710 0.000158 0.031986 100.000000 12.345679
710 0.000137 0.009041 200.000000 11.494253
710 0.000134 0.011476 300.000000 8.928572
720 0.000251 0.033448 100.000000 12.820513
720 0.000096 0.010646 200.000000 11.173184
720 0.000110 0.011543 300.000000 8.875740
730 0.000192 0.034143 100.000000 13.333333
730 0.000229 0.013709 200.000000 10.989011
730 0.000118 0.011982 300.000000 8.849558
740 0.000194 0.033405 100.000000 13.698630
740 0.000200 0.017522 200.000000 10.928962
740 0.000124 0.011701 300.000000 8.797654
750 0.000165 0.033665 100.000000 14.084507
750 0.000188 0.017551 200.000000 10.810811
750 0.000109 0.012312 300.000000 8.695652
760 0.000146 0.033616 100.000000 14.285714
760 0.000204 0.017064 200.000000 10.526316
760 0.000117 0.013431 300.000000 8.356546
770 0.000174 0.012252 100.000000 14.084507
770 0.000168 0.022241 200.000000 8.771930
780 0.000209 0.010844 100.000000 12.500000
780 0.000182 0.020558 200.000000 8.000000
790 0.000414 0.017046 100.000000 10.416667
790 0.000174 0.030543 200.000000 7.782101
800 0.000388 0.034643 100.000000 9.523809
800 0.000141 0.033008 200.000000 7.604563
810 0.000358 0.068407 100.000000 9.009009
810 0.000174 0.028600 200.000000 7.434944
820 0.000409 0.062987 100.000000 8.620689
820 0.000195 0.027362 200.000000 7.246377
830 0.000424 0.058263 100.000000 8.064516
830 0.000190 0.028415 200.000000 6.756757
840 0.000453 0.053699 100.000000 6.097561
850 0.000468 0.052571 100.000000 5.780347
860 0.000575 0.054304 100.000000 5.847953
870 0.000641 0.055745 100.000000 5.988024
880 0.000621 0.052391 100.000000 6.097561
890 0.000641 0.056570 100.000000 6.211180
900 0.000512 0.053224 100.000000 6.250000
910 0.000436 0.008914 100.000000 6.289308
920 0.000293 0.013053 100.000000 6.289308
930 0.000290 0.014267 100.000000 6.250000
940 0.000305 0.019469 100.000000 6.134969
950 0.000251 0.019565 100.000000 5.813953
960 0.000332 0.019692 100.000000 4.807693
