1 0 0 0 0 1 0 0 0 0 1 0
0.999999 0.000958158 0.00142927 -0.00623767 -0.000951532 0.999988 -0.00473219 -0.00902998 -0.00143375 0.00473077 0.999988 0.954891
0.999998 -0.000736075 0.00171007 -0.0121071 0.000745104 0.999986 -0.00530244 -0.0381037 -0.00170617 0.00530373 0.999985 1.93575
0.999996 -0.00188305 0.0027755 -0.0144334 0.00188753 0.999997 -0.00167779 -0.0432729 -0.00277225 0.00168298 0.999995 2.88321
0.99999 -0.00450948 0.000784444 -0.00346336 0.00450731 0.999986 0.00275006 -0.0499453 -0.000796892 -0.00274654 0.999996 3.85877
0.99999 -0.00487389 -0.00030337 -0.00825059 0.00487483 0.999982 0.00390743 -0.06064 0.00028433 -0.00390888 0.999994 4.81548
0.999981 -0.00623882 -0.000569498 -0.0048964 0.0062401 0.999978 0.00236919 -0.0684796 0.000554626 -0.00237273 0.999998 5.77274
0.999983 -0.00592944 -0.00174856 -0.00550754 0.00592984 0.999984 0.000383877 -0.0792546 0.00174644 -0.000394185 1 6.69979
0.999981 -0.00578263 -0.00249097 -0.0165516 0.00578087 0.999983 -0.000668742 -0.0873491 0.00249466 0.000654414 0.999997 7.63008
0.999989 -0.00476332 -0.00205952 -0.0281744 0.00476435 0.99999 0.000618359 -0.092826 0.00205672 -0.000628105 1 8.56307
0.999977 -0.00548617 -0.00411817 -0.0393302 0.0054994 0.99998 0.00324449 -0.102274 0.00410015 -0.00326696 0.999987 9.49702
0.999974 -0.0056165 -0.00506795 -0.0469869 0.00563984 0.999974 0.00465222 -0.118998 0.00504189 -0.00468054 0.999978 10.4122
0.999966 -0.00713471 -0.00429378 -0.0556363 0.0071604 0.999956 0.00604842 -0.128716 0.0042503 -0.00607878 0.999974 11.331
0.99996 -0.00678179 -0.00606351 -0.0554823 0.00681963 0.999958 0.00628557 -0.127747 0.00602069 -0.00632643 0.999963 12.2452
0.999958 -0.00699957 -0.00614821 -0.0767851 0.00702596 0.999967 0.00431828 -0.133252 0.00611751 -0.00436119 0.999973 13.1563
0.999953 -0.00681194 -0.00715642 -0.0822825 0.00682602 0.999975 0.00199012 -0.138626 0.00714287 -0.00203857 0.999974 14.0766
0.999926 -0.00755528 -0.00961025 -0.0928959 0.00756189 0.999972 0.00067527 -0.145045 0.00960456 -0.000747747 0.999955 14.9609
0.999915 -0.00714114 -0.0111225 -0.106493 0.00714786 0.999975 0.000593795 -0.144172 0.0111182 -0.00067289 0.999941 15.8544
0.999951 -0.00409714 -0.00920656 -0.102257 0.00408114 0.999991 -0.00173379 -0.173769 0.00921324 0.00169627 0.999957 16.721
0.99993 -0.00230569 -0.0118475 -0.131989 0.00228222 0.999997 -0.0019668 -0.184469 0.0118522 0.00193992 0.999931 17.6198
0.999885 -0.00473991 -0.0144526 -0.168458 0.00472276 0.999989 -0.00120475 -0.197012 0.0144578 0.00113649 0.999896 18.536
0.999879 -0.00506684 -0.0149095 -0.202678 0.00506813 0.999989 7.0252e-05 -0.238058 0.014909 -0.000145538 0.999892 19.4226
0.99984 -0.00464019 -0.017336 -0.238446 0.00464354 0.99999 0.00016207 -0.236771 0.0173347 -0.000242463 0.999851 20.3191
0.999811 -0.00516834 -0.0189362 -0.250685 0.0051778 0.999988 0.000467192 -0.257849 0.0189336 -0.000564934 0.999824 21.1884
0.999794 -0.00471689 -0.0198475 -0.274327 0.00473153 0.99999 0.000694835 -0.270678 0.0198437 -0.000788531 0.999804 22.0387
0.999741 -0.00450955 -0.0225087 -0.293676 0.00452837 0.999991 0.000800103 -0.284538 0.0225049 -0.000901518 0.99975 22.9168
0.9997 -0.0041572 -0.0242078 -0.317228 0.00422454 0.999988 0.00273316 -0.294871 0.0241958 -0.00283453 0.999704 23.7687
0.999634 -0.00515898 -0.0267494 -0.349209 0.00531363 0.99997 0.00572705 -0.296512 0.026719 -0.00586674 0.999629 24.6453
0.999566 -0.00617871 -0.0288877 -0.370225 0.00638562 0.999955 0.00707568 -0.314786 0.0288424 -0.00725697 0.999558 25.4988
0.999572 -0.00535464 -0.0289322 -0.398885 0.00553778 0.999966 0.00626693 -0.330525 0.0288976 -0.00642413 0.999566 26.3202
0.999536 -0.0038316 -0.0302952 -0.41998 0.00396806 0.999983 0.00444435 -0.326669 0.0302773 -0.00456242 0.999532 27.1558
0.999494 -0.00293374 -0.0318222 -0.450771 0.00301771 0.999993 0.00260216 -0.333106 0.0318143 -0.00269651 0.999494 27.9666
0.999458 -0.0026462 -0.0328766 -0.486386 0.0027573 0.999992 0.00333401 -0.339782 0.0328671 -0.00342277 0.999455 28.7635
0.999345 -0.00224744 -0.0362545 -0.519805 0.00236334 0.999993 0.0031644 -0.357493 0.036247 -0.00324765 0.999342 29.5909
0.99928 -0.00174727 -0.0379735 -0.549752 0.00187479 0.999994 0.00332304 -0.362477 0.037967 -0.00339168 0.999274 30.3616
0.999217 -0.00147603 -0.0396903 -0.575592 0.00160918 0.999994 0.00333358 -0.365155 0.0396851 -0.00339448 0.999211 31.1437
0.999111 -0.00144118 -0.0421908 -0.609177 0.0016519 0.999987 0.00496077 -0.378196 0.0421825 -0.0050259 0.999099 31.9237
0.999025 -0.00157649 -0.0442386 -0.645638 0.00186417 0.999978 0.00647224 -0.385512 0.0442272 -0.00654799 0.999004 32.6723
0.998909 -0.0012894 -0.046746 -0.680179 0.00169794 0.999962 0.00870104 -0.393295 0.0467324 -0.00877073 0.998871 33.4378
0.998796 -0.000118169 -0.0491744 -0.719733 0.000561627 0.999961 0.00901429 -0.397859 0.0491711 -0.00903063 0.998754 34.1686
0.998732 0.00137796 -0.0503877 -0.766221 -0.000954927 0.999965 0.00841904 -0.394503 0.0503969 -0.00836 0.998697 34.8853
0.998584 0.00306503 -0.0532333 -0.821072 -0.00264959 0.999967 0.00788218 -0.395167 0.0532554 -0.00772946 0.998556 35.6029
0.998505 0.00437893 -0.0545465 -0.873643 -0.00389056 0.999952 0.00905449 -0.407077 0.0545829 -0.00882846 0.998472 36.3121
0.998438 0.00402136 -0.0558368 -0.906242 -0.00340219 0.999934 0.0111863 -0.410754 0.0558777 -0.0109783 0.998383 37.032
0.9984 0.00586443 -0.0563244 -0.950622 -0.00521483 0.99992 0.0116715 -0.414121 0.0563876 -0.0113589 0.998348 37.706
0.998443 0.0083659 -0.0552621 -1.0057 -0.00780379 0.999918 0.010386 -0.413242 0.055344 -0.00993806 0.998423 38.385
0.998492 0.0104374 -0.0539698 -1.04573 -0.0100211 0.99992 0.00797532 -0.404764 0.054048 -0.00742224 0.998515 39.0494
0.998572 0.0103358 -0.0525387 -1.08383 -0.0099909 0.999929 0.00682818 -0.408953 0.0526051 -0.00629293 0.998601 39.6977
0.998683 0.0108502 -0.050223 -1.11707 -0.0104858 0.999919 0.00750842 -0.399916 0.0502996 -0.00697162 0.998714 40.3573
0.998767 0.0146955 -0.047561 -1.15596 -0.0142638 0.999857 0.00940986 -0.412677 0.0476921 -0.00871926 0.99883 41.0088
0.99884 0.0194036 -0.0441746 -1.19283 -0.0188586 0.999744 0.0127138 -0.418528 0.0444092 -0.0118657 0.998947 41.6338
0.998874 0.0242854 -0.0409182 -1.24252 -0.0237809 0.999638 0.0127796 -0.415057 0.0412134 -0.0117915 0.999087 42.2541
0.998997 0.0278857 -0.0352013 -1.26735 -0.0274372 0.99954 0.0131491 -0.411391 0.035551 -0.0121697 0.999299 42.8455
0.999053 0.0316747 -0.0300489 -1.29779 -0.0312357 0.999402 0.0149784 -0.414697 0.0305051 -0.0140249 0.999442 43.4296
0.9991 0.0353457 -0.0237119 -1.3143 -0.0349792 0.999268 0.0156774 -0.404269 0.024248 -0.0148334 0.999602 43.9792
0.999152 0.0380686 -0.0161338 -1.32607 -0.0378111 0.99916 0.0159922 -0.397267 0.0167287 -0.0153679 0.999748 44.517
0.999084 0.0419734 -0.00901714 -1.34264 -0.041825 0.999 0.0160059 -0.418497 0.00967912 -0.0156137 0.999837 45.0387
0.998984 0.0451765 -0.00177156 -1.35175 -0.0451459 0.998875 0.0146976 -0.417122 0.00243323 -0.014602 0.999897 45.5332
0.998776 0.0491296 0.00665603 -1.35413 -0.0492124 0.998707 0.0130098 -0.420069 -0.00600902 -0.0133212 0.9999 46.0002
0.99864 0.0503207 0.0141461 -1.35428 -0.0504785 0.998667 0.0110158 -0.421077 -0.0135733 -0.0117141 0.999846 46.4494
0.998438 0.0512389 0.0225311 -1.33355 -0.0514858 0.998621 0.0105454 -0.417747 -0.0219605 -0.0116886 0.999697 46.8811
0.998268 0.0507145 0.0300778 -1.31549 -0.051058 0.99864 0.0107626 -0.436838 -0.0294914 -0.0122789 0.999496 47.2882
0.997936 0.0517751 0.0381821 -1.30607 -0.0522368 0.998575 0.0112153 -0.437067 -0.0375476 -0.0131863 0.999216 47.6637
0.997461 0.0537274 0.0469097 -1.3032 -0.0543114 0.998463 0.0112628 -0.445679 -0.0462328 -0.0137812 0.998843 48.0356
0.996794 0.0580173 0.0552235 -1.29453 -0.0586852 0.998225 0.0105647 -0.443801 -0.054513 -0.0137712 0.998426 48.3691
0.996087 0.0609192 0.0641501 -1.27763 -0.061707 0.998043 0.0103713 -0.448277 -0.063393 -0.0142885 0.997894 48.686
0.995443 0.0605027 0.073786 -1.24567 -0.061436 0.99806 0.0104559 -0.45567 -0.0730108 -0.014941 0.997228 48.9728
0.994684 0.0596167 0.0840572 -1.21916 -0.0605975 0.998123 0.00916394 -0.460861 -0.0833533 -0.0142082 0.996427 49.2464
0.993676 0.0588756 0.0956741 -1.18466 -0.0596986 0.998203 0.00576932 -0.453144 -0.095163 -0.011444 0.995404 49.5187
0.992249 0.0596926 0.109059 -1.14724 -0.0602848 0.998181 0.00213815 -0.455115 -0.108734 -0.00869551 0.994041 49.7872
0.990412 0.0605324 0.124237 -1.11703 -0.0610673 0.998137 0.00050531 -0.462163 -0.123975 -0.00808692 0.992261 50.0527
0.988139 0.0614799 0.140774 -1.0761 -0.0620434 0.998076 -0.000386873 -0.462308 -0.140527 -0.00835111 0.99005 50.3206
0.985572 0.0616097 0.157688 -1.03002 -0.0621786 0.998067 -0.00132223 -0.463254 -0.157465 -0.00850134 0.987497 50.5683
0.982557 0.0610645 0.175699 -0.970663 -0.0616006 0.998101 -0.00240613 -0.472837 -0.175512 -0.00845822 0.98445 50.8335
0.978875 0.0609516 0.195203 -0.903756 -0.0614373 0.998107 -0.00356688 -0.481588 -0.195051 -0.00850089 0.980765 51.0823
0.974685 0.0610374 0.215125 -0.833603 -0.0615309 0.998098 -0.00440819 -0.491052 -0.214985 -0.00893944 0.976585 51.3229
0.969714 0.0625465 0.236131 -0.770894 -0.0629728 0.998002 -0.00573965 -0.490142 -0.236018 -0.00930369 0.971713 51.5794
0.963781 0.0636023 0.25903 -0.682479 -0.0638179 0.997935 -0.00758494 -0.490959 -0.258978 -0.00921974 0.965849 51.8244
0.956982 0.064516 0.282912 -0.611875 -0.0646877 0.99787 -0.00874148 -0.509698 -0.282873 -0.00993519 0.959116 52.077
0.949012 0.0657787 0.308329 -0.51754 -0.0659281 0.997778 -0.00994449 -0.512147 -0.308298 -0.0108894 0.951237 52.3388
0.939591 0.0672888 0.335645 -0.425803 -0.0675001 0.997661 -0.0110489 -0.521328 -0.335603 -0.0122744 0.941933 52.5977
0.929085 0.0675903 0.363663 -0.318688 -0.0676979 0.997631 -0.0124658 -0.523605 -0.363644 -0.0130366 0.931457 52.844
0.916898 0.0663235 0.393593 -0.182683 -0.0660853 0.997716 -0.014172 -0.538079 -0.393633 -0.0130161 0.919186 53.093
0.902416 0.0641533 0.426085 -0.0445919 -0.0629844 0.997875 -0.0168488 -0.543349 -0.42626 -0.0116312 0.904537 53.3405
0.88577 0.0630338 0.459841 0.102886 -0.0605078 0.997965 -0.0202439 -0.552966 -0.460181 -0.00989236 0.887781 53.5743
0.867319 0.0640727 0.493631 0.25533 -0.0597338 0.997915 -0.0245749 -0.565617 -0.494175 -0.0081712 0.869336 53.8429
0.846252 0.0642138 0.528917 0.41524 -0.0587681 0.997906 -0.0271238 -0.574628 -0.529551 -0.00812968 0.848252 54.0699
0.822564 0.0654328 0.564912 0.608439 -0.0586497 0.997826 -0.0301773 -0.576946 -0.565657 -0.00830816 0.824611 54.3308
0.796244 0.0676147 0.601201 0.804098 -0.059922 0.997665 -0.0328407 -0.587614 -0.602017 -0.00987566 0.798435 54.5898
0.767548 0.0678433 0.637406 1.01489 -0.058678 0.997648 -0.0355276 -0.604797 -0.638316 -0.0101316 0.769721 54.8289
0.735774 0.0681376 0.673805 1.2636 -0.057968 0.997613 -0.0375825 -0.617551 -0.674758 -0.0114068 0.737966 55.0745
0.700173 0.0659715 0.710933 1.55101 -0.0549897 0.99775 -0.0384296 -0.64593 -0.711868 -0.0121857 0.702224 55.3293
0.662367 0.064077 0.746448 1.85401 -0.0526152 0.997857 -0.0389696 -0.668113 -0.747344 -0.0134622 0.664317 55.5723
0.620994 0.0630589 0.781288 2.18433 -0.0504957 0.99791 -0.0404071 -0.677675 -0.782201 -0.0143582 0.622878 55.8172
0.575991 0.0627328 0.815058 2.52255 -0.0481069 0.997926 -0.0428108 -0.696989 -0.816053 -0.0145512 0.577813 56.029
0.528528 0.0622211 0.846645 2.89592 -0.0450544 0.997963 -0.0452159 -0.717498 -0.847733 -0.0142463 0.530254 56.2371
0.480271 0.0601291 0.875069 3.29914 -0.0434905 0.998055 -0.0447103 -0.743636 -0.876054 -0.016584 0.481952 56.4443
0.432187 0.0582997 0.89991 3.70915 -0.0430885 0.998106 -0.0439677 -0.765098 -0.900767 -0.0197726 0.433879 56.6298
0.382881 0.0576309 0.92201 4.15367 -0.0441941 0.998055 -0.0440315 -0.800499 -0.922753 -0.0238885 0.384682 56.8041
0.333923 0.0573001 0.940869 4.61372 -0.0413658 0.998082 -0.0461033 -0.81463 -0.941705 -0.0235239 0.335651 56.9486
0.287221 0.05297 0.95641 5.08721 -0.032892 0.998429 -0.0454191 -0.843963 -0.957313 -0.0184128 0.288511 57.0645
0.243134 0.0471523 0.968859 5.57852 -0.019159 0.998861 -0.0438043 -0.874964 -0.969817 -0.00791122 0.243758 57.1525
0.20123 0.0447553 0.978532 6.08885 -0.0119976 0.998996 -0.0432237 -0.903716 -0.979483 -0.00304208 0.201565 57.2303
0.163039 0.0465645 0.985533 6.6035 -0.00916358 0.998918 -0.0456809 -0.901525 -0.98659 -0.0015824 0.163288 57.303
0.130131 0.0465278 0.990416 7.1361 -0.002403 0.998913 -0.0466111 -0.937607 -0.991508 0.00368559 0.1301 57.3573
0.101022 0.0451468 0.993871 7.68436 0.00449116 0.998943 -0.0458336 -0.961678 -0.994886 0.00909459 0.100711 57.3981
0.0763633 0.0428334 0.996172 8.26661 0.00998899 0.998997 -0.0437205 -0.987346 -0.997044 0.0132893 0.0758583 57.427
0.0565928 0.0422084 0.997517 8.84394 0.0138313 0.998981 -0.0430549 -1.01888 -0.998314 0.0162342 0.0559502 57.4458
0.0403828 0.0431558 0.998265 9.42244 0.0152706 0.998927 -0.0438022 -1.03663 -0.999082 0.0170128 0.0396798 57.4643
0.0273123 0.0432716 0.998702 10.0206 0.0160111 0.99892 -0.0437188 -1.0555 -0.999511 0.0171849 0.0265889 57.4754
0.0159627 0.0448672 0.998879 10.627 0.0159218 0.998858 -0.0451208 -1.08564 -0.99976 0.0166241 0.0152295 57.4775
0.0069447 0.0464524 0.998908 11.23 0.020291 0.998713 -0.0465843 -1.1168 -0.999782 0.0205929 0.00599214 57.4731
-0.000225049 0.047145 0.998902 11.8458 0.024018 0.998604 -0.0471255 -1.14443 -0.999727 0.0239808 -0.00135755 57.4689
-0.00469271 0.0468356 0.998904 12.4825 0.0244004 0.998615 -0.0467074 -1.16509 -0.999704 0.0241548 -0.00583011 57.4654
-0.00908933 0.0445263 0.998981 13.1189 0.0222484 0.998774 -0.0443146 -1.19159 -0.999727 0.0218227 -0.0100693 57.4672
-0.011077 0.0387369 0.999201 13.79 0.0207175 0.999049 -0.0385014 -1.21641 -0.999738 0.0202747 -0.01187 57.4685
-0.0119473 0.0342746 0.999356 14.4751 0.020779 0.999209 -0.0340212 -1.24125 -0.999728 0.0203588 -0.0126505 57.4559
-0.0121999 0.0329276 0.999397 15.1702 0.023099 0.999205 -0.0326395 -1.26243 -0.999673 0.0226871 -0.0129518 57.4467
-0.0122458 0.0343489 0.999349 15.8456 0.0257546 0.999093 -0.0340245 -1.29796 -0.999609 0.0253208 -0.0131199 57.4349
-0.00967903 0.0409023 0.999129 16.5637 0.0262273 0.998834 -0.0406362 -1.31648 -0.999623 0.0258114 -0.0107415 57.4272
-0.00749086 0.0479366 0.998837 17.2638 0.0261866 0.998521 -0.0477251 -1.35132 -0.999645 0.0257982 -0.00873559 57.4179
-0.00564797 0.0488918 0.998802 17.9721 0.0271772 0.998448 -0.048721 -1.37315 -0.999629 0.0268697 -0.0069689 57.4175
-0.00326841 0.0454744 0.998976 18.7076 0.0268644 0.998614 -0.04537 -1.40962 -0.99965 0.0266881 -0.0044862 57.4185
-0.000457381 0.0412506 0.999162 19.4412 0.0257317 0.998824 -0.0412251 -1.48908 -0.999683 0.0256915 -0.00151927 57.3986
0.00259295 0.0399148 0.999216 20.173 0.0245244 0.998905 -0.039966 -1.50991 -0.999712 0.0246083 0.00161056 57.4112
0.00618559 0.04374 0.999038 20.8953 0.029013 0.998621 -0.0439016 -1.56304 -0.999575 0.0292569 0.00490705 57.4073
0.00931367 0.0480264 0.998819 21.6226 0.0306627 0.998367 -0.0482907 -1.60132 -0.999503 0.0310758 0.00782514 57.4152
0.0109136 0.047577 0.998824 22.3486 0.0285386 0.998453 -0.0478716 -1.63694 -0.999548 0.0290276 0.00953778 57.4322
0.0150979 0.0458496 0.998851 23.1096 0.023988 0.998649 -0.0462029 -1.67209 -0.999615 0.0246577 0.013977 57.459
0.0195419 0.0433342 0.998886 23.8418 0.0267925 0.998686 -0.0438501 -1.74222 -0.999465 0.0276197 0.018354 57.4652
0.0221146 0.0441638 0.998796 24.5647 0.0308855 0.998521 -0.0448356 -1.79322 -0.999295 0.0318394 0.0207171 57.4786
0.0260148 0.0478102 0.998535 25.3119 0.0302135 0.99837 -0.0485898 -1.84063 -0.999221 0.0314334 0.0245267 57.5003
0.0294831 0.0495531 0.998353 26.038 0.0268286 0.998376 -0.0503466 -1.87266 -0.999222 0.0282683 0.028105 57.5287
0.0319556 0.0490298 0.998303 26.7794 0.0251903 0.998447 -0.0498436 -1.92175 -0.999189 0.0267404 0.0306698 57.5528
0.0362537 0.0485633 0.998179 27.5381 0.0281962 0.998376 -0.049597 -1.98317 -0.998962 0.0299425 0.0348247 57.5671
0.0394918 0.0484474 0.998063 28.2737 0.0315128 0.998275 -0.049705 -2.03654 -0.99874 0.0334147 0.0378959 57.591
0.041614 0.0492564 0.997937 29.0047 0.0332325 0.998169 -0.0506537 -2.07594 -0.998598 0.0352713 0.0399001 57.6141
0.0453046 0.0500195 0.997738 29.7662 0.0341176 0.998094 -0.0515868 -2.12027 -0.998408 0.0363776 0.0435105 57.645
0.0484453 0.0496052 0.997611 30.5175 0.034611 0.998088 -0.0513097 -2.16574 -0.998244 0.0370135 0.0466348 57.6743
0.0513037 0.0492201 0.997489 31.2568 0.0341629 0.998121 -0.0510091 -2.20593 -0.998117 0.036694 0.0495247 57.7132
0.0543053 0.0499593 0.997292 32.0124 0.0330107 0.998117 -0.0517984 -2.24515 -0.997996 0.0357338 0.0525528 57.7553
0.0574861 0.0521402 0.997003 32.7852 0.0309919 0.998068 -0.0539836 -2.28036 -0.997883 0.0340022 0.0557579 57.7972
0.0598367 0.0515523 0.996896 33.5305 0.0317635 0.998068 -0.0535197 -2.33214 -0.997722 0.0348668 0.0580824 57.8409
0.0630012 0.0514134 0.996708 34.2772 0.0307166 0.998107 -0.0534278 -2.36726 -0.997559 0.0339815 0.0613014 57.8944
0.0639447 0.0522842 0.996603 35.0637 0.029021 0.998113 -0.0542257 -2.41611 -0.997551 0.0323893 0.0623055 57.9354
0.0701791 0.0523505 0.996179 35.8519 0.0271691 0.998159 -0.0543692 -2.47247 -0.997183 0.0308809 0.0686261 58.0031
0.07226 0.0537036 0.99596 36.6259 0.0253177 0.998135 -0.0556581 -2.51187 -0.997084 0.0292367 0.0707645 58.0616
0.0751581 0.0566588 0.99558 37.3832 0.0238958 0.998003 -0.0586011 -2.57204 -0.996904 0.0281946 0.0736526 58.1186
0.0784599 0.0580957 0.995244 38.1579 0.0236749 0.997917 -0.0601184 -2.61816 -0.996656 0.0282787 0.0769199 58.1756
0.0809887 0.059919 0.994932 38.9307 0.0189052 0.997927 -0.0616388 -2.66916 -0.996555 0.0238015 0.0796865 58.2421
0.0829006 0.0599248 0.994776 39.7165 0.0146325 0.998017 -0.0613397 -2.71159 -0.996471 0.0196407 0.081858 58.3251
0.0859377 0.0593566 0.99455 40.4998 0.0160125 0.99802 -0.0609478 -2.77741 -0.996191 0.021163 0.0848155 58.3949
0.0885099 0.0603465 0.994267 41.283 0.0162254 0.99795 -0.0620146 -2.8303 -0.995963 0.0216208 0.0873479 58.4669
0.0914594 0.061177 0.993948 42.0782 0.0123104 0.997973 -0.062558 -2.88499 -0.995752 0.0179575 0.0905193 58.5499
0.0951649 0.0598828 0.993681 42.8735 0.0114484 0.998065 -0.0612436 -2.93502 -0.995416 0.0172039 0.0942938 58.6301
0.0998875 0.0596093 0.993231 43.6664 0.0117377 0.998072 -0.0610807 -2.99764 -0.994948 0.0177595 0.0989935 58.7094
0.104081 0.0626675 0.992615 44.4587 0.00884692 0.997922 -0.0639305 -3.0381 -0.99455 0.0154352 0.103309 58.8068
0.109865 0.0696688 0.991521 45.2585 0.00653207 0.997477 -0.0708114 -3.10972 -0.993945 0.0142565 0.109131 58.911
0.116859 0.0738991 0.990418 46.0553 0.00496543 0.99718 -0.0749897 -3.16735 -0.993157 0.0136807 0.116161 59.0063
0.123336 0.0768024 0.989409 46.8592 0.000960973 0.996999 -0.0775118 -3.23276 -0.992384 0.0105108 0.12289 59.1208
0.130734 0.0758397 0.988536 47.6691 -0.00335062 0.997106 -0.0760541 -3.30765 -0.991434 0.00663032 0.130608 59.2305
0.138763 0.0744845 0.987541 48.5083 -0.00368085 0.997209 -0.0746969 -3.38657 -0.990339 0.00673011 0.138647 59.3443
0.145524 0.0734031 0.986653 49.3183 -0.00430733 0.99729 -0.0735595 -3.44673 -0.989369 0.00645449 0.145444 59.4676
0.153879 0.0679176 0.985774 50.1339 -0.00596109 0.997691 -0.0678085 -3.5068 -0.988093 0.0045579 0.153926 59.6083
0.162174 0.0625742 0.984801 50.9921 -0.00770497 0.998046 -0.0621471 -3.57939 -0.986756 0.00249046 0.162337 59.7283
0.169243 0.059918 0.983774 51.7977 -0.00777887 0.998211 -0.0594595 -3.63676 -0.985566 0.00241034 0.169403 59.8748
0.177519 0.0618217 0.982199 52.6029 -0.00795172 0.998091 -0.0613851 -3.69888 -0.984109 0.00308653 0.177669 60.0221
0.183851 0.0670968 0.980685 53.3888 -0.00821507 0.997748 -0.0667246 -3.75997 -0.982943 0.00421081 0.183985 60.1709
0.188496 0.0701619 0.979589 54.1659 -0.00875716 0.997533 -0.0697623 -3.81939 -0.982059 0.00457124 0.188643 60.3259
0.194415 0.0698186 0.978456 54.9282 -0.00905829 0.997558 -0.0693826 -3.86923 -0.980902 0.00462562 0.19457 60.4842
0.199763 0.0696912 0.977388 55.6928 -0.0104761 0.99757 -0.0689895 -3.92244 -0.979813 0.00354217 0.200005 60.6498
0.204196 0.0677669 0.976606 56.4446 -0.00991908 0.997703 -0.0671575 -3.99149 -0.978905 0.0040261 0.204396 60.8108
0.210462 0.0628263 0.975607 57.2229 -0.00804625 0.998019 -0.062534 -4.04047 -0.977594 0.00531085 0.210548 60.9691
0.21415 0.0561399 0.975211 57.9728 -0.00904953 0.998428 -0.0554899 -4.09845 -0.976785 0.00305776 0.214317 61.1388
0.217158 0.0537173 0.974683 58.7432 -0.0113807 0.998564 -0.052498 -4.13598 -0.976095 0.000307593 0.217455 61.314
0.221054 0.0531774 0.973836 59.4778 -0.0129683 0.998593 -0.0515864 -4.19042 -0.975202 -0.0012258 0.221429 61.4821
0.222717 0.0559611 0.973302 60.1978 -0.0165475 0.998433 -0.0536196 -4.21849 -0.974768 -0.00416392 0.223291 61.6568
0.224358 0.0596476 0.972705 60.9073 -0.0189594 0.998213 -0.0568395 -4.25755 -0.974349 -0.00568965 0.225084 61.8495
0.226318 0.0636814 0.971997 61.5979 -0.0203036 0.997961 -0.060655 -4.30507 -0.973868 -0.00600808 0.227147 62.0178
0.227655 0.0684337 0.971359 62.2727 -0.0223177 0.997641 -0.0650555 -4.34811 -0.973513 -0.00686838 0.228642 62.1893
0.230559 0.0690449 0.970633 62.9536 -0.0211837 0.997608 -0.0659317 -4.40044 -0.972855 -0.00536096 0.231467 62.3549
0.232148 0.0689284 0.97026 63.6155 -0.0220238 0.997611 -0.0656029 -4.42658 -0.972459 -0.0061393 0.233108 62.5299
0.232605 0.0665789 0.970317 64.2808 -0.0230545 0.99776 -0.0629352 -4.48829 -0.972325 -0.0077316 0.233615 62.697
0.234153 0.0655867 0.970011 64.9278 -0.0240652 0.997816 -0.0616585 -4.53729 -0.97193 -0.00890613 0.235216 62.8515
0.232925 0.0652164 0.970333 65.5805 -0.023357 0.997845 -0.0614588 -4.57974 -0.972241 -0.00834909 0.233943 63.0062
0.229408 0.0640449 0.971247 66.2208 -0.0232831 0.997917 -0.060305 -4.61601 -0.97308 -0.00877934 0.230418 63.1646
0.227303 0.0654301 0.971651 66.8576 -0.0261981 0.997799 -0.0610622 -4.66165 -0.973499 -0.0115761 0.228514 63.3019
0.2239 0.0676095 0.972291 67.4854 -0.0255102 0.997665 -0.0635002 -4.7062 -0.974307 -0.0105857 0.225098 63.4535
0.222516 0.0718142 0.972308 68.0899 -0.0277847 0.997355 -0.0673055 -4.77218 -0.97456 -0.012039 0.22392 63.5755
0.220491 0.0720551 0.972751 68.6831 -0.0263399 0.997354 -0.0679078 -4.81404 -0.975062 -0.0106494 0.221801 63.7057
0.217865 0.0717379 0.973367 69.2758 -0.0263853 0.997373 -0.0676015 -4.8519 -0.97565 -0.0109548 0.219182 63.8411
0.216151 0.0686234 0.973972 69.852 -0.0263358 0.997584 -0.064443 -4.88252 -0.976034 -0.0117212 0.217432 63.9727
0.213819 0.0674888 0.974567 70.4367 -0.0240278 0.997682 -0.0638179 -4.91341 -0.976605 -0.0097715 0.214942 64.1494
0.21128 0.0662889 0.975203 71.0015 -0.0214103 0.997782 -0.0631859 -4.96934 -0.977221 -0.00752979 0.212227 64.2666
0.20988 0.0674227 0.975428 71.5423 -0.0180903 0.997726 -0.0650716 -5.01794 -0.977589 -0.00398886 0.21062 64.3809
0.20769 0.0680933 0.975851 72.0818 -0.0151379 0.99769 -0.0663961 -5.06112 -0.978108 -0.000982845 0.208238 64.4904
0.205137 0.0695588 0.976287 72.63 -0.0156716 0.997587 -0.0677835 -5.09522 -0.978637 -0.00139546 0.205729 64.605
0.204221 0.0707814 0.976391 73.1587 -0.0161411 0.997502 -0.0689364 -5.13812 -0.978822 -0.0016822 0.20485 64.7223
0.202481 0.0696869 0.976832 73.7157 -0.0149033 0.997579 -0.0680779 -5.17751 -0.979202 -0.000773947 0.203027 64.8566
0.202312 0.0698206 0.976858 74.2824 -0.0105596 0.997564 -0.0691143 -5.21944 -0.979294 0.00366698 0.202553 64.9905
0.204471 0.0684003 0.976509 74.8296 -0.00595952 0.997635 -0.0686324 -5.2639 -0.978884 0.0082132 0.204392 65.0996
0.204644 0.0686192 0.976458 75.4061 -0.00446622 0.997607 -0.0691701 -5.30973 -0.978857 0.00979368 0.204457 65.2285
0.207207 0.0680095 0.975961 75.9593 -0.00468277 0.997649 -0.0685272 -5.34087 -0.978317 0.00962848 0.207035 65.3529
0.212809 0.0682808 0.974735 76.5073 -0.00662996 0.997645 -0.068439 -5.37957 -0.977103 0.00810151 0.212757 65.4851
0.218698 0.0678513 0.973462 77.0669 -0.00632893 0.997669 -0.0681171 -5.43809 -0.975804 0.00873552 0.218614 65.6032
0.225983 0.0679407 0.97179 77.6378 -0.00776345 0.99767 -0.0679456 -5.47524 -0.974133 0.00780971 0.225981 65.7447
0.234181 0.0672772 0.969895 78.21 -0.00789103 0.997714 -0.0673022 -5.52107 -0.972194 0.00810697 0.234173 65.8907
0.243754 0.0666205 0.967578 78.7814 -0.00846999 0.997758 -0.0665657 -5.5618 -0.969834 0.00802993 0.243768 66.0459
0.252745 0.0667981 0.965258 79.3646 -0.0104795 0.997757 -0.0663037 -5.61468 -0.96751 0.00664208 0.252874 66.2049
0.262742 0.0687513 0.962446 79.942 -0.0148276 0.99764 -0.0672186 -5.64854 -0.964787 0.00338994 0.263138 66.3785
0.27116 0.0711516 0.959935 80.5401 -0.0184155 0.997477 -0.068733 -5.69226 -0.962393 0.000959606 0.271782 66.5596
0.282587 0.0722513 0.956549 81.1342 -0.020712 0.997398 -0.069219 -5.72573 -0.959054 -0.000251942 0.283343 66.748
0.292741 0.0734592 0.9534 81.7445 -0.0222755 0.997309 -0.0700035 -5.7823 -0.955969 -0.000744907 0.293585 66.9444
0.301519 0.0744927 0.950579 82.3637 -0.0237376 0.997232 -0.0706204 -5.82161 -0.953201 -0.00127132 0.302449 67.1511
0.310504 0.0746242 0.947673 82.9976 -0.0243352 0.997222 -0.0705534 -5.86697 -0.950297 -0.00115498 0.311453 67.3786
0.319412 0.0757552 0.944617 83.6478 -0.0277445 0.997131 -0.0705862 -5.906 -0.947248 -0.00366213 0.320592 67.6301
0.332012 0.0724681 0.940523 84.287 -0.0284961 0.997371 -0.0667899 -5.94287 -0.942883 -0.00462637 0.3332 67.8704
0.34107 0.0654135 0.937793 84.9557 -0.0253178 0.997865 -0.0603967 -6.00004 -0.939735 -0.00314347 0.341993 68.117
0.351297 0.0628918 0.934186 85.6465 -0.0252433 0.998026 -0.057698 -6.01722 -0.935963 -0.00331296 0.352186 68.3776
0.361705 0.0594249 0.930431 86.3375 -0.0238329 0.998241 -0.0544919 -6.05574 -0.932027 -0.00246504 0.36248 68.6621
0.370353 0.0574225 0.927152 87.0291 -0.0212219 0.99836 -0.0533568 -6.10869 -0.928689 8.47784e-05 0.370959 68.9381
0.378988 0.0540872 0.923854 87.725 -0.0164278 0.998537 -0.0517217 -6.14203 -0.925296 0.00442469 0.379316 69.2189
0.38769 0.0426517 0.920841 88.4416 -0.00378727 0.999003 -0.0446789 -6.17294 -0.921823 0.0138339 0.387461 69.4892
0.393732 0.0377401 0.918486 89.1583 0.0015911 0.999137 -0.0417375 -6.22257 -0.919265 0.0178943 0.393326 69.7914
0.401431 0.0367527 0.915191 89.864 0.00494312 0.999101 -0.0422922 -6.24598 -0.915918 0.0215011 0.400884 70.0968
0.407196 0.0420678 0.912408 90.5777 0.00637939 0.998794 -0.0488991 -6.29959 -0.91336 0.0257316 0.406431 70.4184
0.413942 0.0458448 0.909188 91.2819 0.0109871 0.998416 -0.0553478 -6.32939 -0.91028 0.0328998 0.412777 70.7407
0.419374 0.0468364 0.906641 91.9922 0.0106888 0.998355 -0.0565197 -6.38046 -0.907793 0.0333933 0.418178 71.0743
0.423136 0.0475263 0.90486 92.6942 0.00583852 0.998468 -0.055175 -6.41057 -0.90609 0.0286293 0.422206 71.4136
0.428087 0.0502602 0.902377 93.3819 0.00105222 0.998436 -0.0561109 -6.44777 -0.903781 0.0249693 0.427358 71.7521
0.431833 0.0521329 0.900488 94.0596 4.80432e-05 0.998337 -0.0578226 -6.50905 -0.901997 0.0250128 0.431108 72.0749
0.435116 0.0550965 0.898726 94.7349 -0.00191688 0.998193 -0.0602676 -6.552 -0.900417 0.0245001 0.434428 72.4054
0.438292 0.0574163 0.897039 95.4003 -0.00439947 0.998093 -0.0617367 -6.60029 -0.898866 0.023112 0.437704 72.7285
0.442343 0.0557382 0.895152 96.0535 -0.00390624 0.99819 -0.0602251 -6.63906 -0.896883 0.0231428 0.441752 73.0577
0.445531 0.053546 0.893708 96.7023 -0.0039152 0.998327 -0.0578645 -6.70751 -0.895303 0.0222811 0.44499 73.3772
0.448777 0.0520819 0.892166 97.338 -0.00458143 0.998434 -0.0559826 -6.75238 -0.893679 0.0210357 0.448304 73.7011
0.45072 0.0493538 0.891344 97.9697 -0.00276003 0.998554 -0.0538964 -6.79116 -0.892707 0.0218317 0.450199 74.0145
0.452872 0.0514328 0.890132 98.5794 -0.00513224 0.998482 -0.055084 -6.82999 -0.891608 0.0203769 0.452441 74.3335
0.455328 0.0517709 0.888862 99.1872 -0.00456407 0.998441 -0.0558173 -6.88151 -0.890359 0.0213581 0.454849 74.6425
0.456882 0.0507326 0.888122 99.7877 -0.00300787 0.998468 -0.0554906 -6.92546 -0.889569 0.0226804 0.456327 74.9453
0.457276 0.0495977 0.887986 100.376 -0.000665678 0.998473 -0.0554282 -6.97253 -0.889371 0.0247545 0.456605 75.254
0.45813 0.0499751 0.887522 100.955 -0.00169252 0.998478 -0.0553512 -7.01401 -0.888931 0.0238551 0.45751 75.5581
0.458371 0.0497769 0.887411 101.528 0.000246948 0.998434 -0.0561341 -7.05802 -0.888808 0.025949 0.457635 75.8612
0.458873 0.0518165 0.887033 102.09 -0.00119748 0.998346 -0.0577015 -7.11365 -0.888549 0.0254146 0.458168 76.1452
0.461731 0.0512891 0.885582 102.637 0.000739116 0.998316 -0.0582057 -7.15279 -0.887067 0.0275295 0.46091 76.4307
0.464109 0.0504299 0.884384 103.193 0.00238729 0.998316 -0.0581813 -7.20632 -0.885823 0.0291129 0.463199 76.7174
0.466259 0.0488794 0.883343 103.737 0.00531848 0.998311 -0.0580505 -7.23937 -0.88468 0.0317641 0.465206 77.0018
0.468872 0.0476941 0.88202 104.258 0.00670296 0.998333 -0.0575487 -7.28988 -0.883289 0.0328943 0.467763 77.2765
0.471733 0.0468149 0.880544 104.777 0.00758286 0.998349 -0.0571425 -7.32807 -0.881757 0.0336326 0.470593 77.5577
0.4742 0.0462029 0.879247 105.302 0.00808193 0.998364 -0.0568231 -7.37061 -0.880429 0.0340507 0.473043 77.844
0.47735 0.0456104 0.877575 105.811 0.00943217 0.99834 -0.0570197 -7.41082 -0.878711 0.0354953 0.476121 78.1211
0.479924 0.0468719 0.876101 106.337 0.00836605 0.998295 -0.0579941 -7.45643 -0.877319 0.0351615 0.478705 78.3935
0.483793 0.0461597 0.874011 106.835 0.0110688 0.998218 -0.0588486 -7.49174 -0.875161 0.0381442 0.482413 78.6855
0.487732 0.0486259 0.871681 107.328 0.00922371 0.998118 -0.0608418 -7.52699 -0.872994 0.0377138 0.486357 78.9684
0.4924 0.0539526 0.868742 107.817 0.0061696 0.997847 -0.0654697 -7.56632 -0.870396 0.0375965 0.491001 79.2569
0.497516 0.0603449 0.865397 108.308 0.00117435 0.997543 -0.0702364 -7.60719 -0.867504 0.0359591 0.496214 79.5576
0.503183 0.066336 0.861678 108.788 -0.00442942 0.997247 -0.0741884 -7.65348 -0.864218 0.0335131 0.502085 79.8535
0.508681 0.0706592 0.858094 109.296 -0.00650192 0.996926 -0.0782385 -7.6854 -0.860981 0.0342183 0.507568 80.1565
0.514515 0.0711323 0.854575 109.777 -0.009892 0.996993 -0.0770334 -7.73475 -0.857475 0.031181 0.513665 80.4606
0.519376 0.0704395 0.851682 110.278 -0.0156944 0.997228 -0.0729078 -7.78904 -0.854453 0.0244992 0.519032 80.7933
0.5246 0.068455 0.848642 110.791 -0.0204052 0.997501 -0.0678512 -7.85017 -0.851156 0.0182778 0.524679 81.1316
0.53105 0.0668256 0.844746 111.298 -0.0258437 0.997712 -0.0626813 -7.89249 -0.846997 0.0114549 0.531553 81.4688
0.536153 0.0656294 0.841616 111.825 -0.0273152 0.997814 -0.0604108 -7.9405 -0.843731 0.00940045 0.536766 81.8238
0.542231 0.0677498 0.837539 112.346 -0.031234 0.997695 -0.0604853 -7.98246 -0.8397 0.00663676 0.543087 82.1748
0.548798 0.071488 0.832944 112.861 -0.0352478 0.997444 -0.0623851 -8.01879 -0.835264 0.00487763 0.549907 82.5408
0.554788 0.0739256 0.828746 113.39 -0.0368788 0.997266 -0.0642713 -8.05482 -0.831226 0.00509308 0.555987 82.9114
0.560859 0.0759256 0.824474 113.938 -0.0387287 0.997117 -0.0654808 -8.10009 -0.827057 0.00479483 0.562175 83.3026
0.5681 0.0767414 0.81942 114.484 -0.0409589 0.99706 -0.0649829 -8.13932 -0.821992 0.00335357 0.569562 83.7028
0.574577 0.0784112 0.814738 115.05 -0.0446222 0.996935 -0.0644795 -8.17811 -0.817286 0.000693198 0.576307 84.1185
0.581095 0.0771358 0.810219 115.618 -0.0447308 0.997035 -0.0628417 -8.23698 -0.812659 0.000274417 0.582811 84.5386
0.5897 0.0753414 0.804154 116.193 -0.0440578 0.997172 -0.0611194 -8.28574 -0.806474 0.000613045 0.591344 84.9795
0.596869 0.0745023 0.798921 116.792 -0.0438326 0.997235 -0.0602505 -8.33008 -0.801195 0.000942166 0.598473 85.4349
0.604141 0.0765348 0.793248 117.382 -0.0469853 0.997081 -0.0604193 -8.35159 -0.795546 -0.000769207 0.605966 85.9107
0.611578 0.0771851 0.78746 117.977 -0.0484293 0.997031 -0.060116 -8.38668 -0.789757 -0.00137129 0.613489 86.3903
0.618275 0.077777 0.782159 118.576 -0.0494635 0.996985 -0.0600419 -8.43351 -0.78446 -0.0015659 0.620249 86.8805
0.623377 0.076478 0.778223 119.176 -0.0487307 0.997085 -0.0589534 -8.47808 -0.780458 -0.00117407 0.625276 87.3767
0.627685 0.0758812 0.774817 119.792 -0.0483526 0.997131 -0.0584853 -8.53042 -0.777022 -0.000754015 0.629544 87.8868
0.630902 0.0741746 0.77236 120.413 -0.0450481 0.997257 -0.0589771 -8.59577 -0.774611 0.00241438 0.632502 88.4101
0.63479 0.0711705 0.769458 121.054 -0.0406045 0.997461 -0.058764 -8.64902 -0.771676 0.00605931 0.636058 88.9228
0.638234 0.0654683 0.767105 121.707 -0.0341124 0.997819 -0.0567786 -8.70306 -0.769144 0.0100691 0.639064 89.4448
0.641857 0.0600407 0.764528 122.35 -0.0283967 0.998122 -0.0545479 -8.74538 -0.766358 0.0133018 0.642348 89.9906
0.644997 0.0550998 0.762249 122.98 -0.0232309 0.998366 -0.0525122 -8.80987 -0.76389 0.0161613 0.645211 90.5248
0.648735 0.0539577 0.759159 123.636 -0.0218349 0.998408 -0.052306 -8.85965 -0.760764 0.0173563 0.64887 91.086
0.651326 0.0551185 0.756847 124.287 -0.0231081 0.998352 -0.052822 -8.92117 -0.758506 0.0169138 0.651514 91.655
0.655908 0.058165 0.752657 124.935 -0.0266999 0.998207 -0.0538756 -8.95465 -0.754432 0.0152413 0.656275 92.2314
0.658543 0.0606998 0.750146 125.585 -0.0310793 0.998101 -0.0534812 -9.009 -0.751962 0.0119044 0.659166 92.8246
0.661602 0.0590507 0.747588 126.242 -0.0320508 0.998227 -0.0504863 -9.06425 -0.749234 0.00944094 0.66231 93.3995
0.665635 0.0572028 0.744138 126.898 -0.0348532 0.99837 -0.0455713 -9.09459 -0.745525 0.00439708 0.666531 94.0033
0.669162 0.0507275 0.741446 127.552 -0.0331258 0.998729 -0.038436 -9.14625 -0.742444 0.00115892 0.66998 94.6052
0.674341 0.0485448 0.73688 128.21 -0.0319891 0.998837 -0.0365301 -9.15468 -0.73779 0.00106065 0.675097 95.211
0.677751 0.0467272 0.733869 128.9 -0.0288308 0.998917 -0.0369794 -9.20362 -0.734793 0.0039048 0.678353 95.8352
0.683467 0.0432893 0.728755 129.557 -0.0178018 0.998948 -0.0426459 -9.2494 -0.72983 0.0161728 0.683505 96.4302
0.688252 0.0456529 0.724099 130.225 -0.0148462 0.998714 -0.0488576 -9.29683 -0.725388 0.022876 0.688032 97.0554
0.694711 0.0461221 0.717868 130.873 -0.0123984 0.998578 -0.052161 -9.3474 -0.719248 0.0273351 0.694282 97.6757
0.700895 0.0431533 0.712024 131.53 -0.0110811 0.998725 -0.0496233 -9.3709 -0.713248 0.0268905 0.700467 98.3271
0.706884 0.0371463 0.706415 132.18 -0.00747013 0.998974 -0.0450574 -9.43607 -0.707358 0.026572 0.706422 98.9735
0.711716 0.0345234 0.701687 132.839 -0.00319684 0.998959 -0.0459089 -9.47688 -0.702533 0.0304305 0.711073 99.6315
0.716451 0.0357296 0.696785 133.463 -0.00162034 0.998788 -0.0495518 -9.52637 -0.697705 0.0343709 0.715626 100.284
0.719543 0.0359678 0.693586 134.112 -0.000583244 0.998708 -0.0511876 -9.55614 -0.694523 0.0364264 0.718619 100.965
0.723348 0.0329005 0.689764 134.734 0.00224834 0.998764 -0.0499994 -9.6048 -0.690551 0.0377162 0.722365 101.633
0.725607 0.0263238 0.687677 135.373 0.00702502 0.998952 -0.0456535 -9.65362 -0.68815 0.0379565 0.724647 102.31
0.726576 0.0231193 0.686763 136.028 0.0093327 0.999027 -0.0435074 -9.71114 -0.687096 0.0380192 0.725637 102.997
0.727665 0.0191687 0.685738 136.658 0.0130486 0.999061 -0.0417753 -9.75599 -0.685886 0.0393454 0.726717 103.675
0.726973 0.0153003 0.686561 137.296 0.0168962 0.999068 -0.0401578 -9.80286 -0.686531 0.0407923 0.726022 104.374
0.725933 0.0155319 0.687663 137.953 0.0160356 0.999111 -0.0394961 -9.83677 -0.687657 0.0396975 0.725023 105.076
0.725832 0.0172169 0.687723 138.583 0.0139925 0.999128 -0.0397829 -9.87973 -0.687805 0.0384969 0.724942 105.754
0.724293 0.0187992 0.68931 139.226 0.0124512 0.999128 -0.0403338 -9.9099 -0.689459 0.0377952 0.723412 106.443
0.722621 0.0211907 0.690987 139.854 0.00973732 0.999136 -0.0408259 -9.95224 -0.691252 0.0362282 0.721775 107.118
0.720898 0.0223028 0.692756 140.496 0.00845556 0.999144 -0.0409676 -9.98294 -0.693069 0.03539 0.720076 107.803
0.718577 0.0242799 0.695092 141.133 0.00516044 0.999195 -0.0402393 -10.0207 -0.695505 0.0325001 0.717857 108.482
0.715842 0.023662 0.697935 141.799 0.00439323 0.999272 -0.0383858 -10.0571 -0.698327 0.0305433 0.715202 109.184
0.71318 0.0223339 0.700693 142.416 0.00395324 0.999366 -0.0358796 -10.0993 -0.701047 0.0283567 0.712623 109.848
0.710324 0.0186151 0.703702 143.065 0.00776194 0.999402 -0.0342738 -10.1323 -0.70391 0.0298066 0.70974 110.514
0.707998 0.0208258 0.705975 143.706 0.00778587 0.999292 -0.0372887 -10.1908 -0.706248 0.0318949 0.707319 111.157
0.70112 0.0295734 0.712503 144.354 0.00540159 0.998912 -0.0467783 -10.2138 -0.7131 0.0366446 0.700182 111.824
0.698877 0.0351481 0.714445 145 0.00340834 0.998635 -0.0524653 -10.2585 -0.715309 0.0390996 0.697787 112.457
0.695624 0.0337276 0.717689 145.661 0.00248648 0.9988 -0.04935 -10.313 -0.71848 0.0361125 0.69469 113.111
0.691772 0.0307017 0.721531 146.309 0.000347308 0.999101 -0.0428476 -10.3591 -0.722191 0.0298891 0.691123 113.752
0.687815 0.0284635 0.725402 146.958 -0.00111848 0.999295 -0.0381515 -10.4057 -0.725963 0.0254291 0.687346 114.386
0.684545 0.0285519 0.72848 147.611 -0.00142649 0.999302 -0.0378282 -10.4447 -0.729045 0.0248537 0.684092 115.011
0.681317 0.027351 0.731552 148.264 -8.87014e-06 0.999325 -0.0373557 -10.4882 -0.732065 0.0254438 0.680842 115.631
0.678217 0.0256942 0.73448 148.945 0.00296024 0.999304 -0.037694 -10.535 -0.734931 0.0277366 0.677653 116.256
0.675931 0.0265228 0.736563 149.61 0.00452543 0.999208 -0.040135 -10.5908 -0.737029 0.0304608 0.675259 116.862
0.672137 0.0270587 0.74 150.272 0.00591583 0.999124 -0.0419091 -10.6377 -0.740479 0.0325437 0.671372 117.472
0.667662 0.0271182 0.744045 150.934 0.00613094 0.999126 -0.0419185 -10.676 -0.744517 0.032548 0.666896 118.075
0.664094 0.027975 0.747193 151.614 0.00461967 0.999147 -0.041516 -10.7144 -0.74771 0.0310197 0.663382 118.676
0.658984 0.0283838 0.751697 152.291 0.00404941 0.999162 -0.0412798 -10.7759 -0.752224 0.0302455 0.658302 119.274
0.652596 0.0293969 0.757204 152.967 0.00307855 0.999157 -0.041445 -10.8057 -0.757775 0.0293751 0.651939 119.865
0.647159 0.0335007 0.761696 153.641 0.000443184 0.999041 -0.0443177 -10.8469 -0.762433 0.0290168 0.646509 120.459
0.641101 0.0394683 0.76651 154.319 -0.00256943 0.998804 -0.0492816 -10.8883 -0.767529 0.029622 0.640418 121.04
0.633471 0.0415872 0.772724 155.016 -0.00372441 0.998731 -0.0506992 -10.9298 -0.773835 0.0292372 0.632808 121.618
0.627453 0.0361375 0.777884 155.74 -0.0036565 0.999071 -0.0434652 -10.9812 -0.778722 0.0244251 0.626985 122.201
0.620582 0.0316511 0.783579 156.454 -0.00889966 0.99943 -0.0333231 -11.0042 -0.784168 0.0137052 0.620496 122.797
0.612335 0.0267983 0.790214 157.184 -0.00833242 0.999612 -0.0274443 -11.0589 -0.790631 0.010218 0.612304 123.377
0.605578 0.0274486 0.795387 157.926 -0.0111705 0.999624 -0.0259935 -11.0835 -0.795783 0.00685543 0.605643 123.964
0.596644 0.0292524 0.802041 158.665 -0.0114052 0.999567 -0.0279738 -11.1171 -0.802501 0.00754029 0.596703 124.526
0.588731 0.0296626 0.807859 159.419 -0.00541578 0.999473 -0.0327531 -11.1501 -0.808386 0.0149065 0.588568 125.079
0.582215 0.037119 0.812255 160.173 -0.00528304 0.999133 -0.0418736 -11.1776 -0.813093 0.0200853 0.58189 125.63
0.574799 0.0395953 0.81741 160.939 -0.0029089 0.998945 -0.0463449 -11.2258 -0.818365 0.0242601 0.574294 126.157
0.566765 0.0359269 0.823163 161.72 -6.88858e-05 0.999075 -0.0435586 -11.2618 -0.823953 0.0246276 0.566227 126.698
0.559976 0.0308023 0.828009 162.5 0.00368375 0.999231 -0.0396649 -11.3151 -0.828574 0.0252605 0.55942 127.228
0.551856 0.0304678 0.833449 163.286 0.00268198 0.999287 -0.0383075 -11.3529 -0.834009 0.0233724 0.551365 127.746
0.544848 0.0304081 0.838055 164.055 0.00298499 0.99929 -0.0382009 -11.3866 -0.838603 0.0233142 0.544357 128.257
0.53861 0.0307102 0.842061 164.845 0.00481396 0.999232 -0.0395229 -11.4175 -0.842615 0.0253378 0.538033 128.768
0.533516 0.0245624 0.845505 165.622 0.00949781 0.999366 -0.0350268 -11.474 -0.84581 0.0267168 0.532932 129.248
0.526875 0.0224739 0.849712 166.415 0.0113942 0.999399 -0.0334998 -11.5258 -0.84994 0.0273287 0.526287 129.738
0.523395 0.0216235 0.851888 167.167 0.0103958 0.999467 -0.0317579 -11.5549 -0.8521 0.025477 0.522879 130.208
0.518597 0.0216193 0.854812 167.912 0.0105134 0.999469 -0.0316579 -11.5865 -0.855028 0.0254016 0.518078 130.665
0.513961 0.0241293 0.857546 168.67 0.0111322 0.999358 -0.0347928 -11.6267 -0.857814 0.0274276 0.51335 131.116
0.511392 0.0290658 0.858923 169.399 0.0105816 0.999165 -0.0401134 -11.6681 -0.859357 0.0295991 0.510641 131.563
0.507914 0.0315794 0.860901 170.138 0.00871874 0.999114 -0.0417947 -11.6978 -0.861437 0.028733 0.507176 132.007
0.504241 0.0273968 0.863195 170.874 0.00871061 0.999311 -0.0368071 -11.7476 -0.863594 0.0260753 0.503639 132.444
0.502643 0.0210565 0.864312 171.609 0.00799457 0.999574 -0.0290025 -11.8193 -0.864531 0.0214869 0.502248 132.865
0.499204 0.0175624 0.866374 172.327 0.0107041 0.999619 -0.0264332 -11.8839 -0.866494 0.0224661 0.49881 133.28
0.497355 0.0163652 0.867467 173.04 0.0149204 0.999541 -0.0274127 -11.904 -0.867493 0.0265757 0.496869 133.69
0.494475 0.018092 0.869072 173.754 0.0167759 0.999424 -0.0303527 -11.9399 -0.869106 0.0295848 0.493871 134.088
0.493706 0.0241283 0.869368 174.442 0.0147709 0.999266 -0.0361233 -11.9724 -0.869578 0.0306743 0.492974 134.49
0.487253 0.0324614 0.872725 175.17 0.013745 0.998926 -0.0448315 -11.9953 -0.873229 0.0338365 0.486268 134.907
0.485559 0.0336811 0.873629 175.845 0.0164095 0.998758 -0.0476272 -12.0473 -0.874125 0.03746 0.48439 135.276
0.483418 0.0277718 0.875017 176.532 0.0171885 0.999029 -0.0412059 -12.0735 -0.875297 0.0349565 0.482455 135.651
0.479808 0.0194272 0.877232 177.219 0.011589 0.999555 -0.0284763 -12.1054 -0.877372 0.0238282 0.479356 136.053
0.47611 0.0161696 0.879304 177.896 0.00697158 0.999757 -0.0221615 -12.1329 -0.879434 0.0166785 0.475865 136.454
0.471999 0.0174696 0.881499 178.554 0.00603941 0.999744 -0.0230483 -12.1616 -0.881653 0.0162015 0.471759 136.824
0.470222 0.0198364 0.882391 179.205 0.0079288 0.999638 -0.0266993 -12.2074 -0.882587 0.0195478 0.469879 137.176
0.467266 0.022288 0.883909 179.873 0.00804189 0.999562 -0.029457 -12.238 -0.884155 0.0208714 0.466869 137.525
0.463706 0.0202488 0.885824 180.537 0.00886836 0.999609 -0.0274941 -12.2606 -0.886019 0.0206019 0.46333 137.875
0.461082 0.019084 0.887225 181.174 0.00759765 0.999675 -0.0254527 -12.301 -0.887399 0.0184754 0.460774 138.208
0.458447 0.018746 0.88859 181.804 0.00737809 0.999689 -0.0248984 -12.3237 -0.888766 0.0179676 0.458151 138.541
0.454567 0.0190181 0.890582 182.426 0.00801233 0.999672 -0.0254385 -12.3518 -0.890751 0.018698 0.454253 138.86
0.451447 0.0198682 0.892143 183.042 0.00829217 0.999642 -0.0264604 -12.3779 -0.892335 0.0193402 0.451105 139.177
0.446707 0.021152 0.894503 183.649 0.00825027 0.999609 -0.0277587 -12.4006 -0.894716 0.0197787 0.446344 139.485
0.441041 0.0232466 0.897252 184.233 0.00721967 0.999567 -0.0294483 -12.4155 -0.897533 0.0194626 0.440667 139.786
0.43583 0.0247816 0.89976 184.804 0.00818182 0.999499 -0.031493 -12.4501 -0.900065 0.021086 0.435396 140.061
0.429628 0.0279852 0.902638 185.408 0.00868226 0.999373 -0.0351187 -12.4789 -0.90304 0.0229218 0.429099 140.344
0.420667 0.0297602 0.906798 186.003 0.0115278 0.999235 -0.0381428 -12.49 -0.907215 0.0264973 0.419989 140.627
0.414467 0.0318688 0.909572 186.614 0.0099285 0.999196 -0.0395349 -12.5207 -0.910085 0.0254133 0.413802 140.907
0.406091 0.0331816 0.913302 187.22 0.00669797 0.999235 -0.0392828 -12.5468 -0.913881 0.0220684 0.405545 141.191
0.397707 0.0319367 0.917022 187.85 0.00475079 0.999336 -0.0368655 -12.5638 -0.917575 0.019015 0.397276 141.483
0.390451 0.0325963 0.920118 188.468 0.00502982 0.999311 -0.0375373 -12.605 -0.920682 0.0192832 0.390006 141.748
0.383391 0.0331002 0.923058 189.103 0.00490494 0.999298 -0.0378732 -12.6296 -0.923648 0.0190445 0.382945 142.013
0.37455 0.0363555 0.926564 189.751 0.00266109 0.999213 -0.0402828 -12.6455 -0.927275 0.0175523 0.374146 142.292
0.366241 0.039825 0.929733 190.393 -5.91618e-05 0.999112 -0.0427756 -12.6721 -0.930594 0.0156077 0.365904 142.568
0.358289 0.0409747 0.932782 191.066 -0.000643406 0.999075 -0.0436407 -12.7023 -0.933683 0.0150346 0.357971 142.839
0.351047 0.0425189 0.935457 191.722 -0.0009031 0.999011 -0.0450708 -12.7304 -0.936432 0.0149736 0.350724 143.09
0.343297 0.0446317 0.938236 192.397 -0.00290175 0.998944 -0.0464589 -12.7813 -0.939295 0.0132253 0.343052 143.349
0.334247 0.0443821 0.941505 193.117 -0.000702042 0.998929 -0.0468419 -12.8154 -0.94256 0.0149923 0.333906 143.606
0.326445 0.0452558 0.944203 193.829 -0.000141946 0.998883 -0.0478287 -12.853 -0.945289 0.015478 0.326075 143.872
0.318977 0.0430688 0.946849 194.555 0.000710567 0.998984 -0.0456819 -12.8943 -0.947837 0.0152407 0.318608 144.119
0.311277 0.0412547 0.949494 195.306 0.000314554 0.999081 -0.0435134 -12.9182 -0.950392 0.0138421 0.310966 144.365
0.305315 0.0372479 0.951588 196.057 0.00115728 0.999247 -0.0394872 -12.9615 -0.952326 0.0131536 0.305028 144.621
0.299376 0.0338449 0.953605 196.822 0.00297539 0.999361 -0.036404 -13.0114 -0.954203 0.0137346 0.299072 144.858
0.293551 0.0284635 0.955585 197.613 0.00284598 0.999553 -0.0306499 -13.0431 -0.956015 0.0117133 0.293326 145.103
0.287943 0.024273 0.95741 198.404 0.00281523 0.999681 -0.0261922 -13.0698 -0.957716 0.010236 0.287771 145.37
0.282829 0.0237875 0.958941 199.209 0.00703585 0.999641 -0.0268749 -13.1077 -0.959221 0.0143442 0.282547 145.6
0.274982 0.0290866 0.96108 200.002 0.0117615 0.999394 -0.0336123 -13.1202 -0.96145 0.020545 0.274461 145.832
0.271047 0.0414848 0.961737 200.796 0.0153513 0.998786 -0.0474119 -13.1463 -0.96252 0.0276108 0.270068 146.052
0.266142 0.0491331 0.962752 201.623 0.0195369 0.998249 -0.0563464 -13.1957 -0.963808 0.0338033 0.264705 146.279
0.260696 0.0466258 0.96436 202.485 0.0258441 0.998167 -0.0552494 -13.2451 -0.965151 0.039322 0.259 146.507
0.256427 0.0406136 0.965781 203.361 0.0304677 0.99831 -0.0500719 -13.305 -0.966156 0.0422627 0.254745 146.745
0.250304 0.0355191 0.967581 204.235 0.031701 0.998519 -0.0448581 -13.3864 -0.967724 0.0418973 0.248795 146.983
0.245919 0.0396995 0.968549 205.085 0.0291289 0.998436 -0.0483216 -13.4382 -0.968926 0.0400937 0.244367 147.209
0.24034 0.0486564 0.969534 205.949 0.0250282 0.998129 -0.0562981 -13.4438 -0.970442 0.0377924 0.238661 147.447
0.232891 0.0518581 0.971192 206.824 0.0240033 0.997995 -0.0590465 -13.4533 -0.97228 0.0370609 0.231168 147.667
0.228423 0.0466855 0.972507 207.727 0.0215415 0.998393 -0.0529902 -13.5051 -0.973399 0.0330496 0.227038 147.896
0.220812 0.0426477 0.974456 208.586 0.0190332 0.998694 -0.0480223 -13.5734 -0.975204 0.0291491 0.219701 148.121
0.215261 0.0442807 0.975617 209.483 0.0192697 0.998614 -0.0495786 -13.6216 -0.976441 0.0294685 0.214098 148.322
0.209074 0.049433 0.976723 210.374 0.0153478 0.998463 -0.0538195 -13.6594 -0.977854 0.026241 0.207983 148.525
0.205383 0.0480121 0.97757 211.28 0.0166081 0.998511 -0.0525325 -13.7132 -0.978616 0.0270212 0.204269 148.719
0.200827 0.0477707 0.978535 212.201 0.0171506 0.998516 -0.052267 -13.7683 -0.979552 0.0272772 0.199699 148.912
0.19599 0.047288 0.979532 213.139 0.0177287 0.998534 -0.0517552 -13.8159 -0.980521 0.0275055 0.194853 149.098
0.19262 0.0464085 0.98025 214.084 0.0189733 0.998549 -0.051004 -13.8688 -0.981166 0.028421 0.191449 149.286
0.187649 0.0458877 0.981231 215.038 0.0197014 0.998563 -0.0504686 -13.9286 -0.982114 0.0287981 0.186464 149.476
0.187428 0.0447028 0.981334 215.964 0.0184496 0.998659 -0.0490165 -13.9779 -0.982181 0.0272903 0.18634 149.669
0.183653 0.0430875 0.982113 216.921 0.0185364 0.99874 -0.0472861 -14.0304 -0.982892 0.0268852 0.182612 149.848
0.180088 0.0429754 0.982784 217.864 0.0171326 0.998788 -0.0468153 -14.072 -0.983579 0.0252665 0.179121 150.032
0.179178 0.0462267 0.982799 218.842 0.0135803 0.998715 -0.0494544 -14.1159 -0.9838 0.022204 0.178309 150.229
0.1731 0.045887 0.983909 219.774 0.0137337 0.998737 -0.0489955 -14.169 -0.984889 0.0219919 0.172239 150.422
0.172492 0.0455245 0.984028 220.727 0.0139882 0.99875 -0.0486608 -14.2223 -0.98499 0.0221546 0.171628 150.59
0.171538 0.0439586 0.98427 221.681 0.0142317 0.998822 -0.0470894 -14.2864 -0.985155 0.0220835 0.170697 150.768
0.170366 0.0402082 0.984632 222.628 0.014006 0.999001 -0.0432215 -14.3047 -0.98536 0.0211505 0.169621 150.938
0.165595 0.0370593 0.985572 223.498 0.0183835 0.999037 -0.040655 -14.3696 -0.986104 0.0248486 0.164741 151.093
0.165092 0.038507 0.985599 224.43 0.016749 0.999019 -0.04184 -14.4046 -0.986216 0.0234112 0.164272 151.255
0.16211 0.0456665 0.98579 225.319 0.01963 0.998615 -0.0494893 -14.4804 -0.986659 0.0273717 0.160977 151.434
0.160132 0.0479417 0.986005 226.248 0.0196787 0.998502 -0.0517486 -14.5194 -0.986981 0.0276857 0.158936 151.584
0.159192 0.0487151 0.986121 227.165 0.016716 0.998539 -0.0520278 -14.5911 -0.987188 0.0247644 0.158132 151.744
0.15409 0.0464423 0.98704 228.183 0.0161705 0.998679 -0.0495175 -14.6663 -0.988008 0.0235872 0.153122 151.894
0.160798 0.0411927 0.986205 229.092 0.0209013 0.998797 -0.0451272 -14.7318 -0.986849 0.0278674 0.15973 152.078
0.157292 0.0364019 0.986956 230.028 0.0250437 0.998889 -0.0408364 -14.788 -0.987318 0.0311363 0.156192 152.228
0.153911 0.0366687 0.987481 230.951 0.0229214 0.998945 -0.0406676 -14.8272 -0.987902 0.0288919 0.152894 152.385
0.14702 0.0376732 0.988492 231.948 0.0243811 0.998871 -0.0416982 -14.872 -0.988917 0.0302271 0.145922 152.541
0.143852 0.037238 0.988977 232.854 0.0244166 0.99889 -0.0411635 -14.9217 -0.989382 0.0300675 0.14277 152.675
0.13977 0.0366463 0.989583 233.782 0.0245406 0.998918 -0.0404614 -14.9609 -0.989965 0.0299363 0.138706 152.814
0.135491 0.0358515 0.990209 234.71 0.0244741 0.998956 -0.0395176 -15.0042 -0.990561 0.0295873 0.134459 152.952
0.131769 0.0353978 0.990726 235.627 0.0235832 0.999005 -0.0388334 -15.0459 -0.991085 0.0284778 0.130789 153.082
0.127599 0.035774 0.99126 236.558 0.024073 0.99898 -0.039152 -15.0784 -0.991619 0.0288567 0.126594 153.225
0.123197 0.0356919 0.991818 237.491 0.0232717 0.999012 -0.0388445 -15.117 -0.992195 0.0278632 0.122232 153.351
0.120044 0.0348737 0.992236 238.421 0.022529 0.999067 -0.03784 -15.1605 -0.992598 0.0268951 0.119134 153.473
0.116161 0.0349816 0.992692 239.346 0.020136 0.99913 -0.0375678 -15.1996 -0.993113 0.0243494 0.115343 153.593
0.112055 0.0389044 0.993021 240.257 0.0153352 0.999084 -0.040873 -15.2258 -0.99367 0.0198067 0.111344 153.716
0.109104 0.0440502 0.993134 241.178 0.0114273 0.998936 -0.045566 -15.2649 -0.994052 0.0163171 0.108472 153.832
0.105512 0.0454754 0.99346 242.101 0.008569 0.998913 -0.0466358 -15.2978 -0.994469 0.0134323 0.104996 153.944
0.101622 0.0434871 0.993954 243.022 0.00786576 0.999018 -0.0445162 -15.3411 -0.994879 0.0123389 0.101168 154.052
0.0986488 0.0426339 0.994292 243.958 0.00797188 0.999054 -0.0436297 -15.3772 -0.99518 0.0122289 0.0982032 154.149
0.0957233 0.0416668 0.994618 244.88 0.00602192 0.999122 -0.0424383 -15.4008 -0.995478 0.0100489 0.0953757 154.25
0.0917232 0.0415905 0.995 245.798 0.004547 0.999137 -0.0421834 -15.4336 -0.995865 0.00839223 0.0914427 154.339
0.0897016 0.041281 0.995195 246.693 0.00568164 0.999144 -0.0419602 -15.4848 -0.996041 0.00941521 0.0893778 154.425
0.0864559 0.0433407 0.995396 247.598 0.00488188 0.999061 -0.0439251 -15.5329 -0.996334 0.00865575 0.0861511 154.5
0.0842589 0.0450844 0.995506 248.49 0.00708381 0.998965 -0.0458438 -15.5897 -0.996508 0.0109115 0.0838399 154.578
0.0791235 0.0421363 0.996058 249.403 0.0127582 0.99902 -0.0432759 -15.6347 -0.996873 0.0161304 0.0784966 154.65
0.0759866 0.0370441 0.996504 250.333 0.0176055 0.999145 -0.0384881 -15.6926 -0.997043 0.020465 0.0752574 154.721
0.0731187 0.0374161 0.996706 251.234 0.0199964 0.999079 -0.038973 -15.7544 -0.997213 0.0227784 0.0722914 154.783
0.0703729 0.0445006 0.996611 252.135 0.0216727 0.998742 -0.0461294 -15.8264 -0.997375 0.0248417 0.0693081 154.862
0.0642929 0.0563495 0.996425 253.03 0.0223225 0.998113 -0.0578862 -15.8672 -0.997773 0.0259623 0.0629022 154.926
0.0612707 0.0604232 0.996374 253.945 0.0208244 0.997913 -0.0618003 -15.9133 -0.997994 0.0245315 0.0598731 154.995
0.0577055 0.0564869 0.996821 254.854 0.0162557 0.998252 -0.0575099 -15.9484 -0.998293 0.0195209 0.056675 155.052
0.0531277 0.0502179 0.997408 255.752 0.0162413 0.998602 -0.0511463 -16.008 -0.998545 0.0189126 0.0522267 155.101
0.0489074 0.0453951 0.997858 256.649 0.0149114 0.998861 -0.0461724 -16.0566 -0.998784 0.0171361 0.0481636 155.149
0.0429416 0.0448346 0.998155 257.539 0.0119562 0.998941 -0.0453875 -16.1 -0.999095 0.0138795 0.0423493 155.198
0.0357447 0.0433071 0.998509 258.425 0.00844667 0.999053 -0.0436337 -16.1423 -0.999417 0.00999242 0.0353342 155.245
0.0310648 0.0398352 0.998807 259.314 0.0053134 0.999228 -0.0400204 -16.1868 -0.999593 0.00654698 0.0308187 155.29
0.0244185 0.0374732 0.999086 260.204 0.00373157 0.999329 -0.037574 -16.2201 -0.999787 0.00464446 0.0242517 155.321
0.016533 0.0371206 0.999258 261.069 0.0064104 0.999329 -0.0372324 -16.2708 -0.999932 0.00701785 0.016274 155.341
0.0116228 0.040222 0.999212 261.946 0.00788374 0.999199 -0.0403138 -16.3043 -0.999994 0.00834465 0.0112863 155.351
0.00790397 0.0405325 0.999231 262.843 0.0107516 0.99916 -0.0406177 -16.3475 -1 0.0110609 0.00745191 155.363
0.000733956 0.0392458 0.999319 263.714 0.0108289 0.999214 -0.0392503 -16.3846 -1.00003 0.0108488 0.000298828 155.368
-0.00427881 0.0368623 0.999395 264.592 0.0101279 0.999314 -0.036819 -16.4106 -1.00003 0.0099609 -0.00465834 155.376
-0.00941692 0.035757 0.999406 265.466 0.0128025 0.999327 -0.0356341 -16.4519 -0.999966 0.0124577 -0.00987742 155.362
-0.0157426 0.0369163 0.999279 266.33 0.0136129 0.999277 -0.0367049 -16.4902 -0.999874 0.0130218 -0.0162422 155.347
-0.0186708 0.0383314 0.99918 267.217 0.0124953 0.99924 -0.0381008 -16.5238 -0.99984 0.0117721 -0.0191442 155.344
-0.0220854 0.0385491 0.999097 268.08 0.0146137 0.999205 -0.0382334 -16.562 -0.999741 0.0137526 -0.0226394 155.327
-0.0250868 0.0376725 0.999065 268.955 0.0180564 0.999188 -0.0372243 -16.6063 -0.999615 0.0171038 -0.025755 155.305
-0.0233613 0.0341834 0.999227 269.86 0.0191912 0.99929 -0.03374 -16.6976 -0.999634 0.0183846 -0.024009 155.29
-0.0227412 0.0329023 0.99929 270.735 0.0204753 0.999308 -0.0324374 -16.715 -0.999624 0.0197213 -0.0234076 155.256
-0.0251708 0.0319791 0.999258 271.615 0.0218398 0.999311 -0.0314339 -16.7518 -0.999537 0.0210288 -0.02586 155.231
-0.0246334 0.0327571 0.999251 272.478 0.0241334 0.999235 -0.0321622 -16.7818 -0.999498 0.0233212 -0.0254135 155.206
-0.0245183 0.0340077 0.999208 273.344 0.0260831 0.999148 -0.0333689 -16.8205 -0.999452 0.0252406 -0.0253926 155.185
-0.0245283 0.0352776 0.999167 274.202 0.0284204 0.999042 -0.034576 -16.8573 -0.999388 0.0275465 -0.0255159 155.162
-0.0226294 0.0375022 0.999127 275.038 0.0314817 0.998873 -0.0367828 -16.8967 -0.999341 0.0306181 -0.0237928 155.138
-0.0218248 0.037815 0.999137 275.883 0.0327979 0.998818 -0.0370871 -16.9416 -0.999317 0.0319578 -0.0230478 155.119
-0.0193608 0.0378256 0.999184 276.708 0.0344949 0.99876 -0.0371443 -16.9834 -0.999311 0.0337437 -0.0206502 155.096
-0.0170498 0.0367364 0.99927 277.539 0.0359888 0.998744 -0.0361036 -17.0174 -0.9993 0.0353443 -0.0183593 155.085
-0.0135072 0.0344293 0.999404 278.341 0.0378995 0.998753 -0.0338977 -17.0455 -0.999285 0.0374151 -0.0148042 155.076
-0.0106868 0.0321156 0.999519 279.146 0.0386373 0.998795 -0.0316802 -17.0747 -0.99929 0.0382775 -0.0119238 155.073
-0.00678369 0.0297194 0.999624 279.941 0.0384058 0.998875 -0.0294397 -17.1166 -0.999335 0.0381877 -0.00792702 155.067
-0.00275258 0.0273654 0.999714 280.739 0.0385884 0.998928 -0.0272385 -17.1366 -0.999346 0.0384997 -0.00381495 155.067
0.000373358 0.0259193 0.999754 281.49 0.0389347 0.998953 -0.0259163 -17.1617 -0.99934 0.0389306 -0.00064591 155.076
0.00385651 0.0269534 0.999723 282.217 0.0378672 0.99896 -0.0270799 -17.1757 -0.999371 0.0379583 0.00282226 155.083
0.00830006 0.0272281 0.999687 282.98 0.037134 0.998978 -0.0275203 -17.2006 -0.999376 0.0373464 0.00727063 155.096
0.0126829 0.0249686 0.999702 283.735 0.0387938 0.998967 -0.0254433 -17.2159 -0.999263 0.039102 0.0116914 155.103
0.0162081 0.0225764 0.999706 284.431 0.0375091 0.999075 -0.0231733 -17.2228 -0.999266 0.0378692 0.0153362 155.119
0.0193609 0.021546 0.999676 285.143 0.0374822 0.999095 -0.0222603 -17.2399 -0.999207 0.0378981 0.0185261 155.14
0.0237326 0.0213586 0.999582 285.802 0.0384498 0.999059 -0.0222632 -17.2686 -0.99908 0.0389576 0.022879 155.159
0.029333 0.0237835 0.999383 286.474 0.0377088 0.999025 -0.0248828 -17.2801 -0.998955 0.0384125 0.0283977 155.18
0.0314898 0.0251083 0.999281 287.051 0.0370585 0.999015 -0.0262723 -17.2991 -0.998916 0.0378547 0.0305181 155.195
0.0343431 0.0251382 0.999192 287.694 0.0367279 0.999023 -0.0263974 -17.319 -0.998833 0.0376018 0.0333764 155.226
0.0375375 0.0259128 0.999051 288.316 0.0336271 0.999112 -0.0271806 -17.3527 -0.998829 0.034611 0.0366225 155.255
0.0407969 0.0257793 0.998932 288.939 0.0334188 0.999119 -0.0271501 -17.3779 -0.998707 0.0344881 0.0398894 155.289
0.0435532 0.025713 0.998813 289.548 0.0334174 0.999118 -0.0271809 -17.3976 -0.998592 0.034557 0.0426454 155.321
0.0477306 0.0254627 0.998634 290.157 0.0324368 0.999155 -0.0270276 -17.4277 -0.998432 0.0336797 0.046854 155.36
0.0494647 0.0257593 0.998537 290.743 0.0330021 0.999126 -0.027412 -17.4249 -0.998331 0.0343049 0.0485612 155.384
0.0528606 0.0272387 0.998329 291.314 0.0292355 0.999204 -0.0288118 -17.4508 -0.998274 0.0307068 0.0520118 155.422
0.0565346 0.0273892 0.998118 291.901 0.0287987 0.99921 -0.0290528 -17.4758 -0.998085 0.0303822 0.0556907 155.467
0.059691 0.0272064 0.997944 292.457 0.0282272 0.999229 -0.0289309 -17.5001 -0.997918 0.0298932 0.0588663 155.499
0.0624514 0.0270575 0.997774 293.021 0.0280575 0.999236 -0.0288558 -17.5096 -0.997754 0.0297923 0.0616339 155.55
0.0660548 0.0275503 0.997534 293.569 0.0280958 0.999217 -0.0294583 -17.5397 -0.997521 0.0299695 0.0652181 155.588
0.069016 0.0276771 0.997324 294.096 0.0277537 0.999222 -0.0296528 -17.561 -0.99733 0.0297211 0.0681831 155.63
0.0706716 0.0287343 0.997185 294.633 0.0278179 0.999186 -0.0307646 -17.5815 -0.997213 0.0299109 0.0698036 155.662
0.0730763 0.0297377 0.996975 295.086 0.0282145 0.999141 -0.0318728 -17.6117 -0.997028 0.0304534 0.0721631 155.68
0.0747894 0.029938 0.996849 295.586 0.0280848 0.999136 -0.032115 -17.6257 -0.996905 0.0303953 0.0738726 155.725
0.0756116 0.0300008 0.996779 296.074 0.0280638 0.999134 -0.0322029 -17.6446 -0.996845 0.0304032 0.0746927 155.767
0.07829 0.0317231 0.996525 296.576 0.0265865 0.999119 -0.0338956 -17.6919 -0.996678 0.029145 0.0773661 155.804
0.0795315 0.0318 0.996419 297.065 0.0266834 0.999112 -0.0340181 -17.7079 -0.99658 0.0292883 0.0786004 155.848
0.0774175 0.0321676 0.996579 297.453 0.0261217 0.999118 -0.0342801 -17.7329 -0.996759 0.0286833 0.0764973 155.907
0.0776833 0.0322581 0.996551 297.952 0.0260852 0.999116 -0.034377 -17.7488 -0.996741 0.0286607 0.0767614 155.938
0.0766008 0.0322234 0.996641 298.452 0.0259884 0.999121 -0.0343024 -17.764 -0.996826 0.0285257 0.0756843 155.984
0.0733522 0.0320952 0.996885 298.973 0.0262172 0.999122 -0.0340987 -17.7856 -0.997067 0.0286318 0.0724346 156.033
0.0721814 0.0314662 0.996995 299.475 0.0269716 0.999122 -0.0334873 -17.8158 -0.99713 0.0293046 0.0712578 156.076
0.0698866 0.0334176 0.997091 299.994 0.0290532 0.998994 -0.0355202 -17.835 -0.997238 0.031446 0.0688336 156.111
0.0683681 0.0371151 0.99707 300.55 0.0343021 0.998677 -0.0395282 -17.867 -0.997173 0.0369006 0.066993 156.15
0.0660864 0.0412132 0.997059 301.078 0.0367398 0.998416 -0.043707 -17.8881 -0.997244 0.0395147 0.064456 156.18
0.0634183 0.0439199 0.997121 301.629 0.0364877 0.998308 -0.0462943 -17.902 -0.997423 0.039315 0.0616972 156.213
0.0616148 0.0446643 0.997198 302.189 0.0360962 0.998293 -0.0469461 -17.9154 -0.997553 0.038882 0.059886 156.248
0.0601902 0.0424248 0.997386 302.78 0.0408276 0.998203 -0.0449248 -17.9418 -0.997455 0.0434212 0.0583388 156.263
0.0579473 0.0380025 0.997694 303.363 0.0468629 0.998118 -0.0407431 -17.9794 -0.997326 0.0491098 0.056046 156.289
0.0563003 0.0370298 0.997827 303.95 0.0483597 0.998086 -0.0397692 -18.0101 -0.997346 0.0504897 0.0543906 156.312
0.0533592 0.040082 0.997868 304.555 0.0442242 0.998167 -0.0424613 -18.0385 -0.997703 0.0463897 0.0514776 156.351
0.051166 0.0420037 0.997907 305.172 0.0412013 0.998224 -0.0441308 -18.0531 -0.997945 0.0433693 0.0493335 156.394
0.0497904 0.0395139 0.998076 305.785 0.0444876 0.998187 -0.0417401 -18.0709 -0.997876 0.0464744 0.0479313 156.418
0.0484211 0.0379258 0.998206 306.423 0.0483412 0.998067 -0.0402666 -18.0946 -0.997762 0.0502002 0.046483 156.44
0.0465332 0.0381164 0.998287 307.071 0.0498122 0.997989 -0.0404294 -18.1246 -0.997782 0.0516022 0.04453 156.469
0.0435148 0.03931 0.998379 307.729 0.0475777 0.998059 -0.0413723 -18.1468 -0.998024 0.0492969 0.0415491 156.522
0.0420305 0.0413477 0.998359 308.398 0.0450749 0.998097 -0.0432369 -18.1679 -0.998207 0.0468123 0.0400761 156.553
0.0394354 0.0442413 0.998342 309.072 0.0444516 0.998002 -0.0459832 -18.2007 -0.998338 0.0461874 0.0373793 156.586
0.0383477 0.0472652 0.998244 309.763 0.0459075 0.997792 -0.0490098 -18.2227 -0.998316 0.0477004 0.0360828 156.601
0.0365846 0.0458317 0.998379 310.473 0.0435004 0.997977 -0.0474084 -18.257 -0.998489 0.0451605 0.0345062 156.632
0.0347962 0.0455812 0.998453 311.184 0.0402012 0.998137 -0.0469702 -18.2847 -0.998692 0.0417679 0.0328886 156.665
0.0332313 0.0467288 0.998455 311.898 0.0396811 0.998106 -0.0480345 -18.3177 -0.998765 0.0412125 0.0313035 156.698
0.0314879 0.050229 0.99834 312.632 0.0427115 0.997807 -0.0515517 -18.3629 -0.998698 0.0442582 0.0292632 156.739
0.0293808 0.0555168 0.998126 313.355 0.0441217 0.997461 -0.05678 -18.4053 -0.9987 0.0457033 0.0268462 156.758
0.0289568 0.0595893 0.997902 314.098 0.0440713 0.997225 -0.0608301 -18.4253 -0.998715 0.0457345 0.0262402 156.776
0.0287594 0.0572056 0.998048 314.858 0.0466032 0.997248 -0.058504 -18.4861 -0.998606 0.0481906 0.0260039 156.787
0.0268147 0.0524738 0.998362 315.633 0.0520168 0.997246 -0.0538148 -18.5403 -0.998393 0.0533685 0.0240013 156.807
0.0263589 0.0501426 0.998494 316.421 0.0549341 0.997209 -0.0515296 -18.5906 -0.998249 0.0562052 0.0235204 156.822
0.0246371 0.0510999 0.99849 317.189 0.0567748 0.99706 -0.0524302 -18.6294 -0.99819 0.0579745 0.0216535 156.838
0.0231957 0.0529116 0.99843 317.972 0.0571615 0.996945 -0.054162 -18.6665 -0.998202 0.0583236 0.0200898 156.855
0.0232252 0.054216 0.998359 318.767 0.0575198 0.996853 -0.0554748 -18.7095 -0.998181 0.0587075 0.0200235 156.869
0.024397 0.0531094 0.99839 319.568 0.0582607 0.996865 -0.0544531 -18.758 -0.998111 0.0594908 0.0212157 156.894
0.0245575 0.051943 0.998448 320.372 0.0588353 0.996894 -0.0533118 -18.8043 -0.998073 0.0600469 0.021415 156.909
0.0268605 0.0504185 0.998466 321.202 0.0591516 0.996947 -0.0519341 -18.8455 -0.997995 0.0604512 0.0237854 156.915
0.0277767 0.0495969 0.998483 322.026 0.0592707 0.99698 -0.0511736 -18.8902 -0.997963 0.0605958 0.0247428 156.942
0.0298948 0.0486295 0.998469 322.868 0.0587378 0.997055 -0.0503203 -18.9289 -0.997934 0.0601477 0.0269393 156.956
0.0331926 0.0471702 0.998435 323.724 0.059579 0.997066 -0.0490889 -18.9829 -0.99778 0.0611086 0.0302742 156.986
0.0362964 0.0463372 0.998366 324.588 0.0602697 0.997056 -0.0484686 -19.0259 -0.99763 0.0619258 0.0333854 157.026
0.0384905 0.0459494 0.998302 325.446 0.0610546 0.997018 -0.0482469 -19.0747 -0.997501 0.0628015 0.0355594 157.054
0.0390183 0.0455429 0.9983 326.304 0.0615032 0.997008 -0.0478888 -19.1188 -0.997452 0.0632625 0.0360889 157.069
0.047506 0.0455451 0.997933 327.195 0.0632673 0.996868 -0.0485108 -19.1583 -0.996975 0.0654343 0.0444644 157.106
0.0478077 0.0453023 0.997929 328.069 0.0658187 0.996708 -0.048401 -19.2143 -0.996794 0.0679915 0.0446566 157.143
0.0519542 0.0441405 0.997774 328.951 0.0687914 0.996542 -0.0476704 -19.2738 -0.996387 0.071108 0.0487266 157.182
0.0559051 0.0442556 0.997555 329.845 0.0690399 0.996505 -0.0480793 -19.3131 -0.996155 0.0715539 0.052642 157.232
0.0583948 0.0444547 0.997405 330.733 0.0695356 0.996451 -0.0484857 -19.3617 -0.99598 0.0721792 0.0550847 157.287
0.0630765 0.0452114 0.997085 331.642 0.0685741 0.996467 -0.0495225 -19.4048 -0.995759 0.0714928 0.0597408 157.338
0.0667427 0.0460398 0.996809 332.555 0.0654641 0.996631 -0.0504171 -19.4307 -0.995731 0.0686131 0.063492 157.397
0.0689247 0.0462913 0.996648 333.45 0.0641247 0.996702 -0.0507295 -19.4804 -0.995668 0.0674012 0.0657164 157.462
0.0712237 0.0468597 0.996461 334.412 0.0618413 0.996818 -0.0512991 -19.5298 -0.995652 0.0652691 0.068087 157.533
0.0730544 0.0456749 0.996383 335.337 0.060664 0.996949 -0.0501499 -19.5733 -0.995592 0.0641032 0.0700478 157.603
0.0728203 0.0427021 0.996532 336.289 0.060833 0.997084 -0.0471735 -19.6199 -0.995599 0.0640503 0.069998 157.671
0.07531 0.0419873 0.996378 337.236 0.063182 0.996956 -0.0467883 -19.6816 -0.995268 0.0664718 0.0724149 157.75
0.0764908 0.0418462 0.996294 338.165 0.0647854 0.99685 -0.0468459 -19.7361 -0.995074 0.0681214 0.0735264 157.818
0.0756018 0.0423987 0.996338 339.093 0.0634048 0.996921 -0.0472357 -19.7658 -0.995232 0.0667387 0.0726678 157.881
0.076803 0.0426053 0.996238 340.037 0.0625457 0.996964 -0.0474607 -19.8126 -0.995194 0.0659486 0.0738928 157.951
0.0768744 0.0416284 0.996274 340.958 0.060456 0.997147 -0.0463311 -19.8567 -0.995318 0.0637875 0.0741254 158.029
0.0763075 0.0409697 0.996345 341.872 0.0602908 0.997188 -0.0456244 -19.9109 -0.995371 0.0635451 0.0736106 158.107
0.0772862 0.0408064 0.996276 342.805 0.0589229 0.997281 -0.0454197 -19.9641 -0.995379 0.0622091 0.0746584 158.186
0.078261 0.0416939 0.996164 343.716 0.0593031 0.997213 -0.0463993 -20.0129 -0.995279 0.0627002 0.075558 158.26
0.0771436 0.0419255 0.996241 344.668 0.0584584 0.997259 -0.0464962 -20.0703 -0.995417 0.0618207 0.074468 158.341
0.0785961 0.042351 0.99611 345.592 0.0578337 0.997272 -0.0469663 -20.1182 -0.99534 0.0612936 0.07592 158.419
0.078937 0.042439 0.996079 346.503 0.0580452 0.997254 -0.0470903 -20.1702 -0.9953 0.06153 0.0762437 158.494
0.0791808 0.0427685 0.996046 347.393 0.0577992 0.997253 -0.0474176 -20.2129 -0.995295 0.0613188 0.0764789 158.567
0.0807629 0.0413327 0.995979 348.309 0.0586612 0.997263 -0.046144 -20.2669 -0.995118 0.0621473 0.078104 158.634
0.0809629 0.0419749 0.995936 349.205 0.0571536 0.997325 -0.0466822 -20.3065 -0.99519 0.0606946 0.0783347 158.719
0.0814331 0.0430993 0.99585 350.079 0.0569434 0.997283 -0.0478191 -20.3483 -0.995163 0.0605965 0.0787445 158.782
0.0826501 0.0434483 0.995735 350.992 0.0569811 0.997261 -0.0482471 -20.3946 -0.995062 0.0607193 0.0799352 158.854
0.0839654 0.0411167 0.995723 351.896 0.059856 0.997187 -0.046226 -20.4341 -0.994782 0.0634765 0.0812548 158.928
0.0873718 0.0386903 0.995528 352.82 0.0622646 0.997131 -0.0442199 -20.4897 -0.994342 0.0658432 0.0846992 159.009
0.0872022 0.0397109 0.995502 353.689 0.0663209 0.996809 -0.0455739 -20.5406 -0.994093 0.0699916 0.0842769 159.082
0.0891903 0.0450475 0.9951 354.596 0.0707424 0.996219 -0.0514416 -20.6023 -0.993613 0.0749768 0.0856534 159.157
0.092286 0.0465978 0.994745 355.492 0.0724181 0.995997 -0.0533763 -20.6394 -0.993208 0.076958 0.0885287 159.239
0.096923 0.0466804 0.994301 356.393 0.074766 0.995788 -0.054041 -20.6954 -0.992594 0.0795705 0.0930115 159.314
0.0994261 0.0464246 0.994065 357.299 0.0767967 0.995625 -0.0541801 -20.7627 -0.99219 0.0817222 0.0954122 159.404
0.101739 0.0485927 0.993729 358.19 0.0763729 0.995529 -0.0565028 -20.7994 -0.99199 0.081635 0.0975599 159.499
0.106574 0.0481631 0.993242 359.086 0.0761172 0.995552 -0.0564438 -20.8494 -0.9915 0.0816125 0.10242 159.595
0.11148 0.0465732 0.99278 359.949 0.0731693 0.995858 -0.0549365 -20.897 -0.991184 0.078758 0.107596 159.69
0.114549 0.0429965 0.992592 360.853 0.0722057 0.996112 -0.0514833 -20.9392 -0.990904 0.0775625 0.110985 159.789
0.119842 0.0412615 0.992041 361.751 0.0707601 0.996293 -0.0499891 -20.9908 -0.990384 0.0761805 0.116464 159.897
0.124977 0.04188 0.99138 362.66 0.0654399 0.996637 -0.0503531 -21.0082 -0.990113 0.0711635 0.121802 160.018
0.129577 0.0413224 0.990813 363.549 0.0647675 0.996697 -0.0500409 -21.0622 -0.989567 0.0706498 0.126458 160.138
0.136483 0.0409929 0.9899 364.438 0.0634704 0.996781 -0.0500303 -21.1251 -0.988722 0.0696523 0.133427 160.257
0.143298 0.0412296 0.988926 365.363 0.0621614 0.996837 -0.0505695 -21.1875 -0.987841 0.0687127 0.140266 160.397
0.15081 0.0421946 0.987768 366.245 0.0606015 0.996867 -0.0518373 -21.239 -0.986819 0.0676726 0.147765 160.532
0.160016 0.042824 0.986291 367.149 0.0587565 0.996927 -0.0528211 -21.2974 -0.985481 0.0663965 0.156992 160.677
0.168885 0.0426898 0.984818 368.037 0.0571268 0.99701 -0.0530164 -21.3506 -0.984095 0.065208 0.165925 160.836
0.177531 0.04274 0.983294 368.92 0.0563214 0.997031 -0.0535087 -21.3979 -0.98262 0.064873 0.17458 160.996
0.18774 0.0424036 0.981411 369.819 0.0551465 0.997089 -0.0536319 -21.4522 -0.980787 0.0641851 0.184838 161.173
0.198533 0.0417938 0.97931 370.718 0.0540465 0.997157 -0.0535149 -21.4987 -0.978721 0.063546 0.195692 161.361
0.205427 0.0406534 0.977937 371.681 0.0538575 0.997206 -0.0527694 -21.5497 -0.977308 0.0635043 0.202645 161.565
0.215257 0.0401525 0.97584 372.58 0.0520646 0.997315 -0.0525237 -21.5865 -0.975287 0.062106 0.21257 161.778
0.22107 0.0402614 0.974537 373.481 0.0507753 0.99737 -0.0527246 -21.6377 -0.974056 0.061133 0.218425 161.981
0.225677 0.040214 0.973481 374.365 0.0502155 0.997392 -0.052846 -21.6904 -0.973027 0.060803 0.22305 162.187
0.231122 0.0402362 0.972204 375.254 0.0503197 0.997366 -0.0532418 -21.7523 -0.971745 0.061221 0.228469 162.404
0.235866 0.0401408 0.971065 376.159 0.0498221 0.997386 -0.0533333 -21.8106 -0.970628 0.0609532 0.23323 162.636
0.240156 0.0398893 0.970026 377.04 0.0504888 0.997343 -0.0535141 -21.8662 -0.969544 0.0618218 0.237484 162.859
0.245319 0.0395775 0.968744 377.931 0.0504926 0.997342 -0.0535354 -21.9213 -0.968248 0.0620406 0.242649 163.085
0.249775 0.0394954 0.967611 378.815 0.0501568 0.997352 -0.0536584 -21.9718 -0.967128 0.0619293 0.247112 163.317
0.253977 0.0386477 0.966549 379.694 0.0503895 0.997369 -0.0531239 -22.0313 -0.966019 0.0621891 0.251341 163.543
0.259987 0.0374568 0.964999 380.589 0.0495407 0.997468 -0.052066 -22.0948 -0.964465 0.0613377 0.257452 163.802
0.264134 0.0360265 0.963924 381.478 0.0497982 0.997514 -0.0509308 -22.1483 -0.963322 0.0614472 0.261662 164.042
0.26775 0.0345986 0.962984 382.35 0.0496005 0.997589 -0.0496352 -22.1963 -0.962337 0.0610486 0.265367 164.286
0.273215 0.0333587 0.961485 383.242 0.0475584 0.997762 -0.0481345 -22.2344 -0.9609 0.0588709 0.270995 164.546
0.277797 0.0336351 0.960168 384.11 0.0478167 0.997718 -0.0487871 -22.2805 -0.959576 0.0594594 0.275533 164.799
0.282187 0.035376 0.958817 384.959 0.0463801 0.997702 -0.0504636 -22.3216 -0.958361 0.0587033 0.279876 165.046
0.28745 0.0373627 0.957185 385.823 0.0444986 0.997693 -0.0523096 -22.3549 -0.956889 0.0576242 0.285102 165.314
0.291387 0.0374281 0.955984 386.68 0.0430556 0.997762 -0.0521902 -22.4154 -0.95576 0.0563612 0.289101 165.568
0.294218 0.0345866 0.955231 387.521 0.0417744 0.997979 -0.0490035 -22.4704 -0.954953 0.0543166 0.292156 165.829
0.297164 0.0322125 0.954395 388.385 0.0393163 0.998224 -0.0459365 -22.5184 -0.954142 0.0511673 0.295347 166.11
0.299901 0.0328083 0.953525 389.221 0.0362485 0.998349 -0.0457537 -22.5626 -0.95341 0.0482803 0.298194 166.391
0.301126 0.0370097 0.952978 390.048 0.0324733 0.998322 -0.0490347 -22.605 -0.953157 0.0457055 0.299396 166.666
0.302644 0.0406356 0.952356 390.865 0.0309949 0.998197 -0.0524436 -22.6492 -0.952728 0.0453848 0.300816 166.942
0.30462 0.0407177 0.951715 391.698 0.0294494 0.998259 -0.0521379 -22.6935 -0.952145 0.0439033 0.302867 167.226
0.30562 0.0373514 0.95154 392.511 0.0272407 0.998533 -0.0479477 -22.7322 -0.951893 0.0405695 0.304132 167.497
0.306678 0.0331822 0.951347 393.334 0.0253543 0.998806 -0.0430137 -22.7722 -0.951602 0.037306 0.305447 167.776
0.306936 0.0319295 0.951312 394.154 0.0249175 0.998879 -0.0415677 -22.8259 -0.951533 0.0364583 0.305773 168.046
0.306554 0.0311608 0.951456 394.948 0.0247292 0.99892 -0.0406859 -22.8805 -0.951659 0.0359952 0.305429 168.305
0.306129 0.0309806 0.951604 395.763 0.0246885 0.99893 -0.0404658 -22.92 -0.951799 0.0358768 0.305013 168.572
0.305731 0.0311153 0.951723 396.562 0.0245433 0.99893 -0.0405461 -22.9533 -0.951929 0.0357486 0.304616 168.833
0.305765 0.029079 0.95178 397.355 0.0283167 0.998868 -0.0396167 -23.0064 -0.951815 0.0390598 0.304572 169.076
0.307216 0.0266817 0.951379 398.173 0.029739 0.998904 -0.0376208 -23.0454 -0.951303 0.0398445 0.306062 169.355
0.306645 0.0272603 0.951551 398.966 0.0295013 0.998892 -0.0381257 -23.0729 -0.951496 0.0397582 0.305477 169.613
0.30609 0.0305115 0.951627 399.752 0.031287 0.998679 -0.0420865 -23.1267 -0.951616 0.0426495 0.304707 169.862
0.305869 0.0310073 0.951686 400.558 0.0317315 0.998637 -0.0427376 -23.1685 -0.951674 0.0432655 0.304444 170.121
0.305422 0.030285 0.95185 401.364 0.0311821 0.998695 -0.0417839 -23.1925 -0.951835 0.042436 0.304055 170.38
0.304471 0.0274388 0.952244 402.171 0.0312851 0.998813 -0.0387862 -23.2395 -0.952136 0.0415955 0.303228 170.63
0.304484 0.0272083 0.952243 403.002 0.0304784 0.998857 -0.0382887 -23.2688 -0.952158 0.0406749 0.303283 170.899
0.304623 0.0282047 0.952172 403.825 0.0310278 0.998793 -0.0395145 -23.3094 -0.952096 0.0415761 0.303357 171.163
0.305203 0.0308636 0.951902 404.651 0.0316909 0.998648 -0.042543 -23.358 -0.951889 0.0431444 0.303788 171.431
0.305889 0.0317197 0.951656 405.5 0.0323778 0.998577 -0.043693 -23.3992 -0.951646 0.0441727 0.304402 171.71
0.305644 0.030769 0.951764 406.341 0.0329732 0.998592 -0.0428745 -23.4351 -0.951704 0.0444806 0.304176 171.978
0.306696 0.0290047 0.951483 407.236 0.0335519 0.998641 -0.0412594 -23.4743 -0.951345 0.0445731 0.305283 172.274
0.306399 0.0280417 0.951606 408.042 0.0331973 0.998699 -0.0401213 -23.5302 -0.951454 0.0438773 0.305046 172.539
0.307976 0.0249287 0.951186 408.925 0.0379017 0.9986 -0.0384454 -23.5931 -0.95077 0.0478867 0.306576 172.837
0.308031 0.0250103 0.951163 409.773 0.0391541 0.998531 -0.0389387 -23.6507 -0.950699 0.0492295 0.306576 173.106
0.309367 0.0248292 0.950738 410.663 0.0407787 0.998452 -0.0393469 -23.6798 -0.9502 0.0509371 0.307851 173.396
0.310878 0.0233022 0.950281 411.542 0.0453627 0.998253 -0.0393217 -23.7378 -0.949495 0.0553246 0.309255 173.669
0.312039 0.0218477 0.949938 412.42 0.0491692 0.998083 -0.0391088 -23.796 -0.948928 0.0589054 0.310342 173.949
0.31194 0.0196578 0.950015 413.277 0.0475481 0.998266 -0.0362719 -23.8238 -0.949041 0.056479 0.310441 174.237
0.313636 0.0147699 0.949548 414.158 0.0459378 0.998531 -0.0307075 -23.8425 -0.948564 0.0532458 0.312473 174.537
0.31452 0.0107132 0.949308 415.036 0.0469875 0.998591 -0.0268402 -23.8909 -0.948218 0.0530405 0.31355 174.823
0.314046 0.0101351 0.949474 415.888 0.0469565 0.998612 -0.0261933 -23.9207 -0.948379 0.0528047 0.313109 175.101
0.315391 0.0128679 0.948993 416.766 0.0459045 0.998587 -0.0287996 -23.9586 -0.947982 0.0526392 0.314331 175.387
0.315758 0.0144639 0.948849 417.644 0.0461958 0.998522 -0.0305966 -23.9981 -0.947848 0.0534887 0.314599 175.674
0.315704 0.0130163 0.948887 418.487 0.0488551 0.998413 -0.0299535 -24.0301 -0.947731 0.0558072 0.314543 175.949
0.316576 0.0119064 0.948613 419.348 0.0506601 0.998341 -0.0294396 -24.0674 -0.947347 0.0573713 0.315423 176.231
0.316904 0.0111059 0.948511 420.191 0.0505803 0.998367 -0.0285922 -24.0951 -0.94724 0.0570297 0.315801 176.51
0.316543 0.010581 0.948639 421.012 0.050157 0.998411 -0.0278749 -24.1283 -0.947385 0.056399 0.315484 176.784
0.316561 0.0101477 0.948637 421.819 0.0500055 0.99843 -0.0273705 -24.1539 -0.947385 0.0560942 0.315533 177.056
0.3178 0.00751628 0.948248 422.674 0.0521421 0.998376 -0.025391 -24.164 -0.946857 0.0575074 0.316867 177.383
0.316698 0.00671318 0.948623 423.448 0.0517841 0.998418 -0.0243571 -24.183 -0.947244 0.0568301 0.315826 177.635
0.315177 0.00634437 0.949133 424.247 0.0514145 0.998454 -0.0237495 -24.2056 -0.947774 0.0562788 0.314339 177.912
0.313823 0.00561599 0.949586 425.037 0.0512976 0.998479 -0.0228617 -24.2418 -0.948228 0.0558787 0.313035 178.17
0.3107 0.00616364 0.95061 425.792 0.0527375 0.998387 -0.0237125 -24.266 -0.94918 0.0574946 0.309849 178.419
0.310364 0.0109057 0.950678 426.594 0.0528164 0.99825 -0.0286979 -24.2953 -0.949283 0.0591107 0.309222 178.693
0.30862 0.0163153 0.951169 427.337 0.0515129 0.99816 -0.0338377 -24.323 -0.949926 0.0594346 0.307187 178.942
0.306989 0.0205962 0.951614 428.094 0.047598 0.998242 -0.0369642 -24.3822 -0.950655 0.0566351 0.305447 179.187
0.306026 0.0218601 0.951896 428.861 0.0469196 0.998236 -0.0380109 -24.4121 -0.951003 0.0562891 0.304437 179.449
0.304315 0.0181072 0.952524 429.617 0.0463877 0.998411 -0.0338033 -24.4526 -0.951575 0.0544648 0.30297 179.69
0.303321 0.0146595 0.952899 430.363 0.0474606 0.998468 -0.0304702 -24.4635 -0.951842 0.0544617 0.302137 179.931
0.302824 0.0129593 0.953084 431.117 0.0473147 0.998531 -0.0286143 -24.5024 -0.952008 0.0537526 0.301743 180.169
0.302286 0.0123731 0.953262 431.852 0.0467282 0.998582 -0.0277815 -24.5386 -0.952208 0.0529364 0.301255 180.4
0.301069 0.0125168 0.953647 432.569 0.0460365 0.998618 -0.0276447 -24.5721 -0.952628 0.052218 0.300054 180.633
0.301508 0.0137105 0.95349 433.335 0.0455331 0.99861 -0.0287598 -24.618 -0.952513 0.0520808 0.300441 180.857
0.301289 0.0137457 0.95356 434.058 0.0460423 0.998581 -0.0289461 -24.6469 -0.952559 0.0526176 0.300206 181.082
0.301157 0.0136668 0.953602 434.78 0.0461688 0.998577 -0.0288941 -24.6834 -0.952594 0.0527223 0.300074 181.307
0.301062 0.0151814 0.953611 435.497 0.0448838 0.998602 -0.0300715 -24.7393 -0.952686 0.0518475 0.299936 181.53
0.3031 0.0162038 0.952947 436.275 0.0434945 0.99864 -0.0308172 -24.7722 -0.952103 0.0507828 0.30196 181.792
0.303079 0.0162273 0.952954 436.979 0.0428616 0.998673 -0.0306413 -24.7955 -0.95214 0.0501242 0.301958 182.019
0.30371 0.0157743 0.952761 437.722 0.0433007 0.998663 -0.0303395 -24.8184 -0.951918 0.0504635 0.302597 182.26
0.303483 0.0138458 0.952863 438.449 0.0434269 0.998717 -0.0283471 -24.8443 -0.951985 0.049975 0.302469 182.493
0.305297 0.0123153 0.952306 439.189 0.0439387 0.998732 -0.0270041 -24.8682 -0.951383 0.0500813 0.304345 182.724
0.306637 0.0105374 0.951895 439.917 0.0443329 0.998758 -0.025341 -24.8931 -0.950932 0.049963 0.305766 182.935
0.308386 0.00906845 0.951347 440.636 0.0454542 0.998735 -0.0242567 -24.9224 -0.950315 0.0507169 0.30756 183.169
0.310044 0.0093513 0.950805 441.336 0.0443154 0.998785 -0.0242776 -24.9506 -0.949829 0.0496546 0.309229 183.407
0.312345 0.0104029 0.950041 442.017 0.0431026 0.998818 -0.0251099 -24.9709 -0.949132 0.0487859 0.311503 183.646
0.314453 0.0105326 0.949345 442.692 0.0423723 0.998849 -0.0251206 -24.996 -0.948468 0.0481173 0.313621 183.877
0.316224 0.0106711 0.948754 443.36 0.0409461 0.998915 -0.0248849 -25.0295 -0.947942 0.0467108 0.315419 184.107
0.317381 0.0103784 0.948373 444.024 0.0405403 0.998941 -0.0245027 -25.0523 -0.947573 0.046216 0.3166 184.341
0.317969 0.00967977 0.948182 444.679 0.0409418 0.998939 -0.0239297 -25.067 -0.947359 0.046423 0.31721 184.568
0.319224 0.00950764 0.947764 445.311 0.0406287 0.998957 -0.0237095 -25.0958 -0.94695 0.046067 0.318481 184.794
0.320035 0.00926222 0.947491 445.93 0.0411038 0.998939 -0.023651 -25.1224 -0.946656 0.0465083 0.319289 185.003
0.320816 0.00844535 0.947237 446.548 0.0424522 0.998891 -0.0232876 -25.1311 -0.946333 0.0476752 0.320077 185.222
0.322458 0.00856644 0.946676 447.165 0.0432465 0.998845 -0.0237713 -25.1487 -0.945738 0.0485992 0.32169 185.451
0.323234 0.00767149 0.946422 447.773 0.0450734 0.998771 -0.0234936 -25.1694 -0.945389 0.0502438 0.322466 185.652
0.324268 0.00758183 0.946066 448.362 0.0455685 0.998745 -0.0236249 -25.1765 -0.94501 0.050765 0.323491 185.859
0.325081 0.00778296 0.945788 448.937 0.0449908 0.99877 -0.0236868 -25.1945 -0.944759 0.0502436 0.324307 186.065
0.325855 0.00771283 0.94552 449.502 0.0450189 0.998769 -0.0236641 -25.2113 -0.944491 0.0502708 0.325081 186.266
0.326908 0.00746151 0.945161 450.057 0.0455362 0.998747 -0.0236382 -25.2171 -0.944103 0.0507582 0.326134 186.467
0.327213 0.0075761 0.945053 450.605 0.0450009 0.998772 -0.0235899 -25.2429 -0.944023 0.0502404 0.326446 186.657
0.32809 0.00761577 0.944749 451.124 0.04367 0.99884 -0.0232212 -25.2627 -0.943782 0.0488676 0.327352 186.841
0.327342 0.00760117 0.945009 451.677 0.0432782 0.998862 -0.0230276 -25.2752 -0.944059 0.0484294 0.326616 187.046
0.328677 0.00723075 0.94455 452.191 0.042902 0.998889 -0.0225792 -25.2941 -0.943614 0.0479358 0.327976 187.224
0.329242 0.00686548 0.944355 452.693 0.0432569 0.998879 -0.0223451 -25.3121 -0.943399 0.0481999 0.328551 187.399
0.329882 0.00673414 0.944134 453.192 0.0429214 0.998898 -0.0221255 -25.3371 -0.943193 0.0478141 0.329204 187.572
0.330382 0.00700444 0.943956 453.665 0.042038 0.998936 -0.0221277 -25.3523 -0.943056 0.0469859 0.329711 187.734
0.330794 0.00702506 0.943812 454.136 0.041699 0.998951 -0.0220543 -25.3688 -0.942928 0.0466432 0.330129 187.901
0.331568 0.00698629 0.94354 454.601 0.041899 0.998941 -0.0221223 -25.3746 -0.942646 0.0468619 0.330899 188.065
0.332551 0.00779002 0.943189 455.067 0.0428317 0.998873 -0.0233556 -25.3817 -0.942258 0.0481569 0.331818 188.232
0.33293 0.00755755 0.943056 455.5 0.0430305 0.998868 -0.0231981 -25.396 -0.942115 0.0482967 0.332203 188.392
0.332344 0.00707814 0.943267 455.941 0.0429168 0.998887 -0.0226205 -25.4173 -0.942328 0.0479914 0.331646 188.543
0.331091 0.00661748 0.943711 456.372 0.0414112 0.998974 -0.0215358 -25.4166 -0.942836 0.0462038 0.330452 188.714
0.3297 0.00619377 0.944202 456.783 0.0413286 0.998989 -0.0209884 -25.4394 -0.943327 0.0459341 0.329086 188.861
0.328701 0.00584557 0.944551 457.169 0.0411741 0.999006 -0.0205133 -25.4582 -0.943681 0.0456273 0.328109 188.996
0.327174 0.00560361 0.945083 457.55 0.041334 0.999005 -0.0202366 -25.4682 -0.944206 0.0456767 0.326593 189.128
0.32607 0.0053134 0.945466 457.921 0.0410868 0.999024 -0.0197865 -25.4882 -0.944598 0.0452915 0.325509 189.265
0.324754 0.00488823 0.945922 458.291 0.0415748 0.999011 -0.0194399 -25.4921 -0.945031 0.0456314 0.324205 189.395
0.323655 0.00440696 0.946301 458.647 0.0419616 0.999002 -0.0190064 -25.5132 -0.94539 0.0458531 0.323124 189.514
0.322662 0.00417878 0.946641 458.988 0.0421107 0.999001 -0.0187673 -25.5237 -0.945723 0.0459109 0.32214 189.629
0.321619 0.00403175 0.946997 459.336 0.0417494 0.999022 -0.0184343 -25.5351 -0.946094 0.0454587 0.321112 189.743
0.320635 0.00417404 0.947331 459.647 0.0404128 0.999084 -0.0180841 -25.5543 -0.946487 0.0440744 0.320148 189.856
0.319466 0.0052442 0.947719 459.96 0.0389271 0.999132 -0.0186528 -25.5737 -0.946944 0.0428443 0.31896 189.969
0.317625 0.00480243 0.948341 460.253 0.0396099 0.999112 -0.0183298 -25.5863 -0.947536 0.0433773 0.317129 190.089
0.317168 0.0052274 0.948491 460.549 0.0395147 0.999108 -0.0187219 -25.6015 -0.947691 0.0434106 0.316655 190.187
0.316953 0.00582198 0.94856 460.832 0.0405816 0.999047 -0.0196956 -25.5993 -0.947719 0.0447282 0.316391 190.29
0.316348 0.00664815 0.948756 461.123 0.0409539 0.999012 -0.0206578 -25.6052 -0.947905 0.0453834 0.315739 190.372
0.316272 0.00609664 0.948785 461.403 0.0414016 0.999003 -0.0202241 -25.6088 -0.947911 0.045669 0.315681 190.463
0.31693 0.00553817 0.948569 461.682 0.0403853 0.999063 -0.0193284 -25.6344 -0.947735 0.0444273 0.316385 190.566
0.317459 0.00539609 0.948394 461.95 0.0398157 0.999091 -0.0190159 -25.65 -0.947583 0.0437893 0.316932 190.662
0.31915 0.00531461 0.947826 462.223 0.0390766 0.999125 -0.0187621 -25.6677 -0.947045 0.0430191 0.318639 190.753
0.320803 0.00522557 0.947269 462.488 0.0387024 0.999142 -0.0186225 -25.6802 -0.946502 0.0426274 0.320301 190.849
0.323394 0.00517989 0.946387 462.746 0.0388014 0.999136 -0.0187297 -25.6781 -0.945616 0.0427715 0.322889 190.942
0.328249 0.00536456 0.944713 463.012 0.0386127 0.999137 -0.0190938 -25.683 -0.94395 0.0427371 0.327734 191.014
0.333923 0.00505072 0.942724 463.291 0.0388211 0.999128 -0.0191058 -25.6972 -0.941949 0.0429707 0.333411 191.111
0.34129 0.00513909 0.940082 463.551 0.0384962 0.999134 -0.0194415 -25.703 -0.939319 0.0428163 0.340772 191.216
0.350794 0.00588948 0.936572 463.826 0.0384549 0.999111 -0.0206882 -25.7187 -0.935812 0.0432662 0.35023 191.318
0.36105 0.00696172 0.93266 464.098 0.0373878 0.999125 -0.0219352 -25.7249 -0.931948 0.0427812 0.360447 191.436
0.372643 0.00649806 0.928092 464.377 0.0385903 0.999067 -0.0224917 -25.7442 -0.927323 0.0441899 0.372018 191.556
0.387126 0.00698471 0.922142 464.667 0.0375752 0.999086 -0.0233458 -25.7487 -0.921414 0.0436788 0.386481 191.684
0.402786 0.00832175 0.915399 464.943 0.0362839 0.999093 -0.0250501 -25.7461 -0.914727 0.0432972 0.40209 191.837
0.420289 0.0103186 0.907475 465.231 0.0331179 0.99916 -0.0267032 -25.7529 -0.906941 0.0412682 0.419564 191.989
0.43857 0.0115074 0.898768 465.5 0.0324286 0.999129 -0.0286188 -25.7765 -0.898267 0.0416904 0.437785 192.137
0.457519 0.0138024 0.88924 465.79 0.0325732 0.999014 -0.0322692 -25.787 -0.888762 0.0437203 0.456586 192.292
0.477063 0.0141659 0.878903 466.061 0.0324731 0.998969 -0.0337296 -25.814 -0.878428 0.0446249 0.476079 192.453
0.495848 0.0155377 0.868422 466.3 0.0300036 0.999003 -0.0350095 -25.8164 -0.868053 0.0434065 0.494853 192.631
0.510077 0.0200601 0.860046 466.552 0.0249572 0.999027 -0.038106 -25.8451 -0.859929 0.0408946 0.509046 192.801
0.517012 0.0251191 0.855764 466.819 0.0188625 0.99906 -0.0407251 -25.8535 -0.855935 0.0371888 0.516017 192.974
0.516642 0.026736 0.855937 467.06 0.0171227 0.999056 -0.0415441 -25.8533 -0.856194 0.0361128 0.515661 193.131
0.512269 0.02774 0.858531 467.304 0.0163524 0.999049 -0.0420415 -25.8655 -0.858834 0.0355673 0.511293 193.28
0.503585 0.0278412 0.863649 467.531 0.0162919 0.999063 -0.0417087 -25.8755 -0.863954 0.0350677 0.502625 193.399
0.490581 0.0270082 0.871129 467.777 0.0179548 0.999061 -0.04109 -25.8869 -0.871373 0.0357906 0.489601 193.539
0.475966 0.0260895 0.879227 468.007 0.0201444 0.99904 -0.0405523 -25.9131 -0.879393 0.0370063 0.474951 193.638
0.458161 0.0248114 0.888672 468.241 0.0237433 0.99898 -0.0401361 -25.9165 -0.888713 0.0394804 0.457072 193.745
0.438176 0.024771 0.898695 468.495 0.0249039 0.998968 -0.0396796 -25.9107 -0.898701 0.0397608 0.437077 193.829
0.41733 0.0245613 0.90857 468.737 0.0254036 0.998996 -0.0386783 -25.9235 -0.908557 0.0392141 0.416257 193.933
0.396325 0.0245116 0.917926 468.989 0.023968 0.999093 -0.0370296 -25.9286 -0.917951 0.0366699 0.39535 194.031
0.376333 0.0234761 0.926331 469.244 0.0250766 0.999122 -0.0355123 -25.9354 -0.9263 0.0365854 0.375386 194.115
0.357688 0.0223893 0.933715 469.516 0.0276869 0.999085 -0.0345652 -25.9508 -0.933583 0.0382083 0.356714 194.201
0.340634 0.0212301 0.940098 469.788 0.0316496 0.998987 -0.0340318 -25.9632 -0.939816 0.0413378 0.339592 194.274
0.325028 0.0204964 0.945622 470.061 0.0340631 0.998929 -0.033362 -25.9774 -0.945241 0.0430472 0.323957 194.359
0.311004 0.0202435 0.950334 470.321 0.0343063 0.99895 -0.03251 -25.9824 -0.949941 0.0427048 0.309959 194.446
0.300558 0.0187923 0.953718 470.584 0.0337202 0.999038 -0.030314 -25.9909 -0.953317 0.0412636 0.299612 194.516
0.290808 0.0171326 0.956768 470.854 0.0350414 0.999047 -0.0285443 -25.9871 -0.95629 0.0418192 0.289907 194.59
0.284334 0.0156534 0.958736 471.099 0.0353646 0.999081 -0.0268024 -25.9921 -0.958221 0.0415192 0.283497 194.657
0.281849 0.0153219 0.959476 471.336 0.035689 0.999081 -0.0264421 -26.0058 -0.958945 0.0416872 0.281021 194.722
0.284081 0.0157815 0.95881 471.555 0.035035 0.999093 -0.026827 -26.0114 -0.958309 0.0412061 0.283248 194.786
0.290164 0.0149486 0.957 471.795 0.0368025 0.999032 -0.0267677 -26.0209 -0.95642 0.0429786 0.28931 194.851
0.299396 0.0139684 0.954167 472.011 0.0382019 0.998983 -0.0266135 -26.0274 -0.953513 0.0444119 0.298535 194.907
0.310809 0.013415 0.950519 472.204 0.0374624 0.999018 -0.0263532 -26.0277 -0.949886 0.0437909 0.309977 194.981
0.324091 0.0154633 0.946041 472.401 0.0334369 0.999122 -0.0277877 -26.0373 -0.945585 0.0406316 0.323266 195.072
0.338147 0.0174232 0.941075 472.564 0.0295389 0.999207 -0.0291174 -26.0451 -0.940783 0.0376359 0.337338 195.143
0.352084 0.0178215 0.935942 472.726 0.0273231 0.999265 -0.0293079 -26.0484 -0.935722 0.0358851 0.351312 195.229
0.366701 0.0168405 0.930332 472.896 0.0268355 0.999297 -0.0286705 -26.0491 -0.930108 0.0354712 0.365963 195.309
0.381318 0.01596 0.924452 473.044 0.027656 0.999274 -0.0286614 -26.0588 -0.924185 0.036489 0.380572 195.371
0.396408 0.0151768 0.918097 473.17 0.035891 0.998911 -0.0320135 -26.0618 -0.917532 0.045633 0.395403 195.433
0.411991 0.0173011 0.911171 473.298 0.0408278 0.998533 -0.0374223 -26.0758 -0.91043 0.0526109 0.410651 195.482
0.427883 0.019657 0.903771 473.403 0.0387994 0.998511 -0.040091 -26.0853 -0.903163 0.0522107 0.426452 195.533
0.442264 0.0220218 0.896765 473.51 0.0322238 0.99873 -0.0404198 -26.0776 -0.896466 0.0467658 0.440962 195.622
0.455608 0.0219593 0.890063 473.618 0.0274683 0.998942 -0.0387102 -26.0918 -0.889921 0.0420763 0.45449 195.702
0.469011 0.0215477 0.883083 473.725 0.0265328 0.998975 -0.0384696 -26.0936 -0.882957 0.0414662 0.467927 195.765
0.481141 0.0209487 0.876549 473.823 0.0265691 0.998976 -0.0384627 -26.101 -0.876407 0.0417862 0.480057 195.823
0.493166 0.020464 0.869851 473.902 0.0266958 0.998964 -0.0386391 -26.1128 -0.869691 0.0422696 0.492076 195.883
0.50438 0.0202639 0.863402 473.982 0.0260564 0.998981 -0.0386717 -26.1188 -0.863257 0.0419934 0.503303 195.93
0.514423 0.0195309 0.857473 474.062 0.0265759 0.998965 -0.0386997 -26.1182 -0.857293 0.0426889 0.513337 195.99
0.523879 0.0179822 0.851763 474.141 0.0275536 0.998965 -0.038041 -26.1175 -0.851518 0.0433889 0.522805 196.051
0.531136 0.0183814 0.847248 474.204 0.0263137 0.998993 -0.0381718 -26.1227 -0.847048 0.0425613 0.530081 196.105
0.539263 0.0219911 0.842013 474.265 0.0209961 0.999066 -0.039544 -26.1281 -0.842049 0.0389947 0.538259 196.146
0.548243 0.0279919 0.836013 474.295 0.0133517 0.999088 -0.0422102 -26.1354 -0.836384 0.0342968 0.547333 196.211
0.554781 0.032971 0.831508 474.335 0.00664065 0.999076 -0.0440504 -26.1359 -0.832145 0.0299517 0.554011 196.259
0.559543 0.0327424 0.828319 474.39 0.00703638 0.999064 -0.0442471 -26.1335 -0.828945 0.0305799 0.558752 196.29
0.565874 0.027989 0.824183 474.428 0.0118619 0.999113 -0.0420782 -26.1399 -0.824584 0.0335787 0.565 196.33
0.57085 0.0226545 0.820907 474.486 0.0170082 0.999147 -0.0394029 -26.1436 -0.821053 0.0364484 0.56994 196.349
0.57489 0.0214027 0.818118 474.532 0.0176632 0.99917 -0.0385554 -26.1463 -0.818219 0.0366069 0.573995 196.378
0.579967 0.0224969 0.814496 474.559 0.0151616 0.999215 -0.038397 -26.148 -0.814676 0.0346113 0.579133 196.415
0.584622 0.0251242 0.811086 474.587 0.011334 0.99924 -0.0391261 -26.1391 -0.811407 0.0320582 0.583852 196.446
0.587537 0.0273058 0.808905 474.604 0.00863672 0.99923 -0.0400058 -26.1471 -0.809329 0.0304846 0.58681 196.48
