0 0.001207 0.132603 100.000000 12.195122
0 0.000670 0.102693 200.000000 15.503876
0 0.000231 0.093123 300.000000 17.543859
0 0.000269 0.090801 400.000000 19.138756
0 0.000138 0.091814 500.000000 20.408163
0 0.000130 0.087539 600.000000 21.276596
0 0.000136 0.083761 700.000000 21.875000
0 0.000174 0.082018 800.000000 22.346369
10 0.001687 0.165310 100.000000 12.987013
10 0.000877 0.152485 200.000000 16.129032
10 0.000378 0.141459 300.000000 18.181818
10 0.000397 0.139124 400.000000 19.704433
10 0.000234 0.137506 500.000000 20.920502
10 0.000206 0.132426 600.000000 21.739130
10 0.000185 0.128031 700.000000 22.292994
10 0.000211 0.125423 800.000000 22.792023
20 0.001389 0.163870 100.000000 13.888889
20 0.000696 0.139878 200.000000 16.949152
20 0.000282 0.123592 300.000000 18.867924
20 0.000330 0.120028 400.000000 20.408163
20 0.000175 0.117489 500.000000 21.459227
20 0.000167 0.111520 600.000000 22.222221
20 0.000165 0.106579 700.000000 22.801304
20 0.000196 0.105089 800.000000 23.188406
30 0.001122 0.155319 100.000000 14.925373
30 0.000545 0.123831 200.000000 17.857143
30 0.000195 0.104818 300.000000 19.607843
30 0.000258 0.102354 400.000000 21.052631
30 0.000129 0.097798 500.000000 22.123894
30 0.000135 0.091999 600.000000 22.813688
30 0.000159 0.087918 700.000000 23.255814
30 0.000201 0.088443 800.000000 23.598820
40 0.001028 0.143880 100.000000 16.129032
40 0.000436 0.113763 200.000000 18.867924
40 0.000147 0.095137 300.000000 20.408163
40 0.000198 0.093379 400.000000 21.739130
40 0.000125 0.088944 500.000000 22.727272
40 0.000130 0.083777 600.000000 23.346304
40 0.000167 0.080794 700.000000 23.728813
40 0.000206 0.083543 800.000000 24.024025
50 0.001116 0.136952 100.000000 17.241379
50 0.000403 0.115656 200.000000 19.801981
50 0.000197 0.098301 300.000000 21.276596
50 0.000200 0.097559 400.000000 22.471910
50 0.000140 0.092577 500.000000 23.255814
50 0.000146 0.087799 600.000000 23.809525
50 0.000177 0.085088 700.000000 24.221453
50 0.000213 0.088359 800.000000 24.464832
60 0.000932 0.110624 100.000000 18.518518
60 0.000277 0.095871 200.000000 20.618557
60 0.000174 0.081603 300.000000 21.897810
60 0.000121 0.081001 400.000000 23.121387
60 0.000109 0.076017 500.000000 23.809525
60 0.000142 0.072451 600.000000 24.291498
60 0.000183 0.071533 700.000000 24.561403
60 0.000208 0.076884 800.000000 24.844721
70 0.000387 0.073164 100.000000 19.230770
70 0.000075 0.054495 200.000000 21.276596
70 0.000031 0.049149 300.000000 22.727272
70 0.000068 0.050935 400.000000 23.668638
70 0.000127 0.050978 500.000000 24.271845
70 0.000176 0.053498 600.000000 24.691359
70 0.000204 0.060509 700.000000 24.911032
70 0.000226 0.071453 800.000000 25.157232
80 0.000151 0.055453 100.000000 20.408163
80 0.000260 0.040673 200.000000 21.978022
80 0.000048 0.045386 300.000000 23.255814
80 0.000135 0.049774 400.000000 24.242424
80 0.000159 0.053292 500.000000 24.752476
80 0.000210 0.059990 600.000000 25.000000
80 0.000230 0.069658 700.000000 25.270758
80 0.000243 0.082525 800.000000 25.396826
90 0.000026 0.043302 100.000000 21.276596
90 0.000271 0.035287 200.000000 22.471910
90 0.000049 0.043463 300.000000 23.809525
90 0.000164 0.049275 400.000000 24.691359
90 0.000173 0.054209 500.000000 25.125628
90 0.000225 0.062885 600.000000 25.316456
90 0.000246 0.074584 700.000000 25.454546
90 0.000253 0.087463 800.000000 25.641026
100 0.000177 0.035339 100.000000 21.739130
100 0.000294 0.036938 200.000000 23.255814
100 0.000084 0.044541 300.000000 24.390244
100 0.000180 0.052174 400.000000 25.000000
100 0.000205 0.057825 500.000000 25.380711
100 0.000242 0.067435 600.000000 25.531916
100 0.000257 0.079093 700.000000 25.735294
100 0.000262 0.092610 800.000000 25.806452
110 0.000326 0.035480 100.000000 22.222221
110 0.000212 0.044169 200.000000 23.809525
110 0.000142 0.049053 300.000000 24.793388
110 0.000184 0.056309 400.000000 25.316456
110 0.000226 0.063393 500.000000 25.641026
110 0.000251 0.073289 600.000000 25.862068
110 0.000252 0.086145 700.000000 25.925926
110 0.000283 0.100079 800.000000 25.974026
120 0.000516 0.036260 100.000000 22.727272
120 0.000171 0.051061 200.000000 24.390244
120 0.000213 0.055690 300.000000 25.210085
120 0.000227 0.062956 400.000000 25.641026
120 0.000261 0.071358 500.000000 25.906736
120 0.000272 0.083086 600.000000 25.974026
120 0.000280 0.095693 700.000000 26.119404
120 0.000309 0.110477 800.000000 26.143791
130 0.000679 0.038202 100.000000 23.255814
130 0.000123 0.052247 200.000000 24.691359
130 0.000246 0.058114 300.000000 25.641026
130 0.000236 0.064968 400.000000 25.974026
130 0.000277 0.075073 500.000000 26.041666
130 0.000292 0.086916 600.000000 26.200872
130 0.000291 0.101166 700.000000 26.217228
130 0.000323 0.116384 800.000000 26.315790
140 0.000515 0.036035 100.000000 23.809525
140 0.000097 0.046249 200.000000 25.316456
140 0.000203 0.054175 300.000000 25.862068
140 0.000232 0.059791 400.000000 26.143791
140 0.000275 0.070527 500.000000 26.178011
140 0.000295 0.083558 600.000000 26.315790
140 0.000294 0.098620 700.000000 26.315790
140 0.000324 0.115160 800.000000 26.402639
150 0.000199 0.036822 100.000000 23.809525
150 0.000073 0.043861 200.000000 25.641026
150 0.000205 0.049733 300.000000 26.086956
150 0.000235 0.055325 400.000000 26.315790
150 0.000274 0.066395 500.000000 26.315790
150 0.000295 0.080895 600.000000 26.431719
150 0.000305 0.097332 700.000000 26.415094
150 0.000318 0.114991 800.000000 26.490067
160 0.000143 0.041786 100.000000 25.000000
160 0.000127 0.049329 200.000000 25.974026
160 0.000210 0.052841 300.000000 26.315790
160 0.000262 0.059595 400.000000 26.490067
160 0.000292 0.071595 500.000000 26.455027
160 0.000304 0.086890 600.000000 26.548672
160 0.000327 0.104180 700.000000 26.515152
160 0.000323 0.122706 800.000000 26.578074
170 0.000438 0.052380 100.000000 25.641026
170 0.000128 0.060038 200.000000 26.315790
170 0.000201 0.057664 300.000000 26.548672
170 0.000259 0.060990 400.000000 26.666666
170 0.000299 0.072072 500.000000 26.595745
170 0.000312 0.087567 600.000000 26.666666
170 0.000329 0.104730 700.000000 26.615969
170 0.000317 0.122292 800.000000 26.666666
180 0.000497 0.060530 100.000000 26.315790
180 0.000142 0.059995 200.000000 26.666666
180 0.000212 0.056451 300.000000 26.785715
180 0.000275 0.061475 400.000000 26.666666
180 0.000314 0.073815 500.000000 26.737968
180 0.000319 0.091002 600.000000 26.666666
180 0.000336 0.107720 700.000000 26.717558
180 0.000326 0.125368 800.000000 26.755854
190 0.000219 0.061250 100.000000 26.315790
190 0.000238 0.055868 200.000000 26.666666
190 0.000266 0.056005 300.000000 26.785715
190 0.000308 0.064987 400.000000 26.666666
190 0.000332 0.080375 500.000000 26.737968
190 0.000338 0.098378 600.000000 26.666666
190 0.000345 0.116370 700.000000 26.717558
190 0.000347 0.134303 800.000000 26.755854
200 0.000263 0.056071 100.000000 26.315790
200 0.000308 0.055121 200.000000 26.666666
200 0.000328 0.062102 300.000000 26.785715
200 0.000347 0.075370 400.000000 26.666666
200 0.000351 0.091561 500.000000 26.737968
200 0.000374 0.109831 600.000000 26.666666
200 0.000361 0.129366 700.000000 26.717558
200 0.000363 0.147415 800.000000 26.755854
210 0.000500 0.062248 100.000000 26.315790
210 0.000355 0.062051 200.000000 26.666666
210 0.000391 0.071395 300.000000 26.785715
210 0.000388 0.086490 400.000000 26.666666
210 0.000372 0.103709 500.000000 26.595745
210 0.000401 0.121209 600.000000 26.666666
210 0.000369 0.140565 700.000000 26.717558
210 0.000377 0.158840 800.000000 26.755854
220 0.000534 0.062097 100.000000 26.315790
220 0.000416 0.062633 200.000000 26.666666
220 0.000423 0.075767 300.000000 26.548672
220 0.000407 0.092580 400.000000 26.490067
220 0.000387 0.109018 500.000000 26.595745
220 0.000409 0.128827 600.000000 26.548672
220 0.000387 0.146722 700.000000 26.717558
220 0.000390 0.166049 800.000000 26.666666
230 0.000408 0.051721 100.000000 26.315790
230 0.000406 0.058212 200.000000 26.315790
230 0.000415 0.071179 300.000000 26.548672
230 0.000384 0.089827 400.000000 26.490067
230 0.000400 0.107837 500.000000 26.595745
230 0.000390 0.127908 600.000000 26.666666
230 0.000395 0.147445 700.000000 26.615969
230 0.000397 0.166374 800.000000 26.578074
240 0.000404 0.047292 100.000000 25.641026
240 0.000404 0.054291 200.000000 26.315790
240 0.000406 0.070708 300.000000 26.315790
240 0.000410 0.089540 400.000000 26.490067
240 0.000410 0.109525 500.000000 26.455027
240 0.000387 0.129381 600.000000 26.548672
240 0.000393 0.147655 700.000000 26.615969
240 0.000393 0.166159 800.000000 26.578074
250 0.000337 0.039177 100.000000 25.641026
250 0.000393 0.049608 200.000000 26.315790
250 0.000408 0.067735 300.000000 26.315790
250 0.000399 0.087283 400.000000 26.490067
250 0.000412 0.107381 500.000000 26.455027
250 0.000382 0.126691 600.000000 26.548672
250 0.000378 0.145002 700.000000 26.615969
250 0.000396 0.164222 800.000000 26.490067
260 0.000327 0.035457 100.000000 25.641026
260 0.000389 0.047260 200.000000 26.315790
260 0.000414 0.067258 300.000000 26.315790
260 0.000391 0.086834 400.000000 26.490067
260 0.000401 0.107015 500.000000 26.455027
260 0.000390 0.125682 600.000000 26.548672
260 0.000385 0.143631 700.000000 26.615969
260 0.000395 0.163871 800.000000 26.402639
270 0.000412 0.040610 100.000000 25.641026
270 0.000424 0.053535 200.000000 26.315790
270 0.000414 0.073920 300.000000 26.315790
270 0.000409 0.093204 400.000000 26.490067
270 0.000397 0.114374 500.000000 26.455027
270 0.000401 0.132651 600.000000 26.548672
270 0.000402 0.151033 700.000000 26.515152
270 0.000390 0.169926 800.000000 26.402639
280 0.000451 0.039368 100.000000 25.641026
280 0.000459 0.056728 200.000000 25.974026
280 0.000435 0.076435 300.000000 26.315790
280 0.000433 0.096647 400.000000 26.315790
280 0.000394 0.116444 500.000000 26.455027
280 0.000401 0.134629 600.000000 26.548672
280 0.000406 0.152688 700.000000 26.515152
280 0.000382 0.172082 800.000000 26.315790
290 0.000479 0.040596 100.000000 25.641026
290 0.000483 0.060016 200.000000 25.974026
290 0.000432 0.079916 300.000000 26.315790
290 0.000438 0.099891 400.000000 26.315790
290 0.000401 0.118649 500.000000 26.455027
290 0.000400 0.136634 600.000000 26.548672
290 0.000411 0.155641 700.000000 26.415094
290 0.000378 0.172997 800.000000 26.315790
300 0.000471 0.037233 100.000000 25.641026
300 0.000459 0.058186 200.000000 25.974026
300 0.000421 0.077529 300.000000 26.315790
300 0.000413 0.097382 400.000000 26.315790
300 0.000406 0.115274 500.000000 26.455027
300 0.000400 0.132716 600.000000 26.548672
300 0.000392 0.151570 700.000000 26.415094
300 0.000362 0.168110 800.000000 26.315790
310 0.000508 0.037619 100.000000 25.641026
310 0.000466 0.060291 200.000000 25.974026
310 0.000429 0.079377 300.000000 26.315790
310 0.000394 0.097923 400.000000 26.490067
310 0.000398 0.114874 500.000000 26.595745
310 0.000401 0.133294 600.000000 26.431719
310 0.000387 0.151264 700.000000 26.315790
310 0.000342 0.166135 800.000000 26.315790
320 0.000549 0.039398 100.000000 25.641026
320 0.000475 0.062046 200.000000 25.974026
320 0.000431 0.078808 300.000000 26.315790
320 0.000381 0.096451 400.000000 26.490067
320 0.000392 0.113405 500.000000 26.595745
320 0.000406 0.131402 600.000000 26.431719
320 0.000370 0.148697 700.000000 26.315790
320 0.000332 0.162908 800.000000 26.315790
330 0.000529 0.040896 100.000000 25.641026
330 0.000430 0.061854 200.000000 25.974026
330 0.000420 0.077166 300.000000 26.315790
330 0.000384 0.094499 400.000000 26.490067
330 0.000388 0.111257 500.000000 26.595745
330 0.000411 0.130382 600.000000 26.315790
330 0.000366 0.146881 700.000000 26.217228
330 0.000319 0.159351 800.000000 26.315790
340 0.000410 0.039481 100.000000 25.641026
340 0.000412 0.058628 200.000000 25.974026
340 0.000383 0.075475 300.000000 26.315790
340 0.000390 0.091628 400.000000 26.490067
340 0.000394 0.109126 500.000000 26.455027
340 0.000383 0.127368 600.000000 26.315790
340 0.000342 0.143570 700.000000 26.217228
340 0.000306 0.154500 800.000000 26.315790
350 0.000461 0.038980 100.000000 25.641026
350 0.000425 0.056038 200.000000 25.974026
350 0.000370 0.073643 300.000000 26.548672
350 0.000387 0.091008 400.000000 26.490067
350 0.000394 0.108092 500.000000 26.455027
350 0.000381 0.126158 600.000000 26.315790
350 0.000320 0.141558 700.000000 26.217228
350 0.000289 0.150704 800.000000 26.315790
360 0.000416 0.038041 100.000000 25.641026
360 0.000423 0.051122 200.000000 25.974026
360 0.000356 0.069704 300.000000 26.315790
360 0.000371 0.086722 400.000000 26.490067
360 0.000398 0.104445 500.000000 26.315790
360 0.000348 0.122040 600.000000 26.200872
360 0.000304 0.135331 700.000000 26.217228
360 0.000273 0.142025 800.000000 26.402639
370 0.000355 0.038794 100.000000 25.641026
370 0.000420 0.051258 200.000000 25.974026
370 0.000367 0.068721 300.000000 26.548672
370 0.000384 0.086870 400.000000 26.490067
370 0.000403 0.104869 500.000000 26.315790
370 0.000351 0.121679 600.000000 26.200872
370 0.000295 0.132341 700.000000 26.315790
370 0.000272 0.137864 800.000000 26.402639
380 0.000480 0.042363 100.000000 25.641026
380 0.000446 0.064023 200.000000 26.315790
380 0.000426 0.080369 300.000000 26.548672
380 0.000427 0.097564 400.000000 26.490067
380 0.000406 0.115876 500.000000 26.315790
380 0.000334 0.131874 600.000000 26.200872
380 0.000289 0.139404 700.000000 26.315790
380 0.000270 0.142141 800.000000 26.402639
390 0.000557 0.035458 100.000000 25.641026
390 0.000393 0.060281 200.000000 26.315790
390 0.000413 0.075218 300.000000 26.548672
390 0.000412 0.092191 400.000000 26.315790
390 0.000383 0.110286 500.000000 26.178011
390 0.000297 0.123176 600.000000 26.200872
390 0.000257 0.128010 700.000000 26.315790
390 0.000267 0.128911 800.000000 26.490067
400 0.000655 0.043030 100.000000 25.641026
400 0.000394 0.064397 200.000000 26.315790
400 0.000396 0.079730 300.000000 26.548672
400 0.000424 0.095805 400.000000 26.315790
400 0.000363 0.113341 500.000000 26.178011
400 0.000289 0.123740 600.000000 26.200872
400 0.000256 0.125904 700.000000 26.315790
400 0.000275 0.126398 800.000000 26.490067
410 0.000583 0.045539 100.000000 25.641026
410 0.000421 0.061612 200.000000 26.315790
410 0.000420 0.077787 300.000000 26.315790
410 0.000425 0.094618 400.000000 26.143791
410 0.000345 0.110839 500.000000 26.041666
410 0.000284 0.117940 600.000000 26.200872
410 0.000269 0.118866 700.000000 26.415094
410 0.000291 0.122041 800.000000 26.490067
420 0.000379 0.049429 100.000000 25.641026
420 0.000409 0.059250 200.000000 26.315790
420 0.000407 0.072158 300.000000 26.315790
420 0.000385 0.088879 400.000000 26.143791
420 0.000306 0.103860 500.000000 26.041666
420 0.000284 0.109832 600.000000 26.200872
420 0.000288 0.111960 700.000000 26.415094
420 0.000301 0.118731 800.000000 26.490067
430 0.000252 0.044141 100.000000 26.315790
430 0.000369 0.054079 200.000000 26.315790
430 0.000380 0.063951 300.000000 26.315790
430 0.000341 0.079878 400.000000 26.143791
430 0.000291 0.093827 500.000000 26.041666
430 0.000295 0.100311 600.000000 26.315790
430 0.000314 0.107210 700.000000 26.415094
430 0.000331 0.118732 800.000000 26.490067
440 0.000306 0.045424 100.000000 26.315790
440 0.000344 0.052592 200.000000 26.315790
440 0.000382 0.062914 300.000000 26.086956
440 0.000323 0.078125 400.000000 25.974026
440 0.000297 0.089592 500.000000 26.178011
440 0.000307 0.096993 600.000000 26.315790
440 0.000337 0.106717 700.000000 26.415094
440 0.000333 0.120839 800.000000 26.402639
450 0.000394 0.042666 100.000000 26.315790
450 0.000384 0.052102 200.000000 26.315790
450 0.000374 0.065628 300.000000 26.086956
450 0.000316 0.081514 400.000000 25.974026
450 0.000301 0.089799 500.000000 26.178011
450 0.000318 0.095481 600.000000 26.315790
450 0.000330 0.105593 700.000000 26.415094
450 0.000329 0.119434 800.000000 26.402639
460 0.000470 0.041934 100.000000 25.641026
460 0.000425 0.052620 200.000000 25.974026
460 0.000389 0.069661 300.000000 25.862068
460 0.000309 0.084316 400.000000 25.806452
460 0.000314 0.091121 500.000000 26.041666
460 0.000344 0.097039 600.000000 26.315790
460 0.000342 0.109278 700.000000 26.415094
460 0.000330 0.125264 800.000000 26.229507
470 0.000517 0.047233 100.000000 25.641026
470 0.000473 0.055450 200.000000 25.974026
470 0.000361 0.074283 300.000000 25.641026
470 0.000307 0.084999 400.000000 25.806452
470 0.000320 0.088094 500.000000 26.178011
470 0.000340 0.094120 600.000000 26.315790
470 0.000342 0.107496 700.000000 26.315790
470 0.000305 0.122338 800.000000 26.229507
480 0.000484 0.041244 100.000000 25.641026
480 0.000484 0.054059 200.000000 25.641026
480 0.000347 0.070936 300.000000 25.641026
480 0.000302 0.078121 400.000000 25.806452
480 0.000319 0.080033 500.000000 26.178011
480 0.000349 0.088766 600.000000 26.315790
480 0.000343 0.103767 700.000000 26.315790
480 0.000298 0.120222 800.000000 26.058632
490 0.000442 0.033447 100.000000 25.641026
490 0.000396 0.049778 200.000000 25.316456
490 0.000285 0.064141 300.000000 25.641026
490 0.000318 0.069258 400.000000 25.974026
490 0.000350 0.075437 500.000000 26.178011
490 0.000359 0.089967 600.000000 26.315790
490 0.000349 0.108172 700.000000 26.217228
490 0.000297 0.124493 800.000000 25.974026
500 0.000424 0.031873 100.000000 25.000000
500 0.000389 0.050970 200.000000 25.316456
500 0.000283 0.062743 300.000000 25.641026
500 0.000345 0.069084 400.000000 25.974026
500 0.000389 0.080458 500.000000 26.178011
500 0.000381 0.098736 600.000000 26.315790
500 0.000350 0.118638 700.000000 26.119404
500 0.000313 0.134269 800.000000 25.806452
510 0.000519 0.034589 100.000000 25.000000
510 0.000316 0.052341 200.000000 25.000000
510 0.000326 0.061425 300.000000 25.641026
510 0.000388 0.069283 400.000000 25.974026
510 0.000404 0.085034 500.000000 26.178011
510 0.000395 0.106129 600.000000 26.200872
510 0.000343 0.125358 700.000000 26.022305
510 0.000733 0.139171 800.000000 25.641026
520 0.000510 0.037658 100.000000 24.390244
520 0.000314 0.047584 200.000000 25.000000
520 0.000404 0.058147 300.000000 25.641026
520 0.000444 0.073842 400.000000 25.974026
520 0.000445 0.095017 500.000000 26.315790
520 0.000412 0.118628 600.000000 26.200872
520 0.000350 0.136774 700.000000 26.022305
520 0.001285 0.149580 800.000000 25.477707
530 0.000366 0.031477 100.000000 24.390244
530 0.000282 0.042750 200.000000 25.316456
530 0.000429 0.054902 300.000000 25.862068
530 0.000462 0.075816 400.000000 26.143791
530 0.000447 0.101020 500.000000 26.315790
530 0.000417 0.123979 600.000000 26.200872
530 0.000342 0.141530 700.000000 25.830257
530 0.001437 0.155818 800.000000 25.396826
540 0.000335 0.030377 100.000000 24.390244
540 0.000335 0.041648 200.000000 25.316456
540 0.000464 0.055642 300.000000 25.862068
540 0.000495 0.079214 400.000000 26.315790
540 0.000465 0.105784 500.000000 26.315790
540 0.000395 0.128154 600.000000 26.086956
540 0.000357 0.142069 700.000000 25.735294
540 0.002005 0.166956 800.000000 25.157232
550 0.000133 0.026084 100.000000 24.390244
550 0.000441 0.040284 200.000000 25.641026
550 0.000535 0.061820 300.000000 26.086956
550 0.000514 0.090983 400.000000 26.315790
550 0.000472 0.117055 500.000000 26.315790
550 0.000384 0.136733 600.000000 26.086956
550 0.000849 0.144770 700.000000 25.641026
550 0.001363 0.181766 800.000000 24.922119
560 0.000323 0.037732 100.000000 25.000000
560 0.000612 0.054911 200.000000 25.641026
560 0.000624 0.083965 300.000000 26.315790
560 0.000565 0.114253 400.000000 26.490067
560 0.000497 0.139478 500.000000 26.315790
560 0.000398 0.155865 600.000000 26.086956
560 0.001398 0.158886 700.000000 25.547445
560 0.001299 0.209307 800.000000 24.464832
570 0.000629 0.057206 100.000000 25.000000
570 0.000746 0.078159 200.000000 25.974026
570 0.000713 0.110095 300.000000 26.315790
570 0.000599 0.138756 400.000000 26.490067
570 0.000523 0.161399 500.000000 26.315790
570 0.000410 0.175506 600.000000 25.974026
570 0.001585 0.182834 700.000000 25.362318
570 0.001340 0.242071 800.000000 24.024025
580 0.000816 0.064630 100.000000 25.000000
580 0.000795 0.088588 200.000000 26.315790
580 0.000725 0.121649 300.000000 26.548672
580 0.000620 0.147572 400.000000 26.666666
580 0.000497 0.168429 500.000000 26.315790
580 0.000419 0.178986 600.000000 25.751074
580 0.002171 0.195610 700.000000 25.089605
580 0.001346 0.257836 800.000000 23.529411
590 0.000901 0.065087 100.000000 25.641026
590 0.000834 0.093488 200.000000 26.315790
590 0.000689 0.124706 300.000000 26.548672
590 0.000588 0.149037 400.000000 26.490067
590 0.000451 0.165548 500.000000 26.178011
590 0.001045 0.167780 600.000000 25.641026
590 0.001499 0.206383 700.000000 24.734982
590 0.001342 0.260957 800.000000 22.988506
600 0.000938 0.058428 100.000000 25.641026
600 0.000796 0.088631 200.000000 26.666666
600 0.000637 0.118018 300.000000 26.785715
600 0.000546 0.140186 400.000000 26.490067
600 0.000405 0.152650 500.000000 26.178011
600 0.001684 0.153121 600.000000 25.423729
600 0.001462 0.218670 700.000000 24.221453
600 0.001333 0.242803 800.000000 22.535212
610 0.000839 0.053388 100.000000 26.315790
610 0.000733 0.084764 200.000000 26.666666
610 0.000579 0.110332 300.000000 26.785715
610 0.000487 0.129496 400.000000 26.490067
610 0.000370 0.140375 500.000000 25.906736
610 0.001870 0.157000 600.000000 25.210085
610 0.001485 0.239753 700.000000 23.648649
610 0.001334 0.221964 800.000000 22.160666
620 0.000820 0.049537 100.000000 26.315790
620 0.000651 0.079093 200.000000 26.666666
620 0.000564 0.100865 300.000000 26.785715
620 0.000400 0.117593 400.000000 26.315790
620 0.000610 0.123294 500.000000 25.641026
620 0.002478 0.171094 600.000000 24.896265
620 0.001492 0.254822 700.000000 23.026316
620 0.001328 0.193889 800.000000 21.798365
630 0.000731 0.044469 100.000000 26.315790
630 0.000589 0.071086 200.000000 26.666666
630 0.000482 0.090544 300.000000 26.548672
630 0.000350 0.102957 400.000000 26.143791
630 0.001598 0.105682 500.000000 25.380711
630 0.001710 0.197674 600.000000 24.390244
630 0.001484 0.258793 700.000000 22.508039
630 0.001312 0.167176 800.000000 21.447721
640 0.000681 0.038626 100.000000 26.315790
640 0.000473 0.060707 200.000000 26.666666
640 0.000415 0.078708 300.000000 26.315790
640 0.000304 0.089009 400.000000 25.806452
640 0.002196 0.113688 500.000000 25.125628
640 0.001684 0.229969 600.000000 23.715416
640 0.001486 0.250880 700.000000 21.943573
640 0.001290 0.145773 800.000000 21.052631
650 0.000657 0.039625 100.000000 26.315790
650 0.000454 0.057878 200.000000 26.666666
650 0.000378 0.074808 300.000000 26.086956
650 0.000298 0.083119 400.000000 25.477707
650 0.002702 0.149497 500.000000 24.752476
650 0.001702 0.263137 600.000000 22.988506
650 0.001488 0.232317 700.000000 21.472393
650 0.001274 0.126263 800.000000 20.618557
660 0.000491 0.033174 100.000000 26.315790
660 0.000421 0.052841 200.000000 26.315790
660 0.000322 0.068146 300.000000 25.862068
660 0.001244 0.078199 400.000000 25.157232
660 0.002650 0.198339 500.000000 24.271845
660 0.001719 0.291317 600.000000 22.222221
660 0.001488 0.212698 700.000000 21.021021
660 0.001266 0.116384 800.000000 20.151133
670 0.000504 0.034307 100.000000 26.315790
670 0.000412 0.053829 200.000000 25.974026
670 0.000304 0.066468 300.000000 25.641026
670 0.002471 0.097742 400.000000 24.844721
670 0.002021 0.246724 500.000000 23.584906
670 0.001724 0.299346 600.000000 21.582733
670 0.001475 0.192257 700.000000 20.648968
670 0.001268 0.113846 800.000000 19.704433
680 0.000438 0.031997 100.000000 26.315790
680 0.000384 0.050988 200.000000 25.641026
680 0.000314 0.063261 300.000000 25.210085
680 0.002983 0.145732 400.000000 24.390244
680 0.002018 0.290370 500.000000 22.727272
680 0.001719 0.289596 600.000000 21.052631
680 0.001453 0.174789 700.000000 20.231215
680 0.001263 0.122027 800.000000 19.323671
690 0.000433 0.032478 100.000000 25.641026
690 0.000335 0.049015 200.000000 25.316456
690 0.000707 0.061516 300.000000 24.793388
690 0.004316 0.201450 400.000000 23.952095
690 0.002028 0.325233 500.000000 21.929825
690 0.001705 0.266394 600.000000 20.547945
690 0.001426 0.157345 700.000000 19.774012
700 0.000374 0.032226 100.000000 25.000000
700 0.000301 0.044748 200.000000 25.000000
700 0.002224 0.073006 300.000000 24.390244
700 0.002822 0.261905 400.000000 23.391813
700 0.002012 0.342962 500.000000 21.186441
700 0.001686 0.238807 600.000000 20.134228
700 0.001402 0.143619 700.000000 19.230770
710 0.000324 0.028134 100.000000 25.000000
710 0.000301 0.039109 200.000000 24.691359
710 0.003603 0.123878 300.000000 24.000000
710 0.002433 0.313859 400.000000 22.598869
710 0.001993 0.341943 500.000000 20.576132
710 0.001650 0.215915 600.000000 19.736841
710 0.001389 0.145217 700.000000 18.817204
720 0.000316 0.030487 100.000000 24.390244
720 0.000337 0.040634 200.000000 24.390244
720 0.003883 0.191878 300.000000 23.622047
720 0.002435 0.358848 400.000000 21.621622
720 0.001985 0.324544 500.000000 20.000000
720 0.001625 0.195757 600.000000 19.292604
720 0.001389 0.150991 700.000000 18.469658
730 0.000334 0.028392 100.000000 24.390244
730 0.001543 0.048352 200.000000 23.809525
730 0.005391 0.277618 300.000000 23.076923
730 0.002445 0.396725 400.000000 20.833334
730 0.001975 0.302109 500.000000 19.531250
730 0.001601 0.183173 600.000000 18.808777
740 0.000362 0.029565 100.000000 23.809525
740 0.003831 0.098247 200.000000 23.529411
740 0.003479 0.362405 300.000000 22.388060
740 0.002439 0.418666 400.000000 20.100502
740 0.001955 0.278914 500.000000 19.157087
740 0.001584 0.176571 600.000000 18.348623
750 0.000395 0.029027 100.000000 23.809525
750 0.005476 0.194951 200.000000 22.988506
750 0.003156 0.424358 300.000000 21.428572
750 0.002426 0.416008 400.000000 19.417477
750 0.001921 0.257159 500.000000 18.796993
750 0.001576 0.178702 600.000000 17.964071
760 0.000505 0.033909 100.000000 23.255814
760 0.005755 0.293913 200.000000 22.727272
760 0.003162 0.473248 300.000000 20.547945
760 0.002416 0.394352 400.000000 18.867924
760 0.001895 0.234824 500.000000 18.315018
760 0.001578 0.184169 600.000000 17.647058
770 0.002793 0.042449 100.000000 22.727272
770 0.007699 0.416764 200.000000 21.978022
770 0.003168 0.513057 300.000000 19.607843
770 0.002405 0.362847 400.000000 18.518518
770 0.001870 0.213570 500.000000 17.857143
780 0.007296 0.151243 100.000000 22.222221
780 0.005042 0.528645 200.000000 21.276596
780 0.003173 0.535476 300.000000 18.867924
780 0.002394 0.331463 400.000000 18.099548
780 0.001860 0.204321 500.000000 17.421602
790 0.010389 0.334443 100.000000 21.739130
790 0.004616 0.612676 200.000000 20.202021
790 0.003171 0.532069 300.000000 18.181818
790 0.002366 0.305120 400.000000 17.777779
790 0.001860 0.206096 500.000000 17.064846
800 0.011039 0.530485 100.000000 21.739130
800 0.004609 0.680115 200.000000 19.230770
800 0.003155 0.509112 300.000000 17.751480
800 0.002328 0.282035 400.000000 17.391304
800 0.001859 0.214777 500.000000 16.778524
810 0.015272 0.694632 100.000000 21.276596
810 0.004439 0.676271 200.000000 18.348623
810 0.003056 0.414546 300.000000 17.341040
810 0.002240 0.218857 400.000000 17.021276
820 0.005853 0.773719 100.000000 20.000000
820 0.003768 0.495882 200.000000 17.543859
820 0.002740 0.196170 300.000000 17.045454
820 0.001986 0.145772 400.000000 16.597511
830 0.006092 0.721250 100.000000 18.867924
830 0.004116 0.335188 200.000000 16.949152
830 0.003016 0.119668 300.000000 16.759777
830 0.002195 0.173981 400.000000 16.194332
840 0.008146 0.613227 100.000000 17.543859
840 0.004568 0.289000 200.000000 16.260162
840 0.003217 0.250632 300.000000 16.393442
840 0.002445 0.201733 400.000000 15.936255
850 0.009525 0.547492 100.000000 16.666666
850 0.005310 0.380417 200.000000 15.873015
850 0.003608 0.402845 300.000000 16.042780
860 0.013584 0.859183 100.000000 15.625000
860 0.007315 0.683471 200.000000 15.748032
860 0.004879 0.638457 300.000000 15.706806
870 0.006909 0.449929 100.000000 15.151515
870 0.003991 0.390890 200.000000 15.625000
870 0.002612 0.364097 300.000000 15.463918
880 0.002688 0.158476 100.000000 14.925373
880 0.001809 0.180086 200.000000 15.625000
880 0.001151 0.164688 300.000000 15.306123
890 0.001157 0.055787 100.000000 14.925373
890 0.000962 0.100555 200.000000 15.625000
890 0.000649 0.089467 300.000000 15.306123
900 0.001056 0.047434 100.000000 14.925373
900 0.000753 0.088299 200.000000 15.625000
900 0.000606 0.072807 300.000000 15.306123
910 0.001130 0.060475 100.000000 14.925373
910 0.000727 0.092485 200.000000 15.625000
920 0.001093 0.062102 100.000000 15.384615
920 0.000651 0.088068 200.000000 15.625000
930 0.001079 0.068227 100.000000 15.625000
930 0.000582 0.085039 200.000000 15.503876
940 0.001088 0.072150 100.000000 15.873015
940 0.000524 0.077988 200.000000 15.384615
950 0.000925 0.065586 100.000000 16.129032
950 0.000431 0.064726 200.000000 15.384615
960 0.000686 0.054671 100.000000 16.129032
960 0.000437 0.049328 200.000000 15.384615
970 0.000470 0.039100 100.000000 16.129032
970 0.000419 0.035937 200.000000 15.384615
980 0.000436 0.039109 100.000000 15.625000
990 0.000422 0.038401 100.000000 15.151515
1000 0.000385 0.026732 100.000000 14.705882
1010 0.000266 0.019028 100.000000 14.492754
1020 0.000208 0.016304 100.000000 14.285714
1030 0.000412 0.020801 100.000000 14.492754
