0 0.000110 0.017058 100.000000 13.513514
0 0.000090 0.017320 200.000000 13.605442
0 0.000091 0.021277 300.000000 14.084507
10 0.000114 0.018158 100.000000 13.513514
10 0.000137 0.018446 200.000000 13.698630
10 0.000098 0.022891 300.000000 14.218010
20 0.000103 0.016601 100.000000 13.513514
20 0.000165 0.020785 200.000000 13.793103
20 0.000116 0.026632 300.000000 14.354067
30 0.000059 0.013432 100.000000 13.513514
30 0.000165 0.018431 200.000000 13.793103
30 0.000112 0.024074 300.000000 14.423077
40 0.000113 0.013851 100.000000 13.333333
40 0.000187 0.021940 200.000000 13.888889
40 0.000136 0.027940 300.000000 14.492754
50 0.000141 0.013164 100.000000 13.333333
50 0.000186 0.022864 200.000000 13.986014
50 0.000138 0.028373 300.000000 14.563107
60 0.000219 0.014852 100.000000 13.333333
60 0.000155 0.024460 200.000000 14.084507
60 0.000157 0.029794 300.000000 14.634147
70 0.000207 0.018632 100.000000 13.333333
70 0.000177 0.029115 200.000000 14.184397
80 0.000270 0.019284 100.000000 13.513514
80 0.000165 0.028104 200.000000 14.388489
90 0.000276 0.019683 100.000000 13.698630
90 0.000162 0.026975 200.000000 14.492754
100 0.000294 0.023077 100.000000 13.888889
100 0.000143 0.028329 200.000000 14.705882
110 0.000275 0.023078 100.000000 14.084507
110 0.000144 0.027456 200.000000 14.925373
120 0.000303 0.023796 100.000000 14.285714
120 0.000172 0.027157 200.000000 15.037594
130 0.000253 0.024614 100.000000 14.492754
130 0.000197 0.027337 200.000000 15.267176
140 0.000232 0.024790 100.000000 14.705882
140 0.000231 0.027907 200.000000 15.384615
150 0.000211 0.015485 100.000000 14.925373
160 0.000128 0.012270 100.000000 15.151515
170 0.000086 0.012140 100.000000 15.384615
180 0.000209 0.018281 100.000000 15.384615
190 0.000259 0.024513 100.000000 15.625000
200 0.000297 0.026262 100.000000 15.625000
