0 0.000639 0.027568 100.000000 11.627907
0 0.000333 0.046067 200.000000 12.048193
0 0.000403 0.064936 300.000000 10.309278
0 0.000313 0.023483 400.000000 10.282776
0 0.000181 0.013977 500.000000 10.351967
0 0.000146 0.021180 600.000000 10.791367
0 0.000120 0.028713 700.000000 11.146497
0 0.000125 0.028760 800.000000 10.810811
10 0.000644 0.032244 100.000000 11.627907
10 0.000359 0.049449 200.000000 12.048193
10 0.000461 0.062770 300.000000 9.771987
10 0.000301 0.022528 400.000000 10.335917
10 0.000172 0.017764 500.000000 10.330579
10 0.000121 0.022964 600.000000 10.810811
10 0.000104 0.028158 700.000000 11.164274
10 0.000111 0.025458 800.000000 10.796222
20 0.000597 0.032053 100.000000 11.764706
20 0.000351 0.050074 200.000000 11.904762
20 0.000481 0.055052 300.000000 9.646302
20 0.000283 0.019359 400.000000 10.389610
20 0.000167 0.018777 500.000000 10.351967
20 0.000139 0.024649 600.000000 10.830325
20 0.000117 0.030291 700.000000 11.182109
20 0.000125 0.025471 800.000000 10.810811
30 0.000404 0.039198 100.000000 11.764706
30 0.000377 0.053845 200.000000 11.560694
30 0.000488 0.049755 300.000000 9.615385
30 0.000270 0.016808 400.000000 10.416667
30 0.000172 0.019874 500.000000 10.373444
30 0.000152 0.026531 600.000000 10.869565
30 0.000128 0.033001 700.000000 11.182109
30 0.000135 0.025446 800.000000 10.840109
40 0.000382 0.043771 100.000000 11.904762
40 0.000400 0.056800 200.000000 11.111111
40 0.000466 0.044512 300.000000 9.646302
40 0.000249 0.015009 400.000000 10.443864
40 0.000175 0.020906 500.000000 10.416667
40 0.000146 0.028113 600.000000 10.909091
40 0.000131 0.034791 700.000000 11.182109
40 0.000138 0.024485 800.000000 10.869565
50 0.000353 0.042957 100.000000 11.904762
50 0.000425 0.056077 200.000000 10.752688
50 0.000429 0.036610 300.000000 9.677420
50 0.000210 0.013314 400.000000 10.443864
50 0.000166 0.021725 500.000000 10.460251
50 0.000143 0.029021 600.000000 10.928962
50 0.000118 0.035166 700.000000 11.128776
50 0.000140 0.022624 800.000000 10.899182
60 0.000347 0.040579 100.000000 12.048193
60 0.000430 0.054661 200.000000 10.526316
60 0.000392 0.028823 300.000000 9.708738
60 0.000172 0.013629 400.000000 10.309278
60 0.000140 0.021992 500.000000 10.504202
60 0.000120 0.027326 600.000000 10.968922
60 0.000106 0.031376 700.000000 10.920437
60 0.000131 0.019088 800.000000 10.928962
70 0.000314 0.037207 100.000000 12.048193
70 0.000411 0.050969 200.000000 10.309278
70 0.000347 0.022285 300.000000 9.771987
70 0.000147 0.015024 400.000000 10.152285
70 0.000155 0.022935 500.000000 10.548523
70 0.000143 0.029670 600.000000 10.989011
70 0.000160 0.033336 700.000000 10.736197
70 0.000142 0.018489 800.000000 10.958904
80 0.000307 0.024672 100.000000 12.195122
80 0.000441 0.046602 200.000000 9.900990
80 0.000278 0.020533 300.000000 9.803922
80 0.000108 0.018066 400.000000 10.050251
80 0.000143 0.021663 500.000000 10.570825
80 0.000142 0.026397 600.000000 11.029411
80 0.000175 0.027069 700.000000 10.670732
80 0.000143 0.014587 800.000000 10.989011
90 0.000378 0.025014 100.000000 12.195122
90 0.000427 0.046250 200.000000 9.216590
90 0.000245 0.020341 300.000000 9.868421
90 0.000110 0.020426 400.000000 10.000000
90 0.000142 0.022623 500.000000 10.615711
90 0.000156 0.028142 600.000000 11.049724
90 0.000182 0.026523 700.000000 10.670732
90 0.000147 0.013712 800.000000 11.019283
100 0.000409 0.030022 100.000000 12.048193
100 0.000482 0.043968 200.000000 8.849558
100 0.000234 0.021245 300.000000 9.933775
100 0.000127 0.021898 400.000000 10.000000
100 0.000149 0.023963 500.000000 10.638298
100 0.000162 0.029653 600.000000 11.070110
100 0.000183 0.025273 700.000000 10.670732
100 0.000140 0.012964 800.000000 11.034483
110 0.000395 0.035344 100.000000 11.494253
110 0.000529 0.041524 200.000000 8.733624
110 0.000230 0.021844 300.000000 9.966778
110 0.000148 0.024618 400.000000 10.025063
110 0.000179 0.028729 500.000000 10.660981
110 0.000174 0.035799 600.000000 11.070110
110 0.000188 0.027586 700.000000 10.687023
110 0.000145 0.014042 800.000000 11.049724
120 0.000425 0.038553 100.000000 10.526316
120 0.000524 0.036191 200.000000 8.733624
120 0.000226 0.023373 300.000000 10.000000
120 0.000176 0.027103 400.000000 10.075566
120 0.000179 0.031719 500.000000 10.683761
120 0.000169 0.038690 600.000000 11.049724
120 0.000181 0.026808 700.000000 10.703364
120 0.000136 0.014015 800.000000 11.065007
130 0.000514 0.037774 100.000000 9.803922
130 0.000486 0.030405 200.000000 8.771930
130 0.000180 0.022718 300.000000 10.000000
130 0.000170 0.026596 400.000000 10.101010
130 0.000161 0.030843 500.000000 10.706638
130 0.000161 0.037352 600.000000 11.009174
130 0.000174 0.023220 700.000000 10.736197
130 0.000130 0.012206 800.000000 11.065007
140 0.000535 0.038767 100.000000 9.345795
140 0.000428 0.026929 200.000000 8.771930
140 0.000120 0.021844 300.000000 9.836065
140 0.000166 0.026447 400.000000 10.126582
140 0.000176 0.031945 500.000000 10.729613
140 0.000164 0.039205 600.000000 10.791367
140 0.000183 0.021451 700.000000 10.769231
140 0.000129 0.011008 800.000000 11.080333
150 0.000521 0.041022 100.000000 8.928572
150 0.000367 0.027476 200.000000 8.810573
150 0.000115 0.023448 300.000000 9.584664
150 0.000197 0.027454 400.000000 10.152285
150 0.000194 0.034582 500.000000 10.752688
150 0.000217 0.040404 600.000000 10.526316
150 0.000184 0.020140 700.000000 10.785825
150 0.000134 0.010233 800.000000 11.080333
160 0.000639 0.052375 100.000000 8.264462
160 0.000319 0.027647 200.000000 8.888889
160 0.000105 0.023851 300.000000 9.433962
160 0.000194 0.025892 400.000000 10.178117
160 0.000190 0.033589 500.000000 10.775862
160 0.000226 0.035647 600.000000 10.434783
160 0.000176 0.016439 700.000000 10.802469
160 0.000124 0.009697 800.000000 11.080333
170 0.000608 0.051365 100.000000 7.299270
170 0.000283 0.029494 200.000000 8.928572
170 0.000162 0.027385 300.000000 9.375000
170 0.000219 0.031633 400.000000 10.230179
170 0.000224 0.042449 500.000000 10.799136
170 0.000243 0.040282 600.000000 10.416667
170 0.000192 0.018315 700.000000 10.835914
170 0.000130 0.009665 800.000000 11.095700
180 0.000729 0.048517 100.000000 6.896552
180 0.000280 0.031044 200.000000 9.049774
180 0.000183 0.028618 300.000000 9.404388
180 0.000233 0.034203 400.000000 10.282776
180 0.000236 0.045817 500.000000 10.845987
180 0.000248 0.039351 600.000000 10.434783
180 0.000187 0.017214 700.000000 10.869565
180 0.000139 0.009723 800.000000 11.095700
190 0.000751 0.045116 100.000000 6.896552
190 0.000251 0.030482 200.000000 9.216590
190 0.000181 0.027260 300.000000 9.493670
190 0.000244 0.033801 400.000000 10.362695
190 0.000239 0.046392 500.000000 10.893247
190 0.000252 0.035972 600.000000 10.489511
190 0.000185 0.014534 700.000000 10.920437
190 0.000137 0.008871 800.000000 11.126565
200 0.000721 0.042984 100.000000 7.092198
200 0.000221 0.030063 200.000000 9.389671
200 0.000197 0.026995 300.000000 9.646302
200 0.000251 0.035498 400.000000 10.498688
200 0.000249 0.049125 500.000000 10.989011
200 0.000254 0.035204 600.000000 10.582010
200 0.000188 0.013610 700.000000 11.006289
200 0.000143 0.008658 800.000000 11.173184
210 0.000660 0.042280 100.000000 7.299270
210 0.000211 0.030117 200.000000 9.615385
210 0.000260 0.029202 300.000000 9.803922
210 0.000270 0.040663 400.000000 10.638298
210 0.000262 0.055129 500.000000 11.111111
210 0.000266 0.036912 600.000000 10.676157
210 0.000193 0.013986 700.000000 11.093502
210 0.000152 0.008372 800.000000 11.220197
220 0.000609 0.040852 100.000000 7.575758
220 0.000164 0.027951 200.000000 9.852217
220 0.000248 0.027943 300.000000 10.000000
220 0.000266 0.041317 400.000000 10.781672
220 0.000267 0.056848 500.000000 11.185682
220 0.000265 0.034664 600.000000 10.771993
220 0.000191 0.011919 700.000000 11.182109
220 0.000150 0.008472 800.000000 11.283498
230 0.000530 0.040820 100.000000 7.812500
230 0.000133 0.025768 200.000000 10.000000
230 0.000290 0.030143 300.000000 10.135135
230 0.000280 0.046121 400.000000 10.899182
230 0.000276 0.062425 500.000000 11.235955
230 0.000270 0.035029 600.000000 10.869565
230 0.000193 0.010885 700.000000 11.254020
230 0.000155 0.008251 800.000000 11.331445
240 0.000486 0.038238 100.000000 8.064516
240 0.000128 0.024892 200.000000 10.050251
240 0.000333 0.035968 300.000000 10.273973
240 0.000310 0.054652 400.000000 11.019283
240 0.000286 0.071474 500.000000 11.185682
240 0.000282 0.037559 600.000000 10.968922
240 0.000197 0.011323 700.000000 11.308562
240 0.000148 0.007935 800.000000 11.379801
250 0.000465 0.036200 100.000000 8.333333
250 0.000203 0.025519 200.000000 10.000000
250 0.000347 0.039659 300.000000 10.452962
250 0.000327 0.059828 400.000000 11.142061
250 0.000302 0.075431 500.000000 11.013216
250 0.000285 0.037084 600.000000 11.049724
250 0.000202 0.011008 700.000000 11.382113
250 0.000149 0.008247 800.000000 11.444921
260 0.000452 0.033931 100.000000 8.620689
260 0.000291 0.028590 200.000000 9.900990
260 0.000387 0.046090 300.000000 10.600707
260 0.000353 0.067165 400.000000 11.267606
260 0.000352 0.078792 500.000000 10.893247
260 0.000289 0.037687 600.000000 11.131725
260 0.000207 0.011427 700.000000 11.456629
260 0.000156 0.008835 800.000000 11.510792
270 0.000445 0.031052 100.000000 8.928572
270 0.000333 0.034694 200.000000 9.900990
270 0.000434 0.056401 300.000000 10.752688
270 0.000378 0.078211 400.000000 11.428572
270 0.000388 0.084996 500.000000 10.893247
270 0.000301 0.040887 600.000000 11.235955
270 0.000216 0.012692 700.000000 11.532125
270 0.000165 0.008865 800.000000 11.594203
280 0.000448 0.030375 100.000000 9.433962
280 0.000350 0.037569 200.000000 10.101010
280 0.000440 0.060434 300.000000 10.989011
280 0.000386 0.082305 400.000000 11.627907
280 0.000394 0.084524 500.000000 10.964912
280 0.000302 0.040406 600.000000 11.363636
280 0.000219 0.012325 700.000000 11.627907
280 0.000169 0.009755 800.000000 11.695907
290 0.000430 0.031349 100.000000 10.101010
290 0.000355 0.038507 200.000000 10.362695
290 0.000440 0.061102 300.000000 11.278195
290 0.000389 0.083089 400.000000 11.834319
290 0.000392 0.081707 500.000000 11.111111
290 0.000300 0.038461 600.000000 11.516315
290 0.000214 0.011350 700.000000 11.744967
290 0.000161 0.010802 800.000000 11.799410
300 0.000361 0.028329 100.000000 10.869565
300 0.000371 0.038750 200.000000 10.695188
300 0.000436 0.062529 300.000000 11.583012
300 0.000395 0.084700 400.000000 12.084592
300 0.000397 0.080131 500.000000 11.261261
300 0.000302 0.037055 600.000000 11.673152
300 0.000217 0.010433 700.000000 11.884550
300 0.000162 0.011615 800.000000 11.922503
310 0.000370 0.024130 100.000000 11.764706
310 0.000373 0.038607 200.000000 11.049724
310 0.000436 0.064259 300.000000 11.857708
310 0.000412 0.086770 400.000000 12.307693
310 0.000403 0.078280 500.000000 11.415525
310 0.000297 0.035334 600.000000 11.834319
310 0.000205 0.009217 700.000000 12.006861
310 0.000157 0.012459 800.000000 12.048193
320 0.000382 0.023517 100.000000 12.658228
320 0.000401 0.043504 200.000000 11.299435
320 0.000447 0.068849 300.000000 12.145749
320 0.000424 0.091202 400.000000 12.539185
320 0.000409 0.077770 500.000000 11.547344
320 0.000300 0.034474 600.000000 11.952191
320 0.000211 0.009360 700.000000 12.110726
320 0.000145 0.013783 800.000000 12.139606
330 0.000437 0.029103 100.000000 13.333333
330 0.000443 0.050869 200.000000 11.560694
330 0.000476 0.077281 300.000000 12.295082
330 0.000437 0.098917 400.000000 12.658228
330 0.000420 0.077261 500.000000 11.627907
330 0.000298 0.034167 600.000000 12.048193
330 0.000198 0.010428 700.000000 12.152778
330 0.000148 0.015031 800.000000 12.213740
340 0.000470 0.033608 100.000000 13.698630
340 0.000477 0.056365 200.000000 11.695907
340 0.000479 0.081818 300.000000 12.448133
340 0.000443 0.103959 400.000000 12.698413
340 0.000414 0.073339 500.000000 11.709601
340 0.000295 0.031449 600.000000 12.096774
340 0.000196 0.011034 700.000000 12.131716
340 0.000143 0.016827 800.000000 12.251148
350 0.000473 0.032973 100.000000 13.698630
350 0.000489 0.056214 200.000000 11.764706
350 0.000448 0.080304 300.000000 12.500000
350 0.000427 0.101916 400.000000 12.658228
350 0.000389 0.062869 500.000000 11.737089
350 0.000268 0.025436 600.000000 12.096774
350 0.000187 0.011964 700.000000 12.110726
350 0.000125 0.018841 800.000000 12.269938
360 0.000501 0.036555 100.000000 13.333333
360 0.000519 0.057854 200.000000 11.834319
360 0.000453 0.081947 300.000000 12.500000
360 0.000407 0.102875 400.000000 12.461060
360 0.000374 0.054695 500.000000 11.764706
360 0.000254 0.020449 600.000000 12.096774
360 0.000172 0.012733 700.000000 12.068966
360 0.000112 0.020259 800.000000 12.232416
370 0.000543 0.037991 100.000000 12.195122
370 0.000542 0.058066 200.000000 11.834319
370 0.000457 0.081578 300.000000 12.500000
370 0.000424 0.098583 400.000000 11.834319
370 0.000355 0.045484 500.000000 11.792453
370 0.000238 0.015626 600.000000 12.096774
370 0.000160 0.014170 700.000000 12.068966
370 0.000090 0.021634 800.000000 12.102875
380 0.000494 0.038292 100.000000 10.869565
380 0.000553 0.060482 200.000000 11.834319
380 0.000457 0.083354 300.000000 12.500000
380 0.000466 0.088789 400.000000 11.461318
380 0.000331 0.037872 500.000000 11.792453
380 0.000222 0.011974 600.000000 12.072434
380 0.000150 0.015498 700.000000 12.068966
380 0.000086 0.022917 800.000000 11.958146
390 0.000502 0.036692 100.000000 10.309278
390 0.000537 0.062578 200.000000 11.834319
390 0.000460 0.085238 300.000000 12.448133
390 0.000454 0.077544 400.000000 11.299435
390 0.000317 0.030784 500.000000 11.792453
390 0.000213 0.009024 600.000000 12.024048
390 0.000139 0.017160 700.000000 12.068966
390 0.000077 0.024311 800.000000 11.834319
400 0.000443 0.036581 100.000000 10.101010
400 0.000491 0.060226 200.000000 11.764706
400 0.000449 0.081237 300.000000 12.396694
400 0.000424 0.063336 400.000000 11.235955
400 0.000280 0.023094 500.000000 11.792453
400 0.000182 0.010163 600.000000 11.976048
400 0.000115 0.019325 700.000000 12.048193
400 0.000050 0.024065 800.000000 11.730206
410 0.000510 0.038953 100.000000 10.000000
410 0.000502 0.062607 200.000000 11.764706
410 0.000444 0.083233 300.000000 12.345679
410 0.000409 0.054600 400.000000 11.235955
410 0.000270 0.017542 500.000000 11.764706
410 0.000172 0.011542 600.000000 11.881188
410 0.000116 0.020767 700.000000 12.048193
410 0.000061 0.024926 800.000000 11.611031
420 0.000546 0.038510 100.000000 10.101010
420 0.000474 0.061239 200.000000 11.764706
420 0.000428 0.081062 300.000000 12.244898
420 0.000387 0.043817 400.000000 11.267606
420 0.000246 0.012161 500.000000 11.764706
420 0.000157 0.013753 600.000000 11.834319
420 0.000098 0.021900 700.000000 12.048193
430 0.000739 0.048921 100.000000 10.309278
430 0.000519 0.071516 200.000000 11.904762
430 0.000434 0.090059 300.000000 12.145749
430 0.000389 0.041949 400.000000 11.331445
430 0.000253 0.009668 500.000000 11.820331
430 0.000169 0.014685 600.000000 11.834319
430 0.000113 0.024038 700.000000 12.048193
440 0.000830 0.057886 100.000000 10.752688
440 0.000534 0.077707 200.000000 12.195122
440 0.000424 0.093957 300.000000 11.952191
440 0.000382 0.039014 400.000000 11.461318
440 0.000242 0.007228 500.000000 11.904762
440 0.000168 0.015511 600.000000 11.904762
440 0.000118 0.025455 700.000000 12.068966
450 0.000674 0.045844 100.000000 11.363636
450 0.000479 0.064523 200.000000 12.578616
450 0.000416 0.078451 300.000000 11.673152
450 0.000345 0.028313 400.000000 11.627907
450 0.000215 0.006173 500.000000 12.019231
450 0.000139 0.016702 600.000000 12.000000
450 0.000091 0.024154 700.000000 12.068966
460 0.000644 0.038769 100.000000 12.048193
460 0.000451 0.056947 200.000000 12.987013
460 0.000436 0.066698 300.000000 11.583012
460 0.000312 0.021902 400.000000 11.834319
460 0.000191 0.007693 500.000000 12.165450
460 0.000120 0.017331 600.000000 12.121212
460 0.000086 0.022994 700.000000 12.089810
470 0.000681 0.040832 100.000000 12.820513
470 0.000452 0.061352 200.000000 13.333333
470 0.000461 0.065074 300.000000 11.583012
470 0.000301 0.020236 400.000000 11.976048
470 0.000180 0.008955 500.000000 12.285012
470 0.000113 0.018134 600.000000 12.244898
470 0.000083 0.023278 700.000000 12.089810
480 0.000657 0.042433 100.000000 13.333333
480 0.000450 0.062839 200.000000 13.698630
480 0.000459 0.059639 300.000000 11.583012
480 0.000296 0.018133 400.000000 12.121212
480 0.000172 0.011091 500.000000 12.376238
480 0.000109 0.019301 600.000000 12.320329
480 0.000077 0.023218 700.000000 12.068966
490 0.000573 0.042114 100.000000 13.698630
490 0.000466 0.062022 200.000000 13.793103
490 0.000442 0.051204 300.000000 11.627907
490 0.000265 0.015358 400.000000 12.195122
490 0.000143 0.013296 500.000000 12.406948
490 0.000092 0.019800 600.000000 12.396694
490 0.000076 0.021999 700.000000 12.027492
500 0.000544 0.043382 100.000000 13.888889
500 0.000447 0.061344 200.000000 13.888889
500 0.000416 0.043409 300.000000 11.627907
500 0.000234 0.013906 400.000000 12.232416
500 0.000116 0.014896 500.000000 12.376238
500 0.000079 0.020110 600.000000 12.422360
500 0.000074 0.020671 700.000000 11.965812
510 0.000498 0.040426 100.000000 13.888889
510 0.000414 0.057228 200.000000 13.793103
510 0.000378 0.033568 300.000000 11.627907
510 0.000203 0.013705 400.000000 12.232416
510 0.000107 0.016096 500.000000 12.285012
510 0.000067 0.019173 600.000000 12.422360
520 0.000372 0.034521 100.000000 13.888889
520 0.000362 0.051404 200.000000 13.513514
520 0.000319 0.025131 300.000000 11.627907
520 0.000159 0.014591 400.000000 12.195122
520 0.000100 0.016812 500.000000 12.165450
520 0.000056 0.017013 600.000000 12.396694
530 0.000353 0.030477 100.000000 13.698630
530 0.000328 0.048369 200.000000 12.738853
530 0.000274 0.019929 300.000000 11.673152
530 0.000119 0.015245 400.000000 12.158054
530 0.000065 0.016631 500.000000 12.106538
530 0.000065 0.015615 600.000000 12.295082
540 0.000307 0.025377 100.000000 13.698630
540 0.000368 0.040803 200.000000 11.428572
540 0.000214 0.017677 300.000000 11.673152
540 0.000076 0.015317 400.000000 12.121212
540 0.000047 0.015048 500.000000 12.106538
540 0.000095 0.014113 600.000000 12.096774
550 0.000335 0.026251 100.000000 13.698630
550 0.000406 0.034747 200.000000 10.869565
550 0.000193 0.016502 300.000000 11.673152
550 0.000068 0.015105 400.000000 12.121212
550 0.000058 0.014703 500.000000 12.106538
550 0.000121 0.015081 600.000000 11.904762
560 0.000386 0.028947 100.000000 13.698630
560 0.000403 0.029777 200.000000 10.695188
560 0.000180 0.016410 300.000000 11.718750
560 0.000051 0.015134 400.000000 12.048193
560 0.000067 0.014870 500.000000 12.106538
560 0.000135 0.016012 600.000000 11.764706
570 0.000378 0.029826 100.000000 13.513514
570 0.000369 0.025995 200.000000 10.638298
570 0.000139 0.016785 300.000000 11.718750
570 0.000076 0.014253 400.000000 11.976048
570 0.000083 0.013690 500.000000 12.106538
570 0.000152 0.016274 600.000000 11.650485
580 0.000384 0.033366 100.000000 13.333333
580 0.000333 0.024838 200.000000 10.695188
580 0.000113 0.017252 300.000000 11.718750
580 0.000104 0.013372 400.000000 11.869436
580 0.000094 0.012603 500.000000 12.106538
590 0.000376 0.034648 100.000000 12.987013
590 0.000301 0.023207 200.000000 10.695188
590 0.000092 0.017815 300.000000 11.673152
590 0.000129 0.014931 400.000000 11.764706
590 0.000113 0.015587 500.000000 12.077294
600 0.000406 0.040548 100.000000 11.764706
600 0.000242 0.022311 200.000000 10.752688
600 0.000056 0.017151 300.000000 11.673152
600 0.000129 0.014488 400.000000 11.730206
600 0.000129 0.016953 500.000000 12.019231
610 0.000436 0.039937 100.000000 9.803922
610 0.000194 0.022324 200.000000 10.752688
610 0.000052 0.016366 300.000000 11.627907
610 0.000108 0.016452 400.000000 11.695907
610 0.000166 0.022421 500.000000 11.792453
620 0.000499 0.037857 100.000000 8.928572
620 0.000156 0.021683 200.000000 10.810811
620 0.000064 0.015555 300.000000 11.583012
620 0.000131 0.018823 400.000000 11.695907
620 0.000204 0.027695 500.000000 11.574074
630 0.000460 0.036576 100.000000 8.695652
630 0.000130 0.021324 200.000000 10.810811
630 0.000093 0.015338 300.000000 11.538462
630 0.000159 0.022077 400.000000 11.730206
630 0.000229 0.032974 500.000000 11.441648
640 0.000376 0.037364 100.000000 8.695652
640 0.000106 0.019664 200.000000 10.869565
640 0.000146 0.013621 300.000000 11.494253
640 0.000186 0.025503 400.000000 11.730206
640 0.000250 0.038615 500.000000 11.337869
650 0.000328 0.037235 100.000000 8.695652
650 0.000104 0.018319 200.000000 10.928962
650 0.000230 0.016091 300.000000 11.406844
650 0.000206 0.028533 400.000000 11.764706
650 0.000267 0.043596 500.000000 11.185682
660 0.000288 0.036148 100.000000 8.849558
660 0.000130 0.017811 200.000000 10.989011
660 0.000251 0.020145 300.000000 11.363636
660 0.000225 0.033893 400.000000 11.799410
670 0.000265 0.032812 100.000000 9.090909
670 0.000168 0.020483 200.000000 11.111111
670 0.000265 0.026112 300.000000 11.406844
670 0.000236 0.040018 400.000000 11.869436
680 0.000344 0.031628 100.000000 9.523809
680 0.000180 0.027700 200.000000 11.363636
680 0.000258 0.033407 300.000000 11.538462
680 0.000244 0.045739 400.000000 11.976048
690 0.000341 0.028716 100.000000 10.101010
690 0.000183 0.030091 200.000000 11.764706
690 0.000256 0.037738 300.000000 11.811024
690 0.000259 0.050400 400.000000 12.121212
700 0.000311 0.025972 100.000000 10.869565
700 0.000204 0.030112 200.000000 12.195122
700 0.000251 0.039145 300.000000 12.096774
700 0.000276 0.052152 400.000000 12.232416
710 0.000254 0.020163 100.000000 11.627907
710 0.000230 0.029836 200.000000 12.658228
710 0.000282 0.043302 300.000000 12.396694
710 0.000310 0.057857 400.000000 12.383901
720 0.000291 0.017914 100.000000 12.500000
720 0.000269 0.034644 200.000000 13.071896
720 0.000313 0.051490 300.000000 12.711864
720 0.000348 0.068168 400.000000 12.422360
730 0.000360 0.024604 100.000000 13.333333
730 0.000314 0.042463 200.000000 13.422819
730 0.000339 0.060257 300.000000 12.931034
730 0.000378 0.076874 400.000000 12.422360
740 0.000405 0.029300 100.000000 13.888889
740 0.000345 0.045950 200.000000 13.605442
740 0.000362 0.064368 300.000000 13.100436
740 0.000399 0.081391 400.000000 12.383901
750 0.000414 0.029481 100.000000 14.285714
750 0.000372 0.045124 200.000000 13.605442
750 0.000363 0.064071 300.000000 13.215859
750 0.000401 0.081510 400.000000 12.269938
760 0.000413 0.032472 100.000000 14.285714
760 0.000497 0.049194 200.000000 13.422819
760 0.000378 0.067278 300.000000 13.215859
760 0.000420 0.085775 400.000000 12.084592
770 0.000432 0.034937 100.000000 14.084507
770 0.000496 0.051663 200.000000 13.071896
770 0.000387 0.069118 300.000000 13.215859
780 0.000397 0.033592 100.000000 13.888889
780 0.000470 0.048801 200.000000 12.820513
780 0.000372 0.067130 300.000000 13.100436
790 0.000396 0.034042 100.000000 13.698630
790 0.000405 0.051132 200.000000 12.738853
790 0.000394 0.069205 300.000000 12.711864
800 0.000331 0.030604 100.000000 13.333333
800 0.000355 0.047730 200.000000 12.658228
800 0.000398 0.065077 300.000000 12.244898
810 0.000335 0.027679 100.000000 13.157895
810 0.000368 0.045733 200.000000 12.658228
810 0.000422 0.063612 300.000000 11.904762
820 0.000367 0.024657 100.000000 12.820513
820 0.000351 0.042429 200.000000 12.658228
820 0.000417 0.061040 300.000000 11.627907
830 0.000614 0.028506 100.000000 12.345679
830 0.000378 0.045014 200.000000 12.658228
830 0.000436 0.065209 300.000000 11.363636
840 0.000611 0.027768 100.000000 12.048193
840 0.000376 0.045578 200.000000 12.658228
850 0.000599 0.027771 100.000000 11.764706
850 0.000370 0.047386 200.000000 12.578616
860 0.000475 0.033744 100.000000 11.627907
860 0.000402 0.050368 200.000000 12.269938
870 0.000413 0.037822 100.000000 11.764706
870 0.000439 0.052524 200.000000 11.764706
880 0.000409 0.037133 100.000000 11.904762
880 0.000464 0.052036 200.000000 11.363636
890 0.000412 0.037823 100.000000 12.048193
890 0.000457 0.051104 200.000000 11.111111
900 0.000379 0.032205 100.000000 12.345679
900 0.000454 0.047169 200.000000 10.989011
910 0.000269 0.016372 100.000000 12.658228
910 0.000427 0.039036 200.000000 10.810811
920 0.000363 0.022261 100.000000 12.987013
930 0.000372 0.023543 100.000000 13.333333
940 0.000383 0.029467 100.000000 13.157895
950 0.000469 0.035252 100.000000 12.048193
960 0.000541 0.037040 100.000000 10.989011
970 0.000579 0.038371 100.000000 10.204082
980 0.000581 0.041827 100.000000 9.708738
990 0.000584 0.048471 100.000000 9.090909
