<<<<<<< HEAD
<<<<<<< HEAD
0 0.001614 0.147780 100.000000 8.474576
0 0.000799 0.158148 200.000000 9.478673
0 0.000694 0.148849 300.000000 10.452962
0 0.000500 0.102942 400.000000 10.498688
0 0.000399 0.107018 500.000000 10.438414
0 0.000352 0.121453 600.000000 10.434783
0 0.000330 0.135993 700.000000 10.294118
0 0.000297 0.122401 800.000000 10.282776
10 0.001189 0.102714 100.000000 9.009009
10 0.000599 0.115088 200.000000 9.756098
10 0.000544 0.111318 300.000000 10.714286
10 0.000404 0.077986 400.000000 10.695188
10 0.000325 0.082703 500.000000 10.593221
10 0.000294 0.095663 600.000000 10.563380
10 0.000280 0.109578 700.000000 10.385756
10 0.000262 0.096880 800.000000 10.376135
20 0.000833 0.069665 100.000000 9.523809
20 0.000439 0.082121 200.000000 10.050251
20 0.000412 0.082238 300.000000 10.989011
20 0.000332 0.059543 400.000000 10.840109
20 0.000276 0.064778 500.000000 10.729613
20 0.000254 0.077314 600.000000 10.676157
20 0.000247 0.090834 700.000000 10.463378
20 0.000240 0.078271 800.000000 10.471204
30 0.000635 0.047389 100.000000 10.101010
30 0.000347 0.061967 200.000000 10.256411
30 0.000314 0.062915 300.000000 11.235955
30 0.000283 0.047518 400.000000 10.958904
30 0.000239 0.053103 500.000000 10.845987
30 0.000227 0.065422 600.000000 10.771993
30 0.000223 0.078504 700.000000 10.510510
30 0.000225 0.065339 800.000000 10.554090
40 0.000464 0.030519 100.000000 10.526316
40 0.000254 0.044555 200.000000 10.471204
40 0.000231 0.046471 300.000000 11.450381
40 0.000244 0.037466 400.000000 11.049724
40 0.000204 0.043624 500.000000 10.917030
40 0.000201 0.056303 600.000000 10.830325
40 0.000206 0.068185 700.000000 10.542169
40 0.000209 0.054561 800.000000 10.624170
50 0.000307 0.022472 100.000000 10.989011
50 0.000216 0.035915 200.000000 10.638298
50 0.000211 0.038879 300.000000 11.583012
50 0.000231 0.035183 400.000000 11.080333
50 0.000211 0.042906 500.000000 10.989011
50 0.000201 0.056801 600.000000 10.889292
50 0.000210 0.067523 700.000000 10.558069
50 0.000213 0.052297 800.000000 10.680908
60 0.000271 0.021496 100.000000 11.363636
60 0.000239 0.036082 200.000000 10.810811
60 0.000221 0.037480 300.000000 11.673152
60 0.000230 0.036963 400.000000 11.111111
60 0.000205 0.046414 500.000000 11.013216
60 0.000206 0.060420 600.000000 10.928962
60 0.000225 0.069478 700.000000 10.558069
60 0.000215 0.053035 800.000000 10.738256
70 0.000235 0.019857 100.000000 11.494253
70 0.000213 0.035203 200.000000 10.989011
70 0.000218 0.034658 300.000000 11.673152
70 0.000224 0.037010 400.000000 11.111111
70 0.000216 0.047847 500.000000 10.989011
70 0.000207 0.061723 600.000000 10.928962
70 0.000228 0.068278 700.000000 10.558069
70 0.000201 0.051125 800.000000 10.767160
80 0.000252 0.025890 100.000000 11.494253
80 0.000229 0.040684 200.000000 11.111111
80 0.000207 0.034202 300.000000 11.627907
80 0.000219 0.036357 400.000000 11.080333
80 0.000221 0.047653 500.000000 10.940919
80 0.000196 0.061289 600.000000 10.909091
80 0.000223 0.064731 700.000000 10.558069
80 0.000191 0.047236 800.000000 10.810811
90 0.000243 0.029455 100.000000 11.494253
90 0.000273 0.043822 200.000000 11.299435
90 0.000217 0.033697 300.000000 11.583012
90 0.000212 0.037857 400.000000 11.049724
90 0.000230 0.049180 500.000000 10.917030
90 0.000196 0.062952 600.000000 10.869565
90 0.000224 0.062880 700.000000 10.558069
90 0.000187 0.045268 800.000000 10.840109
100 0.000147 0.028348 100.000000 11.235955
100 0.000298 0.042659 200.000000 11.494253
100 0.000235 0.032634 300.000000 11.494253
100 0.000192 0.038595 400.000000 11.049724
100 0.000224 0.050880 500.000000 10.917030
100 0.000200 0.064459 600.000000 10.791367
100 0.000228 0.061128 700.000000 10.574018
100 0.000183 0.043878 800.000000 10.854816
110 0.000161 0.028002 100.000000 10.869565
110 0.000331 0.041628 200.000000 11.627907
110 0.000276 0.033668 300.000000 11.450381
110 0.000210 0.040337 400.000000 11.049724
110 0.000233 0.053989 500.000000 10.917030
110 0.000197 0.066626 600.000000 10.695188
110 0.000229 0.060143 700.000000 10.574018
110 0.000177 0.043148 800.000000 10.854816
120 0.000256 0.027338 100.000000 10.526316
120 0.000324 0.040269 200.000000 11.764706
120 0.000305 0.038284 300.000000 11.320755
120 0.000237 0.047442 400.000000 11.019283
120 0.000246 0.061867 500.000000 10.893247
120 0.000220 0.073865 600.000000 10.619469
120 0.000236 0.063617 700.000000 10.590015
120 0.000170 0.046770 800.000000 10.825439
130 0.000210 0.024812 100.000000 10.309278
130 0.000271 0.035428 200.000000 11.834319
130 0.000291 0.037392 300.000000 11.194030
130 0.000227 0.046725 400.000000 10.989011
130 0.000231 0.061092 500.000000 10.869565
130 0.000219 0.072111 600.000000 10.544815
130 0.000233 0.058725 700.000000 10.606061
130 0.000155 0.043864 800.000000 10.796222
140 0.000228 0.029078 100.000000 10.204082
140 0.000260 0.036968 200.000000 11.764706
140 0.000279 0.038927 300.000000 11.070110
140 0.000241 0.048950 400.000000 10.928962
140 0.000228 0.063614 500.000000 10.822511
140 0.000232 0.073188 600.000000 10.452962
140 0.000237 0.056515 700.000000 10.606061
140 0.000140 0.043504 800.000000 10.767160
150 0.000303 0.033139 100.000000 10.204082
150 0.000290 0.037093 200.000000 11.695907
150 0.000274 0.041371 300.000000 10.948905
150 0.000247 0.052731 400.000000 10.869565
150 0.000230 0.067044 500.000000 10.799136
150 0.000250 0.074333 600.000000 10.398614
150 0.000231 0.055634 700.000000 10.638298
150 0.000134 0.044822 800.000000 10.752688
160 0.000302 0.035917 100.000000 10.416667
160 0.000266 0.034755 200.000000 11.627907
160 0.000267 0.041202 300.000000 10.869565
160 0.000259 0.053377 400.000000 10.810811
160 0.000228 0.067178 500.000000 10.775862
160 0.000251 0.071524 600.000000 10.380623
160 0.000206 0.052437 700.000000 10.670732
160 0.000131 0.044046 800.000000 10.767160
170 0.000298 0.037741 100.000000 10.752688
170 0.000250 0.030723 200.000000 11.560694
170 0.000243 0.039027 300.000000 10.869565
170 0.000259 0.051613 400.000000 10.752688
170 0.000206 0.064524 500.000000 10.729613
170 0.000233 0.065665 600.000000 10.398614
170 0.000200 0.047252 700.000000 10.703364
170 0.000124 0.041914 800.000000 10.767160
180 0.000422 0.048419 100.000000 11.111111
180 0.000273 0.028995 200.000000 11.494253
180 0.000222 0.037487 300.000000 10.869565
180 0.000246 0.049440 400.000000 10.781672
180 0.000211 0.062671 500.000000 10.706638
180 0.000240 0.060929 600.000000 10.416667
180 0.000193 0.043110 700.000000 10.752688
180 0.000121 0.038830 800.000000 10.767160
190 0.000507 0.053036 100.000000 11.627907
190 0.000286 0.028685 200.000000 11.560694
190 0.000208 0.036343 300.000000 10.948905
190 0.000241 0.049321 400.000000 10.810811
190 0.000203 0.062429 500.000000 10.660981
190 0.000238 0.057785 600.000000 10.452962
190 0.000184 0.039939 700.000000 10.785825
190 0.000125 0.037148 800.000000 10.752688
200 0.000530 0.054226 100.000000 12.345679
200 0.000334 0.030406 200.000000 11.627907
200 0.000225 0.037418 300.000000 11.029411
200 0.000247 0.051089 400.000000 10.899182
200 0.000202 0.063472 500.000000 10.638298
200 0.000240 0.056353 600.000000 10.507881
200 0.000181 0.038730 700.000000 10.835914
200 0.000136 0.037429 800.000000 10.738256
210 0.000518 0.050943 100.000000 12.987013
210 0.000334 0.029218 200.000000 11.695907
210 0.000226 0.036631 300.000000 11.152416
210 0.000246 0.050879 400.000000 10.958904
210 0.000213 0.062879 500.000000 10.638298
210 0.000231 0.053206 600.000000 10.563380
210 0.000162 0.035891 700.000000 10.852714
210 0.000174 0.035600 800.000000 10.709505
220 0.000415 0.042398 100.000000 13.513514
220 0.000329 0.032608 200.000000 11.695907
220 0.000236 0.040429 300.000000 11.194030
220 0.000236 0.054344 400.000000 10.989011
220 0.000215 0.065339 500.000000 10.593221
220 0.000235 0.052494 600.000000 10.600707
220 0.000151 0.036600 700.000000 10.852714
220 0.000221 0.037241 800.000000 10.666667
230 0.000327 0.036111 100.000000 13.698630
230 0.000329 0.033442 200.000000 11.560694
230 0.000241 0.041444 300.000000 11.194030
230 0.000237 0.056552 400.000000 10.989011
230 0.000224 0.066261 500.000000 10.548523
230 0.000238 0.049985 600.000000 10.638298
230 0.000143 0.035759 700.000000 10.852714
230 0.000253 0.035020 800.000000 10.582010
240 0.000315 0.032783 100.000000 13.698630
240 0.000305 0.035120 200.000000 11.428572
240 0.000240 0.044160 300.000000 11.152416
240 0.000228 0.058782 400.000000 10.958904
240 0.000245 0.066249 500.000000 10.460251
240 0.000242 0.047843 600.000000 10.676157
240 0.000136 0.036422 700.000000 10.835914
240 0.000250 0.032742 800.000000 10.498688
250 0.000273 0.024109 100.000000 13.157895
250 0.000269 0.032963 200.000000 11.173184
250 0.000246 0.043461 300.000000 10.948905
250 0.000218 0.056959 400.000000 10.869565
250 0.000249 0.061388 500.000000 10.373444
250 0.000213 0.042175 600.000000 10.676157
250 0.000124 0.033503 700.000000 10.802469
250 0.000249 0.025990 800.000000 10.430247
260 0.000248 0.021379 100.000000 12.345679
260 0.000240 0.031516 200.000000 10.869565
260 0.000260 0.043154 300.000000 10.752688
260 0.000189 0.055857 400.000000 10.723861
260 0.000235 0.055869 500.000000 10.309278
260 0.000202 0.036721 600.000000 10.676157
260 0.000123 0.031876 700.000000 10.752688
260 0.000251 0.019971 800.000000 10.362695
270 0.000322 0.022055 100.000000 11.627907
270 0.000220 0.033200 200.000000 10.638298
270 0.000267 0.044826 300.000000 10.563380
270 0.000194 0.055821 400.000000 10.498688
270 0.000245 0.050479 500.000000 10.224949
270 0.000204 0.033086 600.000000 10.657193
270 0.000148 0.033683 700.000000 10.670732
270 0.000250 0.016801 800.000000 10.296010
280 0.000446 0.030244 100.000000 10.869565
280 0.000244 0.037545 200.000000 10.416667
280 0.000272 0.048927 300.000000 10.416667
280 0.000179 0.056364 400.000000 10.256411
280 0.000248 0.046758 500.000000 10.183299
280 0.000202 0.032362 600.000000 10.582010
280 0.000170 0.036986 700.000000 10.510510
280 0.000264 0.016578 800.000000 10.230179
290 0.000462 0.031020 100.000000 10.309278
290 0.000287 0.037134 200.000000 10.256411
290 0.000266 0.049525 300.000000 10.309278
290 0.000211 0.056713 400.000000 10.075566
290 0.000245 0.042180 500.000000 10.141988
290 0.000179 0.029978 600.000000 10.507881
290 0.000225 0.034162 700.000000 10.370370
290 0.000256 0.012648 800.000000 10.178117
300 0.000453 0.022966 100.000000 9.900990
300 0.000266 0.028226 200.000000 10.152285
300 0.000253 0.045453 300.000000 10.238908
300 0.000235 0.053872 400.000000 9.950249
300 0.000248 0.034842 500.000000 10.162601
300 0.000153 0.021786 600.000000 10.452962
300 0.000248 0.022672 700.000000 10.233918
300 0.000242 0.004848 800.000000 10.126582
310 0.000421 0.024769 100.000000 9.708738
310 0.000273 0.031189 200.000000 10.101010
310 0.000240 0.048087 300.000000 10.238908
310 0.000258 0.054522 400.000000 9.852217
310 0.000254 0.033009 500.000000 10.183299
310 0.000140 0.022511 600.000000 10.434783
310 0.000250 0.020269 700.000000 10.144928
310 0.000247 0.006876 800.000000 10.037642
320 0.000318 0.027666 100.000000 9.615385
320 0.000249 0.033500 200.000000 10.050251
320 0.000213 0.047543 300.000000 10.204082
320 0.000254 0.050636 400.000000 9.828010
320 0.000223 0.029750 500.000000 10.224949
320 0.000123 0.022328 600.000000 10.452962
320 0.000254 0.017316 700.000000 10.115607
320 0.000247 0.006973 800.000000 9.950249
330 0.000366 0.025083 100.000000 9.523809
330 0.000294 0.034038 200.000000 10.000000
330 0.000217 0.048957 300.000000 10.204082
330 0.000267 0.049384 400.000000 9.828010
330 0.000208 0.027410 500.000000 10.288066
330 0.000125 0.021028 600.000000 10.471204
330 0.000259 0.012574 700.000000 10.101010
330 0.000233 0.008398 800.000000 9.913259
340 0.000355 0.023819 100.000000 9.523809
340 0.000310 0.034433 200.000000 10.000000
340 0.000194 0.049102 300.000000 10.204082
340 0.000254 0.046296 400.000000 9.852217
340 0.000213 0.024427 500.000000 10.351967
340 0.000121 0.019655 600.000000 10.507881
340 0.000255 0.008701 700.000000 10.115607
340 0.000231 0.011127 800.000000 9.900990
350 0.000324 0.020873 100.000000 9.615385
350 0.000302 0.031745 200.000000 10.000000
350 0.000198 0.046660 300.000000 10.169492
350 0.000264 0.040009 400.000000 9.876543
350 0.000213 0.019337 500.000000 10.416667
350 0.000125 0.017243 600.000000 10.526316
350 0.000251 0.005372 700.000000 10.115607
350 0.000224 0.015225 800.000000 9.913259
360 0.000220 0.018619 100.000000 9.708738
360 0.000270 0.029297 200.000000 10.101010
360 0.000172 0.042949 300.000000 10.101010
360 0.000250 0.033850 400.000000 9.925558
360 0.000195 0.015474 500.000000 10.482181
360 0.000130 0.016116 600.000000 10.489511
360 0.000246 0.004787 700.000000 10.130246
360 0.000220 0.017692 800.000000 9.925558
370 0.000146 0.018251 100.000000 9.900990
370 0.000192 0.026008 200.000000 10.152285
370 0.000120 0.034286 300.000000 10.033444
370 0.000211 0.026177 400.000000 9.975062
370 0.000159 0.012564 500.000000 10.504202
370 0.000126 0.015571 600.000000 10.434783
370 0.000246 0.004586 700.000000 10.130246
370 0.000222 0.018232 800.000000 9.937888
380 0.000182 0.016080 100.000000 10.000000
380 0.000192 0.025835 200.000000 10.204082
380 0.000148 0.033207 300.000000 9.966778
380 0.000196 0.022997 400.000000 10.025063
380 0.000142 0.010728 500.000000 10.504202
380 0.000163 0.014158 600.000000 10.380623
380 0.000240 0.006767 700.000000 10.130246
380 0.000219 0.021164 800.000000 9.950249
390 0.000183 0.016612 100.000000 10.101010
390 0.000185 0.026736 200.000000 10.256411
390 0.000157 0.033996 300.000000 9.933775
390 0.000202 0.021551 400.000000 10.101010
390 0.000126 0.010095 500.000000 10.526316
390 0.000206 0.013203 600.000000 10.327023
390 0.000240 0.007698 700.000000 10.130246
390 0.000221 0.023162 800.000000 9.962640
400 0.000081 0.014327 100.000000 10.309278
400 0.000150 0.027260 200.000000 10.362695
400 0.000166 0.034555 300.000000 9.900990
400 0.000194 0.021344 400.000000 10.178117
400 0.000105 0.009774 500.000000 10.548523
400 0.000245 0.011022 600.000000 10.256411
400 0.000238 0.007848 700.000000 10.130246
400 0.000228 0.024772 800.000000 9.987515
410 0.000157 0.016072 100.000000 10.416667
410 0.000152 0.030980 200.000000 10.416667
410 0.000198 0.037034 300.000000 9.868421
410 0.000211 0.021371 400.000000 10.256411
410 0.000098 0.010729 500.000000 10.570825
410 0.000254 0.010022 600.000000 10.204082
410 0.000248 0.008391 700.000000 10.086455
410 0.000232 0.026240 800.000000 10.025063
420 0.000171 0.022007 100.000000 10.416667
420 0.000167 0.035046 200.000000 10.471204
420 0.000233 0.039017 300.000000 9.868421
420 0.000211 0.021344 400.000000 10.335917
420 0.000104 0.012785 500.000000 10.593221
420 0.000265 0.009926 600.000000 10.186757
420 0.000260 0.009477 700.000000 10.000000
420 0.000240 0.027786 800.000000 10.050251
430 0.000251 0.026776 100.000000 10.416667
430 0.000176 0.037690 200.000000 10.526316
430 0.000243 0.039167 300.000000 9.868421
430 0.000190 0.021384 400.000000 10.443864
430 0.000112 0.015281 500.000000 10.638298
430 0.000284 0.009399 600.000000 10.169492
430 0.000260 0.009845 700.000000 9.957326
430 0.000250 0.029206 800.000000 10.075566
440 0.000289 0.030056 100.000000 10.309278
440 0.000157 0.039424 200.000000 10.471204
440 0.000240 0.038188 300.000000 9.900990
440 0.000179 0.020010 400.000000 10.498688
440 0.000115 0.015966 500.000000 10.660981
440 0.000291 0.007174 600.000000 10.186757
440 0.000260 0.011668 700.000000 9.929078
440 0.000250 0.031280 800.000000 10.113780
450 0.000379 0.032239 100.000000 10.309278
450 0.000177 0.042902 200.000000 10.416667
450 0.000253 0.038198 300.000000 9.933775
450 0.000191 0.019439 400.000000 10.582010
450 0.000119 0.017786 500.000000 10.683761
450 0.000291 0.005231 600.000000 10.186757
450 0.000261 0.013844 700.000000 9.929078
450 0.000255 0.034137 800.000000 10.139417
460 0.000414 0.037627 100.000000 10.309278
460 0.000214 0.049735 200.000000 10.256411
460 0.000290 0.038785 300.000000 9.933775
460 0.000211 0.018005 400.000000 10.638298
460 0.000143 0.018362 500.000000 10.638298
460 0.000294 0.001322 600.000000 10.169492
460 0.000259 0.017730 700.000000 9.929078
460 0.000258 0.037588 800.000000 10.178117
470 0.000341 0.036423 100.000000 10.309278
470 0.000162 0.044245 200.000000 10.050251
470 0.000263 0.033098 300.000000 9.966778
470 0.000182 0.015244 400.000000 10.638298
470 0.000149 0.018320 500.000000 10.526316
470 0.000295 0.001546 600.000000 10.152285
470 0.000263 0.019573 700.000000 9.929078
470 0.000261 0.039197 800.000000 10.204082
480 0.000302 0.037514 100.000000 10.204082
480 0.000190 0.043641 200.000000 9.852217
480 0.000245 0.030161 300.000000 10.000000
480 0.000151 0.013176 400.000000 10.610080
480 0.000216 0.017270 500.000000 10.416667
480 0.000289 0.004498 600.000000 10.118044
480 0.000258 0.022933 700.000000 9.915014
480 0.000263 0.042074 800.000000 10.230179
490 0.000262 0.035665 100.000000 10.204082
490 0.000192 0.042602 200.000000 9.708738
490 0.000241 0.026452 300.000000 10.067114
490 0.000130 0.010877 400.000000 10.582010
490 0.000259 0.014968 500.000000 10.288066
490 0.000282 0.007270 600.000000 10.101010
490 0.000260 0.025707 700.000000 9.929078
490 0.000264 0.044807 800.000000 10.256411
500 0.000201 0.039491 100.000000 10.309278
500 0.000223 0.043920 200.000000 9.569378
500 0.000236 0.023248 300.000000 10.135135
500 0.000114 0.008541 400.000000 10.554090
500 0.000296 0.010264 500.000000 10.183299
500 0.000277 0.010886 600.000000 10.050251
500 0.000262 0.029749 700.000000 9.929078
500 0.000258 0.048042 800.000000 10.296010
510 0.000193 0.040767 100.000000 10.309278
510 0.000280 0.042550 200.000000 9.523809
510 0.000247 0.020187 300.000000 10.204082
510 0.000115 0.007426 400.000000 10.582010
510 0.000297 0.006569 500.000000 10.101010
510 0.000286 0.013947 600.000000 9.950249
510 0.000261 0.032699 700.000000 9.957326
510 0.000256 0.051165 800.000000 10.322580
520 0.000179 0.034056 100.000000 10.416667
520 0.000276 0.036755 200.000000 9.523809
520 0.000203 0.017867 300.000000 10.344828
520 0.000105 0.005370 400.000000 10.638298
520 0.000296 0.002686 500.000000 10.101010
520 0.000281 0.015950 600.000000 9.868421
520 0.000263 0.034292 700.000000 10.000000
520 0.000250 0.052312 800.000000 10.376135
530 0.000160 0.032244 100.000000 10.526316
530 0.000257 0.032520 200.000000 9.569378
530 0.000158 0.015094 300.000000 10.452962
530 0.000116 0.004662 400.000000 10.695188
530 0.000301 0.003996 500.000000 10.121457
530 0.000272 0.018515 600.000000 9.852217
530 0.000259 0.036298 700.000000 10.043041
530 0.000243 0.053713 800.000000 10.430247
540 0.000202 0.033184 100.000000 10.526316
540 0.000205 0.030041 200.000000 9.661836
540 0.000153 0.014042 300.000000 10.563380
540 0.000111 0.005746 400.000000 10.723861
540 0.000296 0.007863 500.000000 10.121457
540 0.000263 0.021070 600.000000 9.852217
540 0.000256 0.038326 700.000000 10.086455
540 0.000237 0.055314 800.000000 10.471204
550 0.000282 0.041341 100.000000 10.309278
550 0.000239 0.029922 200.000000 9.708738
550 0.000154 0.012566 300.000000 10.676157
550 0.000117 0.006272 400.000000 10.723861
550 0.000290 0.009034 500.000000 10.121457
550 0.000267 0.022879 600.000000 9.852217
550 0.000265 0.040617 700.000000 10.115607
550 0.000236 0.057206 800.000000 10.512484
560 0.000280 0.042565 100.000000 9.900990
560 0.000234 0.028066 200.000000 9.708738
560 0.000147 0.009817 300.000000 10.714286
560 0.000142 0.007420 400.000000 10.610080
560 0.000310 0.008675 500.000000 10.101010
560 0.000274 0.023849 600.000000 9.852217
560 0.000272 0.042240 700.000000 10.144928
560 0.000237 0.059068 800.000000 10.540184
570 0.000215 0.041707 100.000000 9.523809
570 0.000214 0.024793 200.000000 9.756098
570 0.000134 0.006250 300.000000 10.676157
570 0.000154 0.009066 400.000000 10.471204
570 0.000303 0.011555 500.000000 10.080646
570 0.000271 0.027116 600.000000 9.836065
570 0.000275 0.044483 700.000000 10.189228
570 0.000232 0.060937 800.000000 10.582010
580 0.000219 0.045152 100.000000 9.259259
580 0.000226 0.025469 200.000000 9.852217
580 0.000120 0.003721 300.000000 10.676157
580 0.000237 0.007802 400.000000 10.362695
580 0.000308 0.011820 500.000000 10.060362
580 0.000279 0.028998 600.000000 9.836065
580 0.000284 0.047077 700.000000 10.218978
580 0.000230 0.063191 800.000000 10.610080
590 0.000266 0.049637 100.000000 9.009009
590 0.000243 0.026288 200.000000 9.950249
590 0.000115 0.004111 300.000000 10.638298
590 0.000299 0.005085 400.000000 10.204082
590 0.000299 0.014782 500.000000 10.020041
590 0.000285 0.032170 600.000000 9.852217
590 0.000281 0.050241 700.000000 10.248902
590 0.000224 0.065264 800.000000 10.638298
600 0.000339 0.043574 100.000000 8.771930
600 0.000261 0.018488 200.000000 10.050251
600 0.000137 0.008385 300.000000 10.600707
600 0.000333 0.009469 400.000000 10.075566
600 0.000317 0.018960 500.000000 9.920635
600 0.000291 0.036120 600.000000 9.868421
600 0.000286 0.054163 700.000000 10.294118
600 0.000228 0.069088 800.000000 10.680908
610 0.000381 0.035836 100.000000 8.695652
610 0.000260 0.009606 200.000000 10.152285
610 0.000185 0.014468 300.000000 10.638298
610 0.000375 0.013718 400.000000 10.000000
610 0.000349 0.020651 500.000000 9.803922
610 0.000317 0.037716 600.000000 9.884679
610 0.000302 0.057526 700.000000 10.324484
610 0.000242 0.073150 800.000000 10.709505
620 0.000406 0.027678 100.000000 8.695652
620 0.000228 0.005465 200.000000 10.309278
620 0.000201 0.019995 300.000000 10.676157
620 0.000385 0.015232 400.000000 9.975062
620 0.000342 0.024175 500.000000 9.708738
620 0.000321 0.040717 600.000000 9.933775
620 0.000296 0.060410 700.000000 10.370370
620 0.000244 0.075362 800.000000 10.752688
630 0.000508 0.019005 100.000000 8.771930
630 0.000291 0.012050 200.000000 10.471204
630 0.000221 0.029811 300.000000 10.752688
630 0.000393 0.022700 400.000000 10.000000
630 0.000347 0.031038 500.000000 9.708738
630 0.000329 0.047043 600.000000 9.966778
630 0.000299 0.065693 700.000000 10.432191
630 0.000250 0.080477 800.000000 10.796222
640 0.000536 0.012010 100.000000 8.928572
640 0.000320 0.019098 200.000000 10.638298
640 0.000227 0.034769 300.000000 10.791367
640 0.000397 0.025628 400.000000 10.025063
640 0.000349 0.033725 500.000000 9.727627
640 0.000334 0.049825 600.000000 10.033444
640 0.000299 0.068834 700.000000 10.479042
640 0.000257 0.082855 800.000000 10.854816
650 0.000509 0.011089 100.000000 9.174312
650 0.000331 0.026113 200.000000 10.869565
650 0.000276 0.040625 300.000000 10.869565
650 0.000402 0.027551 400.000000 10.075566
650 0.000365 0.033840 500.000000 9.765625
650 0.000354 0.050236 600.000000 10.101010
650 0.000307 0.069700 700.000000 10.558069
650 0.000270 0.084581 800.000000 10.914052
660 0.000581 0.011877 100.000000 9.433962
660 0.000352 0.030247 200.000000 11.111111
660 0.000277 0.043102 300.000000 10.830325
660 0.000421 0.029033 400.000000 10.126582
660 0.000364 0.037227 500.000000 9.803922
660 0.000351 0.053636 600.000000 10.169492
660 0.000303 0.072745 700.000000 10.622155
660 0.000267 0.086613 800.000000 10.989011
670 0.000527 0.009815 100.000000 9.803922
670 0.000314 0.028452 200.000000 11.235955
670 0.000277 0.039698 300.000000 10.830325
670 0.000424 0.023071 400.000000 10.178117
670 0.000367 0.033377 500.000000 9.861933
670 0.000355 0.051713 600.000000 10.256411
670 0.000301 0.071752 700.000000 10.703364
670 0.000269 0.085827 800.000000 11.065007
680 0.000412 0.009271 100.000000 10.101010
680 0.000282 0.030454 200.000000 11.363636
680 0.000295 0.038893 300.000000 10.791367
680 0.000421 0.021224 400.000000 10.230179
680 0.000370 0.031728 500.000000 9.920635
680 0.000363 0.051253 600.000000 10.327023
680 0.000295 0.071477 700.000000 10.769231
680 0.000274 0.085574 800.000000 11.126565
690 0.000393 0.008132 100.000000 10.526316
690 0.000263 0.030602 200.000000 11.494253
690 0.000361 0.036656 300.000000 10.714286
690 0.000411 0.019424 400.000000 10.256411
690 0.000372 0.031296 500.000000 9.960159
690 0.000360 0.051557 600.000000 10.398614
690 0.000288 0.071372 700.000000 10.835914
690 0.000274 0.085393 800.000000 11.188811
700 0.000368 0.010022 100.000000 10.869565
700 0.000263 0.032372 200.000000 11.560694
700 0.000426 0.035236 300.000000 10.638298
700 0.000409 0.019221 400.000000 10.282776
700 0.000381 0.031054 500.000000 10.020041
700 0.000361 0.052284 600.000000 10.471204
700 0.000286 0.071544 700.000000 10.903427
700 0.000272 0.085713 800.000000 11.251758
710 0.000324 0.010853 100.000000 11.363636
710 0.000276 0.033175 200.000000 11.695907
710 0.000477 0.031722 300.000000 10.526316
710 0.000424 0.020539 400.000000 10.230179
710 0.000376 0.031942 500.000000 10.060362
710 0.000355 0.053553 600.000000 10.544815
710 0.000281 0.072064 700.000000 10.971786
710 0.000272 0.086222 800.000000 11.315417
720 0.000238 0.015576 100.000000 11.764706
720 0.000322 0.035791 200.000000 11.834319
720 0.000491 0.029650 300.000000 10.489511
720 0.000433 0.021815 400.000000 10.126582
720 0.000382 0.031731 500.000000 10.121457
720 0.000355 0.053922 600.000000 10.619469
720 0.000280 0.072342 700.000000 11.023623
720 0.000276 0.086327 800.000000 11.379801
730 0.000134 0.017369 100.000000 12.195122
730 0.000377 0.036161 200.000000 11.904762
730 0.000499 0.024910 300.000000 10.452962
730 0.000440 0.020109 400.000000 10.000000
730 0.000390 0.032883 500.000000 10.162601
730 0.000351 0.055372 600.000000 10.676157
730 0.000284 0.072571 700.000000 11.093502
730 0.000276 0.086883 800.000000 11.428572
740 0.000154 0.018276 100.000000 12.658228
740 0.000377 0.035423 200.000000 11.976048
740 0.000514 0.018846 300.000000 10.416667
740 0.000431 0.016915 400.000000 9.925558
740 0.000382 0.035044 500.000000 10.204082
740 0.000339 0.057839 600.000000 10.714286
740 0.000277 0.073883 700.000000 11.128776
740 0.000276 0.087892 800.000000 11.477762
750 0.000223 0.021639 100.000000 12.987013
750 0.000366 0.034826 200.000000 11.976048
750 0.000494 0.014669 300.000000 10.416667
750 0.000419 0.016789 400.000000 9.900990
750 0.000383 0.038063 500.000000 10.245902
750 0.000330 0.060246 600.000000 10.771993
750 0.000281 0.075777 700.000000 11.164274
750 0.000276 0.089658 800.000000 11.527377
760 0.000317 0.028271 100.000000 13.157895
760 0.000411 0.037024 200.000000 11.764706
760 0.000501 0.013425 300.000000 10.344828
760 0.000430 0.018572 400.000000 9.876543
760 0.000399 0.040758 500.000000 10.288066
760 0.000335 0.062925 600.000000 10.810811
760 0.000285 0.077767 700.000000 11.217949
760 0.000282 0.092217 800.000000 11.560694
770 0.000392 0.035905 100.000000 12.987013
770 0.000396 0.038206 200.000000 11.363636
770 0.000499 0.011080 300.000000 10.273973
770 0.000433 0.020644 400.000000 9.852217
770 0.000398 0.043472 500.000000 10.309278
770 0.000325 0.064937 600.000000 10.849910
770 0.000289 0.079679 700.000000 11.235955
770 0.000276 0.093730 800.000000 11.594203
780 0.000465 0.041996 100.000000 12.658228
780 0.000361 0.036525 200.000000 10.928962
780 0.000480 0.009360 300.000000 10.169492
780 0.000423 0.023654 400.000000 9.803922
780 0.000401 0.046908 500.000000 10.330579
780 0.000315 0.067250 600.000000 10.869565
780 0.000289 0.081154 700.000000 11.272141
780 0.000270 0.095468 800.000000 11.611031
790 0.000592 0.047706 100.000000 12.195122
790 0.000524 0.036395 200.000000 10.416667
790 0.000477 0.013101 300.000000 10.033444
790 0.000441 0.027681 400.000000 9.779951
790 0.000404 0.051535 500.000000 10.351967
790 0.000313 0.071330 600.000000 10.869565
790 0.000292 0.085427 700.000000 11.272141
790 0.000272 0.099110 800.000000 11.627907
800 0.000715 0.049832 100.000000 11.764706
800 0.000634 0.030513 200.000000 9.950249
800 0.000517 0.018171 300.000000 9.740260
800 0.000440 0.032017 400.000000 9.732360
800 0.000402 0.055912 500.000000 10.373444
800 0.000308 0.074514 600.000000 10.889292
800 0.000298 0.088526 700.000000 11.290322
800 0.000269 0.102567 800.000000 11.594203
810 0.000730 0.050354 100.000000 11.363636
810 0.000698 0.022813 200.000000 9.661836
810 0.000549 0.018171 300.000000 9.375000
810 0.000453 0.037446 400.000000 9.732360
810 0.000397 0.062185 500.000000 10.373444
810 0.000312 0.078917 600.000000 10.889292
810 0.000300 0.092442 700.000000 11.308562
810 0.000318 0.107637 800.000000 11.477762
820 0.000630 0.041021 100.000000 11.111111
820 0.000750 0.010849 200.000000 9.478673
820 0.000546 0.015697 300.000000 9.202454
820 0.000449 0.042277 400.000000 9.708738
820 0.000380 0.065909 500.000000 10.373444
820 0.000301 0.080154 600.000000 10.889292
820 0.000295 0.093526 700.000000 11.308562
820 0.000323 0.106146 800.000000 11.220197
830 0.000558 0.028877 100.000000 10.752688
830 0.000696 0.004486 200.000000 9.345795
830 0.000526 0.020357 300.000000 9.118541
830 0.000451 0.046164 400.000000 9.708738
830 0.000361 0.067303 500.000000 10.395010
830 0.000298 0.079758 600.000000 10.909091
830 0.000291 0.092915 700.000000 11.326860
830 0.000308 0.099044 800.000000 11.080333
840 0.000525 0.024685 100.000000 10.204082
840 0.000716 0.010797 200.000000 9.259259
840 0.000521 0.027465 300.000000 9.063444
840 0.000438 0.050973 400.000000 9.732360
840 0.000343 0.069934 500.000000 10.416667
840 0.000290 0.081039 600.000000 10.928962
840 0.000279 0.093375 700.000000 11.363636
840 0.000300 0.094538 800.000000 11.004127
850 0.000393 0.019629 100.000000 9.708738
850 0.000686 0.017896 200.000000 9.216590
850 0.000499 0.036559 300.000000 9.063444
850 0.000430 0.057949 400.000000 9.803922
850 0.000322 0.074836 500.000000 10.482181
850 0.000287 0.085057 600.000000 10.989011
850 0.000266 0.096712 700.000000 11.419250
850 0.000304 0.094057 800.000000 10.943913
860 0.000892 0.027394 100.000000 9.433962
860 0.000715 0.022905 200.000000 9.216590
860 0.000514 0.045159 300.000000 9.090909
860 0.000443 0.066486 400.000000 9.876543
860 0.000324 0.081894 500.000000 10.548523
860 0.000293 0.091885 600.000000 11.049724
860 0.000264 0.103150 700.000000 11.475410
870 0.001135 0.023958 100.000000 9.009009
870 0.000689 0.028067 200.000000 9.174312
870 0.000520 0.051772 300.000000 9.146341
870 0.000439 0.072334 400.000000 9.950249
870 0.000312 0.085973 500.000000 10.615711
870 0.000292 0.095650 600.000000 11.111111
870 0.000262 0.106474 700.000000 11.513158
880 0.001363 0.015139 100.000000 8.695652
880 0.000715 0.033621 200.000000 9.009009
880 0.000510 0.061447 300.000000 9.174312
880 0.000428 0.080780 400.000000 10.025063
880 0.000305 0.092581 500.000000 10.683761
880 0.000288 0.101737 600.000000 11.173184
880 0.000255 0.111794 700.000000 11.551155
890 0.001392 0.014463 100.000000 8.403361
890 0.000732 0.042260 200.000000 8.733624
890 0.000514 0.069942 300.000000 9.202454
890 0.000422 0.088143 400.000000 10.075566
890 0.000303 0.097870 500.000000 10.729613
890 0.000291 0.106208 600.000000 11.235955
890 0.000273 0.116251 700.000000 11.532125
900 0.001403 0.030600 100.000000 8.264462
900 0.000688 0.051508 200.000000 8.510638
900 0.000501 0.074679 300.000000 9.230769
900 0.000399 0.090713 400.000000 10.126582
900 0.000288 0.098332 500.000000 10.775862
900 0.000285 0.106206 600.000000 11.278195
900 0.000314 0.116865 700.000000 11.382113
910 0.001376 0.042055 100.000000 8.130081
910 0.000694 0.058841 200.000000 8.403361
910 0.000504 0.078725 300.000000 9.287926
910 0.000394 0.094117 400.000000 10.178117
910 0.000295 0.100666 500.000000 10.822511
910 0.000288 0.108948 600.000000 11.320755
910 0.000314 0.116694 700.000000 11.182109
920 0.001323 0.048410 100.000000 8.130081
920 0.000679 0.062559 200.000000 8.403361
920 0.000508 0.080567 300.000000 9.345795
920 0.000381 0.093949 400.000000 10.256411
920 0.000296 0.100027 500.000000 10.869565
920 0.000285 0.108221 600.000000 11.385200
920 0.000307 0.111042 700.000000 11.093502
930 0.001273 0.054329 100.000000 8.264462
930 0.000631 0.064633 200.000000 8.474576
930 0.000477 0.079163 300.000000 9.463722
930 0.000351 0.090277 400.000000 10.362695
930 0.000274 0.094924 500.000000 10.989011
930 0.000272 0.103109 600.000000 11.472276
930 0.000294 0.102428 700.000000 11.093502
940 0.001202 0.053883 100.000000 8.403361
940 0.000620 0.061156 200.000000 8.583691
940 0.000468 0.074473 300.000000 9.615385
940 0.000339 0.085504 400.000000 10.498688
940 0.000278 0.090843 500.000000 11.086474
940 0.000262 0.099108 600.000000 11.583012
940 0.000300 0.096551 700.000000 11.111111
950 0.001105 0.051934 100.000000 8.620689
950 0.000568 0.057210 200.000000 8.695652
950 0.000450 0.069539 300.000000 9.771987
950 0.000316 0.079894 400.000000 10.638298
950 0.000272 0.085501 500.000000 11.210762
950 0.000252 0.094031 600.000000 11.695907
950 0.000303 0.089814 700.000000 11.111111
960 0.000736 0.031964 100.000000 8.849558
960 0.000509 0.037706 200.000000 8.849558
960 0.000465 0.058637 300.000000 9.900990
960 0.000329 0.075003 400.000000 10.781672
960 0.000292 0.085160 500.000000 11.337869
960 0.000270 0.096037 600.000000 11.811024
960 0.000334 0.087961 700.000000 11.111111
970 0.000606 0.033731 100.000000 9.009009
970 0.000503 0.040968 200.000000 8.968610
970 0.000464 0.062362 300.000000 10.067114
970 0.000334 0.079517 400.000000 10.899182
970 0.000296 0.090009 500.000000 11.467890
970 0.000272 0.100806 600.000000 11.928430
980 0.000511 0.031338 100.000000 9.259259
980 0.000482 0.041427 200.000000 9.132421
980 0.000448 0.063279 300.000000 10.238908
980 0.000320 0.079168 400.000000 11.080333
980 0.000291 0.090072 500.000000 11.627907
980 0.000269 0.101133 600.000000 12.048193
990 0.000613 0.029524 100.000000 9.345795
990 0.000471 0.049319 200.000000 9.302325
990 0.000452 0.071552 300.000000 10.452962
990 0.000337 0.087786 400.000000 11.235955
990 0.000299 0.099186 500.000000 11.764706
990 0.000277 0.110644 600.000000 12.145749
1000 0.000637 0.025502 100.000000 9.174312
1000 0.000466 0.049367 200.000000 9.478673
1000 0.000454 0.072955 300.000000 10.600707
1000 0.000337 0.088370 400.000000 11.363636
1000 0.000301 0.099213 500.000000 11.904762
1000 0.000274 0.110905 600.000000 12.244898
1010 0.000587 0.023717 100.000000 8.849558
1010 0.000465 0.048546 200.000000 9.615385
1010 0.000433 0.072020 300.000000 10.752688
1010 0.000325 0.086591 400.000000 11.494253
1010 0.000296 0.097405 500.000000 12.019231
1010 0.000304 0.109785 600.000000 12.244898
1020 0.000560 0.016759 100.000000 8.620689
1020 0.000429 0.043596 200.000000 9.756098
1020 0.000393 0.066677 300.000000 10.909091
1020 0.000304 0.080966 400.000000 11.594203
1020 0.000287 0.091454 500.000000 12.135922
1020 0.000337 0.105063 600.000000 12.121212
1030 0.000467 0.012799 100.000000 8.547009
1030 0.000398 0.039870 200.000000 9.852217
1030 0.000360 0.061905 300.000000 11.029411
1030 0.000284 0.075303 400.000000 11.695907
1030 0.000267 0.085866 500.000000 12.224939
1030 0.000331 0.096516 600.000000 11.904762
1040 0.000432 0.013019 100.000000 8.547009
1040 0.000398 0.037938 200.000000 10.000000
1040 0.000332 0.059532 300.000000 11.152416
1040 0.000272 0.072174 400.000000 11.799410
1040 0.000262 0.082614 500.000000 12.315271
1040 0.000328 0.088046 600.000000 11.787819
1050 0.000485 0.017053 100.000000 8.620689
1050 0.000409 0.040480 200.000000 10.152285
1050 0.000333 0.060971 300.000000 11.278195
1050 0.000270 0.073218 400.000000 11.904762
1050 0.000263 0.083322 500.000000 12.406948
1050 0.000327 0.083701 600.000000 11.741683
1060 0.000511 0.021572 100.000000 8.620689
1060 0.000427 0.041292 200.000000 10.309278
1060 0.000316 0.060163 300.000000 11.406844
1060 0.000262 0.071153 400.000000 12.048193
1060 0.000250 0.081171 500.000000 12.500000
1060 0.000328 0.076946 600.000000 11.673152
1070 0.000438 0.019735 100.000000 8.695652
1070 0.000432 0.040729 200.000000 10.471204
1070 0.000307 0.058477 300.000000 11.538462
1070 0.000259 0.069110 400.000000 12.158054
1070 0.000246 0.079389 500.000000 12.594459
1070 0.000328 0.071612 600.000000 11.583012
1080 0.000516 0.024399 100.000000 8.849558
1080 0.000461 0.045280 200.000000 10.638298
1080 0.000312 0.061798 300.000000 11.673152
1080 0.000264 0.072169 400.000000 12.269938
1080 0.000246 0.081684 500.000000 12.722647
1090 0.000482 0.021953 100.000000 9.009009
1090 0.000422 0.042931 200.000000 10.869565
1090 0.000284 0.057115 300.000000 11.857708
1090 0.000246 0.067302 400.000000 12.422360
1090 0.000233 0.077122 500.000000 12.820513
1100 0.000321 0.021513 100.000000 9.345795
1100 0.000361 0.037915 200.000000 11.173184
1100 0.000251 0.049421 300.000000 12.096774
1100 0.000218 0.058983 400.000000 12.618297
1100 0.000210 0.068527 500.000000 12.953368
1110 0.000353 0.025232 100.000000 9.803922
1110 0.000378 0.041740 200.000000 11.494253
1110 0.000253 0.052331 300.000000 12.345679
1110 0.000225 0.061081 400.000000 12.861736
1110 0.000213 0.070746 500.000000 13.089005
1120 0.000332 0.028145 100.000000 10.309278
1120 0.000361 0.043452 200.000000 11.904762
1120 0.000246 0.053242 300.000000 12.658228
1120 0.000225 0.062145 400.000000 13.071896
1120 0.000244 0.071838 500.000000 13.192612
1130 0.000360 0.025829 100.000000 10.869565
1130 0.000333 0.042549 200.000000 12.269938
1130 0.000245 0.051324 300.000000 12.931034
1130 0.000225 0.060155 400.000000 13.333333
1130 0.000287 0.071685 500.000000 13.192612
1140 0.000361 0.025164 100.000000 11.235955
1140 0.000325 0.043467 200.000000 12.578616
1140 0.000238 0.051958 300.000000 13.157895
1140 0.000225 0.060775 400.000000 13.513514
1140 0.000305 0.072590 500.000000 12.987013
1150 0.000377 0.025077 100.000000 11.627907
1150 0.000309 0.044390 200.000000 12.820513
1150 0.000231 0.052129 300.000000 13.333333
1150 0.000220 0.061004 400.000000 13.651877
1150 0.000309 0.068956 500.000000 12.787724
1160 0.000424 0.029044 100.000000 11.904762
1160 0.000300 0.046183 200.000000 13.071896
1160 0.000232 0.053651 300.000000 13.513514
1160 0.000231 0.062554 400.000000 13.793103
1160 0.000315 0.065904 500.000000 12.658228
1170 0.000422 0.030765 100.000000 12.345679
1170 0.000304 0.046326 200.000000 13.333333
1170 0.000226 0.053334 300.000000 13.698630
1170 0.000224 0.062400 400.000000 13.937283
1170 0.000328 0.062010 500.000000 12.562814
1180 0.000507 0.035591 100.000000 12.658228
1180 0.000309 0.047458 200.000000 13.513514
1180 0.000228 0.054230 300.000000 13.824884
1180 0.000229 0.063133 400.000000 14.084507
1180 0.000346 0.059235 500.000000 12.406948
1190 0.000543 0.034787 100.000000 12.987013
1190 0.000280 0.044193 200.000000 13.793103
1190 0.000230 0.051985 300.000000 13.953488
1190 0.000213 0.060748 400.000000 14.184397
1200 0.000476 0.033041 100.000000 13.333333
1200 0.000271 0.039218 200.000000 13.888889
1200 0.000213 0.047042 300.000000 14.150944
1200 0.000198 0.056253 400.000000 14.234876
1210 0.000441 0.032671 100.000000 13.698630
1210 0.000259 0.038092 200.000000 14.084507
1210 0.000200 0.045506 300.000000 14.218010
1210 0.000187 0.053989 400.000000 14.234876
1220 0.000377 0.031839 100.000000 13.888889
1220 0.000219 0.036699 200.000000 14.184397
1220 0.000195 0.043648 300.000000 14.354067
1220 0.000269 0.053721 400.000000 13.937283
1230 0.000279 0.030151 100.000000 14.084507
1230 0.000189 0.035400 200.000000 14.184397
1230 0.000179 0.041412 300.000000 14.423077
1230 0.000292 0.050785 400.000000 13.245033
1240 0.000240 0.027633 100.000000 14.084507
1240 0.000187 0.033316 200.000000 14.285714
1240 0.000170 0.039286 300.000000 14.492754
1240 0.000296 0.043925 400.000000 12.861736
1250 0.000254 0.024761 100.000000 14.285714
1250 0.000154 0.031194 200.000000 14.285714
1250 0.000160 0.036706 300.000000 14.492754
1250 0.000307 0.037179 400.000000 12.578616
1260 0.000252 0.018852 100.000000 14.285714
1260 0.000121 0.026020 200.000000 14.285714
1260 0.000136 0.029782 300.000000 14.492754
1260 0.000288 0.026843 400.000000 12.195122
1270 0.000254 0.018908 100.000000 14.285714
1270 0.000088 0.025583 200.000000 14.388489
1270 0.000120 0.028087 300.000000 14.492754
1280 0.000261 0.019002 100.000000 14.285714
1280 0.000074 0.023188 200.000000 14.388489
1280 0.000111 0.025399 300.000000 14.354067
1290 0.000218 0.022232 100.000000 14.084507
1290 0.000111 0.023880 200.000000 14.388489
1290 0.000230 0.029867 300.000000 13.888889
1300 0.000161 0.022917 100.000000 14.084507
1300 0.000128 0.023792 200.000000 14.388489
1300 0.000298 0.032261 300.000000 12.931034
1310 0.000111 0.022598 100.000000 14.084507
1310 0.000157 0.023405 200.000000 14.492754
1310 0.000323 0.028486 300.000000 12.345679
1320 0.000086 0.021832 100.000000 14.084507
1320 0.000152 0.023209 200.000000 14.492754
1320 0.000343 0.024050 300.000000 11.952191
1330 0.000124 0.015638 100.000000 14.084507
1330 0.000158 0.021215 200.000000 14.492754
1330 0.000367 0.019763 300.000000 11.494253
1340 0.000212 0.016558 100.000000 14.285714
1340 0.000170 0.024873 200.000000 14.492754
1350 0.000243 0.011577 100.000000 14.285714
1350 0.000158 0.023425 200.000000 14.285714
1360 0.000280 0.015437 100.000000 14.285714
1360 0.000388 0.034364 200.000000 13.513514
1370 0.000273 0.018368 100.000000 14.492754
1370 0.000448 0.037261 200.000000 12.195122
1380 0.000256 0.020030 100.000000 14.492754
1380 0.000449 0.029068 200.000000 11.494253
1390 0.000232 0.021481 100.000000 14.492754
1390 0.000477 0.023914 200.000000 10.989011
1400 0.000192 0.020913 100.000000 14.492754
1410 0.000194 0.022957 100.000000 14.492754
1420 0.000182 0.025979 100.000000 13.888889
1430 0.000611 0.047058 100.000000 12.048193
1440 0.000667 0.043328 100.000000 10.101010
1450 0.000687 0.034112 100.000000 9.174312
1460 0.000778 0.023079 100.000000 8.547009
=======
=======
>>>>>>> origin/range_ell
0 0.001820 0.099378 100.000000 8.474576
0 0.000934 0.143098 200.000000 9.478673
0 0.000866 0.143189 300.000000 10.452962
0 0.000568 0.106296 400.000000 10.498688
0 0.000450 0.117196 500.000000 10.438414
0 0.000403 0.128241 600.000000 10.434783
0 0.000331 0.137176 700.000000 10.294118
0 0.000311 0.128177 800.000000 10.282776
10 0.001923 0.115879 100.000000 9.009009
10 0.000989 0.154465 200.000000 9.756098
10 0.000880 0.148806 300.000000 10.714286
10 0.000584 0.110548 400.000000 10.695188
10 0.000467 0.121718 500.000000 10.593221
10 0.000409 0.132758 600.000000 10.563380
10 0.000340 0.141910 700.000000 10.385756
10 0.000319 0.131516 800.000000 10.376135
20 0.001712 0.100085 100.000000 9.523809
20 0.000890 0.134677 200.000000 10.050251
20 0.000784 0.128276 300.000000 10.989011
20 0.000525 0.097327 400.000000 10.840109
20 0.000429 0.108207 500.000000 10.729613
20 0.000370 0.117498 600.000000 10.676157
20 0.000308 0.125711 700.000000 10.463378
20 0.000296 0.115918 800.000000 10.471204
30 0.001606 0.085578 100.000000 10.101010
30 0.000832 0.119428 200.000000 10.256411
30 0.000701 0.111113 300.000000 11.235955
30 0.000478 0.087315 400.000000 10.958904
30 0.000389 0.097972 500.000000 10.845987
30 0.000332 0.105214 600.000000 10.771993
30 0.000285 0.112531 700.000000 10.510510
30 0.000279 0.103452 800.000000 10.554090
40 0.001479 0.072223 100.000000 10.526316
40 0.000757 0.101228 200.000000 10.471204
40 0.000615 0.092863 300.000000 11.450381
40 0.000434 0.076497 400.000000 11.049724
40 0.000334 0.086652 500.000000 10.917030
40 0.000285 0.091721 600.000000 10.830325
40 0.000263 0.097959 700.000000 10.542169
40 0.000255 0.090098 800.000000 10.624170
50 0.001272 0.064971 100.000000 10.989011
50 0.000678 0.091073 200.000000 10.638298
50 0.000574 0.081326 300.000000 11.583012
50 0.000396 0.069890 400.000000 11.080333
50 0.000314 0.078722 500.000000 10.989011
50 0.000248 0.083819 600.000000 10.889292
50 0.000252 0.089563 700.000000 10.558069
50 0.000243 0.080977 800.000000 10.680908
60 0.001072 0.060831 100.000000 11.363636
60 0.000637 0.083915 200.000000 10.810811
60 0.000523 0.071142 300.000000 11.673152
60 0.000356 0.064664 400.000000 11.111111
60 0.000261 0.072883 500.000000 11.013216
60 0.000224 0.078287 600.000000 10.928962
60 0.000249 0.083427 700.000000 10.558069
60 0.000229 0.073828 800.000000 10.738256
70 0.000889 0.058991 100.000000 11.494253
70 0.000530 0.077759 200.000000 10.989011
70 0.000451 0.062247 300.000000 11.673152
70 0.000320 0.060501 400.000000 11.111111
70 0.000239 0.068093 500.000000 10.989011
70 0.000194 0.073701 600.000000 10.928962
70 0.000233 0.077356 700.000000 10.558069
70 0.000216 0.067367 800.000000 10.767160
80 0.000774 0.060998 100.000000 11.494253
80 0.000516 0.077173 200.000000 11.111111
80 0.000401 0.057980 300.000000 11.627907
80 0.000304 0.059089 400.000000 11.080333
80 0.000227 0.065276 500.000000 10.940919
80 0.000181 0.071191 600.000000 10.909091
80 0.000215 0.072876 700.000000 10.558069
80 0.000200 0.062651 800.000000 10.810811
90 0.000585 0.053916 100.000000 11.494253
90 0.000525 0.070660 200.000000 11.299435
90 0.000342 0.051765 300.000000 11.583012
90 0.000272 0.055624 400.000000 11.049724
90 0.000224 0.060700 500.000000 10.917030
90 0.000170 0.067684 600.000000 10.869565
90 0.000207 0.066692 700.000000 10.558069
90 0.000187 0.055809 800.000000 10.840109
100 0.000372 0.044382 100.000000 11.235955
100 0.000510 0.061385 200.000000 11.494253
100 0.000307 0.044586 300.000000 11.494253
100 0.000219 0.049385 400.000000 11.049724
100 0.000203 0.054262 500.000000 10.917030
100 0.000144 0.061908 600.000000 10.791367
100 0.000190 0.058454 700.000000 10.574018
100 0.000169 0.047647 800.000000 10.854816
110 0.000294 0.037574 100.000000 10.869565
110 0.000535 0.055659 200.000000 11.627907
110 0.000306 0.041857 300.000000 11.450381
110 0.000210 0.046820 400.000000 11.049724
110 0.000199 0.053062 500.000000 10.917030
110 0.000139 0.060377 600.000000 10.695188
110 0.000178 0.054630 700.000000 10.574018
110 0.000156 0.042552 800.000000 10.854816
120 0.000319 0.030821 100.000000 10.526316
120 0.000501 0.048822 200.000000 11.764706
120 0.000323 0.042978 300.000000 11.320755
120 0.000235 0.048538 400.000000 11.019283
120 0.000194 0.056980 500.000000 10.893247
120 0.000150 0.064365 600.000000 10.619469
120 0.000183 0.054865 700.000000 10.590015
120 0.000145 0.040210 800.000000 10.825439
130 0.000208 0.024792 100.000000 10.309278
130 0.000371 0.037109 200.000000 11.834319
130 0.000281 0.035941 300.000000 11.194030
130 0.000207 0.039833 400.000000 10.989011
130 0.000160 0.048700 500.000000 10.869565
130 0.000139 0.055343 600.000000 10.544815
130 0.000179 0.043665 700.000000 10.606061
130 0.000123 0.030337 800.000000 10.796222
140 0.000179 0.028080 100.000000 10.204082
140 0.000331 0.035259 200.000000 11.764706
140 0.000259 0.033396 300.000000 11.070110
140 0.000211 0.036555 400.000000 10.928962
140 0.000146 0.046482 500.000000 10.822511
140 0.000149 0.051451 600.000000 10.452962
140 0.000187 0.037626 700.000000 10.606061
140 0.000113 0.025518 800.000000 10.767160
150 0.000297 0.033094 100.000000 10.204082
150 0.000334 0.036095 200.000000 11.695907
150 0.000252 0.035822 300.000000 10.948905
150 0.000203 0.039981 400.000000 10.869565
150 0.000153 0.049498 500.000000 10.799136
150 0.000180 0.052339 600.000000 10.398614
150 0.000185 0.037648 700.000000 10.638298
150 0.000104 0.026447 800.000000 10.752688
160 0.000290 0.036203 100.000000 10.416667
160 0.000305 0.034042 200.000000 11.627907
160 0.000244 0.036375 300.000000 10.869565
160 0.000210 0.041192 400.000000 10.810811
160 0.000138 0.050410 500.000000 10.775862
160 0.000179 0.050821 600.000000 10.380623
160 0.000171 0.036362 700.000000 10.670732
160 0.000096 0.026879 800.000000 10.767160
170 0.000387 0.038560 100.000000 10.752688
170 0.000264 0.029320 200.000000 11.560694
170 0.000227 0.032771 300.000000 10.869565
170 0.000198 0.037831 400.000000 10.752688
170 0.000117 0.046776 500.000000 10.729613
170 0.000162 0.044982 600.000000 10.398614
170 0.000164 0.031702 700.000000 10.703364
170 0.000093 0.024678 800.000000 10.767160
180 0.000594 0.050623 100.000000 11.111111
180 0.000279 0.031560 200.000000 11.494253
180 0.000214 0.035710 300.000000 10.869565
180 0.000191 0.039284 400.000000 10.781672
180 0.000130 0.047885 500.000000 10.706638
180 0.000177 0.044497 600.000000 10.416667
180 0.000166 0.033189 700.000000 10.752688
180 0.000099 0.029476 800.000000 10.767160
190 0.000697 0.053831 100.000000 11.627907
190 0.000308 0.029952 200.000000 11.560694
190 0.000198 0.033864 300.000000 10.948905
190 0.000198 0.038447 400.000000 10.810811
190 0.000116 0.047004 500.000000 10.660981
190 0.000179 0.041993 600.000000 10.452962
190 0.000160 0.031179 700.000000 10.785825
190 0.000099 0.028607 800.000000 10.752688
200 0.000737 0.053647 100.000000 12.345679
200 0.000327 0.028335 200.000000 11.627907
200 0.000216 0.031869 300.000000 11.029411
200 0.000195 0.038288 400.000000 10.899182
200 0.000126 0.046613 500.000000 10.638298
200 0.000179 0.039832 600.000000 10.507881
200 0.000156 0.028363 700.000000 10.835914
200 0.000103 0.026404 800.000000 10.738256
210 0.000804 0.052054 100.000000 12.987013
210 0.000346 0.029675 200.000000 11.695907
210 0.000236 0.033031 300.000000 11.152416
210 0.000204 0.040134 400.000000 10.958904
210 0.000145 0.047737 500.000000 10.638298
210 0.000178 0.039580 600.000000 10.563380
210 0.000151 0.028358 700.000000 10.852714
210 0.000117 0.027738 800.000000 10.709505
220 0.000656 0.041144 100.000000 13.513514
220 0.000330 0.027723 200.000000 11.695907
220 0.000252 0.030314 300.000000 11.194030
220 0.000178 0.039464 400.000000 10.989011
220 0.000140 0.046858 500.000000 10.593221
220 0.000186 0.035724 600.000000 10.600707
220 0.000139 0.023797 700.000000 10.852714
220 0.000140 0.022530 800.000000 10.666667
230 0.000512 0.033016 100.000000 13.698630
230 0.000333 0.026008 200.000000 11.560694
230 0.000220 0.028400 300.000000 11.194030
230 0.000164 0.039914 400.000000 10.989011
230 0.000142 0.046034 500.000000 10.548523
230 0.000188 0.032051 600.000000 10.638298
230 0.000125 0.020416 700.000000 10.852714
230 0.000143 0.018820 800.000000 10.582010
240 0.000471 0.028499 100.000000 13.698630
240 0.000293 0.025257 200.000000 11.428572
240 0.000224 0.029070 300.000000 11.152416
240 0.000149 0.041212 400.000000 10.958904
240 0.000167 0.044890 500.000000 10.460251
240 0.000193 0.029431 600.000000 10.676157
240 0.000119 0.018829 700.000000 10.835914
240 0.000137 0.017504 800.000000 10.498688
250 0.000341 0.025200 100.000000 13.157895
250 0.000263 0.025709 200.000000 11.173184
250 0.000228 0.030348 300.000000 10.948905
250 0.000142 0.040715 400.000000 10.869565
250 0.000175 0.041246 500.000000 10.373444
250 0.000175 0.026462 600.000000 10.676157
250 0.000100 0.018001 700.000000 10.802469
250 0.000131 0.018799 800.000000 10.430247
260 0.000222 0.022566 100.000000 12.345679
260 0.000248 0.020954 200.000000 10.869565
260 0.000226 0.028546 300.000000 10.752688
260 0.000120 0.038550 400.000000 10.723861
260 0.000154 0.035580 500.000000 10.309278
260 0.000171 0.022115 600.000000 10.676157
260 0.000105 0.017437 700.000000 10.752688
260 0.000125 0.020267 800.000000 10.362695
270 0.000279 0.016287 100.000000 11.627907
270 0.000262 0.020492 200.000000 10.638298
270 0.000231 0.032884 300.000000 10.563380
270 0.000137 0.040609 400.000000 10.498688
270 0.000166 0.033939 500.000000 10.224949
270 0.000169 0.023328 600.000000 10.657193
270 0.000113 0.023290 700.000000 10.670732
270 0.000133 0.022774 800.000000 10.296010
280 0.000469 0.022563 100.000000 10.869565
280 0.000348 0.032851 200.000000 10.416667
280 0.000224 0.043410 300.000000 10.416667
280 0.000163 0.047208 400.000000 10.256411
280 0.000181 0.037885 500.000000 10.183299
280 0.000166 0.030784 600.000000 10.582010
280 0.000112 0.032615 700.000000 10.510510
280 0.000153 0.027093 800.000000 10.230179
290 0.000552 0.029139 100.000000 10.309278
290 0.000410 0.039704 200.000000 10.256411
290 0.000233 0.047782 300.000000 10.309278
290 0.000174 0.050808 400.000000 10.075566
290 0.000193 0.038109 500.000000 10.141988
290 0.000165 0.033918 600.000000 10.507881
290 0.000122 0.034626 700.000000 10.370370
290 0.000166 0.028100 800.000000 10.178117
300 0.000550 0.022075 100.000000 9.900990
300 0.000370 0.031665 200.000000 10.152285
300 0.000236 0.041130 300.000000 10.238908
300 0.000178 0.044162 400.000000 9.950249
300 0.000206 0.029693 500.000000 10.162601
300 0.000162 0.029408 600.000000 10.452962
300 0.000124 0.030501 700.000000 10.233918
300 0.000163 0.027662 800.000000 10.126582
310 0.000514 0.029555 100.000000 9.708738
310 0.000374 0.038785 200.000000 10.101010
310 0.000237 0.045946 300.000000 10.238908
310 0.000178 0.047098 400.000000 9.852217
310 0.000212 0.031509 500.000000 10.183299
310 0.000153 0.031888 600.000000 10.434783
310 0.000122 0.031888 700.000000 10.144928
310 0.000171 0.027629 800.000000 10.037642
320 0.000365 0.029990 100.000000 9.615385
320 0.000313 0.037833 200.000000 10.050251
320 0.000201 0.043461 300.000000 10.204082
320 0.000168 0.042219 400.000000 9.828010
320 0.000181 0.028033 500.000000 10.224949
320 0.000129 0.027875 600.000000 10.452962
320 0.000124 0.027396 700.000000 10.115607
320 0.000156 0.023295 800.000000 9.950249
330 0.000424 0.026200 100.000000 9.523809
330 0.000326 0.035567 200.000000 10.000000
330 0.000172 0.041715 300.000000 10.204082
330 0.000174 0.038621 400.000000 9.828010
330 0.000180 0.025120 500.000000 10.288066
330 0.000128 0.024849 600.000000 10.471204
330 0.000129 0.025386 700.000000 10.101010
330 0.000140 0.022967 800.000000 9.913259
340 0.000361 0.021611 100.000000 9.523809
340 0.000277 0.030692 200.000000 10.000000
340 0.000118 0.035681 300.000000 10.204082
340 0.000156 0.031528 400.000000 9.852217
340 0.000177 0.022115 500.000000 10.351967
340 0.000122 0.022833 600.000000 10.507881
340 0.000121 0.025255 700.000000 10.115607
340 0.000126 0.024509 800.000000 9.900990
350 0.000352 0.017661 100.000000 9.615385
350 0.000274 0.026934 200.000000 10.000000
350 0.000120 0.032150 300.000000 10.169492
350 0.000170 0.027209 400.000000 9.876543
350 0.000181 0.022083 500.000000 10.416667
350 0.000127 0.025008 600.000000 10.526316
350 0.000115 0.028007 700.000000 10.115607
350 0.000119 0.027602 800.000000 9.913259
360 0.000323 0.017875 100.000000 9.708738
360 0.000243 0.026194 200.000000 10.101010
360 0.000105 0.029932 300.000000 10.101010
360 0.000166 0.025326 400.000000 9.925558
360 0.000167 0.022922 500.000000 10.482181
360 0.000116 0.026533 600.000000 10.489511
360 0.000116 0.028194 700.000000 10.130246
360 0.000120 0.027308 800.000000 9.925558
370 0.000395 0.019880 100.000000 9.900990
370 0.000183 0.024784 200.000000 10.152285
370 0.000118 0.026785 300.000000 10.033444
370 0.000146 0.024422 400.000000 9.975062
370 0.000148 0.025109 500.000000 10.504202
370 0.000105 0.028902 600.000000 10.434783
370 0.000113 0.029267 700.000000 10.130246
370 0.000127 0.027673 800.000000 9.937888
380 0.000384 0.019932 100.000000 10.000000
380 0.000180 0.023683 200.000000 10.204082
380 0.000121 0.025753 300.000000 9.966778
380 0.000139 0.024214 400.000000 10.025063
380 0.000145 0.026363 500.000000 10.504202
380 0.000071 0.029339 600.000000 10.380623
380 0.000108 0.029888 700.000000 10.130246
380 0.000132 0.028648 800.000000 9.950249
390 0.000394 0.022002 100.000000 10.101010
390 0.000190 0.023434 200.000000 10.256411
390 0.000114 0.026039 300.000000 9.933775
390 0.000145 0.023968 400.000000 10.101010
390 0.000151 0.026799 500.000000 10.526316
390 0.000080 0.029033 600.000000 10.327023
390 0.000125 0.029372 700.000000 10.130246
390 0.000153 0.028834 800.000000 9.962640
400 0.000265 0.020237 100.000000 10.309278
400 0.000133 0.022960 200.000000 10.362695
400 0.000098 0.025625 300.000000 9.900990
400 0.000133 0.023074 400.000000 10.178117
400 0.000140 0.025580 500.000000 10.548523
400 0.000093 0.027019 600.000000 10.256411
400 0.000127 0.026820 700.000000 10.130246
400 0.000182 0.027933 800.000000 9.987515
410 0.000274 0.022885 100.000000 10.416667
410 0.000129 0.026695 200.000000 10.416667
410 0.000100 0.028123 300.000000 9.868421
410 0.000146 0.022751 400.000000 10.256411
410 0.000130 0.024486 500.000000 10.570825
410 0.000114 0.025408 600.000000 10.204082
410 0.000140 0.023874 700.000000 10.086455
410 0.000196 0.026801 800.000000 10.025063
420 0.000278 0.026890 100.000000 10.416667
420 0.000152 0.029445 200.000000 10.471204
420 0.000145 0.029892 300.000000 9.868421
420 0.000159 0.022735 400.000000 10.335917
420 0.000127 0.023707 500.000000 10.593221
420 0.000121 0.025137 600.000000 10.186757
420 0.000145 0.023117 700.000000 10.000000
420 0.000210 0.027614 800.000000 10.050251
430 0.000283 0.029037 100.000000 10.416667
430 0.000099 0.029913 200.000000 10.526316
430 0.000133 0.029580 300.000000 9.868421
430 0.000140 0.022449 400.000000 10.443864
430 0.000110 0.021543 500.000000 10.638298
430 0.000134 0.023669 600.000000 10.169492
430 0.000142 0.021363 700.000000 9.957326
430 0.000229 0.027684 800.000000 10.075566
440 0.000239 0.031539 100.000000 10.309278
440 0.000064 0.030727 200.000000 10.471204
440 0.000110 0.029446 300.000000 9.900990
440 0.000137 0.022403 400.000000 10.498688
440 0.000103 0.020285 500.000000 10.660981
440 0.000144 0.023150 600.000000 10.186757
440 0.000141 0.021655 700.000000 9.929078
440 0.000240 0.028912 800.000000 10.113780
450 0.000244 0.032317 100.000000 10.309278
450 0.000046 0.032363 200.000000 10.416667
450 0.000122 0.029798 300.000000 9.933775
450 0.000134 0.022577 400.000000 10.582010
450 0.000092 0.020311 500.000000 10.683761
450 0.000140 0.023331 600.000000 10.186757
450 0.000141 0.022587 700.000000 9.929078
450 0.000253 0.031353 800.000000 10.139417
460 0.000261 0.034567 100.000000 10.309278
460 0.000044 0.037362 200.000000 10.256411
460 0.000173 0.031266 300.000000 9.933775
460 0.000156 0.022802 400.000000 10.638298
460 0.000080 0.021165 500.000000 10.638298
460 0.000149 0.024600 600.000000 10.169492
460 0.000141 0.025081 700.000000 9.929078
460 0.000258 0.035046 800.000000 10.178117
470 0.000161 0.027859 100.000000 10.309278
470 0.000041 0.030867 200.000000 10.050251
470 0.000138 0.029679 300.000000 9.966778
470 0.000112 0.023789 400.000000 10.638298
470 0.000066 0.022542 500.000000 10.526316
470 0.000143 0.025724 600.000000 10.152285
470 0.000152 0.025672 700.000000 9.929078
470 0.000262 0.037031 800.000000 10.204082
480 0.000155 0.027021 100.000000 10.204082
480 0.000041 0.030340 200.000000 9.852217
480 0.000125 0.028801 300.000000 10.000000
480 0.000110 0.023409 400.000000 10.610080
480 0.000070 0.022607 500.000000 10.416667
480 0.000140 0.025599 600.000000 10.118044
480 0.000160 0.026736 700.000000 9.915014
480 0.000279 0.039715 800.000000 10.230179
490 0.000087 0.022401 100.000000 10.204082
490 0.000054 0.029558 200.000000 9.708738
490 0.000141 0.028072 300.000000 10.067114
490 0.000110 0.023678 400.000000 10.582010
490 0.000122 0.023208 500.000000 10.288066
490 0.000147 0.025218 600.000000 10.101010
490 0.000182 0.027407 700.000000 9.929078
490 0.000290 0.042003 800.000000 10.256411
500 0.000083 0.025854 100.000000 10.309278
500 0.000104 0.031356 200.000000 9.569378
500 0.000160 0.027395 300.000000 10.135135
500 0.000135 0.024355 400.000000 10.554090
500 0.000163 0.024864 500.000000 10.183299
500 0.000147 0.025373 600.000000 10.050251
500 0.000206 0.030022 700.000000 9.929078
500 0.000301 0.045259 800.000000 10.296010
510 0.000106 0.026347 100.000000 10.309278
510 0.000206 0.031697 200.000000 9.523809
510 0.000189 0.027654 300.000000 10.204082
510 0.000149 0.025367 400.000000 10.582010
510 0.000167 0.027361 500.000000 10.101010
510 0.000147 0.026081 600.000000 9.950249
510 0.000210 0.032190 700.000000 9.957326
510 0.000315 0.048645 800.000000 10.322580
520 0.000126 0.023857 100.000000 10.416667
520 0.000232 0.031451 200.000000 9.523809
520 0.000194 0.028100 300.000000 10.344828
520 0.000144 0.025437 400.000000 10.638298
520 0.000163 0.028665 500.000000 10.101010
520 0.000140 0.026644 600.000000 9.868421
520 0.000225 0.033320 700.000000 10.000000
520 0.000317 0.050618 800.000000 10.376135
530 0.000142 0.026393 100.000000 10.526316
530 0.000214 0.032537 200.000000 9.569378
530 0.000174 0.028218 300.000000 10.452962
530 0.000143 0.025632 400.000000 10.695188
530 0.000162 0.029694 500.000000 10.121457
530 0.000140 0.027682 600.000000 9.852217
530 0.000237 0.034422 700.000000 10.043041
530 0.000317 0.052717 800.000000 10.430247
540 0.000233 0.031327 100.000000 10.526316
540 0.000214 0.034367 200.000000 9.661836
540 0.000176 0.029450 300.000000 10.563380
540 0.000151 0.027744 400.000000 10.723861
540 0.000149 0.031638 500.000000 10.121457
540 0.000135 0.029546 600.000000 9.852217
540 0.000250 0.036291 700.000000 10.086455
540 0.000320 0.055284 800.000000 10.471204
550 0.000192 0.037975 100.000000 10.309278
550 0.000183 0.033870 200.000000 9.708738
550 0.000148 0.026929 300.000000 10.676157
550 0.000127 0.025737 400.000000 10.723861
550 0.000149 0.029057 500.000000 10.121457
550 0.000153 0.027820 600.000000 9.852217
550 0.000281 0.037446 700.000000 10.115607
550 0.000339 0.058210 800.000000 10.512484
560 0.000203 0.039132 100.000000 9.900990
560 0.000148 0.031438 200.000000 9.708738
560 0.000129 0.023008 300.000000 10.714286
560 0.000088 0.021730 400.000000 10.610080
560 0.000183 0.024945 500.000000 10.101010
560 0.000180 0.025134 600.000000 9.852217
560 0.000305 0.038817 700.000000 10.144928
560 0.000360 0.062414 800.000000 10.540184
570 0.000142 0.039320 100.000000 9.523809
570 0.000166 0.028233 200.000000 9.756098
570 0.000123 0.021005 300.000000 10.676157
570 0.000058 0.021550 400.000000 10.471204
570 0.000178 0.023763 500.000000 10.080646
570 0.000197 0.025747 600.000000 9.836065
570 0.000326 0.041394 700.000000 10.189228
570 0.000377 0.066502 800.000000 10.582010
580 0.000087 0.039384 100.000000 9.259259
580 0.000190 0.027800 200.000000 9.852217
580 0.000135 0.020716 300.000000 10.676157
580 0.000121 0.019232 400.000000 10.362695
580 0.000205 0.023113 500.000000 10.060362
580 0.000217 0.027300 600.000000 9.836065
580 0.000345 0.044979 700.000000 10.218978
580 0.000379 0.070482 800.000000 10.610080
590 0.000100 0.041246 100.000000 9.009009
590 0.000242 0.031667 200.000000 9.950249
590 0.000149 0.026015 300.000000 10.638298
590 0.000180 0.025389 400.000000 10.204082
590 0.000186 0.028127 500.000000 10.020041
590 0.000233 0.032517 600.000000 9.852217
590 0.000336 0.049400 700.000000 10.248902
590 0.000367 0.073046 800.000000 10.638298
600 0.000309 0.040637 100.000000 8.771930
600 0.000291 0.031022 200.000000 10.050251
600 0.000170 0.028864 300.000000 10.600707
600 0.000220 0.029548 400.000000 10.075566
600 0.000181 0.030059 500.000000 9.920635
600 0.000242 0.036153 600.000000 9.868421
600 0.000351 0.052979 700.000000 10.294118
600 0.000367 0.076206 800.000000 10.680908
610 0.000400 0.040436 100.000000 8.695652
610 0.000286 0.029009 200.000000 10.152285
610 0.000147 0.025247 300.000000 10.638298
610 0.000236 0.027384 400.000000 10.000000
610 0.000197 0.026376 500.000000 9.803922
610 0.000268 0.035682 600.000000 9.884679
610 0.000374 0.055729 700.000000 10.324484
610 0.000382 0.080258 800.000000 10.709505
620 0.000456 0.038506 100.000000 8.695652
620 0.000281 0.030359 200.000000 10.309278
620 0.000158 0.028964 300.000000 10.676157
620 0.000219 0.033043 400.000000 9.975062
620 0.000177 0.031727 500.000000 9.708738
620 0.000280 0.039288 600.000000 9.933775
620 0.000367 0.059054 700.000000 10.370370
620 0.000390 0.083083 800.000000 10.752688
630 0.000421 0.035182 100.000000 8.771930
630 0.000300 0.029548 200.000000 10.471204
630 0.000163 0.031118 300.000000 10.752688
630 0.000207 0.035531 400.000000 10.000000
630 0.000180 0.035187 500.000000 9.708738
630 0.000305 0.042814 600.000000 9.966778
630 0.000374 0.062767 700.000000 10.432191
630 0.000407 0.087763 800.000000 10.796222
640 0.000434 0.031989 100.000000 8.928572
640 0.000292 0.030245 200.000000 10.638298
640 0.000166 0.032986 300.000000 10.791367
640 0.000195 0.036390 400.000000 10.025063
640 0.000180 0.035840 500.000000 9.727627
640 0.000319 0.043932 600.000000 10.033444
640 0.000384 0.065433 700.000000 10.479042
640 0.000418 0.090827 800.000000 10.854816
650 0.000406 0.027994 100.000000 9.174312
650 0.000270 0.028811 200.000000 10.869565
650 0.000151 0.032043 300.000000 10.869565
650 0.000196 0.034224 400.000000 10.075566
650 0.000189 0.033892 500.000000 9.765625
650 0.000339 0.043883 600.000000 10.101010
650 0.000399 0.066689 700.000000 10.558069
650 0.000433 0.093828 800.000000 10.914052
660 0.000489 0.031163 100.000000 9.433962
660 0.000292 0.034272 200.000000 11.111111
660 0.000134 0.036180 300.000000 10.830325
660 0.000213 0.038860 400.000000 10.126582
660 0.000190 0.038184 500.000000 9.803922
660 0.000339 0.047896 600.000000 10.169492
660 0.000398 0.069781 700.000000 10.622155
660 0.000438 0.095834 800.000000 10.989011
670 0.000433 0.028535 100.000000 9.803922
670 0.000227 0.029847 200.000000 11.235955
670 0.000099 0.029709 300.000000 10.830325
670 0.000219 0.033700 400.000000 10.178117
670 0.000214 0.034543 500.000000 9.861933
670 0.000353 0.047513 600.000000 10.256411
670 0.000413 0.071652 700.000000 10.703364
670 0.000459 0.099133 800.000000 11.065007
680 0.000360 0.023964 100.000000 10.101010
680 0.000195 0.027464 200.000000 11.363636
680 0.000088 0.025647 300.000000 10.791367
680 0.000221 0.029559 400.000000 10.230179
680 0.000233 0.031786 500.000000 9.920635
680 0.000382 0.048198 600.000000 10.327023
680 0.000423 0.074634 700.000000 10.769231
680 0.000484 0.103891 800.000000 11.126565
690 0.000398 0.022275 100.000000 10.526316
690 0.000209 0.027807 200.000000 11.494253
690 0.000187 0.024698 300.000000 10.714286
690 0.000239 0.028699 400.000000 10.256411
690 0.000258 0.032203 500.000000 9.960159
690 0.000396 0.050200 600.000000 10.398614
690 0.000425 0.077505 700.000000 10.835914
690 0.000513 0.107845 800.000000 11.188811
700 0.000421 0.018327 100.000000 10.869565
700 0.000215 0.027840 200.000000 11.560694
700 0.000225 0.024700 300.000000 10.638298
700 0.000246 0.027041 400.000000 10.282776
700 0.000295 0.032655 500.000000 10.020041
700 0.000407 0.052924 600.000000 10.471204
700 0.000433 0.081318 700.000000 10.903427
700 0.000530 0.113039 800.000000 11.251758
710 0.000471 0.010290 100.000000 11.363636
710 0.000214 0.027821 200.000000 11.695907
710 0.000297 0.024252 300.000000 10.526316
710 0.000282 0.025245 400.000000 10.230179
710 0.000338 0.034968 500.000000 10.060362
710 0.000447 0.058715 600.000000 10.544815
710 0.000454 0.089319 700.000000 10.971786
710 0.000557 0.122618 800.000000 11.315417
720 0.000351 0.010606 100.000000 11.764706
720 0.000243 0.027578 200.000000 11.834319
720 0.000317 0.021334 300.000000 10.489511
720 0.000316 0.017974 400.000000 10.126582
720 0.000377 0.031271 500.000000 10.121457
720 0.000485 0.061343 600.000000 10.619469
720 0.000483 0.095932 700.000000 11.023623
720 0.000589 0.131059 800.000000 11.379801
730 0.000184 0.014498 100.000000 12.195122
730 0.000285 0.028799 200.000000 11.904762
730 0.000327 0.019309 300.000000 10.452962
730 0.000318 0.015738 400.000000 10.000000
730 0.000411 0.032252 500.000000 10.162601
730 0.000497 0.065166 600.000000 10.676157
730 0.000494 0.099672 700.000000 11.093502
730 0.000615 0.137022 800.000000 11.428572
740 0.000268 0.016356 100.000000 12.658228
740 0.000305 0.029262 200.000000 11.976048
740 0.000344 0.018388 300.000000 10.416667
740 0.000309 0.016634 400.000000 9.925558
740 0.000426 0.035778 500.000000 10.204082
740 0.000492 0.069925 600.000000 10.714286
740 0.000508 0.103871 700.000000 11.128776
740 0.000636 0.141820 800.000000 11.477762
750 0.000279 0.021440 100.000000 12.987013
750 0.000292 0.030698 200.000000 11.976048
750 0.000318 0.018621 300.000000 10.416667
750 0.000304 0.018431 400.000000 9.900990
750 0.000447 0.039904 500.000000 10.245902
750 0.000497 0.074432 600.000000 10.771993
750 0.000522 0.109059 700.000000 11.164274
750 0.000654 0.147991 800.000000 11.527377
760 0.000230 0.022934 100.000000 13.157895
760 0.000289 0.027361 200.000000 11.764706
760 0.000327 0.015046 300.000000 10.344828
760 0.000308 0.015333 400.000000 9.876543
760 0.000459 0.040699 500.000000 10.288066
760 0.000508 0.076463 600.000000 10.810811
760 0.000528 0.110491 700.000000 11.217949
760 0.000660 0.152015 800.000000 11.560694
770 0.000275 0.028959 100.000000 12.987013
770 0.000238 0.025825 200.000000 11.363636
770 0.000308 0.015748 300.000000 10.273973
770 0.000315 0.015487 400.000000 9.852217
770 0.000463 0.042775 500.000000 10.309278
770 0.000510 0.078296 600.000000 10.849910
770 0.000552 0.113270 700.000000 11.235955
770 0.000651 0.155473 800.000000 11.594203
780 0.000447 0.035612 100.000000 12.658228
780 0.000106 0.022948 200.000000 10.928962
780 0.000304 0.017144 300.000000 10.169492
780 0.000327 0.018495 400.000000 9.803922
780 0.000485 0.046866 500.000000 10.330579
780 0.000507 0.081991 600.000000 10.869565
780 0.000573 0.116753 700.000000 11.272141
780 0.000639 0.160840 800.000000 11.611031
790 0.000621 0.039120 100.000000 12.195122
790 0.000280 0.024340 200.000000 10.416667
790 0.000338 0.010319 300.000000 10.033444
790 0.000401 0.019215 400.000000 9.779951
790 0.000512 0.053180 500.000000 10.351967
790 0.000524 0.090674 600.000000 10.869565
790 0.000619 0.127678 700.000000 11.272141
790 0.000650 0.171464 800.000000 11.627907
800 0.000765 0.040459 100.000000 11.764706
800 0.000436 0.023947 200.000000 9.950249
800 0.000390 0.005175 300.000000 9.740260
800 0.000447 0.024526 400.000000 9.732360
800 0.000559 0.062184 500.000000 10.373444
800 0.000541 0.100855 600.000000 10.889292
800 0.000652 0.139759 700.000000 11.290322
800 0.000657 0.185401 800.000000 11.594203
810 0.000711 0.043369 100.000000 11.363636
810 0.000511 0.021996 200.000000 9.661836
810 0.000434 0.009516 300.000000 9.375000
810 0.000510 0.034786 400.000000 9.732360
810 0.000597 0.075621 500.000000 10.373444
810 0.000577 0.114198 600.000000 10.889292
810 0.000694 0.154066 700.000000 11.308562
810 0.000703 0.201199 800.000000 11.477762
820 0.000584 0.030840 100.000000 11.111111
820 0.000597 0.017658 200.000000 9.478673
820 0.000437 0.011970 300.000000 9.202454
820 0.000535 0.042246 400.000000 9.708738
820 0.000586 0.082353 500.000000 10.373444
820 0.000587 0.118786 600.000000 10.889292
820 0.000724 0.160188 700.000000 11.308562
820 0.000695 0.199239 800.000000 11.220197
830 0.000568 0.023126 100.000000 10.752688
830 0.000529 0.015804 200.000000 9.345795
830 0.000435 0.017320 300.000000 9.118541
830 0.000571 0.049353 400.000000 9.708738
830 0.000599 0.089111 500.000000 10.395010
830 0.000603 0.125279 600.000000 10.909091
830 0.000746 0.168793 700.000000 11.326860
830 0.000705 0.192180 800.000000 11.080333
840 0.000441 0.020282 100.000000 10.204082
840 0.000587 0.017244 200.000000 9.259259
840 0.000468 0.025048 300.000000 9.063444
840 0.000587 0.058217 400.000000 9.732360
840 0.000612 0.097706 500.000000 10.416667
840 0.000627 0.133529 600.000000 10.928962
840 0.000748 0.177514 700.000000 11.363636
840 0.000711 0.186628 800.000000 11.004127
850 0.000210 0.015617 100.000000 9.708738
850 0.000554 0.020278 200.000000 9.216590
850 0.000471 0.033646 300.000000 9.063444
850 0.000604 0.066812 400.000000 9.803922
850 0.000616 0.105714 500.000000 10.482181
850 0.000652 0.141460 600.000000 10.989011
850 0.000740 0.186015 700.000000 11.419250
850 0.000711 0.183428 800.000000 10.943913
860 0.000729 0.022554 100.000000 9.433962
860 0.000660 0.021354 200.000000 9.216590
860 0.000533 0.043963 300.000000 9.090909
860 0.000650 0.079568 400.000000 9.876543
860 0.000636 0.118476 500.000000 10.548523
860 0.000703 0.154758 600.000000 11.049724
860 0.000743 0.199617 700.000000 11.475410
870 0.001011 0.023031 100.000000 9.009009
870 0.000650 0.027058 200.000000 9.174312
870 0.000572 0.051629 300.000000 9.146341
870 0.000652 0.086857 400.000000 9.950249
870 0.000629 0.124210 500.000000 10.615711
870 0.000725 0.160782 600.000000 11.111111
870 0.000741 0.205964 700.000000 11.513158
880 0.001314 0.018794 100.000000 8.695652
880 0.000683 0.031774 200.000000 9.009009
880 0.000617 0.062367 300.000000 9.174312
880 0.000684 0.097706 400.000000 10.025063
880 0.000640 0.134071 500.000000 10.683761
880 0.000742 0.171219 600.000000 11.173184
880 0.000740 0.216109 700.000000 11.551155
890 0.001345 0.020407 100.000000 8.403361
890 0.000698 0.041754 200.000000 8.733624
890 0.000643 0.073269 300.000000 9.202454
890 0.000713 0.108740 400.000000 10.075566
890 0.000659 0.143731 500.000000 10.729613
890 0.000769 0.180588 600.000000 11.235955
890 0.000757 0.226339 700.000000 11.532125
900 0.001343 0.038896 100.000000 8.264462
900 0.000647 0.052401 200.000000 8.510638
900 0.000653 0.078971 300.000000 9.230769
900 0.000690 0.112421 400.000000 10.126582
900 0.000654 0.145031 500.000000 10.775862
900 0.000789 0.182598 600.000000 11.278195
900 0.000771 0.227637 700.000000 11.382113
910 0.001316 0.050541 100.000000 8.130081
910 0.000645 0.060402 200.000000 8.403361
910 0.000682 0.084532 300.000000 9.287926
910 0.000694 0.118639 400.000000 10.178117
910 0.000677 0.150643 500.000000 10.822511
910 0.000816 0.190092 600.000000 11.320755
910 0.000768 0.225511 700.000000 11.182109
920 0.001262 0.054116 100.000000 8.130081
920 0.000658 0.064467 200.000000 8.403361
920 0.000730 0.090623 300.000000 9.345795
920 0.000711 0.124969 400.000000 10.256411
920 0.000701 0.158273 500.000000 10.869565
920 0.000843 0.198943 600.000000 11.385200
920 0.000783 0.220682 700.000000 11.093502
930 0.001241 0.059012 100.000000 8.264462
930 0.000642 0.068267 200.000000 8.474576
930 0.000731 0.094460 300.000000 9.463722
930 0.000721 0.128983 400.000000 10.362695
930 0.000706 0.161442 500.000000 10.989011
930 0.000853 0.204502 600.000000 11.472276
930 0.000792 0.214941 700.000000 11.093502
940 0.001192 0.055540 100.000000 8.403361
940 0.000677 0.066283 200.000000 8.583691
940 0.000764 0.096870 300.000000 9.615385
940 0.000755 0.135005 400.000000 10.498688
940 0.000754 0.170422 500.000000 11.086474
940 0.000863 0.214640 600.000000 11.583012
940 0.000808 0.215622 700.000000 11.111111
950 0.001068 0.052367 100.000000 8.620689
950 0.000658 0.063480 200.000000 8.695652
950 0.000775 0.096147 300.000000 9.771987
950 0.000758 0.135912 400.000000 10.638298
950 0.000773 0.172494 500.000000 11.210762
950 0.000856 0.218128 600.000000 11.695907
950 0.000807 0.210193 700.000000 11.111111
960 0.000777 0.030790 100.000000 8.849558
960 0.000594 0.044852 200.000000 8.849558
960 0.000798 0.088448 300.000000 9.900990
960 0.000762 0.132830 400.000000 10.781672
960 0.000804 0.172625 500.000000 11.337869
960 0.000856 0.220904 600.000000 11.811024
960 0.000803 0.204153 700.000000 11.111111
970 0.000949 0.041520 100.000000 9.009009
970 0.000719 0.061724 200.000000 8.968610
970 0.000868 0.107414 300.000000 10.067114
970 0.000808 0.154038 400.000000 10.899182
970 0.000871 0.193493 500.000000 11.467890
970 0.000881 0.241729 600.000000 11.928430
980 0.000843 0.038706 100.000000 9.259259
980 0.000743 0.060316 200.000000 9.132421
980 0.000846 0.106760 300.000000 10.238908
980 0.000785 0.151299 400.000000 11.080333
980 0.000872 0.191222 500.000000 11.627907
980 0.000872 0.240361 600.000000 12.048193
990 0.000995 0.044265 100.000000 9.345795
990 0.000805 0.072697 200.000000 9.302325
990 0.000889 0.118894 300.000000 10.452962
990 0.000811 0.164099 400.000000 11.235955
990 0.000896 0.204528 500.000000 11.764706
990 0.000880 0.253947 600.000000 12.145749
1000 0.001012 0.046602 100.000000 9.174312
1000 0.000822 0.076784 200.000000 9.478673
1000 0.000925 0.125418 300.000000 10.600707
1000 0.000816 0.169848 400.000000 11.363636
1000 0.000912 0.209905 500.000000 11.904762
1000 0.000878 0.259318 600.000000 12.244898
1010 0.000865 0.043591 100.000000 8.849558
1010 0.000825 0.074874 200.000000 9.615385
1010 0.000917 0.124300 300.000000 10.752688
1010 0.000809 0.167394 400.000000 11.494253
1010 0.000919 0.208431 500.000000 12.019231
1010 0.000891 0.258807 600.000000 12.244898
1020 0.000735 0.035317 100.000000 8.620689
1020 0.000827 0.070238 200.000000 9.756098
1020 0.000869 0.119918 300.000000 10.909091
1020 0.000804 0.162986 400.000000 11.594203
1020 0.000938 0.204203 500.000000 12.135922
1020 0.000898 0.254528 600.000000 12.121212
1030 0.000580 0.024318 100.000000 8.547009
1030 0.000817 0.064439 200.000000 9.852217
1030 0.000829 0.113754 300.000000 11.029411
1030 0.000789 0.155670 400.000000 11.695907
1030 0.000942 0.198943 500.000000 12.224939
1030 0.000875 0.239809 600.000000 11.904762
1040 0.000515 0.021170 100.000000 8.547009
1040 0.000831 0.063451 200.000000 10.000000
1040 0.000817 0.113300 300.000000 11.152416
1040 0.000786 0.154432 400.000000 11.799410
1040 0.000952 0.199998 500.000000 12.315271
1040 0.000877 0.225579 600.000000 11.787819
1050 0.000480 0.018696 100.000000 8.620689
1050 0.000809 0.060634 200.000000 10.152285
1050 0.000811 0.110025 300.000000 11.278195
1050 0.000781 0.150404 400.000000 11.904762
1050 0.000945 0.197854 500.000000 12.406948
1050 0.000871 0.208839 600.000000 11.741683
1060 0.000509 0.019259 100.000000 8.620689
1060 0.000832 0.060932 200.000000 10.309278
1060 0.000817 0.110444 300.000000 11.406844
1060 0.000807 0.149223 400.000000 12.048193
1060 0.000922 0.199447 500.000000 12.500000
1060 0.000858 0.196563 600.000000 11.673152
1070 0.000498 0.015130 100.000000 8.695652
1070 0.000860 0.062653 200.000000 10.471204
1070 0.000810 0.111961 300.000000 11.538462
1070 0.000832 0.150996 400.000000 12.158054
1070 0.000907 0.202634 500.000000 12.594459
1070 0.000835 0.186876 600.000000 11.583012
1080 0.000546 0.015518 100.000000 8.849558
1080 0.000846 0.059083 200.000000 10.638298
1080 0.000776 0.107138 300.000000 11.673152
1080 0.000861 0.146999 400.000000 12.269938
1080 0.000876 0.197738 500.000000 12.722647
1090 0.000675 0.014551 100.000000 9.009009
1090 0.000833 0.063355 200.000000 10.869565
1090 0.000767 0.109802 300.000000 11.857708
1090 0.000879 0.150900 400.000000 12.422360
1090 0.000875 0.202476 500.000000 12.820513
1100 0.000634 0.015072 100.000000 9.345795
1100 0.000855 0.064333 200.000000 11.173184
1100 0.000748 0.108934 300.000000 12.096774
1100 0.000879 0.150786 400.000000 12.618297
1100 0.000856 0.202672 500.000000 12.953368
1110 0.000676 0.021268 100.000000 9.803922
1110 0.000903 0.072714 200.000000 11.494253
1110 0.000760 0.115787 300.000000 12.345679
1110 0.000897 0.157101 400.000000 12.861736
1110 0.000861 0.209661 500.000000 13.089005
1120 0.000776 0.028955 100.000000 10.309278
1120 0.000942 0.081770 200.000000 11.904762
1120 0.000782 0.123552 300.000000 12.658228
1120 0.000933 0.166901 400.000000 13.071896
1120 0.000893 0.218808 500.000000 13.192612
1130 0.000895 0.035306 100.000000 10.869565
1130 0.000945 0.090503 200.000000 12.269938
1130 0.000820 0.131199 300.000000 12.931034
1130 0.000970 0.174361 400.000000 13.333333
1130 0.000928 0.227400 500.000000 13.192612
1140 0.001027 0.044441 100.000000 11.235955
1140 0.000958 0.100351 200.000000 12.578616
1140 0.000850 0.140151 300.000000 13.157895
1140 0.001020 0.184870 400.000000 13.513514
1140 0.000939 0.233283 500.000000 12.987013
1150 0.001123 0.054599 100.000000 11.627907
1150 0.000978 0.110224 200.000000 12.820513
1150 0.000880 0.148605 300.000000 13.333333
1150 0.001054 0.195669 400.000000 13.651877
1150 0.000945 0.229152 500.000000 12.787724
1160 0.001231 0.067198 100.000000 11.904762
1160 0.001025 0.118956 200.000000 13.071896
1160 0.000905 0.155915 300.000000 13.513514
1160 0.001088 0.205298 400.000000 13.793103
1160 0.000965 0.221055 500.000000 12.658228
1170 0.001245 0.071021 100.000000 12.345679
1170 0.001026 0.121238 200.000000 13.333333
1170 0.000925 0.157082 300.000000 13.698630
1170 0.001075 0.208574 400.000000 13.937283
1170 0.000965 0.207977 500.000000 12.562814
1180 0.001282 0.075757 100.000000 12.658228
1180 0.001016 0.122949 200.000000 13.513514
1180 0.000960 0.158420 300.000000 13.824884
1180 0.001045 0.209908 400.000000 14.084507
1180 0.000952 0.194522 500.000000 12.406948
1190 0.001276 0.073877 100.000000 12.987013
1190 0.000954 0.117216 200.000000 13.793103
1190 0.001013 0.154899 300.000000 13.953488
1190 0.001000 0.207067 400.000000 14.184397
1200 0.001076 0.060995 100.000000 13.333333
1200 0.000843 0.101008 200.000000 13.888889
1200 0.000965 0.137884 300.000000 14.150944
1200 0.000933 0.192133 400.000000 14.234876
1210 0.001132 0.064054 100.000000 13.698630
1210 0.000811 0.100704 200.000000 14.084507
1210 0.000979 0.140633 300.000000 14.218010
1210 0.000911 0.193565 400.000000 14.234876
1220 0.001037 0.061634 100.000000 13.888889
1220 0.000773 0.094278 200.000000 14.184397
1220 0.000989 0.135572 300.000000 14.354067
1220 0.000939 0.190464 400.000000 13.937283
1230 0.000864 0.055296 100.000000 14.084507
1230 0.000761 0.087035 200.000000 14.184397
1230 0.001026 0.130957 300.000000 14.423077
1230 0.000907 0.177427 400.000000 13.245033
1240 0.000832 0.051957 100.000000 14.084507
1240 0.000747 0.081584 200.000000 14.285714
1240 0.001031 0.130136 300.000000 14.492754
1240 0.000899 0.156193 400.000000 12.861736
1250 0.000808 0.049776 100.000000 14.285714
1250 0.000775 0.079894 200.000000 14.285714
1250 0.001019 0.133067 300.000000 14.492754
1250 0.000896 0.138563 400.000000 12.578616
1260 0.000746 0.043798 100.000000 14.285714
1260 0.000826 0.074023 200.000000 14.285714
1260 0.000948 0.130316 300.000000 14.492754
1260 0.000829 0.119317 400.000000 12.195122
1270 0.000640 0.041774 100.000000 14.285714
1270 0.000923 0.074402 200.000000 14.388489
1270 0.000915 0.132430 300.000000 14.492754
1280 0.000521 0.030371 100.000000 14.285714
1280 0.000905 0.068297 200.000000 14.388489
1280 0.000846 0.127040 300.000000 14.354067
1290 0.000517 0.029135 100.000000 14.084507
1290 0.000970 0.072092 200.000000 14.388489
1290 0.000905 0.131796 300.000000 13.888889
1300 0.000666 0.036313 100.000000 14.084507
1300 0.001121 0.087154 200.000000 14.388489
1300 0.000923 0.137043 300.000000 12.931034
1310 0.000669 0.032284 100.000000 14.084507
1310 0.001149 0.090570 200.000000 14.492754
1310 0.000927 0.117773 300.000000 12.345679
1320 0.000767 0.031251 100.000000 14.084507
1320 0.001107 0.096254 200.000000 14.492754
1320 0.000912 0.102344 300.000000 11.952191
1330 0.000974 0.034762 100.000000 14.084507
1330 0.001051 0.104839 200.000000 14.492754
1330 0.000862 0.093634 300.000000 11.494253
1340 0.001233 0.048827 100.000000 14.285714
1340 0.001050 0.118225 200.000000 14.492754
1350 0.001322 0.060766 100.000000 14.285714
1350 0.001011 0.128100 200.000000 14.285714
1360 0.001479 0.070951 100.000000 14.285714
1360 0.001113 0.136159 200.000000 13.513514
1370 0.001580 0.076384 100.000000 14.492754
1370 0.001058 0.126410 200.000000 12.195122
1380 0.001627 0.089271 100.000000 14.492754
1380 0.001066 0.105914 200.000000 11.494253
1390 0.001462 0.091511 100.000000 14.492754
1390 0.000996 0.083725 200.000000 10.989011
1400 0.001130 0.081890 100.000000 14.492754
1410 0.000889 0.068602 100.000000 14.492754
1420 0.000719 0.066408 100.000000 13.888889
1430 0.000743 0.061889 100.000000 12.048193
1440 0.000596 0.044870 100.000000 10.101010
1450 0.000577 0.032344 100.000000 9.174312
1460 0.000668 0.020906 100.000000 8.547009
<<<<<<< HEAD
>>>>>>> origin/velocity_ell
=======
>>>>>>> origin/range_ell
