0 0.000586 0.016154 100.000000 9.009009
0 0.000699 0.037962 200.000000 7.604563
0 0.000835 0.052329 300.000000 7.142857
0 0.000763 0.058537 400.000000 6.884682
0 0.000574 0.037777 500.000000 7.267442
0 0.000624 0.049327 600.000000 7.263923
0 0.000621 0.061515 700.000000 7.179487
0 0.000631 0.064369 800.000000 7.299270
10 0.000779 0.023600 100.000000 8.849558
10 0.000761 0.046668 200.000000 7.722008
10 0.000759 0.061965 300.000000 7.075472
10 0.000786 0.060786 400.000000 6.932409
10 0.000588 0.039991 500.000000 7.309941
10 0.000627 0.053731 600.000000 7.281553
10 0.000645 0.063114 700.000000 7.194244
10 0.000641 0.067538 800.000000 7.326007
20 0.001551 0.024587 100.000000 8.196721
20 0.000758 0.055937 200.000000 7.782101
20 0.000734 0.065878 300.000000 7.025761
20 0.000748 0.056689 400.000000 6.956522
20 0.000577 0.036515 500.000000 7.342144
20 0.000625 0.053727 600.000000 7.290401
20 0.000631 0.060041 700.000000 7.201646
20 0.000620 0.067143 800.000000 7.346189
30 0.001262 0.033453 100.000000 7.751938
30 0.000886 0.061916 200.000000 7.751938
30 0.000835 0.074129 300.000000 7.009346
30 0.000781 0.061523 400.000000 6.968641
30 0.000595 0.040896 500.000000 7.363770
30 0.000637 0.061828 600.000000 7.290401
30 0.000658 0.064801 700.000000 7.179487
30 0.000642 0.072287 800.000000 7.352941
40 0.001143 0.042037 100.000000 7.518797
40 0.000896 0.063598 200.000000 7.692307
40 0.000846 0.075588 300.000000 6.993007
40 0.000747 0.058481 400.000000 6.956522
40 0.000605 0.040179 500.000000 7.363770
40 0.000618 0.065757 600.000000 7.263923
40 0.000671 0.064396 700.000000 7.142857
40 0.000624 0.073419 800.000000 7.346189
50 0.001006 0.049515 100.000000 7.407407
50 0.000966 0.065803 200.000000 7.575758
50 0.000843 0.080926 300.000000 6.960557
50 0.000678 0.056855 400.000000 6.932409
50 0.000609 0.040194 500.000000 7.363770
50 0.000644 0.069700 600.000000 7.177033
50 0.000654 0.065305 700.000000 7.106599
50 0.000634 0.075629 800.000000 7.326007
60 0.000932 0.056550 100.000000 7.246377
60 0.000956 0.069337 200.000000 7.407407
60 0.000857 0.087048 300.000000 6.928406
60 0.000677 0.054706 400.000000 6.908463
60 0.000612 0.040524 500.000000 7.342144
60 0.000734 0.071867 600.000000 7.042253
60 0.000653 0.066572 700.000000 7.092198
60 0.000670 0.078010 800.000000 7.299270
70 0.001156 0.064247 100.000000 6.944445
70 0.000934 0.073739 200.000000 7.220217
70 0.000876 0.095632 300.000000 6.849315
70 0.000660 0.053440 400.000000 6.896552
70 0.000609 0.041317 500.000000 7.320644
70 0.000698 0.070400 600.000000 6.984866
70 0.000658 0.068378 700.000000 7.092198
70 0.000667 0.080269 800.000000 7.239819
80 0.001150 0.070176 100.000000 6.711410
80 0.001195 0.079047 200.000000 6.968641
80 0.000886 0.100556 300.000000 6.607930
80 0.000608 0.050669 400.000000 6.884682
80 0.000610 0.040825 500.000000 7.267442
80 0.000682 0.067437 600.000000 6.952491
80 0.000668 0.069195 700.000000 7.085020
80 0.000713 0.081823 800.000000 7.098492
90 0.001354 0.074075 100.000000 6.535948
90 0.001265 0.087284 200.000000 6.711410
90 0.000987 0.099740 300.000000 6.382979
90 0.000599 0.050499 400.000000 6.872852
90 0.000643 0.043702 500.000000 7.153076
90 0.000691 0.068104 600.000000 6.928406
90 0.000686 0.072451 700.000000 7.077857
90 0.000778 0.081456 800.000000 7.042253
100 0.001396 0.087718 100.000000 6.451613
100 0.001313 0.103202 200.000000 6.557377
100 0.001005 0.100641 300.000000 6.342494
100 0.000624 0.051611 400.000000 6.884682
100 0.000713 0.049403 500.000000 6.993007
100 0.000678 0.069159 600.000000 6.920415
100 0.000694 0.076764 700.000000 7.077857
100 0.000766 0.082114 800.000000 7.017544
110 0.001351 0.076917 100.000000 6.535948
110 0.001273 0.101039 200.000000 6.430868
110 0.000956 0.093797 300.000000 6.369427
110 0.000618 0.049375 400.000000 6.920415
110 0.000668 0.052451 500.000000 6.973501
110 0.000669 0.067734 600.000000 6.928406
110 0.000685 0.076301 700.000000 7.092198
110 0.000749 0.077806 800.000000 7.023705
120 0.001252 0.040105 100.000000 6.756757
120 0.001113 0.076843 200.000000 6.389776
120 0.000939 0.076600 300.000000 6.423983
120 0.000591 0.043672 400.000000 6.980803
120 0.000619 0.052861 500.000000 7.012623
120 0.000656 0.063015 600.000000 6.960557
120 0.000666 0.068508 700.000000 7.135576
120 0.000712 0.065636 800.000000 7.054674
130 0.001277 0.027231 100.000000 6.993007
130 0.001152 0.075216 200.000000 6.451613
130 0.000931 0.073160 300.000000 6.507592
130 0.000586 0.042140 400.000000 7.054674
130 0.000575 0.052614 500.000000 7.062147
130 0.000615 0.059420 600.000000 7.001167
130 0.000631 0.062436 700.000000 7.179487
130 0.000676 0.055012 800.000000 7.092198
140 0.001316 0.057438 100.000000 7.299270
140 0.001149 0.095078 200.000000 6.535948
140 0.000873 0.073566 300.000000 6.593407
140 0.000531 0.039559 400.000000 7.142857
140 0.000512 0.048902 500.000000 7.122507
140 0.000554 0.053304 600.000000 7.042253
140 0.000581 0.055729 700.000000 7.223942
140 0.000622 0.046374 800.000000 7.123775
150 0.001264 0.048052 100.000000 7.575758
150 0.001114 0.091800 200.000000 6.622517
150 0.000833 0.068203 300.000000 6.681514
150 0.000519 0.038459 400.000000 7.207207
150 0.000512 0.050561 500.000000 7.163324
150 0.000562 0.053339 600.000000 7.075472
150 0.000577 0.057322 700.000000 7.268951
150 0.000615 0.048535 800.000000 7.155635
160 0.001342 0.041144 100.000000 7.751938
160 0.001121 0.090680 200.000000 6.666667
160 0.000828 0.065223 300.000000 6.726458
160 0.000523 0.039577 400.000000 7.272727
160 0.000540 0.055470 500.000000 7.194244
160 0.000599 0.056404 600.000000 7.083825
160 0.000607 0.062305 700.000000 7.291667
160 0.000628 0.053269 800.000000 7.168459
170 0.001285 0.040458 100.000000 7.751938
170 0.001076 0.086940 200.000000 6.711410
170 0.000773 0.058508 300.000000 6.756757
170 0.000553 0.039424 400.000000 7.299270
170 0.000544 0.059936 500.000000 7.204611
170 0.000618 0.056375 600.000000 7.067138
170 0.000598 0.061883 700.000000 7.306890
170 0.000640 0.051531 800.000000 7.149240
180 0.001393 0.045792 100.000000 7.692307
180 0.001052 0.091104 200.000000 6.734007
180 0.000747 0.054200 300.000000 6.756757
180 0.000553 0.039021 400.000000 7.326007
180 0.000544 0.063240 500.000000 7.153076
180 0.000613 0.056025 600.000000 7.050529
180 0.000594 0.062692 700.000000 7.306890
180 0.000649 0.049702 800.000000 7.104796
190 0.001406 0.048010 100.000000 7.575758
190 0.001042 0.093383 200.000000 6.756757
190 0.000662 0.051439 300.000000 6.772009
190 0.000580 0.040743 400.000000 7.339449
190 0.000632 0.068109 500.000000 7.052186
190 0.000609 0.057295 600.000000 7.050529
190 0.000637 0.063568 700.000000 7.306890
190 0.000619 0.046838 800.000000 7.073386
200 0.001333 0.046347 100.000000 7.518797
200 0.000984 0.090126 200.000000 6.779661
200 0.000645 0.046957 300.000000 6.802721
200 0.000597 0.041595 400.000000 7.366483
200 0.000679 0.068695 500.000000 6.983240
200 0.000619 0.056991 600.000000 7.067138
200 0.000642 0.063939 700.000000 7.299270
200 0.000605 0.045419 800.000000 7.073386
210 0.001174 0.044525 100.000000 7.407407
210 0.000885 0.082322 200.000000 6.756757
210 0.000572 0.040196 300.000000 6.849315
210 0.000569 0.041319 400.000000 7.393715
210 0.000633 0.064263 500.000000 6.973501
210 0.000593 0.054032 600.000000 7.092198
210 0.000617 0.061072 700.000000 7.276507
210 0.000572 0.043447 800.000000 7.079646
220 0.001350 0.040307 100.000000 7.299270
220 0.000853 0.077435 200.000000 6.666667
220 0.000543 0.037320 300.000000 6.896552
220 0.000544 0.043460 400.000000 7.407407
220 0.000636 0.063250 500.000000 6.983240
220 0.000598 0.053456 600.000000 7.117438
220 0.000618 0.060611 700.000000 7.209063
220 0.000564 0.041726 800.000000 7.098492
230 0.001286 0.042380 100.000000 7.142857
230 0.000960 0.070248 200.000000 6.493506
230 0.000491 0.034460 300.000000 6.944445
230 0.000581 0.045120 400.000000 7.393715
230 0.000622 0.059804 500.000000 6.993007
230 0.000598 0.051909 600.000000 7.142857
230 0.000655 0.058262 700.000000 7.142857
230 0.000550 0.040347 800.000000 7.117438
240 0.001305 0.038384 100.000000 6.849315
240 0.000982 0.061284 200.000000 6.309148
240 0.000498 0.034293 300.000000 6.976744
240 0.000610 0.049450 400.000000 7.339449
240 0.000623 0.059249 500.000000 7.002801
240 0.000608 0.052137 600.000000 7.159904
240 0.000687 0.056329 700.000000 7.113821
240 0.000549 0.038700 800.000000 7.130125
250 0.001359 0.037066 100.000000 6.711410
250 0.000923 0.056892 200.000000 6.269592
250 0.000575 0.037191 300.000000 7.009346
250 0.000705 0.057490 400.000000 7.168459
250 0.000635 0.060771 500.000000 7.012623
250 0.000623 0.054384 600.000000 7.177033
250 0.000700 0.056816 700.000000 7.099391
250 0.000544 0.037298 800.000000 7.136485
260 0.001217 0.035107 100.000000 6.369427
260 0.000844 0.046532 200.000000 6.250000
260 0.000599 0.038886 300.000000 7.025761
260 0.000693 0.065069 400.000000 7.079646
260 0.000635 0.060109 500.000000 7.002801
260 0.000622 0.054935 600.000000 7.185629
260 0.000689 0.056653 700.000000 7.092198
260 0.000536 0.036170 800.000000 7.142857
270 0.001095 0.039504 100.000000 5.952381
270 0.000895 0.041573 200.000000 6.269592
270 0.000632 0.042225 300.000000 7.042253
270 0.000708 0.071361 400.000000 7.054674
270 0.000669 0.059647 500.000000 6.983240
270 0.000619 0.055701 600.000000 7.194244
270 0.000651 0.055992 700.000000 7.092198
270 0.000533 0.034120 800.000000 7.149240
280 0.001010 0.037540 100.000000 5.813953
280 0.000885 0.036783 200.000000 6.269592
280 0.000677 0.045179 300.000000 7.075472
280 0.000711 0.076072 400.000000 7.054674
280 0.000653 0.058824 500.000000 6.973501
280 0.000591 0.055095 600.000000 7.202881
280 0.000617 0.055406 700.000000 7.092198
280 0.000526 0.032721 800.000000 7.162041
290 0.000892 0.034568 100.000000 5.813953
290 0.000839 0.033163 200.000000 6.289308
290 0.000687 0.048663 300.000000 7.109005
290 0.000699 0.081076 400.000000 7.054674
290 0.000645 0.057265 500.000000 6.954103
290 0.000578 0.054660 600.000000 7.211538
290 0.000592 0.056700 700.000000 7.085020
290 0.000504 0.031460 800.000000 7.174888
300 0.000918 0.038102 100.000000 5.882353
300 0.000797 0.033627 200.000000 6.309148
300 0.000725 0.052603 300.000000 7.142857
300 0.000712 0.085190 400.000000 7.054674
300 0.000652 0.056685 500.000000 6.925208
300 0.000570 0.055649 600.000000 7.228916
300 0.000621 0.057797 700.000000 7.056452
300 0.000494 0.030020 800.000000 7.194244
310 0.000816 0.033653 100.000000 5.952381
310 0.000818 0.032831 200.000000 6.349206
310 0.000760 0.059339 300.000000 7.194244
310 0.000736 0.092030 400.000000 7.005254
310 0.000642 0.056954 500.000000 6.925208
310 0.000561 0.055010 600.000000 7.237636
310 0.000591 0.056568 700.000000 7.014028
310 0.000478 0.029184 800.000000 7.213706
320 0.000890 0.034450 100.000000 6.024096
320 0.000866 0.039871 200.000000 6.389776
320 0.000858 0.071099 300.000000 7.228916
320 0.000848 0.103770 400.000000 6.908463
320 0.000671 0.060710 500.000000 6.934813
320 0.000631 0.057576 600.000000 7.246377
320 0.000599 0.055747 700.000000 7.000000
320 0.000505 0.025776 800.000000 7.239819
330 0.000814 0.035759 100.000000 6.097561
330 0.000852 0.041277 200.000000 6.451613
330 0.000872 0.074550 300.000000 7.281553
330 0.000914 0.101150 400.000000 6.849315
330 0.000672 0.059497 500.000000 6.963789
330 0.000643 0.058954 600.000000 7.255139
330 0.000580 0.054685 700.000000 7.000000
330 0.000514 0.023969 800.000000 7.259528
340 0.000926 0.043528 100.000000 6.134969
340 0.000910 0.046228 200.000000 6.535948
340 0.000908 0.081125 300.000000 7.334963
340 0.000893 0.100864 400.000000 6.837607
340 0.000700 0.060733 500.000000 7.002801
340 0.000641 0.060089 600.000000 7.246377
340 0.000585 0.053072 700.000000 7.021063
340 0.000522 0.021935 800.000000 7.292616
350 0.000827 0.045558 100.000000 6.097561
350 0.000886 0.048290 200.000000 6.622517
350 0.000897 0.085855 300.000000 7.389163
350 0.000892 0.097840 400.000000 6.872852
350 0.000706 0.059826 500.000000 7.042253
350 0.000633 0.062091 600.000000 7.211538
350 0.000587 0.052256 700.000000 7.042253
350 0.000540 0.019820 800.000000 7.319304
360 0.001268 0.044196 100.000000 6.024096
360 0.000993 0.058435 200.000000 6.711410
360 0.000991 0.099255 300.000000 7.425743
360 0.000878 0.103242 400.000000 6.908463
360 0.000717 0.062949 500.000000 7.092198
360 0.000664 0.059287 600.000000 7.142857
360 0.000573 0.050039 700.000000 7.070707
360 0.000520 0.019924 800.000000 7.352941
370 0.001467 0.031223 100.000000 5.882353
370 0.000946 0.055228 200.000000 6.825939
370 0.000974 0.101273 300.000000 7.462687
370 0.000816 0.093685 400.000000 6.944445
370 0.000658 0.059216 500.000000 7.142857
370 0.000643 0.057293 600.000000 7.125891
370 0.000533 0.050811 700.000000 7.106599
370 0.000490 0.021657 800.000000 7.393715
380 0.001257 0.025915 100.000000 5.780347
380 0.000972 0.057519 200.000000 6.944445
380 0.000995 0.106908 300.000000 7.481297
380 0.000816 0.091141 400.000000 7.005254
380 0.000661 0.058148 500.000000 7.183908
380 0.000668 0.058595 600.000000 7.134364
380 0.000538 0.049911 700.000000 7.142857
380 0.000497 0.019872 800.000000 7.434944
390 0.001297 0.036661 100.000000 5.780347
390 0.001018 0.064549 200.000000 7.042253
390 0.001007 0.115599 300.000000 7.425743
390 0.000817 0.090300 400.000000 7.042253
390 0.000659 0.058709 500.000000 7.235890
390 0.000677 0.059061 600.000000 7.151371
390 0.000530 0.048723 700.000000 7.172131
390 0.000499 0.019753 800.000000 7.469655
400 0.001253 0.039160 100.000000 5.847953
400 0.001061 0.067031 200.000000 7.168459
400 0.001050 0.120097 300.000000 7.299270
400 0.000802 0.086558 400.000000 7.079646
400 0.000657 0.058364 500.000000 7.278020
400 0.000667 0.060606 600.000000 7.168459
400 0.000530 0.047215 700.000000 7.201646
400 0.000509 0.019204 800.000000 7.504691
410 0.001165 0.037417 100.000000 5.988024
410 0.001065 0.071483 200.000000 7.272727
410 0.001054 0.123604 300.000000 7.299270
410 0.000791 0.083970 400.000000 7.130125
410 0.000662 0.058245 500.000000 7.320644
410 0.000662 0.062356 600.000000 7.194244
410 0.000531 0.045674 700.000000 7.238883
410 0.000516 0.018404 800.000000 7.547170
420 0.001165 0.029294 100.000000 6.172840
420 0.001073 0.069682 200.000000 7.434944
420 0.001050 0.120344 300.000000 7.371007
420 0.000791 0.078336 400.000000 7.194244
420 0.000651 0.057586 500.000000 7.385524
420 0.000662 0.064247 600.000000 7.237636
420 0.000541 0.043606 700.000000 7.276507
420 0.000519 0.018509 800.000000 7.590133
430 0.001180 0.020923 100.000000 6.410256
430 0.001026 0.059876 200.000000 7.633588
430 0.001042 0.108541 300.000000 7.444169
430 0.000814 0.066500 400.000000 7.259528
430 0.000676 0.055986 500.000000 7.451565
430 0.000687 0.066286 600.000000 7.281553
430 0.000576 0.040219 700.000000 7.322176
430 0.000545 0.023821 800.000000 7.640879
440 0.001322 0.028870 100.000000 6.622517
440 0.001046 0.069446 200.000000 7.782101
440 0.001081 0.115561 300.000000 7.518797
440 0.000831 0.067479 400.000000 7.299270
440 0.000679 0.057894 500.000000 7.507507
440 0.000692 0.067114 600.000000 7.326007
440 0.000594 0.037624 700.000000 7.368421
440 0.000563 0.025702 800.000000 7.684918
450 0.001389 0.023883 100.000000 6.711410
450 0.001110 0.075320 200.000000 7.874016
450 0.001059 0.119409 300.000000 7.556675
450 0.000818 0.066841 400.000000 7.312614
450 0.000643 0.058639 500.000000 7.541478
450 0.000650 0.067661 600.000000 7.343941
450 0.000576 0.036801 700.000000 7.391764
450 0.000547 0.024168 800.000000 7.707129
460 0.001366 0.029784 100.000000 6.756757
460 0.001127 0.082270 200.000000 7.936508
460 0.001018 0.121947 300.000000 7.556675
460 0.000783 0.065218 400.000000 7.285975
460 0.000616 0.060482 500.000000 7.564297
460 0.000612 0.070022 600.000000 7.334963
460 0.000545 0.036337 700.000000 7.415254
460 0.000528 0.023483 800.000000 7.722008
470 0.001258 0.031601 100.000000 6.756757
470 0.001134 0.086183 200.000000 7.968128
470 0.001005 0.120366 300.000000 7.518797
470 0.000759 0.061150 400.000000 7.233273
470 0.000587 0.062635 500.000000 7.552870
470 0.000642 0.071425 600.000000 7.272727
470 0.000523 0.034704 700.000000 7.423118
470 0.000524 0.026021 800.000000 7.707129
480 0.001318 0.035908 100.000000 6.756757
480 0.001177 0.091500 200.000000 8.000000
480 0.001040 0.120547 300.000000 7.352941
480 0.000728 0.060071 400.000000 7.194244
480 0.000588 0.064837 500.000000 7.541478
480 0.000617 0.069807 600.000000 7.202881
480 0.000520 0.032851 700.000000 7.438895
480 0.000521 0.028652 800.000000 7.670182
490 0.001351 0.040383 100.000000 6.756757
490 0.001177 0.097641 200.000000 8.000000
490 0.001171 0.113476 300.000000 7.142857
490 0.000703 0.058756 400.000000 7.194244
490 0.000609 0.066817 500.000000 7.530120
490 0.000573 0.067120 600.000000 7.168459
490 0.000526 0.031139 700.000000 7.446808
490 0.000530 0.031327 800.000000 7.490637
500 0.001448 0.045526 100.000000 6.896552
500 0.001221 0.107098 200.000000 8.064516
500 0.001117 0.108421 300.000000 7.075472
500 0.000735 0.057633 400.000000 7.233273
500 0.000606 0.067534 500.000000 7.507507
500 0.000584 0.063878 600.000000 7.168459
500 0.000537 0.028404 700.000000 7.470651
500 0.000565 0.036118 800.000000 7.462687
510 0.001436 0.051895 100.000000 7.092198
510 0.001229 0.111853 200.000000 8.163265
510 0.001072 0.103285 300.000000 7.125891
510 0.000723 0.058298 400.000000 7.285975
510 0.000609 0.068226 500.000000 7.473842
510 0.000579 0.062024 600.000000 7.202881
510 0.000543 0.027590 700.000000 7.510730
510 0.000563 0.037409 800.000000 7.483630
520 0.001479 0.055633 100.000000 7.352941
520 0.001229 0.113605 200.000000 8.298756
520 0.001079 0.094755 300.000000 7.194244
520 0.000739 0.053286 400.000000 7.366483
520 0.000651 0.070464 500.000000 7.429420
520 0.000614 0.059511 600.000000 7.255139
520 0.000559 0.028057 700.000000 7.559395
520 0.000592 0.047908 800.000000 7.511737
530 0.001440 0.059884 100.000000 7.692307
530 0.001241 0.112501 200.000000 8.438819
530 0.001058 0.084561 300.000000 7.281553
530 0.000727 0.051381 400.000000 7.448790
530 0.000690 0.071994 500.000000 7.407407
530 0.000616 0.057315 600.000000 7.299270
530 0.000568 0.030125 700.000000 7.616975
530 0.000592 0.053212 800.000000 7.554296
540 0.001526 0.074353 100.000000 8.064516
540 0.001247 0.121747 200.000000 8.583691
540 0.001048 0.078846 300.000000 7.389163
540 0.000716 0.050503 400.000000 7.532957
540 0.000741 0.073723 500.000000 7.429420
540 0.000624 0.055332 600.000000 7.352941
540 0.000577 0.032087 700.000000 7.667032
540 0.000604 0.059944 800.000000 7.597341
550 0.001502 0.061736 100.000000 8.474576
550 0.001233 0.116958 200.000000 8.695652
550 0.000962 0.070260 300.000000 7.481297
550 0.000654 0.054700 400.000000 7.619048
550 0.000711 0.073489 500.000000 7.462687
550 0.000576 0.055498 600.000000 7.407407
550 0.000533 0.029839 700.000000 7.726269
550 0.000566 0.053231 800.000000 7.640879
560 0.001408 0.055563 100.000000 8.849558
560 0.001195 0.109973 200.000000 8.620689
560 0.000904 0.062383 300.000000 7.556675
560 0.000620 0.057835 400.000000 7.692307
560 0.000728 0.074258 500.000000 7.485030
560 0.000557 0.054857 600.000000 7.453416
560 0.000516 0.031092 700.000000 7.777778
560 0.000543 0.052954 800.000000 7.677543
570 0.001416 0.057353 100.000000 9.090909
570 0.001268 0.111982 200.000000 8.264462
570 0.000815 0.060984 300.000000 7.594937
570 0.000577 0.062767 400.000000 7.722008
570 0.000667 0.074247 500.000000 7.485030
570 0.000520 0.054261 600.000000 7.481297
570 0.000490 0.030784 700.000000 7.812500
570 0.000522 0.049288 800.000000 7.707129
580 0.001363 0.055339 100.000000 9.259259
580 0.001213 0.103275 200.000000 8.097166
580 0.000767 0.055259 300.000000 7.575758
580 0.000582 0.065115 400.000000 7.736944
580 0.000672 0.076056 500.000000 7.473842
580 0.000523 0.052216 600.000000 7.490637
580 0.000495 0.033645 700.000000 7.829978
580 0.000531 0.055362 800.000000 7.722008
590 0.001245 0.050553 100.000000 9.345795
590 0.001162 0.088817 200.000000 8.032128
590 0.000728 0.048309 300.000000 7.537688
590 0.000547 0.068551 400.000000 7.751938
590 0.000634 0.077524 500.000000 7.473842
590 0.000526 0.050342 600.000000 7.500000
590 0.000497 0.038076 700.000000 7.856341
590 0.000528 0.063009 800.000000 7.729469
600 0.001202 0.045622 100.000000 9.433962
600 0.001053 0.077584 200.000000 8.000000
600 0.000678 0.049728 300.000000 7.481297
600 0.000533 0.071620 400.000000 7.751938
600 0.000604 0.078318 500.000000 7.462687
600 0.000530 0.049249 600.000000 7.509387
600 0.000484 0.041505 700.000000 7.865169
600 0.000516 0.066393 800.000000 7.744434
610 0.001172 0.046519 100.000000 9.523809
610 0.000987 0.073534 200.000000 7.968128
610 0.000670 0.052690 300.000000 7.425743
610 0.000518 0.074007 400.000000 7.766990
610 0.000609 0.079366 500.000000 7.418397
610 0.000512 0.048333 600.000000 7.528231
610 0.000491 0.044182 700.000000 7.856341
610 0.000520 0.069334 800.000000 7.759457
620 0.001082 0.044878 100.000000 9.615385
620 0.000917 0.069090 200.000000 7.874016
620 0.000662 0.056337 300.000000 7.352941
620 0.000524 0.075382 400.000000 7.766990
620 0.000726 0.077623 500.000000 7.331378
620 0.000500 0.047920 600.000000 7.537688
620 0.000492 0.046929 700.000000 7.838746
620 0.000518 0.072380 800.000000 7.774539
630 0.000986 0.034288 100.000000 9.615385
630 0.001084 0.059973 200.000000 7.518797
630 0.000665 0.059629 300.000000 7.334963
630 0.000648 0.077717 400.000000 7.736944
630 0.000711 0.074549 500.000000 7.256894
630 0.000520 0.048232 600.000000 7.556675
630 0.000501 0.051619 700.000000 7.751938
630 0.000508 0.078864 800.000000 7.782101
640 0.001023 0.036276 100.000000 9.615385
640 0.001141 0.054919 200.000000 7.220217
640 0.000669 0.064254 300.000000 7.317073
640 0.000669 0.079521 400.000000 7.692307
640 0.000686 0.071067 500.000000 7.225433
640 0.000524 0.048356 600.000000 7.566204
640 0.000522 0.054421 700.000000 7.559395
640 0.000505 0.081387 800.000000 7.797271
650 0.001015 0.036601 100.000000 9.433962
650 0.001016 0.052287 200.000000 7.092198
650 0.000704 0.067792 300.000000 7.334963
650 0.000714 0.081532 400.000000 7.547170
650 0.000676 0.068485 500.000000 7.215007
650 0.000540 0.048819 600.000000 7.575758
650 0.000535 0.058327 700.000000 7.526882
650 0.000508 0.085908 800.000000 7.804878
660 0.001137 0.032796 100.000000 9.174312
660 0.000980 0.050967 200.000000 7.042253
660 0.000765 0.071710 300.000000 7.334963
660 0.000888 0.085279 400.000000 7.285975
660 0.000697 0.065896 500.000000 7.215007
660 0.000549 0.050010 600.000000 7.585335
660 0.000548 0.063641 700.000000 7.518797
660 0.000516 0.091928 800.000000 7.812500
670 0.001162 0.033288 100.000000 8.403361
670 0.000987 0.053673 200.000000 6.993007
670 0.000819 0.076966 300.000000 7.334963
670 0.001035 0.088100 400.000000 7.194244
670 0.000723 0.063215 500.000000 7.204611
670 0.000558 0.051545 600.000000 7.604563
670 0.000545 0.069012 700.000000 7.518797
670 0.000514 0.098026 800.000000 7.820137
680 0.001577 0.040680 100.000000 7.407407
680 0.000892 0.057100 200.000000 6.968641
680 0.000815 0.081034 300.000000 7.334963
680 0.001001 0.088578 400.000000 7.142857
680 0.000703 0.060927 500.000000 7.204611
680 0.000556 0.053753 600.000000 7.614213
680 0.000540 0.073392 700.000000 7.526882
680 0.000503 0.102174 800.000000 7.835455
690 0.001287 0.045002 100.000000 7.042253
690 0.000882 0.061812 200.000000 6.896552
690 0.000820 0.085031 300.000000 7.317073
690 0.000953 0.088550 400.000000 7.117438
690 0.000668 0.058320 500.000000 7.194244
690 0.000543 0.055989 600.000000 7.633588
690 0.000532 0.077376 700.000000 7.534984
690 0.000494 0.106112 800.000000 7.843137
700 0.001293 0.047748 100.000000 6.944445
700 0.000907 0.069174 200.000000 6.802721
700 0.000804 0.091681 300.000000 7.317073
700 0.000906 0.091122 400.000000 7.092198
700 0.000683 0.056738 500.000000 7.204611
700 0.000552 0.058831 600.000000 7.643312
700 0.000538 0.082983 700.000000 7.543103
700 0.000486 0.111974 800.000000 7.858546
710 0.001157 0.058470 100.000000 6.849315
710 0.000961 0.076786 200.000000 6.711410
710 0.000841 0.098849 300.000000 7.299270
710 0.000902 0.094762 400.000000 7.054674
710 0.000679 0.055753 500.000000 7.204611
710 0.000558 0.062225 600.000000 7.633588
710 0.000554 0.088749 700.000000 7.543103
710 0.000485 0.118117 800.000000 7.858546
720 0.000975 0.064466 100.000000 6.666667
720 0.000989 0.082482 200.000000 6.578948
720 0.000816 0.101454 300.000000 7.281553
720 0.000998 0.091394 400.000000 6.944445
720 0.000644 0.054771 500.000000 7.215007
720 0.000557 0.065419 600.000000 7.604563
720 0.000545 0.092444 700.000000 7.551240
720 0.000485 0.120918 800.000000 7.858546
730 0.001505 0.065784 100.000000 6.211180
730 0.000969 0.089471 200.000000 6.514658
730 0.000897 0.107019 300.000000 7.246377
730 0.000998 0.087308 400.000000 6.837607
730 0.000639 0.054379 500.000000 7.225433
730 0.000555 0.068284 600.000000 7.537688
730 0.000537 0.097584 700.000000 7.559395
730 0.000486 0.125270 800.000000 7.858546
740 0.001985 0.073045 100.000000 5.780347
740 0.000976 0.097362 200.000000 6.514658
740 0.001000 0.115681 300.000000 7.194244
740 0.000953 0.083965 400.000000 6.791172
740 0.000654 0.054449 500.000000 7.235890
740 0.000597 0.072291 600.000000 7.299270
740 0.000540 0.102809 700.000000 7.575758
740 0.000482 0.130731 800.000000 7.850834
750 0.001615 0.079167 100.000000 5.649717
750 0.001012 0.101644 200.000000 6.535948
750 0.001038 0.118545 300.000000 7.109005
750 0.000940 0.077931 400.000000 6.779661
750 0.000656 0.054992 500.000000 7.256894
750 0.000599 0.076195 600.000000 7.263923
750 0.000533 0.106990 700.000000 7.592191
750 0.000491 0.133528 800.000000 7.850834
760 0.001547 0.079447 100.000000 5.649717
760 0.001110 0.102181 200.000000 6.578948
760 0.001147 0.122330 300.000000 6.896552
760 0.000938 0.070269 400.000000 6.802721
760 0.000644 0.055436 500.000000 7.288630
760 0.000595 0.079309 600.000000 7.272727
760 0.000531 0.109178 700.000000 7.616975
760 0.000505 0.134436 800.000000 7.843137
770 0.001467 0.082617 100.000000 5.714286
770 0.001112 0.104195 200.000000 6.666667
770 0.001298 0.122532 300.000000 6.787330
770 0.000920 0.065876 400.000000 6.837607
770 0.000623 0.056654 500.000000 7.331378
770 0.000586 0.082481 600.000000 7.299270
770 0.000522 0.112188 700.000000 7.650273
770 0.000507 0.136457 800.000000 7.835455
780 0.001393 0.083322 100.000000 5.813953
780 0.001124 0.102160 200.000000 6.756757
780 0.001364 0.117254 300.000000 6.802721
780 0.000901 0.060628 400.000000 6.884682
780 0.000605 0.058624 500.000000 7.385524
780 0.000559 0.084949 600.000000 7.334963
780 0.000503 0.113164 700.000000 7.692307
780 0.000479 0.135374 800.000000 7.835455
790 0.001088 0.058040 100.000000 5.988024
790 0.001055 0.073725 200.000000 6.896552
790 0.001310 0.088405 300.000000 6.849315
790 0.000817 0.048487 400.000000 6.956522
790 0.000526 0.062475 500.000000 7.462687
790 0.000488 0.085516 600.000000 7.389163
790 0.000445 0.107945 700.000000 7.751938
790 0.000405 0.125463 800.000000 7.820137
800 0.000829 0.040871 100.000000 6.211180
800 0.001023 0.054399 200.000000 7.042253
800 0.001261 0.071265 300.000000 6.928406
800 0.000760 0.043969 400.000000 7.042253
800 0.000474 0.066427 500.000000 7.541478
800 0.000430 0.085973 600.000000 7.453416
800 0.000393 0.103942 700.000000 7.812500
800 0.000366 0.116806 800.000000 7.812500
810 0.000671 0.037939 100.000000 6.451613
810 0.001021 0.049769 200.000000 7.194244
810 0.001226 0.066605 300.000000 7.009346
810 0.000721 0.044521 400.000000 7.117438
810 0.000441 0.069287 500.000000 7.621951
810 0.000393 0.086489 600.000000 7.518797
810 0.000357 0.101614 700.000000 7.865169
810 0.000346 0.110742 800.000000 7.797271
820 0.000915 0.037132 100.000000 6.578948
820 0.001121 0.055262 200.000000 7.326007
820 0.001248 0.067529 300.000000 7.075472
820 0.000705 0.046360 400.000000 7.168459
820 0.000460 0.070929 500.000000 7.692307
820 0.000394 0.088618 600.000000 7.566204
820 0.000353 0.103427 700.000000 7.918552
820 0.000360 0.111392 800.000000 7.766990
830 0.001117 0.044738 100.000000 6.666667
830 0.001159 0.070528 200.000000 7.407407
830 0.001232 0.075696 300.000000 7.109005
830 0.000728 0.046580 400.000000 7.207207
830 0.000495 0.071600 500.000000 7.739938
830 0.000444 0.092818 600.000000 7.604563
830 0.000392 0.111529 700.000000 7.954545
830 0.000383 0.120547 800.000000 7.759457
840 0.001224 0.050391 100.000000 6.622517
840 0.001148 0.077459 200.000000 7.462687
840 0.001158 0.075238 300.000000 7.109005
840 0.000715 0.047718 400.000000 7.246377
840 0.000495 0.073783 500.000000 7.776050
840 0.000440 0.095474 600.000000 7.633588
840 0.000380 0.114131 700.000000 7.981756
840 0.000381 0.121014 800.000000 7.759457
850 0.001297 0.059242 100.000000 6.535948
850 0.001158 0.082748 200.000000 7.490637
850 0.001121 0.075271 300.000000 7.109005
850 0.000708 0.051640 400.000000 7.272727
850 0.000487 0.077151 500.000000 7.788162
850 0.000458 0.098898 600.000000 7.653061
850 0.000400 0.117901 700.000000 8.009153
850 0.000390 0.123864 800.000000 7.774539
860 0.001484 0.072272 100.000000 6.451613
860 0.001203 0.096080 200.000000 7.518797
860 0.001144 0.081270 300.000000 7.058824
860 0.000707 0.054783 400.000000 7.299270
860 0.000503 0.080354 500.000000 7.800312
860 0.000486 0.103478 600.000000 7.672634
860 0.000402 0.123178 700.000000 8.027523
860 0.000397 0.127667 800.000000 7.797271
870 0.001669 0.089257 100.000000 6.410256
870 0.001255 0.111954 200.000000 7.575758
870 0.001314 0.085968 300.000000 7.009346
870 0.000698 0.057558 400.000000 7.352941
870 0.000536 0.083073 500.000000 7.812500
870 0.000505 0.108071 600.000000 7.712082
870 0.000426 0.128851 700.000000 8.055236
870 0.000403 0.132358 800.000000 7.835455
880 0.001601 0.075277 100.000000 6.578948
880 0.001280 0.102362 200.000000 7.722008
880 0.001282 0.071230 300.000000 7.009346
880 0.000653 0.058528 400.000000 7.421150
880 0.000476 0.084618 500.000000 7.836991
880 0.000471 0.107382 600.000000 7.772021
880 0.000403 0.125649 700.000000 8.101851
880 0.000382 0.126773 800.000000 7.881773
890 0.001295 0.032733 100.000000 6.802721
890 0.001272 0.073954 200.000000 7.843137
890 0.001104 0.043635 300.000000 7.042253
890 0.000520 0.063709 400.000000 7.504691
890 0.000388 0.084484 500.000000 7.849294
890 0.000377 0.100389 600.000000 7.832898
890 0.000347 0.111808 700.000000 8.149011
890 0.000358 0.109233 800.000000 7.928642
900 0.001435 0.053550 100.000000 7.042253
900 0.001357 0.097545 200.000000 8.000000
900 0.001059 0.053960 300.000000 7.109005
900 0.000483 0.066313 400.000000 7.604563
900 0.000346 0.084079 500.000000 7.776050
900 0.000303 0.096396 600.000000 7.894737
900 0.000279 0.102745 700.000000 8.206330
900 0.000318 0.097396 800.000000 7.984032
910 0.001494 0.062140 100.000000 7.352941
910 0.001393 0.102416 200.000000 8.163265
910 0.000981 0.056314 300.000000 7.177033
910 0.000447 0.070752 400.000000 7.692307
910 0.000315 0.085019 500.000000 7.704160
910 0.000286 0.094807 600.000000 7.957560
910 0.000273 0.099135 700.000000 8.254717
910 0.000309 0.092821 800.000000 8.032128
920 0.001337 0.052984 100.000000 7.575758
920 0.001371 0.098108 200.000000 8.196721
920 0.000987 0.047311 300.000000 7.228916
920 0.000477 0.069569 400.000000 7.751938
920 0.000362 0.086782 500.000000 7.692307
920 0.000325 0.099606 600.000000 8.010681
920 0.000322 0.106403 700.000000 8.293839
920 0.000324 0.100808 800.000000 8.072654
930 0.001331 0.049634 100.000000 7.751938
930 0.001341 0.095963 200.000000 8.000000
930 0.000937 0.043382 300.000000 7.263923
930 0.000479 0.070775 400.000000 7.812500
930 0.000410 0.089627 500.000000 7.692307
930 0.000369 0.104429 600.000000 8.053691
930 0.000370 0.113935 700.000000 8.303678
930 0.000349 0.108005 800.000000 8.105370
940 0.001389 0.049495 100.000000 7.874016
940 0.001409 0.092837 200.000000 7.547170
940 0.000883 0.044324 300.000000 7.281553
940 0.000439 0.074581 400.000000 7.858546
940 0.000415 0.091709 500.000000 7.704160
940 0.000377 0.105514 600.000000 8.086253
940 0.000402 0.115074 700.000000 8.284023
940 0.000361 0.107967 800.000000 8.121827
950 0.001406 0.043782 100.000000 7.936508
950 0.001539 0.080096 200.000000 7.380074
950 0.000817 0.048697 300.000000 7.317073
950 0.000417 0.078339 400.000000 7.905138
950 0.000403 0.092509 500.000000 7.727975
950 0.000384 0.105141 600.000000 8.108109
950 0.000414 0.114029 700.000000 8.225616
950 0.000380 0.106132 800.000000 8.146640
960 0.001334 0.039417 100.000000 8.064516
960 0.001512 0.065783 200.000000 7.326007
960 0.000745 0.054665 300.000000 7.334963
960 0.000398 0.081410 400.000000 7.936508
960 0.000411 0.093843 500.000000 7.751938
960 0.000395 0.106919 600.000000 8.141112
960 0.000424 0.116558 700.000000 8.083141
960 0.000400 0.107499 800.000000 8.163265
970 0.001362 0.038101 100.000000 8.130081
970 0.001459 0.055369 200.000000 7.299270
970 0.000690 0.060472 300.000000 7.352941
970 0.000409 0.083641 400.000000 8.000000
970 0.000423 0.096373 500.000000 7.776050
970 0.000404 0.109681 600.000000 8.174387
970 0.000473 0.118477 700.000000 7.954545
970 0.000403 0.109616 800.000000 8.188332
980 0.001282 0.039036 100.000000 8.264462
980 0.001308 0.050609 200.000000 7.299270
980 0.000627 0.062787 300.000000 7.389163
980 0.000392 0.084726 400.000000 8.048289
980 0.000430 0.097517 500.000000 7.812500
980 0.000409 0.111642 600.000000 8.207934
980 0.000494 0.118970 700.000000 7.927520
980 0.000420 0.111218 800.000000 8.213552
990 0.001094 0.030627 100.000000 8.403361
990 0.001139 0.041892 200.000000 7.352941
990 0.000595 0.067172 300.000000 7.444169
990 0.000399 0.086164 400.000000 8.097166
990 0.000457 0.099475 500.000000 7.849294
990 0.000439 0.115057 600.000000 8.253095
990 0.000519 0.122631 700.000000 7.945517
990 0.000454 0.115465 800.000000 8.238929
1000 0.001132 0.033249 100.000000 8.620689
1000 0.001074 0.043477 200.000000 7.380074
1000 0.000576 0.070348 300.000000 7.500000
1000 0.000385 0.087894 400.000000 8.146640
1000 0.000471 0.101086 500.000000 7.898894
1000 0.000460 0.116995 600.000000 8.298756
1000 0.000519 0.123147 700.000000 7.972665
1000 0.000458 0.116739 800.000000 8.264462
1010 0.001116 0.033169 100.000000 8.849558
1010 0.001014 0.044510 200.000000 7.380074
1010 0.000540 0.072335 300.000000 7.575758
1010 0.000405 0.088339 400.000000 8.196721
1010 0.000489 0.101865 500.000000 7.949126
1010 0.000460 0.118226 600.000000 8.333333
1010 0.000538 0.123232 700.000000 8.018328
1010 0.000468 0.117984 800.000000 8.290155
1020 0.001046 0.030012 100.000000 9.090909
1020 0.001112 0.042932 200.000000 7.352941
1020 0.000481 0.075937 300.000000 7.653061
1020 0.000443 0.088093 400.000000 8.230453
1020 0.000492 0.100846 500.000000 8.000000
1020 0.000458 0.117222 600.000000 8.379889
1020 0.000539 0.121711 700.000000 8.055236
1020 0.000477 0.116777 800.000000 8.324662
1030 0.001142 0.030548 100.000000 9.174312
1030 0.001245 0.044346 200.000000 7.220217
1030 0.000459 0.078655 300.000000 7.731959
1030 0.000428 0.089226 400.000000 8.213552
1030 0.000506 0.102592 500.000000 8.038586
1030 0.000495 0.119026 600.000000 8.415147
1030 0.000542 0.122450 700.000000 8.092485
1030 0.000482 0.117730 800.000000 8.342023
1040 0.001288 0.028071 100.000000 9.174312
1040 0.001094 0.051921 200.000000 7.092198
1040 0.000484 0.083171 300.000000 7.772021
1040 0.000503 0.091903 400.000000 7.968128
1040 0.000517 0.108348 500.000000 8.064516
1040 0.000510 0.126122 600.000000 8.415147
1040 0.000555 0.127592 700.000000 8.120649
1040 0.000489 0.122050 800.000000 8.350731
1050 0.001407 0.041093 100.000000 8.849558
1050 0.001020 0.056112 200.000000 7.042253
1050 0.000523 0.085798 300.000000 7.792208
1050 0.000528 0.096396 400.000000 7.707129
1050 0.000537 0.114847 500.000000 8.090615
1050 0.000554 0.133440 600.000000 8.403361
1050 0.000555 0.133138 700.000000 8.139535
1050 0.000493 0.127110 800.000000 8.359457
1060 0.001396 0.043351 100.000000 7.812500
1060 0.000891 0.063364 200.000000 6.993007
1060 0.000509 0.088274 300.000000 7.812500
1060 0.000573 0.098606 400.000000 7.648183
1060 0.000572 0.117542 500.000000 8.103727
1060 0.000593 0.137686 600.000000 8.368201
1060 0.000576 0.135403 700.000000 8.139535
1060 0.000504 0.127669 800.000000 8.359457
1070 0.001815 0.035395 100.000000 6.944445
1070 0.000810 0.067910 200.000000 6.993007
1070 0.000520 0.089662 300.000000 7.832898
1070 0.000623 0.101440 400.000000 7.648183
1070 0.000611 0.123797 500.000000 8.116883
1070 0.000655 0.146390 600.000000 8.310249
1070 0.000594 0.142509 700.000000 8.158508
1070 0.000525 0.133218 800.000000 8.368201
1080 0.002009 0.029292 100.000000 6.666667
1080 0.000757 0.073214 200.000000 6.993007
1080 0.000525 0.090699 300.000000 7.874016
1080 0.000644 0.104798 400.000000 7.648183
1080 0.000635 0.130042 500.000000 8.130081
1080 0.000654 0.154396 600.000000 8.141112
1080 0.000627 0.148263 700.000000 8.168028
1080 0.000549 0.137053 800.000000 8.385744
1090 0.001810 0.034925 100.000000 6.535948
1090 0.000723 0.078691 200.000000 6.993007
1090 0.000517 0.091002 300.000000 7.915567
1090 0.000651 0.105597 400.000000 7.662835
1090 0.000625 0.130955 500.000000 8.156607
1090 0.000700 0.154036 600.000000 7.926024
1090 0.000621 0.147413 700.000000 8.177570
1090 0.000541 0.133888 800.000000 8.394544
1100 0.001484 0.042287 100.000000 6.493506
1100 0.000617 0.083279 200.000000 6.993007
1100 0.000533 0.092427 300.000000 7.936508
1100 0.000670 0.109317 400.000000 7.677543
1100 0.000639 0.136418 500.000000 8.183306
1100 0.000761 0.157843 600.000000 7.863696
1100 0.000648 0.151802 700.000000 8.187135
1100 0.000543 0.135523 800.000000 8.403361
1110 0.001321 0.055350 100.000000 6.451613
1110 0.000727 0.091574 200.000000 6.993007
1110 0.000602 0.102304 300.000000 7.978724
1110 0.000726 0.123427 400.000000 7.707129
1110 0.000658 0.153022 500.000000 8.196721
1110 0.000776 0.170498 600.000000 7.853403
1110 0.000668 0.162834 700.000000 8.196721
1110 0.000545 0.142857 800.000000 8.394544
1120 0.001191 0.066931 100.000000 6.329114
1120 0.000758 0.094184 200.000000 7.042253
1120 0.000690 0.106421 300.000000 7.957560
1120 0.000781 0.131495 400.000000 7.722008
1120 0.000702 0.162632 500.000000 8.223684
1120 0.000793 0.178070 600.000000 7.874016
1120 0.000688 0.170535 700.000000 8.206330
1120 0.000562 0.145819 800.000000 8.324662
1130 0.001715 0.075755 100.000000 6.060606
1130 0.000762 0.099245 200.000000 7.067138
1130 0.000784 0.109755 300.000000 7.936508
1130 0.000791 0.136450 400.000000 7.751938
1130 0.000728 0.167934 500.000000 8.237232
1130 0.000792 0.179648 600.000000 7.894737
1130 0.000688 0.171870 700.000000 8.206330
1130 0.000565 0.142258 800.000000 8.179959
1140 0.001877 0.077798 100.000000 5.847953
1140 0.000841 0.100258 200.000000 7.142857
1140 0.000825 0.114354 300.000000 7.874016
1140 0.000819 0.146191 400.000000 7.782101
1140 0.000786 0.179555 500.000000 8.250825
1140 0.000811 0.189033 600.000000 7.926024
1140 0.000709 0.181210 700.000000 8.225616
1140 0.000595 0.145760 800.000000 8.154943
1150 0.001678 0.085020 100.000000 5.747127
1150 0.001010 0.107362 200.000000 7.194244
1150 0.000957 0.128508 300.000000 7.500000
1150 0.000906 0.167131 400.000000 7.827789
1150 0.000848 0.202971 500.000000 8.278146
1150 0.000858 0.210969 600.000000 7.957560
1150 0.000754 0.202547 700.000000 8.244994
1150 0.000628 0.159369 800.000000 8.163265
1160 0.001603 0.089935 100.000000 5.780347
1160 0.001061 0.111725 200.000000 7.299270
1160 0.000998 0.137656 300.000000 7.352941
1160 0.000942 0.179870 400.000000 7.874016
1160 0.000909 0.217196 500.000000 8.291874
1160 0.000877 0.220400 600.000000 8.000000
1160 0.000767 0.208444 700.000000 8.274232
1160 0.000633 0.159059 800.000000 8.179959
1170 0.001461 0.084978 100.000000 5.917160
1170 0.001052 0.105244 200.000000 7.434944
1170 0.001009 0.131743 300.000000 7.389163
1170 0.000944 0.173712 400.000000 7.968128
1170 0.000900 0.212484 500.000000 8.347245
1170 0.000877 0.214152 600.000000 8.064516
1170 0.000764 0.201773 700.000000 8.323424
1170 0.000636 0.151665 800.000000 8.230453
1180 0.001330 0.089902 100.000000 6.097561
1180 0.001063 0.107486 200.000000 7.604563
1180 0.001026 0.133577 300.000000 7.500000
1180 0.000953 0.176765 400.000000 8.064516
1180 0.000916 0.215315 500.000000 8.417508
1180 0.000876 0.214993 600.000000 8.130081
1180 0.000762 0.200904 700.000000 8.383233
1180 0.000629 0.149200 800.000000 8.281573
1190 0.001208 0.089717 100.000000 6.369427
1190 0.001004 0.102861 200.000000 7.843137
1190 0.001026 0.130380 300.000000 7.614213
1190 0.000952 0.173400 400.000000 8.196721
1190 0.000934 0.213320 500.000000 8.503402
1190 0.000887 0.212734 600.000000 8.207934
1190 0.000766 0.198110 700.000000 8.454106
1190 0.000632 0.144958 800.000000 8.342023
1200 0.000975 0.076734 100.000000 6.666667
1200 0.000961 0.088499 200.000000 8.064516
1200 0.001008 0.119778 300.000000 7.731959
1200 0.000928 0.165195 400.000000 8.316009
1200 0.000942 0.207218 500.000000 8.576329
1200 0.000894 0.207446 600.000000 8.287292
1200 0.000767 0.193077 700.000000 8.526188
1200 0.000636 0.138727 800.000000 8.412198
1210 0.000746 0.047464 100.000000 6.896552
1210 0.000971 0.062257 200.000000 8.264462
1210 0.000999 0.104725 300.000000 7.853403
1210 0.000938 0.155476 400.000000 8.421053
1210 0.000954 0.201684 500.000000 8.605852
1210 0.000905 0.201702 600.000000 8.368201
1210 0.000775 0.186657 700.000000 8.588957
1210 0.000650 0.128388 800.000000 8.465609
1220 0.000798 0.038777 100.000000 7.092198
1220 0.001010 0.064073 200.000000 8.438819
1220 0.001014 0.112524 300.000000 7.936508
1220 0.000947 0.163996 400.000000 8.510638
1220 0.000975 0.210938 500.000000 8.591065
1220 0.000936 0.209004 600.000000 8.426967
1220 0.000797 0.191386 700.000000 8.641975
1220 0.000664 0.128235 800.000000 8.519702
1230 0.000930 0.040622 100.000000 7.246377
1230 0.001046 0.072930 200.000000 8.620689
1230 0.001045 0.122333 300.000000 8.021390
1230 0.000978 0.173517 400.000000 8.583691
1230 0.001023 0.220424 500.000000 8.460237
1230 0.000948 0.215008 600.000000 8.474576
1230 0.000813 0.194599 700.000000 8.695652
1230 0.000676 0.126055 800.000000 8.556149
1240 0.001089 0.037093 100.000000 7.407407
1240 0.001053 0.080622 200.000000 8.733624
1240 0.001066 0.131541 300.000000 8.086253
1240 0.000978 0.182727 400.000000 8.658009
1240 0.001093 0.227620 500.000000 8.278146
1240 0.000933 0.217128 600.000000 8.510638
1240 0.000799 0.191522 700.000000 8.728180
1240 0.000672 0.120368 800.000000 8.592911
1250 0.001084 0.041803 100.000000 7.462687
1250 0.001006 0.077138 200.000000 8.849558
1250 0.001045 0.126548 300.000000 8.152174
1250 0.000962 0.177427 400.000000 8.714597
1250 0.001109 0.217878 500.000000 8.196721
1250 0.000916 0.209087 600.000000 8.534851
1250 0.000771 0.182866 700.000000 8.750000
1250 0.000646 0.111882 800.000000 8.629990
1260 0.001102 0.050782 100.000000 7.575758
1260 0.000977 0.084572 200.000000 8.968610
1260 0.001036 0.133849 300.000000 8.196721
1260 0.000960 0.183790 400.000000 8.752735
1260 0.001082 0.217767 500.000000 8.183306
1260 0.000911 0.207349 600.000000 8.559201
1260 0.000746 0.177784 700.000000 8.760951
1260 0.000630 0.105245 800.000000 8.648648
1270 0.001128 0.055317 100.000000 7.692307
1270 0.000982 0.087292 200.000000 9.049774
1270 0.001039 0.136860 300.000000 8.241758
1270 0.000964 0.184890 400.000000 8.810573
1270 0.001059 0.213881 500.000000 8.223684
1270 0.000897 0.204138 600.000000 8.583691
1270 0.000737 0.171764 700.000000 8.739077
1270 0.000609 0.098974 800.000000 8.686211
1280 0.001159 0.055715 100.000000 7.936508
1280 0.001107 0.088317 200.000000 9.132421
1280 0.001071 0.139512 300.000000 8.333333
1280 0.000963 0.187060 400.000000 8.888889
1280 0.001058 0.212500 500.000000 8.278146
1280 0.000896 0.202569 600.000000 8.633094
1280 0.000740 0.165893 700.000000 8.674102
1280 0.000599 0.093384 800.000000 8.724100
1290 0.001233 0.036553 100.000000 8.264462
1290 0.001182 0.091204 200.000000 9.259259
1290 0.001059 0.144682 300.000000 8.450705
1290 0.000965 0.193094 400.000000 8.968610
1290 0.001071 0.216045 500.000000 8.347245
1290 0.000917 0.204549 600.000000 8.683068
1290 0.000773 0.160962 700.000000 8.599508
1290 0.000607 0.084964 800.000000 8.771930
1300 0.001435 0.059471 100.000000 8.620689
1300 0.001205 0.110467 200.000000 9.389671
1300 0.001082 0.158276 300.000000 8.595988
1300 0.001003 0.204441 400.000000 9.070294
1300 0.001086 0.221466 500.000000 8.431704
1300 0.000936 0.205426 600.000000 8.746356
1300 0.000782 0.154277 700.000000 8.599508
1300 0.000610 0.077758 800.000000 8.830022
1310 0.001449 0.060666 100.000000 9.090909
1310 0.001216 0.114697 200.000000 9.478673
1310 0.001055 0.163923 300.000000 8.720930
1310 0.001014 0.208912 400.000000 9.174312
1310 0.001069 0.220088 500.000000 8.517887
1310 0.000923 0.200712 600.000000 8.810573
1310 0.000774 0.144675 700.000000 8.631319
1310 0.000594 0.071428 800.000000 8.879024
1320 0.001399 0.056830 100.000000 9.433962
1320 0.001180 0.112882 200.000000 9.009009
1320 0.001071 0.162163 300.000000 8.849558
1320 0.001013 0.208522 400.000000 9.237875
1320 0.001053 0.215320 500.000000 8.591065
1320 0.000912 0.196335 600.000000 8.862629
1320 0.000746 0.137962 700.000000 8.663366
1320 0.000592 0.068403 800.000000 8.928572
1330 0.001399 0.053211 100.000000 9.708738
1330 0.001188 0.107951 200.000000 8.510638
1330 0.001053 0.158698 300.000000 8.928572
1330 0.001012 0.204692 400.000000 9.280743
1330 0.001025 0.207527 500.000000 8.650519
1330 0.000887 0.189259 600.000000 8.888889
1330 0.000717 0.129382 700.000000 8.684863
1330 0.000563 0.064050 800.000000 8.958567
1340 0.001320 0.052238 100.000000 9.900990
1340 0.001199 0.104262 200.000000 8.403361
1340 0.001054 0.155232 300.000000 8.982036
1340 0.001019 0.201384 400.000000 9.259259
1340 0.001007 0.198617 500.000000 8.680555
1340 0.000856 0.179405 600.000000 8.915304
1340 0.000689 0.118813 700.000000 8.706468
1340 0.000545 0.059308 800.000000 8.988764
1350 0.001364 0.050657 100.000000 10.101010
1350 0.001171 0.101985 200.000000 8.368201
1350 0.001035 0.153363 300.000000 9.036144
1350 0.001027 0.199147 400.000000 9.195402
1350 0.000984 0.193310 500.000000 8.695652
1350 0.000826 0.173055 600.000000 8.928572
1350 0.000669 0.112331 700.000000 8.728180
1350 0.000515 0.057327 800.000000 8.998875
1360 0.001281 0.048531 100.000000 10.204082
1360 0.001141 0.097434 200.000000 8.403361
1360 0.001014 0.149186 300.000000 9.063444
1360 0.001030 0.194221 400.000000 9.009009
1360 0.000972 0.185058 500.000000 8.726004
1360 0.000802 0.164071 600.000000 8.955224
1360 0.000647 0.102133 700.000000 8.750000
1360 0.000504 0.053064 800.000000 9.019166
1370 0.001216 0.050982 100.000000 10.526316
1370 0.001114 0.099568 200.000000 8.438819
1370 0.000988 0.149168 300.000000 9.118541
1370 0.001073 0.192497 400.000000 8.639309
1370 0.000936 0.176674 500.000000 8.741259
1370 0.000774 0.151306 600.000000 8.968610
1370 0.000627 0.088727 700.000000 8.771930
1370 0.000481 0.048890 800.000000 9.029346
1380 0.001038 0.045657 100.000000 10.638298
1380 0.001085 0.091868 200.000000 8.474576
1380 0.000929 0.139662 300.000000 9.174312
1380 0.001163 0.178082 400.000000 8.385744
1380 0.000902 0.162136 500.000000 8.756567
1380 0.000734 0.135862 600.000000 8.982036
1380 0.000594 0.075406 700.000000 8.793970
1380 0.000445 0.047328 800.000000 9.039548
1390 0.000935 0.039907 100.000000 10.869565
1390 0.001027 0.089542 200.000000 8.474576
1390 0.000943 0.136692 300.000000 9.202454
1390 0.001097 0.169874 400.000000 8.333333
1390 0.000893 0.159240 500.000000 8.771930
1390 0.000713 0.134247 600.000000 8.982036
1390 0.000583 0.072658 700.000000 8.816121
1390 0.000425 0.048813 800.000000 9.039548
1400 0.000941 0.040480 100.000000 10.752688
1400 0.001040 0.088407 200.000000 8.510638
1400 0.000886 0.134350 300.000000 9.230769
1400 0.001073 0.162168 400.000000 8.333333
1400 0.000877 0.152235 500.000000 8.771930
1400 0.000697 0.124692 600.000000 8.902077
1400 0.000544 0.063665 700.000000 8.827238
1400 0.000412 0.048678 800.000000 9.029346
1410 0.001159 0.038151 100.000000 10.416667
1410 0.001006 0.089304 200.000000 8.510638
1410 0.000885 0.133879 300.000000 9.202454
1410 0.001034 0.153741 400.000000 8.350731
1410 0.000855 0.144035 500.000000 8.756567
1410 0.000701 0.109592 600.000000 8.633094
1410 0.000518 0.056831 700.000000 8.838384
1410 0.000385 0.051903 800.000000 8.958567
1420 0.001022 0.034706 100.000000 9.615385
1420 0.000938 0.084411 200.000000 8.510638
1420 0.000903 0.126861 300.000000 9.174312
1420 0.000979 0.139789 400.000000 8.368201
1420 0.000825 0.130522 500.000000 8.741259
1420 0.000666 0.092506 600.000000 8.534851
1420 0.000476 0.051116 700.000000 8.838384
1420 0.000329 0.055738 800.000000 8.048289
1430 0.001034 0.027912 100.000000 7.575758
1430 0.000915 0.077157 200.000000 8.510638
1430 0.000874 0.119443 300.000000 9.118541
1430 0.000935 0.128428 400.000000 8.385744
1430 0.000801 0.121834 500.000000 8.726004
1430 0.000621 0.082671 600.000000 8.510638
1430 0.000448 0.048933 700.000000 8.849558
1430 0.000307 0.057126 800.000000 7.976072
1440 0.001098 0.029066 100.000000 7.194244
1440 0.000924 0.080029 200.000000 8.510638
1440 0.000921 0.122066 300.000000 9.036144
1440 0.000930 0.125371 400.000000 8.385744
1440 0.000774 0.117190 500.000000 8.710801
1440 0.000592 0.076133 600.000000 8.510638
1440 0.000438 0.048992 700.000000 8.849558
1440 0.000291 0.057704 800.000000 7.960199
1450 0.001069 0.021839 100.000000 7.092198
1450 0.000914 0.074396 200.000000 8.510638
1450 0.000938 0.115347 300.000000 8.849558
1450 0.000894 0.116603 400.000000 8.385744
1450 0.000726 0.109396 500.000000 8.710801
1450 0.000565 0.070399 600.000000 8.522727
1450 0.000400 0.050609 700.000000 8.849558
1450 0.000267 0.057958 800.000000 7.960199
1460 0.001110 0.032467 100.000000 6.993007
1460 0.000929 0.082933 200.000000 8.510638
1460 0.000975 0.123617 300.000000 8.379889
1460 0.000897 0.119726 400.000000 8.385744
1460 0.000721 0.110191 500.000000 8.710801
1460 0.000568 0.068133 600.000000 8.522727
1460 0.000389 0.052282 700.000000 8.838384
1460 0.000260 0.057827 800.000000 7.960199
1470 0.001209 0.041956 100.000000 6.944445
1470 0.000919 0.090506 200.000000 8.510638
1470 0.001194 0.127582 300.000000 7.853403
1470 0.000888 0.123873 400.000000 8.368201
1470 0.000711 0.111420 500.000000 8.695652
1470 0.000551 0.065383 600.000000 8.522727
1470 0.000385 0.053816 700.000000 8.827238
1470 0.000263 0.057660 800.000000 7.960199
1480 0.001160 0.047394 100.000000 6.896552
1480 0.000946 0.091992 200.000000 8.510638
1480 0.001165 0.123612 300.000000 7.712082
1480 0.000884 0.120447 400.000000 8.350731
1480 0.000687 0.106464 500.000000 8.665511
1480 0.000534 0.060544 600.000000 8.534851
1480 0.000361 0.055678 700.000000 8.816121
1480 0.000244 0.058457 800.000000 7.952286
1490 0.001218 0.054109 100.000000 6.944445
1490 0.000948 0.096083 200.000000 8.547009
1490 0.001135 0.121929 300.000000 7.731959
1490 0.000881 0.120442 400.000000 8.350731
1490 0.000670 0.104147 500.000000 8.605852
1490 0.000499 0.058351 600.000000 8.547009
1490 0.000349 0.056845 700.000000 8.805032
1490 0.000233 0.058437 800.000000 7.960199
1500 0.000943 0.034946 100.000000 7.042253
1500 0.000767 0.072959 200.000000 8.620689
1500 0.001033 0.093855 300.000000 7.772021
1500 0.000818 0.090858 400.000000 8.385744
1500 0.000639 0.075584 500.000000 8.417508
1500 0.000432 0.053085 600.000000 8.583691
1500 0.000294 0.064463 700.000000 8.793970
1500 0.000205 0.061445 800.000000 7.976072
1510 0.000951 0.034229 100.000000 7.194244
1510 0.000802 0.071831 200.000000 8.695652
1510 0.001024 0.090089 300.000000 7.853403
1510 0.000809 0.089721 400.000000 8.421053
1510 0.000640 0.072603 500.000000 8.305648
1510 0.000421 0.053633 600.000000 8.633094
1510 0.000270 0.066386 700.000000 8.728180
1510 0.000196 0.060999 800.000000 8.000000
1520 0.000835 0.038157 100.000000 7.462687
1520 0.000821 0.071888 200.000000 8.849558
1520 0.000975 0.086701 300.000000 7.957560
1520 0.000797 0.087657 400.000000 8.492569
1520 0.000640 0.069829 500.000000 8.319468
1520 0.000397 0.054507 600.000000 8.683068
1520 0.000241 0.067169 700.000000 7.856341
1520 0.000189 0.060589 800.000000 8.032128
1530 0.000856 0.035498 100.000000 7.874016
1530 0.000881 0.071148 200.000000 9.090909
1530 0.000982 0.086017 300.000000 8.108109
1530 0.000811 0.087895 400.000000 8.602151
1530 0.000619 0.069240 500.000000 8.389262
1530 0.000410 0.055521 600.000000 8.771930
1530 0.000254 0.068891 700.000000 7.865169
1530 0.000195 0.061059 800.000000 8.080808
1540 0.000861 0.033214 100.000000 8.403361
1540 0.000864 0.071424 200.000000 9.433962
1540 0.000994 0.087579 300.000000 8.287292
1540 0.000826 0.090484 400.000000 8.752735
1540 0.000631 0.070890 500.000000 8.503402
1540 0.000416 0.056222 600.000000 8.875740
1540 0.000273 0.069714 700.000000 7.918552
1540 0.000205 0.061030 800.000000 8.146640
1550 0.000889 0.036472 100.000000 9.009009
1550 0.000894 0.074938 200.000000 9.756098
1550 0.000989 0.089565 300.000000 8.474576
1550 0.000830 0.092235 400.000000 8.908686
1550 0.000619 0.070988 500.000000 8.605852
1550 0.000400 0.056691 600.000000 8.982036
1550 0.000262 0.070340 700.000000 7.972665
1550 0.000205 0.061160 800.000000 8.213552
1560 0.000809 0.031570 100.000000 9.615385
1560 0.000844 0.069914 200.000000 10.050251
1560 0.000967 0.084826 300.000000 8.645534
1560 0.000813 0.090276 400.000000 9.029346
1560 0.000603 0.070015 500.000000 8.710801
1560 0.000390 0.057614 600.000000 9.077156
1560 0.000252 0.070121 700.000000 8.027523
1560 0.000197 0.060884 800.000000 8.273009
1570 0.000850 0.028684 100.000000 10.000000
1570 0.000887 0.066700 200.000000 10.204082
1570 0.000959 0.085663 300.000000 8.771930
1570 0.000811 0.096182 400.000000 9.111617
1570 0.000601 0.073282 500.000000 8.771930
1570 0.000385 0.057969 600.000000 9.146341
1570 0.000244 0.067859 700.000000 8.055236
1570 0.000192 0.059789 800.000000 8.307373
1580 0.000879 0.032654 100.000000 10.416667
1580 0.000912 0.073197 200.000000 10.256411
1580 0.000974 0.087652 300.000000 8.849558
1580 0.000795 0.095562 400.000000 9.174312
1580 0.000584 0.070662 500.000000 8.818342
1580 0.000372 0.060668 600.000000 9.188361
1580 0.000223 0.069579 700.000000 8.073818
1580 0.000191 0.060160 800.000000 8.342023
1590 0.000800 0.026747 100.000000 10.526316
1590 0.000907 0.065714 200.000000 10.050251
1590 0.000932 0.079119 300.000000 8.902077
1590 0.000727 0.088268 400.000000 9.216590
1590 0.000540 0.066929 500.000000 8.865249
1590 0.000346 0.064072 600.000000 9.216590
1590 0.000202 0.070527 700.000000 8.092485
1590 0.000173 0.060040 800.000000 8.359457
1600 0.000796 0.030914 100.000000 10.752688
1600 0.001003 0.070130 200.000000 9.389671
1600 0.000913 0.077949 300.000000 8.928572
1600 0.000691 0.085492 400.000000 9.237875
1600 0.000524 0.064552 500.000000 8.880995
1600 0.000324 0.066828 600.000000 9.230769
1600 0.000183 0.070749 700.000000 8.111239
1600 0.000168 0.059786 800.000000 8.368201
1610 0.000746 0.031261 100.000000 10.752688
1610 0.001304 0.068967 200.000000 8.474576
1610 0.000879 0.077572 300.000000 8.928572
1610 0.000681 0.084143 400.000000 9.237875
1610 0.000501 0.063652 500.000000 8.912656
1610 0.000291 0.069131 600.000000 9.230769
1610 0.000175 0.070043 700.000000 8.111239
1610 0.000163 0.058573 800.000000 8.368201
1620 0.000711 0.034408 100.000000 10.869565
1620 0.001362 0.071803 200.000000 8.163265
1620 0.000892 0.081537 300.000000 8.928572
1620 0.000672 0.087339 400.000000 9.237875
1620 0.000481 0.064379 500.000000 8.928572
1620 0.000279 0.071420 600.000000 9.230769
1620 0.000169 0.069736 700.000000 8.111239
1620 0.000168 0.058149 800.000000 8.359457
1630 0.000893 0.029827 100.000000 10.869565
1630 0.001287 0.066917 200.000000 8.130081
1630 0.000887 0.080725 300.000000 8.928572
1630 0.000630 0.087785 400.000000 9.153318
1630 0.000459 0.065734 500.000000 8.944544
1630 0.000250 0.073614 600.000000 9.202454
1630 0.000156 0.068941 700.000000 8.111239
1630 0.000163 0.057009 800.000000 8.359457
1640 0.000736 0.029420 100.000000 10.869565
1640 0.001210 0.063772 200.000000 8.163265
1640 0.000886 0.079729 300.000000 8.902077
1640 0.000684 0.083965 400.000000 8.849558
1640 0.000403 0.068668 500.000000 8.944544
1640 0.000229 0.077669 600.000000 9.146341
1640 0.000165 0.068991 700.000000 8.111239
1640 0.000168 0.056053 800.000000 8.368201
1650 0.000856 0.030066 100.000000 10.752688
1650 0.001144 0.063014 200.000000 8.163265
1650 0.000877 0.082655 300.000000 8.875740
1650 0.000689 0.083211 400.000000 8.547009
1650 0.000376 0.069787 500.000000 8.960573
1650 0.000179 0.078572 600.000000 8.862629
1650 0.000139 0.066832 700.000000 8.101851
1650 0.000164 0.054754 800.000000 8.368201
1660 0.000944 0.032989 100.000000 10.526316
1660 0.001097 0.064300 200.000000 8.196721
1660 0.000886 0.084108 300.000000 8.823529
1660 0.000627 0.078423 400.000000 8.492569
1660 0.000344 0.068947 500.000000 8.960573
1660 0.000231 0.077347 600.000000 7.812500
1660 0.000146 0.064937 700.000000 8.101851
1660 0.000162 0.052976 800.000000 8.359457
1670 0.000934 0.037315 100.000000 10.204082
1670 0.001079 0.063477 200.000000 8.196721
1670 0.000836 0.084615 300.000000 8.797654
1670 0.000582 0.074941 400.000000 8.474576
1670 0.000322 0.069998 500.000000 8.960573
1670 0.000175 0.075600 600.000000 7.782101
1670 0.000129 0.062681 700.000000 8.101851
1670 0.000156 0.050334 800.000000 8.342023
1680 0.001074 0.044022 100.000000 9.708738
1680 0.001105 0.070775 200.000000 8.196721
1680 0.000799 0.090794 300.000000 8.797654
1680 0.000555 0.077286 400.000000 8.492569
1680 0.000310 0.074284 500.000000 8.960573
1680 0.000166 0.077008 600.000000 7.772021
1680 0.000132 0.063169 700.000000 8.101851
1680 0.000179 0.050488 800.000000 8.324662
1690 0.001177 0.047499 100.000000 8.620689
1690 0.001055 0.070938 200.000000 8.196721
1690 0.000719 0.089819 300.000000 8.797654
1690 0.000497 0.075678 400.000000 8.492569
1690 0.000287 0.075971 500.000000 8.960573
1690 0.000145 0.075189 600.000000 7.782101
1690 0.000127 0.061236 700.000000 8.101851
1690 0.000184 0.048308 800.000000 8.324662
1700 0.001792 0.045166 100.000000 6.993007
1700 0.000992 0.073102 200.000000 8.163265
1700 0.000707 0.089484 300.000000 8.771930
1700 0.000489 0.072070 400.000000 8.510638
1700 0.000234 0.073328 500.000000 8.944544
1700 0.000136 0.070230 600.000000 7.772021
1700 0.000114 0.057450 700.000000 8.092485
1700 0.000186 0.046218 800.000000 8.324662
1710 0.002053 0.052742 100.000000 6.493506
1710 0.001017 0.077368 200.000000 8.163265
1710 0.000695 0.091807 300.000000 8.746356
1710 0.000455 0.071347 400.000000 8.510638
1710 0.000208 0.074127 500.000000 8.928572
1710 0.000119 0.068889 600.000000 7.772021
1710 0.000118 0.056322 700.000000 8.083141
1710 0.000196 0.045313 800.000000 8.324662
1720 0.001844 0.053554 100.000000 6.410256
1720 0.000983 0.075698 200.000000 8.130081
1720 0.000628 0.087900 300.000000 8.670520
1720 0.000421 0.068167 400.000000 8.528785
1720 0.000169 0.070848 500.000000 8.912656
1720 0.000099 0.064506 600.000000 7.772021
1720 0.000109 0.052391 700.000000 8.073818
1720 0.000198 0.041701 800.000000 8.324662
1730 0.001660 0.052868 100.000000 6.451613
1730 0.000969 0.074681 200.000000 8.097166
1730 0.000699 0.082698 300.000000 8.310249
1730 0.000336 0.069867 400.000000 8.547009
1730 0.000130 0.072508 500.000000 8.849558
1730 0.000108 0.063078 600.000000 7.761966
1730 0.000117 0.050102 700.000000 8.083141
1730 0.000204 0.038844 800.000000 8.307373
1740 0.001546 0.053506 100.000000 6.535948
1740 0.000948 0.076027 200.000000 8.097166
1740 0.000703 0.080965 300.000000 8.000000
1740 0.000299 0.069905 400.000000 8.565310
1740 0.000092 0.072142 500.000000 8.635578
1740 0.000087 0.059833 600.000000 7.772021
1740 0.000139 0.047268 700.000000 8.092485
1740 0.000210 0.037393 800.000000 8.307373
1750 0.001314 0.053623 100.000000 6.622517
1750 0.000927 0.076172 200.000000 8.130081
1750 0.000650 0.077929 300.000000 7.957560
1750 0.000269 0.065260 400.000000 8.602151
1750 0.000231 0.065747 500.000000 7.429420
1750 0.000108 0.053869 600.000000 7.782101
1750 0.000137 0.042548 700.000000 8.101851
1750 0.000204 0.034868 800.000000 8.316009
1760 0.001304 0.056233 100.000000 6.711410
1760 0.000914 0.078800 200.000000 8.163265
1760 0.000568 0.077138 300.000000 7.957560
1760 0.000239 0.068388 400.000000 8.639309
1760 0.000204 0.068272 500.000000 7.407407
1760 0.000101 0.054316 600.000000 7.792208
1760 0.000161 0.041673 700.000000 8.111239
1760 0.000226 0.035894 800.000000 8.333333
1770 0.001359 0.067606 100.000000 6.849315
1770 0.000894 0.092986 200.000000 8.230453
1770 0.000568 0.084115 300.000000 8.021390
1770 0.000266 0.073183 400.000000 8.695652
1770 0.000186 0.071693 500.000000 7.418397
1770 0.000128 0.056050 600.000000 7.822686
1770 0.000204 0.043500 700.000000 8.120649
1770 0.000231 0.040743 800.000000 8.359457
1780 0.001379 0.080976 100.000000 6.993007
1780 0.000835 0.102450 200.000000 8.333333
1780 0.000545 0.089492 300.000000 8.108109
1780 0.000257 0.079198 400.000000 8.752735
1780 0.000208 0.075557 500.000000 7.462687
1780 0.000158 0.058109 600.000000 7.863696
1780 0.000228 0.045593 700.000000 8.149011
1780 0.000256 0.045674 800.000000 8.394544
1790 0.001341 0.087401 100.000000 7.246377
1790 0.000790 0.108970 200.000000 8.510638
1790 0.000525 0.092449 300.000000 8.219178
1790 0.000280 0.082082 400.000000 8.849558
1790 0.000236 0.076554 500.000000 7.507507
1790 0.000177 0.059111 600.000000 7.915567
1790 0.000237 0.047348 700.000000 8.187135
1790 0.000261 0.049178 800.000000 8.438819
1800 0.001227 0.072550 100.000000 7.575758
1800 0.000710 0.095010 200.000000 8.733624
1800 0.000471 0.080380 300.000000 8.356546
1800 0.000243 0.072184 400.000000 8.948545
1800 0.000221 0.066329 500.000000 7.575758
1800 0.000164 0.051611 600.000000 7.968128
1800 0.000223 0.041094 700.000000 8.235294
1800 0.000238 0.043405 800.000000 8.483563
1810 0.000948 0.048794 100.000000 7.936508
1810 0.000580 0.072091 200.000000 8.968610
1810 0.000393 0.063481 300.000000 8.522727
1810 0.000183 0.058241 400.000000 9.090909
1810 0.000206 0.053104 500.000000 7.656968
1810 0.000149 0.041247 600.000000 8.042895
1810 0.000201 0.032175 700.000000 8.303678
1810 0.000224 0.035497 800.000000 8.547009
1820 0.000732 0.027707 100.000000 8.474576
1820 0.000514 0.054759 200.000000 9.259259
1820 0.000354 0.050714 300.000000 8.695652
1820 0.000162 0.046194 400.000000 9.237875
1820 0.000231 0.040757 500.000000 7.739938
1820 0.000156 0.030714 600.000000 8.119080
1820 0.000198 0.024024 700.000000 8.373206
1820 0.000206 0.029059 800.000000 8.620689
1830 0.000697 0.032600 100.000000 9.009009
1830 0.000524 0.058494 200.000000 9.615385
1830 0.000364 0.053176 300.000000 8.902077
1830 0.000182 0.047698 400.000000 9.411765
1830 0.000254 0.041377 500.000000 7.836991
1830 0.000175 0.030378 600.000000 8.207934
1830 0.000206 0.024420 700.000000 8.454106
1830 0.000220 0.030127 800.000000 8.686211
1840 0.000440 0.023486 100.000000 9.615385
1840 0.000434 0.042550 200.000000 9.950249
1840 0.000320 0.043990 300.000000 9.090909
1840 0.000188 0.038806 400.000000 9.569378
1840 0.000278 0.031013 500.000000 7.923930
1840 0.000189 0.020996 600.000000 8.275862
1840 0.000206 0.018783 700.000000 8.526188
1840 0.000204 0.027505 800.000000 8.752735
1850 0.000452 0.035162 100.000000 10.204082
1850 0.000431 0.045699 200.000000 10.256411
1850 0.000332 0.048030 300.000000 9.287926
1850 0.000280 0.044957 400.000000 9.708738
1850 0.000329 0.034690 500.000000 8.000000
1850 0.000245 0.023504 600.000000 8.344924
1850 0.000238 0.024500 700.000000 8.599508
1850 0.000229 0.034016 800.000000 8.820287
1860 0.000429 0.030897 100.000000 10.638298
1860 0.000422 0.041365 200.000000 10.471204
1860 0.000313 0.046907 300.000000 9.433962
1860 0.000306 0.047587 400.000000 9.803922
1860 0.000351 0.038111 500.000000 8.064516
1860 0.000252 0.028779 600.000000 8.403361
1860 0.000252 0.030553 700.000000 8.652658
1870 0.000447 0.030081 100.000000 10.869565
1870 0.000439 0.047343 200.000000 10.526316
1870 0.000308 0.048154 300.000000 9.523809
1870 0.000277 0.048776 400.000000 9.828010
1870 0.000325 0.038576 500.000000 8.090615
1870 0.000242 0.029732 600.000000 8.426967
1870 0.000265 0.031226 700.000000 8.674102
1880 0.000483 0.032938 100.000000 10.869565
1880 0.000479 0.047179 200.000000 10.101010
1880 0.000261 0.047731 300.000000 9.523809
1880 0.000280 0.048821 400.000000 9.779951
1880 0.000315 0.037573 500.000000 8.077544
1880 0.000249 0.030324 600.000000 8.426967
1880 0.000273 0.033548 700.000000 8.663366
1890 0.000626 0.035812 100.000000 10.526316
1890 0.000616 0.051642 200.000000 9.009009
1890 0.000255 0.047843 300.000000 9.523809
1890 0.000308 0.049879 400.000000 9.501187
1890 0.000300 0.036008 500.000000 8.064516
1890 0.000265 0.029850 600.000000 8.415147
1890 0.000273 0.034408 700.000000 8.631319
1900 0.000769 0.039183 100.000000 10.309278
1900 0.000573 0.053025 200.000000 8.771930
1900 0.000203 0.046473 300.000000 9.523809
1900 0.000367 0.047201 400.000000 7.648183
1900 0.000278 0.033638 500.000000 8.038586
1900 0.000264 0.028356 600.000000 8.403361
1900 0.000276 0.034587 700.000000 8.620689
1910 0.000711 0.036419 100.000000 10.204082
1910 0.000465 0.048084 200.000000 8.733624
1910 0.000234 0.041098 300.000000 9.493670
1910 0.000356 0.041141 400.000000 7.561437
1910 0.000274 0.028251 500.000000 8.038586
1910 0.000258 0.025655 600.000000 8.379889
1910 0.000270 0.034953 700.000000 8.610086
1920 0.000622 0.038429 100.000000 10.101010
1920 0.000435 0.047973 200.000000 8.733624
1920 0.000270 0.042927 300.000000 9.493670
1920 0.000385 0.042005 400.000000 7.561437
1920 0.000290 0.030762 500.000000 8.038586
1920 0.000296 0.030519 600.000000 8.356546
1920 0.000282 0.041293 700.000000 8.620689
1930 0.000458 0.035535 100.000000 10.101010
1930 0.000353 0.045177 200.000000 8.733624
1930 0.000292 0.040014 300.000000 9.493670
1930 0.000383 0.037355 400.000000 7.561437
1930 0.000292 0.029807 500.000000 8.038586
1930 0.000303 0.033657 600.000000 8.344924
1930 0.000295 0.046664 700.000000 8.620689
1940 0.000472 0.038184 100.000000 10.204082
1940 0.000334 0.045196 200.000000 8.771930
1940 0.000291 0.039545 300.000000 9.493670
1940 0.000392 0.034022 400.000000 7.561437
1940 0.000287 0.028282 500.000000 8.038586
1940 0.000299 0.034600 600.000000 8.356546
1940 0.000308 0.048935 700.000000 8.631319
1950 0.000474 0.035295 100.000000 10.101010
1950 0.000298 0.043064 200.000000 8.849558
1950 0.000340 0.040970 300.000000 9.493670
1950 0.000392 0.033688 400.000000 7.575758
1950 0.000284 0.030727 500.000000 8.038586
1950 0.000321 0.039415 600.000000 8.368201
1950 0.000314 0.055358 700.000000 8.631319
1960 0.000520 0.038351 100.000000 10.000000
1960 0.000300 0.044550 200.000000 8.888889
1960 0.000368 0.045238 300.000000 9.493670
1960 0.000417 0.038057 400.000000 7.575758
1960 0.000311 0.036941 500.000000 8.038586
1960 0.000341 0.046938 600.000000 8.368201
1970 0.000457 0.034291 100.000000 9.433962
1970 0.000283 0.041126 200.000000 8.928572
1970 0.000377 0.044261 300.000000 9.433962
1970 0.000408 0.036079 400.000000 7.575758
1970 0.000319 0.038159 500.000000 8.051530
1970 0.000345 0.050396 600.000000 8.368201
1980 0.000726 0.038275 100.000000 8.000000
1980 0.000334 0.036974 200.000000 9.009009
1980 0.000468 0.044743 300.000000 9.287926
1980 0.000413 0.036805 400.000000 7.590133
1980 0.000351 0.043136 500.000000 8.064516
1980 0.000356 0.057560 600.000000 8.356546
1990 0.000655 0.042426 100.000000 7.575758
1990 0.000405 0.035138 200.000000 9.049774
1990 0.000514 0.047291 300.000000 7.109005
1990 0.000429 0.040084 400.000000 7.590133
1990 0.000388 0.049074 500.000000 8.077544
1990 0.000368 0.063938 600.000000 8.368201
2000 0.000436 0.044352 100.000000 7.518797
2000 0.000468 0.037296 200.000000 9.090909
2000 0.000537 0.049915 300.000000 6.976744
2000 0.000441 0.044194 400.000000 7.604563
2000 0.000394 0.055561 500.000000 8.077544
2000 0.000366 0.070760 600.000000 8.368201
2010 0.000426 0.047220 100.000000 7.518797
2010 0.000448 0.037784 200.000000 9.132421
2010 0.000539 0.045774 300.000000 6.944445
2010 0.000417 0.042522 400.000000 7.619048
2010 0.000385 0.054971 500.000000 8.064516
2010 0.000362 0.070124 600.000000 8.379889
2020 0.000356 0.045476 100.000000 7.575758
2020 0.000440 0.034933 200.000000 9.174312
2020 0.000513 0.036903 300.000000 6.944445
2020 0.000405 0.038955 400.000000 7.619048
2020 0.000404 0.053175 500.000000 8.051530
2020 0.000385 0.070777 600.000000 8.391608
2030 0.000321 0.053022 100.000000 7.633588
2030 0.000406 0.038376 200.000000 9.132421
2030 0.000497 0.035511 300.000000 6.944445
2030 0.000386 0.037999 400.000000 7.619048
2030 0.000390 0.052576 500.000000 8.038586
2030 0.000381 0.071749 600.000000 8.403361
2040 0.000286 0.047670 100.000000 7.692307
2040 0.000487 0.037157 200.000000 9.132421
2040 0.000524 0.033156 300.000000 6.944445
2040 0.000385 0.040773 400.000000 7.619048
2040 0.000388 0.057296 500.000000 8.051530
2040 0.000381 0.077061 600.000000 8.403361
2050 0.000257 0.045852 100.000000 7.751938
2050 0.000513 0.035341 200.000000 9.132421
2050 0.000510 0.027698 300.000000 6.960557
2050 0.000379 0.038576 400.000000 7.619048
2050 0.000387 0.056259 500.000000 8.064516
2060 0.000250 0.044038 100.000000 7.936508
2060 0.000506 0.036544 200.000000 9.174312
2060 0.000509 0.026708 300.000000 6.993007
2060 0.000365 0.039600 400.000000 7.633588
2060 0.000393 0.057092 500.000000 8.090615
2070 0.000366 0.043050 100.000000 8.196721
2070 0.000518 0.039733 200.000000 9.302325
2070 0.000511 0.028951 300.000000 7.058824
2070 0.000380 0.041817 400.000000 7.707129
2070 0.000390 0.060085 500.000000 8.130081
2080 0.000657 0.029716 100.000000 8.620689
2080 0.000662 0.052969 200.000000 9.478673
2080 0.000548 0.047669 300.000000 7.142857
2080 0.000431 0.061758 400.000000 7.797271
2080 0.000395 0.077424 500.000000 8.196721
2090 0.000791 0.033633 100.000000 9.259259
2090 0.000730 0.059068 200.000000 9.756098
2090 0.000555 0.055468 300.000000 7.263923
2090 0.000431 0.069676 400.000000 7.905138
2090 0.000402 0.084775 500.000000 8.291874
2100 0.000916 0.045509 100.000000 9.900990
2100 0.000834 0.071976 200.000000 9.950249
2100 0.000590 0.068619 300.000000 7.389163
2100 0.000487 0.081937 400.000000 8.016032
2100 0.000431 0.096560 500.000000 8.389262
2110 0.000931 0.046076 100.000000 10.526316
2110 0.000854 0.070277 200.000000 9.950249
2110 0.000623 0.067798 300.000000 7.500000
2110 0.000492 0.082526 400.000000 8.113590
2110 0.000442 0.098046 500.000000 8.460237
2120 0.001049 0.059404 100.000000 10.989011
2120 0.000811 0.079109 200.000000 6.872852
2120 0.000637 0.077747 300.000000 7.556675
2120 0.000529 0.092873 400.000000 8.179959
2120 0.000472 0.108552 500.000000 8.517887
2130 0.000862 0.041096 100.000000 11.235955
2130 0.000661 0.053805 200.000000 6.688963
2130 0.000527 0.055364 300.000000 7.594937
2130 0.000462 0.072358 400.000000 8.196721
2130 0.000432 0.089174 500.000000 8.532423
2140 0.000797 0.038572 100.000000 11.363636
2140 0.000675 0.045764 200.000000 6.644518
2140 0.000513 0.052947 300.000000 7.614213
2140 0.000457 0.071519 400.000000 8.179959
2140 0.000437 0.088980 500.000000 8.547009
2150 0.000729 0.034073 100.000000 11.363636
2150 0.000647 0.033824 200.000000 6.622517
2150 0.000491 0.046185 300.000000 7.614213
2150 0.000476 0.066123 400.000000 8.146640
2150 0.000454 0.085388 500.000000 8.547009
2160 0.000619 0.030070 100.000000 11.235955
2160 0.000625 0.027782 200.000000 6.622517
2160 0.000452 0.041685 300.000000 7.594937
2160 0.000448 0.061290 400.000000 8.130081
2160 0.000440 0.081644 500.000000 8.547009
2170 0.000835 0.033180 100.000000 11.111111
2170 0.000659 0.033435 200.000000 6.600660
2170 0.000469 0.050936 300.000000 7.575758
2170 0.000475 0.070879 400.000000 8.130081
2170 0.000449 0.092867 500.000000 8.547009
2180 0.000793 0.032532 100.000000 10.869565
2180 0.000633 0.027080 200.000000 6.578948
2180 0.000451 0.045176 300.000000 7.537688
2180 0.000478 0.064461 400.000000 8.113590
2190 0.000752 0.036417 100.000000 10.526316
2190 0.000618 0.025972 200.000000 6.557377
2190 0.000421 0.043785 300.000000 7.518797
2190 0.000440 0.062372 400.000000 8.097166
2200 0.000783 0.029031 100.000000 9.900990
2200 0.000529 0.022767 200.000000 6.535948
2200 0.000429 0.039121 300.000000 7.518797
2200 0.000457 0.060030 400.000000 8.064516
2210 0.000728 0.022330 100.000000 4.926108
2210 0.000463 0.016755 200.000000 6.514658
2210 0.000412 0.032301 300.000000 7.518797
2210 0.000410 0.050899 400.000000 8.032128
2220 0.000813 0.015645 100.000000 4.694836
2220 0.000397 0.011968 200.000000 6.493506
2220 0.000400 0.028510 300.000000 7.481297
2220 0.000427 0.047242 400.000000 8.016032
2230 0.000817 0.008334 100.000000 4.651163
2230 0.000409 0.015099 200.000000 6.493506
2230 0.000419 0.029109 300.000000 7.444169
2230 0.000411 0.045356 400.000000 8.032128
2240 0.000714 0.006055 100.000000 4.651163
2240 0.000389 0.015616 200.000000 6.493506
2240 0.000403 0.031280 300.000000 7.407407
2240 0.000418 0.050947 400.000000 8.032128
2250 0.000706 0.010093 100.000000 4.651163
2250 0.000332 0.014342 200.000000 6.514658
2250 0.000393 0.030887 300.000000 7.425743
2250 0.000428 0.053076 400.000000 8.048289
2260 0.000578 0.012590 100.000000 4.672897
2260 0.000327 0.010122 200.000000 6.493506
2260 0.000445 0.031959 300.000000 7.444169
2260 0.000449 0.060766 400.000000 8.048289
2270 0.000617 0.014051 100.000000 4.672897
2270 0.000386 0.015065 200.000000 6.493506
2270 0.000522 0.040557 300.000000 7.444169
2280 0.000536 0.016683 100.000000 4.716981
2280 0.000323 0.010771 200.000000 6.514658
2280 0.000499 0.035424 300.000000 7.481297
2290 0.000514 0.012570 100.000000 4.761905
2290 0.000355 0.013769 200.000000 6.578948
2290 0.000490 0.042006 300.000000 7.500000
2300 0.000550 0.021940 100.000000 4.854369
2300 0.000419 0.031131 200.000000 6.688963
2300 0.000548 0.059216 300.000000 7.556675
2310 0.000552 0.028410 100.000000 5.000000
2310 0.000482 0.036506 200.000000 6.825939
2310 0.000569 0.063703 300.000000 7.672634
2320 0.000367 0.019958 100.000000 5.181347
2320 0.000441 0.025216 200.000000 7.017544
2320 0.000505 0.053821 300.000000 7.812500
2330 0.000454 0.032921 100.000000 5.434783
2330 0.000523 0.042127 200.000000 7.246377
2330 0.000564 0.070833 300.000000 8.000000
2340 0.000446 0.036731 100.000000 5.747127
2340 0.000534 0.046830 200.000000 7.518797
2340 0.000575 0.075588 300.000000 8.219178
2350 0.000462 0.036512 100.000000 6.097561
2350 0.000555 0.049750 200.000000 7.812500
2350 0.000590 0.079821 300.000000 8.450705
2360 0.000458 0.032283 100.000000 6.493506
2360 0.000561 0.048343 200.000000 8.130081
2360 0.000592 0.079603 300.000000 8.695652
2370 0.000498 0.033922 100.000000 6.944445
2370 0.000574 0.052430 200.000000 8.438819
2370 0.000606 0.083618 300.000000 8.955224
2380 0.000534 0.037759 100.000000 7.462687
2380 0.000595 0.056967 200.000000 8.810573
2380 0.000621 0.088275 300.000000 9.230769
2390 0.000552 0.039519 100.000000 8.064516
2390 0.000604 0.059030 200.000000 9.216590
2390 0.000628 0.090365 300.000000 9.523809
2400 0.000619 0.044896 100.000000 8.771930
2400 0.000637 0.065055 200.000000 9.661836
2400 0.000649 0.096445 300.000000 9.836065
2410 0.000534 0.021480 100.000000 9.345795
2410 0.000513 0.041974 200.000000 10.050251
2410 0.000569 0.070775 300.000000 10.101010
2420 0.000668 0.041450 100.000000 9.900990
2420 0.000503 0.054131 200.000000 10.362695
2420 0.000533 0.071045 300.000000 10.309278
2430 0.000632 0.044511 100.000000 10.309278
2430 0.000557 0.060043 200.000000 10.526316
2430 0.000554 0.079093 300.000000 10.452962
2440 0.000476 0.025612 100.000000 10.526316
2440 0.000498 0.046055 200.000000 10.582010
2440 0.000560 0.072723 300.000000 10.526316
2450 0.000483 0.026385 100.000000 10.638298
2450 0.000582 0.048774 200.000000 10.471204
2450 0.000586 0.076935 300.000000 10.563380
2460 0.000387 0.022498 100.000000 10.638298
2460 0.000558 0.046375 200.000000 10.471204
2460 0.000569 0.075874 300.000000 10.563380
2470 0.000413 0.024159 100.000000 10.526316
2470 0.000576 0.045556 200.000000 10.471204
2470 0.000551 0.075534 300.000000 10.563380
2480 0.000411 0.024330 100.000000 10.416667
2480 0.000608 0.046055 200.000000 10.526316
2490 0.000451 0.026797 100.000000 10.416667
2490 0.000652 0.049659 200.000000 10.526316
2500 0.000344 0.022831 100.000000 10.526316
2500 0.000571 0.046925 200.000000 10.471204
2510 0.000477 0.024762 100.000000 10.638298
2510 0.000631 0.051837 200.000000 10.416667
2520 0.000493 0.024791 100.000000 10.638298
2520 0.000611 0.048699 200.000000 10.416667
2530 0.000609 0.031883 100.000000 10.416667
2530 0.000653 0.058212 200.000000 10.416667
2540 0.000805 0.036730 100.000000 10.204082
2540 0.000665 0.064993 200.000000 10.416667
2550 0.000830 0.043108 100.000000 10.101010
2550 0.000694 0.073892 200.000000 10.416667
2560 0.000849 0.041930 100.000000 10.204082
2560 0.000703 0.074361 200.000000 10.471204
2570 0.001029 0.049330 100.000000 10.309278
2570 0.000724 0.082855 200.000000 10.526316
2580 0.000843 0.041154 100.000000 10.416667
2590 0.000894 0.047422 100.000000 10.309278
2600 0.000798 0.048345 100.000000 10.101010
2610 0.000744 0.052681 100.000000 10.000000
2620 0.000755 0.041631 100.000000 10.101010
2630 0.000649 0.035936 100.000000 10.309278
2640 0.000638 0.036339 100.000000 10.526316
2650 0.000616 0.038676 100.000000 10.638298
2660 0.000579 0.036490 100.000000 10.638298
