0 0.000816 0.041762 100.000000 5.780347
0 0.000942 0.047693 200.000000 6.329114
0 0.000777 0.067350 300.000000 6.711410
0 0.000518 0.065387 400.000000 6.908463
0 0.000636 0.062026 500.000000 6.289308
0 0.000636 0.075648 600.000000 6.734007
10 0.001087 0.035150 100.000000 6.060606
10 0.000959 0.055597 200.000000 6.430868
10 0.000758 0.066210 300.000000 6.833713
10 0.000472 0.061005 400.000000 7.005254
10 0.000606 0.057579 500.000000 6.361323
10 0.000608 0.073211 600.000000 6.795017
20 0.001314 0.042710 100.000000 6.369427
20 0.001001 0.069544 200.000000 6.451613
20 0.000744 0.068648 300.000000 6.944445
20 0.000418 0.058123 400.000000 7.104796
20 0.000562 0.054574 500.000000 6.426735
20 0.000584 0.071263 600.000000 6.841505
30 0.001691 0.064380 100.000000 6.622517
30 0.001063 0.088855 200.000000 6.514658
30 0.000726 0.078660 300.000000 7.025761
30 0.000398 0.057790 400.000000 7.207207
30 0.000555 0.051939 500.000000 6.493506
30 0.000583 0.068937 600.000000 6.880734
40 0.001584 0.058508 100.000000 6.849315
40 0.001020 0.078113 200.000000 6.557377
40 0.000766 0.073165 300.000000 7.058824
40 0.000392 0.058094 400.000000 7.285975
40 0.000579 0.053155 500.000000 6.553080
40 0.000601 0.070398 600.000000 6.888634
50 0.001252 0.044448 100.000000 6.993007
50 0.001011 0.055470 200.000000 6.600660
50 0.000873 0.065120 300.000000 7.042253
50 0.000320 0.061767 400.000000 7.352941
50 0.000632 0.056947 500.000000 6.596306
50 0.000630 0.073373 600.000000 6.880734
60 0.001214 0.047142 100.000000 7.092198
60 0.000996 0.057763 200.000000 6.622517
60 0.000761 0.064377 300.000000 6.976744
60 0.000320 0.063776 400.000000 7.393715
60 0.000644 0.059092 500.000000 6.631300
60 0.000594 0.074638 600.000000 6.872852
70 0.001059 0.056430 100.000000 7.142857
70 0.000895 0.057914 200.000000 6.644518
70 0.000658 0.062817 300.000000 6.928406
70 0.000306 0.065141 400.000000 7.421150
70 0.000660 0.060786 500.000000 6.657790
70 0.000569 0.073959 600.000000 6.864988
80 0.001032 0.057173 100.000000 7.142857
80 0.000917 0.057348 200.000000 6.688963
80 0.000656 0.063460 300.000000 6.912442
80 0.000312 0.066448 400.000000 7.434944
80 0.000658 0.063263 500.000000 6.675568
80 0.000577 0.074286 600.000000 6.857143
90 0.001040 0.056229 100.000000 7.142857
90 0.000921 0.055854 200.000000 6.711410
90 0.000630 0.063258 300.000000 6.928406
90 0.000315 0.066758 400.000000 7.421150
90 0.000671 0.065053 500.000000 6.702413
90 0.000574 0.074587 600.000000 6.841505
100 0.000987 0.054195 100.000000 7.092198
100 0.000851 0.057895 200.000000 6.756757
100 0.000584 0.064270 300.000000 6.960557
100 0.000407 0.064377 400.000000 7.259528
100 0.000682 0.068479 500.000000 6.720430
100 0.000571 0.075494 600.000000 6.825939
110 0.001023 0.051150 100.000000 7.092198
110 0.000903 0.061312 200.000000 6.802721
110 0.000544 0.065938 300.000000 6.976744
110 0.000754 0.064404 400.000000 6.201550
110 0.000685 0.071554 500.000000 6.747638
110 0.000555 0.076326 600.000000 6.795017
120 0.001032 0.039598 100.000000 7.142857
120 0.000941 0.061599 200.000000 6.872852
120 0.000544 0.068332 300.000000 7.025761
120 0.000788 0.069383 400.000000 6.201550
120 0.000717 0.075920 500.000000 6.784261
120 0.000576 0.078623 600.000000 6.764374
130 0.001151 0.038947 100.000000 7.352941
130 0.001054 0.068246 200.000000 6.993007
130 0.000646 0.072766 300.000000 7.092198
130 0.000881 0.078413 400.000000 6.240250
130 0.000793 0.084580 500.000000 6.830601
130 0.000656 0.084645 600.000000 6.703911
140 0.001561 0.081666 100.000000 7.575758
140 0.001218 0.080458 200.000000 7.142857
140 0.000761 0.079430 300.000000 7.177033
140 0.000901 0.088397 400.000000 6.289308
140 0.000819 0.093984 500.000000 6.887053
140 0.000692 0.090303 600.000000 6.637168
150 0.001320 0.056274 100.000000 7.692307
150 0.001015 0.071078 200.000000 7.220217
150 0.000666 0.075556 300.000000 7.246377
150 0.000843 0.078129 400.000000 6.339144
150 0.000769 0.088912 500.000000 6.925208
150 0.000628 0.087793 600.000000 6.578948
160 0.001175 0.050936 100.000000 7.692307
160 0.000936 0.068887 200.000000 7.272727
160 0.000587 0.078783 300.000000 7.299270
160 0.000823 0.075844 400.000000 6.379585
160 0.000779 0.089135 500.000000 6.954103
160 0.000637 0.086529 600.000000 6.514658
170 0.001327 0.053090 100.000000 7.142857
170 0.000952 0.072235 200.000000 7.272727
170 0.000554 0.084094 300.000000 7.352941
170 0.000830 0.077742 400.000000 6.410256
170 0.000808 0.092666 500.000000 6.954103
180 0.002340 0.043608 100.000000 6.329114
180 0.001068 0.079407 200.000000 7.194244
180 0.000488 0.090298 300.000000 7.389163
180 0.000872 0.079810 400.000000 6.451613
180 0.000886 0.097367 500.000000 6.915629
190 0.001911 0.043655 100.000000 6.172840
190 0.001230 0.081648 200.000000 7.042253
190 0.000457 0.092938 300.000000 7.444169
190 0.000893 0.080137 400.000000 6.482982
190 0.000904 0.096746 500.000000 6.849315
200 0.001786 0.048516 100.000000 6.134969
200 0.000980 0.084761 200.000000 6.849315
200 0.000441 0.095431 300.000000 7.462687
200 0.000913 0.081224 400.000000 6.514658
200 0.000838 0.096459 500.000000 6.811989
210 0.001568 0.051075 100.000000 6.172840
210 0.000860 0.085204 200.000000 6.779661
210 0.000460 0.092727 300.000000 7.481297
210 0.000970 0.079976 400.000000 6.535948
210 0.000829 0.093583 500.000000 6.793478
220 0.001519 0.056052 100.000000 6.211180
220 0.000811 0.085194 200.000000 6.779661
220 0.000460 0.091543 300.000000 7.500000
220 0.000960 0.081410 400.000000 6.557377
220 0.000823 0.091705 500.000000 6.784261
230 0.001451 0.059763 100.000000 6.289308
230 0.000771 0.083502 200.000000 6.802721
230 0.000495 0.088978 300.000000 7.500000
230 0.000993 0.082947 400.000000 6.589786
230 0.000816 0.090241 500.000000 6.775068
240 0.001169 0.063735 100.000000 6.410256
240 0.000747 0.076474 200.000000 6.849315
240 0.000731 0.077596 300.000000 7.263923
240 0.001030 0.082982 400.000000 6.622517
240 0.000812 0.087434 500.000000 6.756757
250 0.001204 0.071185 100.000000 6.493506
250 0.000684 0.077334 200.000000 6.896552
250 0.001193 0.074693 300.000000 5.940594
250 0.001044 0.085845 400.000000 6.655574
250 0.000782 0.088050 500.000000 6.729475
260 0.001208 0.080563 100.000000 6.578948
260 0.000624 0.081280 200.000000 6.920415
260 0.001216 0.079051 300.000000 5.917160
260 0.001076 0.091433 400.000000 6.688963
260 0.000781 0.090525 500.000000 6.666667
270 0.001050 0.089923 100.000000 6.666667
270 0.000667 0.086950 200.000000 6.944445
270 0.001251 0.082095 300.000000 5.928854
270 0.001085 0.098359 400.000000 6.711410
270 0.000782 0.093614 500.000000 6.476684
280 0.000991 0.101884 100.000000 6.756757
280 0.000698 0.093971 200.000000 7.017544
280 0.001297 0.086731 300.000000 5.964215
280 0.001113 0.105698 400.000000 6.745363
280 0.000786 0.097390 500.000000 6.361323
290 0.000998 0.103359 100.000000 6.849315
290 0.000704 0.095523 200.000000 7.092198
290 0.001261 0.085446 300.000000 6.024096
290 0.001116 0.108616 400.000000 6.779661
290 0.000784 0.098789 500.000000 6.297229
300 0.000861 0.096282 100.000000 7.042253
300 0.000674 0.088030 200.000000 7.246377
300 0.001257 0.079737 300.000000 6.097561
300 0.001130 0.107074 400.000000 6.825939
310 0.000681 0.064657 100.000000 7.352941
310 0.000571 0.061992 200.000000 7.434944
310 0.001176 0.059156 300.000000 6.198347
310 0.001077 0.093875 400.000000 6.896552
320 0.000387 0.029758 100.000000 7.751938
320 0.000461 0.030336 200.000000 7.662835
320 0.001126 0.045921 300.000000 6.302521
320 0.001044 0.084064 400.000000 6.980803
330 0.000417 0.040322 100.000000 8.130081
330 0.000512 0.025291 200.000000 7.905138
330 0.001084 0.054069 300.000000 6.410256
330 0.001023 0.082730 400.000000 7.042253
340 0.000244 0.059338 100.000000 8.264462
340 0.000632 0.039773 200.000000 8.097166
340 0.001117 0.068152 300.000000 6.493506
340 0.001027 0.089372 400.000000 7.054674
350 0.000729 0.032884 100.000000 8.064516
350 0.000668 0.027676 200.000000 8.230453
350 0.001182 0.061590 300.000000 6.564551
350 0.001091 0.091863 400.000000 7.029877
360 0.000501 0.033158 100.000000 7.692307
360 0.000725 0.033764 200.000000 8.298756
360 0.001192 0.064637 300.000000 6.622517
360 0.001025 0.092733 400.000000 6.980803
370 0.000633 0.034620 100.000000 7.462687
370 0.000749 0.037179 200.000000 8.333333
370 0.001247 0.068988 300.000000 6.637168
370 0.000975 0.090395 400.000000 6.956522
380 0.000629 0.035109 100.000000 7.352941
380 0.000866 0.042352 200.000000 8.298756
380 0.001245 0.075970 300.000000 6.666667
380 0.000965 0.090939 400.000000 6.920415
390 0.000713 0.031704 100.000000 7.299270
390 0.000863 0.040519 200.000000 8.163265
390 0.001238 0.076811 300.000000 6.666667
390 0.000890 0.088152 400.000000 6.872852
400 0.000632 0.034855 100.000000 7.299270
400 0.001442 0.046058 200.000000 5.714286
400 0.001296 0.085220 300.000000 6.681514
400 0.000878 0.092658 400.000000 6.802721
410 0.000649 0.034984 100.000000 7.246377
410 0.001628 0.056656 200.000000 5.617978
410 0.001365 0.096293 300.000000 6.696429
410 0.000855 0.096992 400.000000 6.677796
420 0.000795 0.041789 100.000000 7.194244
420 0.001750 0.064575 200.000000 5.602241
420 0.001367 0.107093 300.000000 6.711410
420 0.000838 0.105774 400.000000 6.369427
430 0.000856 0.045795 100.000000 7.246377
430 0.001797 0.071585 200.000000 5.633803
430 0.001396 0.115835 300.000000 6.726458
430 0.000894 0.111572 400.000000 6.211180
440 0.000951 0.048160 100.000000 7.352941
440 0.001787 0.080462 200.000000 5.681818
440 0.001454 0.126051 300.000000 6.726458
450 0.001075 0.037603 100.000000 7.575758
450 0.001768 0.084064 200.000000 5.763689
450 0.001475 0.126490 300.000000 6.726458
460 0.001126 0.036508 100.000000 7.874016
460 0.001657 0.082044 200.000000 5.847953
460 0.001372 0.110448 300.000000 6.711410
470 0.001469 0.061791 100.000000 8.196721
470 0.001652 0.099092 200.000000 5.952381
470 0.001402 0.118777 300.000000 6.711410
480 0.001457 0.050322 100.000000 8.547009
480 0.001634 0.093910 200.000000 6.060606
480 0.001325 0.118172 300.000000 6.726458
490 0.001492 0.037973 100.000000 8.928572
490 0.001686 0.090982 200.000000 6.172840
490 0.001303 0.118670 300.000000 6.756757
500 0.001339 0.033353 100.000000 9.259259
500 0.001721 0.092051 200.000000 6.250000
500 0.001245 0.117958 300.000000 6.772009
510 0.001406 0.033038 100.000000 9.433962
510 0.001644 0.094918 200.000000 6.309148
510 0.001205 0.115768 300.000000 6.772009
520 0.001358 0.035101 100.000000 9.345795
520 0.001645 0.096526 200.000000 6.349206
520 0.001106 0.112486 300.000000 6.741573
530 0.001419 0.050590 100.000000 8.196721
530 0.001635 0.099987 200.000000 6.369427
530 0.001060 0.112112 300.000000 6.666667
540 0.002814 0.046831 100.000000 4.587156
540 0.001763 0.114841 200.000000 6.410256
540 0.001041 0.123181 300.000000 6.593407
550 0.002922 0.058126 100.000000 4.545455
550 0.001826 0.129649 200.000000 6.430868
550 0.001048 0.129416 300.000000 6.396588
560 0.002727 0.066283 100.000000 4.566210
560 0.001702 0.125085 200.000000 6.472492
560 0.000907 0.127796 300.000000 6.048387
570 0.002775 0.083282 100.000000 4.587156
570 0.001767 0.138114 200.000000 6.451613
570 0.000964 0.134024 300.000000 5.847953
580 0.002635 0.091335 100.000000 4.608295
580 0.001788 0.145952 200.000000 6.349206
590 0.002482 0.098508 100.000000 4.651163
590 0.001804 0.147764 200.000000 6.134969
600 0.002467 0.111788 100.000000 4.672897
600 0.001504 0.151910 200.000000 5.988024
610 0.002538 0.128596 100.000000 4.694836
610 0.001448 0.158070 200.000000 5.934718
620 0.002485 0.147221 100.000000 4.739336
620 0.001411 0.166795 200.000000 5.899705
630 0.002542 0.162309 100.000000 4.807693
630 0.001368 0.172395 200.000000 5.899705
640 0.002298 0.135248 100.000000 4.950495
640 0.001217 0.146483 200.000000 5.952381
650 0.002037 0.115363 100.000000 5.154639
650 0.001094 0.128057 200.000000 6.060606
660 0.001937 0.109423 100.000000 5.405406
660 0.001059 0.121161 200.000000 6.230530
670 0.001906 0.105742 100.000000 5.714286
670 0.001047 0.118792 200.000000 6.430868
680 0.001868 0.103516 100.000000 6.060606
680 0.001034 0.117409 200.000000 6.644518
690 0.001795 0.095598 100.000000 6.451613
690 0.001006 0.111623 200.000000 6.849315
700 0.001705 0.085177 100.000000 6.896552
700 0.000956 0.103567 200.000000 7.092198
710 0.001701 0.080181 100.000000 7.407407
710 0.000942 0.099571 200.000000 7.352941
720 0.001651 0.075116 100.000000 8.000000
720 0.000912 0.095930 200.000000 7.633588
730 0.001493 0.063973 100.000000 8.695652
730 0.000853 0.085970 200.000000 7.936508
740 0.001285 0.042507 100.000000 9.345795
740 0.000691 0.065908 200.000000 8.163265
750 0.001113 0.034708 100.000000 10.101010
750 0.000511 0.044306 200.000000 8.333333
760 0.000901 0.045101 100.000000 10.526316
760 0.000362 0.039733 200.000000 8.333333
770 0.000827 0.034298 100.000000 10.869565
770 0.000548 0.050209 200.000000 7.843137
780 0.000759 0.034439 100.000000 10.869565
780 0.000572 0.056546 200.000000 7.067138
790 0.000856 0.039263 100.000000 10.526316
800 0.001119 0.051486 100.000000 9.433962
810 0.001000 0.052151 100.000000 8.403361
820 0.000797 0.046528 100.000000 8.000000
830 0.000769 0.049576 100.000000 7.692307
840 0.000845 0.049003 100.000000 7.352941
850 0.001022 0.050686 100.000000 6.944445
860 0.001300 0.051756 100.000000 6.134969
870 0.001367 0.058668 100.000000 5.208333
880 0.001541 0.065364 100.000000 4.807693
