0 0.001235 0.122990 100.000000 7.692307
0 0.000758 0.100371 200.000000 7.782101
0 0.000765 0.103949 300.000000 7.772021
0 0.000661 0.116272 400.000000 8.130081
0 0.000657 0.142602 500.000000 8.000000
0 0.000574 0.168628 600.000000 7.947020
0 0.000499 0.187508 700.000000 8.495146
0 0.000516 0.150424 800.000000 8.501594
10 0.000551 0.052481 100.000000 8.196721
10 0.000649 0.020231 200.000000 8.000000
10 0.000637 0.046795 300.000000 7.936508
10 0.000569 0.072063 400.000000 8.264462
10 0.000545 0.099973 500.000000 7.961783
10 0.000492 0.125899 600.000000 8.032128
10 0.000445 0.145915 700.000000 8.578431
10 0.000438 0.116519 800.000000 8.574491
20 0.000739 0.028958 100.000000 8.620689
20 0.000916 0.048739 200.000000 8.130081
20 0.000802 0.082641 300.000000 8.064516
20 0.000625 0.103303 400.000000 8.385744
20 0.000580 0.126892 500.000000 7.911392
20 0.000523 0.149911 600.000000 8.108109
20 0.000473 0.168989 700.000000 8.663366
20 0.000437 0.137605 800.000000 8.629990
30 0.000709 0.017054 100.000000 8.928572
30 0.000898 0.037249 200.000000 8.230453
30 0.000775 0.077955 300.000000 8.130081
30 0.000636 0.099640 400.000000 8.456659
30 0.000579 0.125941 500.000000 7.861635
30 0.000532 0.151069 600.000000 8.174387
30 0.000483 0.171152 700.000000 8.728180
30 0.000442 0.133961 800.000000 8.648648
40 0.000612 0.016380 100.000000 9.009009
40 0.000845 0.042154 200.000000 8.230453
40 0.000773 0.079439 300.000000 8.174387
40 0.000634 0.099012 400.000000 8.510638
40 0.000577 0.124581 500.000000 7.836991
40 0.000518 0.148296 600.000000 8.230453
40 0.000472 0.168417 700.000000 8.771930
40 0.000395 0.127391 800.000000 8.519702
50 0.000686 0.040081 100.000000 9.090909
50 0.001014 0.067831 200.000000 8.163265
50 0.000817 0.097424 300.000000 8.174387
50 0.000629 0.112914 400.000000 8.528785
50 0.000576 0.135481 500.000000 7.824726
50 0.000515 0.156149 600.000000 8.275862
50 0.000474 0.174949 700.000000 8.793970
50 0.000383 0.130246 800.000000 8.281573
60 0.000724 0.043133 100.000000 9.090909
60 0.001097 0.073896 200.000000 8.130081
60 0.000876 0.100442 300.000000 8.196721
60 0.000655 0.114542 400.000000 8.510638
60 0.000585 0.138293 500.000000 7.836991
60 0.000526 0.160520 600.000000 8.321775
60 0.000495 0.180216 700.000000 8.760951
60 0.000400 0.130013 800.000000 8.255934
70 0.000631 0.031410 100.000000 9.174312
70 0.001007 0.059908 200.000000 8.130081
70 0.000844 0.084168 300.000000 8.241758
70 0.000606 0.099199 400.000000 8.474576
70 0.000550 0.123726 500.000000 7.861635
70 0.000497 0.147502 600.000000 8.368201
70 0.000549 0.164126 700.000000 8.695652
70 0.000352 0.114703 800.000000 8.255934
80 0.000798 0.024733 100.000000 9.174312
80 0.001042 0.054727 200.000000 8.097166
80 0.000817 0.078240 300.000000 8.264462
80 0.000633 0.096344 400.000000 8.456659
80 0.000571 0.122286 500.000000 7.886436
80 0.000492 0.147263 600.000000 8.426967
80 0.000563 0.157864 700.000000 8.663366
80 0.000345 0.108714 800.000000 8.255934
90 0.000898 0.027736 100.000000 8.928572
90 0.001182 0.064200 200.000000 8.000000
90 0.000817 0.083135 300.000000 8.241758
90 0.000599 0.100964 400.000000 8.403361
90 0.000563 0.125957 500.000000 7.898894
90 0.000488 0.150185 600.000000 8.462624
90 0.000555 0.152283 700.000000 8.631319
90 0.000336 0.107003 800.000000 8.255934
100 0.001049 0.038248 100.000000 8.620689
100 0.001149 0.074412 200.000000 7.905138
100 0.000803 0.089816 300.000000 8.219178
100 0.000643 0.107938 400.000000 8.333333
100 0.000564 0.131557 500.000000 7.911392
100 0.000488 0.154578 600.000000 8.498584
100 0.000516 0.147937 700.000000 8.610086
100 0.000336 0.106468 800.000000 8.247422
110 0.001344 0.035805 100.000000 8.333333
110 0.001142 0.069718 200.000000 7.843137
110 0.000737 0.082934 300.000000 8.219178
110 0.000637 0.102303 400.000000 8.281573
110 0.000542 0.125931 500.000000 7.923930
110 0.000477 0.147860 600.000000 8.547009
110 0.000486 0.134455 700.000000 8.610086
110 0.000325 0.098371 800.000000 8.247422
120 0.001348 0.027992 100.000000 8.000000
120 0.001050 0.063151 200.000000 7.812500
120 0.000740 0.078557 300.000000 8.241758
120 0.000618 0.101354 400.000000 8.230453
120 0.000531 0.126340 500.000000 7.949126
120 0.000466 0.148470 600.000000 8.583691
120 0.000484 0.126632 700.000000 8.620689
120 0.000343 0.092852 800.000000 8.238929
130 0.001374 0.023344 100.000000 7.751938
130 0.000931 0.061068 200.000000 7.782101
130 0.000701 0.076906 300.000000 8.264462
130 0.000615 0.102230 400.000000 7.968128
130 0.000533 0.127103 500.000000 7.987220
130 0.000469 0.148562 600.000000 8.633094
130 0.000462 0.119094 700.000000 8.620689
130 0.000323 0.087779 800.000000 8.213552
140 0.001497 0.026516 100.000000 7.575758
140 0.000957 0.056949 200.000000 7.751938
140 0.000672 0.069245 300.000000 8.287292
140 0.000575 0.093147 400.000000 7.619048
140 0.000514 0.117366 500.000000 8.025682
140 0.000451 0.138486 600.000000 8.683068
140 0.000430 0.106197 700.000000 8.599508
140 0.000316 0.081371 800.000000 8.113590
150 0.001294 0.026779 100.000000 7.462687
150 0.000933 0.060993 200.000000 7.751938
150 0.000684 0.074235 300.000000 8.310249
150 0.000595 0.099511 400.000000 7.561437
150 0.000523 0.124783 500.000000 8.064516
150 0.000461 0.145245 600.000000 8.708273
150 0.000392 0.104350 700.000000 8.413462
160 0.001514 0.042132 100.000000 7.352941
160 0.000960 0.082808 200.000000 7.751938
160 0.000692 0.100500 300.000000 8.310249
160 0.000640 0.126515 400.000000 7.547170
160 0.000569 0.151061 500.000000 8.116883
160 0.000509 0.168712 600.000000 8.720930
160 0.000395 0.114323 700.000000 8.158508
170 0.001423 0.042866 100.000000 7.246377
170 0.000952 0.074953 200.000000 7.782101
170 0.000672 0.091274 300.000000 8.287292
170 0.000611 0.117108 400.000000 7.561437
170 0.000540 0.141211 500.000000 8.169934
170 0.000519 0.157961 600.000000 8.670520
170 0.000375 0.102932 700.000000 8.130081
180 0.001416 0.049780 100.000000 7.194244
180 0.000966 0.078139 200.000000 7.812500
180 0.000684 0.095411 300.000000 8.241758
180 0.000611 0.122400 400.000000 7.575758
180 0.000539 0.145852 500.000000 8.223684
180 0.000640 0.156982 600.000000 8.595988
180 0.000354 0.100449 700.000000 8.130081
190 0.001460 0.056991 100.000000 7.194244
190 0.000941 0.087746 200.000000 7.843137
190 0.000708 0.109998 300.000000 8.219178
190 0.000657 0.135093 400.000000 7.619048
190 0.000544 0.155256 500.000000 8.291874
190 0.000625 0.155644 600.000000 8.571428
190 0.000346 0.097539 700.000000 8.139535
200 0.001709 0.064674 100.000000 7.194244
200 0.000926 0.088578 200.000000 7.874016
200 0.000708 0.110854 300.000000 8.219178
200 0.000667 0.137264 400.000000 7.648183
200 0.000538 0.157152 500.000000 8.347245
200 0.000632 0.149487 600.000000 8.571428
200 0.000341 0.094011 700.000000 8.149011
210 0.001432 0.052103 100.000000 7.194244
210 0.000832 0.069919 200.000000 7.968128
210 0.000699 0.090880 300.000000 8.219178
210 0.000601 0.115407 400.000000 7.707129
210 0.000487 0.133930 500.000000 8.417508
210 0.000567 0.122091 600.000000 8.583691
210 0.000295 0.077682 700.000000 8.168028
220 0.001278 0.046968 100.000000 7.299270
220 0.000754 0.064205 200.000000 8.032128
220 0.000602 0.086869 300.000000 8.219178
220 0.000589 0.110938 400.000000 7.751938
220 0.000475 0.127668 500.000000 8.503402
220 0.000530 0.110249 600.000000 8.608321
220 0.000283 0.070583 700.000000 8.196721
230 0.001105 0.039693 100.000000 7.352941
230 0.000639 0.057069 200.000000 8.130081
230 0.000627 0.083328 300.000000 8.241758
230 0.000568 0.107366 400.000000 7.812500
230 0.000461 0.122164 500.000000 8.576329
230 0.000506 0.097121 600.000000 8.645534
230 0.000280 0.060353 700.000000 8.225616
240 0.001021 0.051373 100.000000 7.462687
240 0.000678 0.070531 200.000000 8.264462
240 0.000674 0.095665 300.000000 8.264462
240 0.000583 0.117902 400.000000 7.889546
240 0.000480 0.129710 500.000000 8.665511
240 0.000510 0.098330 600.000000 8.695652
240 0.000288 0.061615 700.000000 8.244994
250 0.000872 0.040326 100.000000 7.633588
250 0.000580 0.057447 200.000000 8.403361
250 0.000621 0.081619 300.000000 8.241758
250 0.000534 0.102578 400.000000 7.968128
250 0.000458 0.114528 500.000000 8.741259
250 0.000477 0.082491 600.000000 8.746356
250 0.000250 0.053697 700.000000 8.274232
260 0.000763 0.042797 100.000000 7.751938
260 0.000611 0.060517 200.000000 8.510638
260 0.000656 0.082806 300.000000 7.853403
260 0.000557 0.105042 400.000000 8.032128
260 0.000457 0.113852 500.000000 8.833922
260 0.000476 0.076221 600.000000 8.771930
260 0.000255 0.049423 700.000000 8.264462
270 0.000654 0.037489 100.000000 7.874016
270 0.000544 0.055173 200.000000 8.620689
270 0.000566 0.073464 300.000000 7.633588
270 0.000531 0.094229 400.000000 8.113590
270 0.000447 0.101776 500.000000 8.912656
270 0.000437 0.063791 600.000000 8.784773
270 0.000231 0.044274 700.000000 8.196721
280 0.000728 0.038351 100.000000 7.936508
280 0.000524 0.052057 200.000000 8.733624
280 0.000566 0.071273 300.000000 7.575758
280 0.000507 0.092170 400.000000 8.196721
280 0.000430 0.102035 500.000000 8.976661
280 0.000391 0.061631 600.000000 8.670520
290 0.000487 0.027771 100.000000 8.064516
290 0.000403 0.037881 200.000000 8.810573
290 0.000495 0.051733 300.000000 7.575758
290 0.000450 0.070238 400.000000 8.264462
290 0.000397 0.077843 500.000000 9.025270
290 0.000277 0.042599 600.000000 8.321775
300 0.000438 0.024744 100.000000 8.196721
300 0.000407 0.039104 200.000000 8.888889
300 0.000542 0.056329 300.000000 7.614213
300 0.000469 0.075180 400.000000 8.350731
300 0.000436 0.081756 500.000000 9.041592
300 0.000289 0.041564 600.000000 8.275862
310 0.000507 0.022425 100.000000 8.333333
310 0.000515 0.040177 200.000000 8.849558
310 0.000546 0.059766 300.000000 7.653061
310 0.000469 0.078005 400.000000 8.438819
310 0.000510 0.082374 500.000000 8.976661
310 0.000278 0.040377 600.000000 8.275862
320 0.000653 0.024061 100.000000 8.403361
320 0.000631 0.044307 200.000000 8.810573
320 0.000581 0.066200 300.000000 7.692307
320 0.000462 0.083656 400.000000 8.528785
320 0.000630 0.082874 500.000000 8.896797
320 0.000267 0.041911 600.000000 8.287292
330 0.000532 0.024505 100.000000 8.547009
330 0.000606 0.045817 200.000000 8.810573
330 0.000621 0.064291 300.000000 7.751938
330 0.000463 0.077519 400.000000 8.602151
330 0.000597 0.068281 500.000000 8.880995
330 0.000259 0.035776 600.000000 8.310249
340 0.000509 0.027651 100.000000 8.620689
340 0.000681 0.047972 200.000000 8.771930
340 0.000669 0.065267 300.000000 7.812500
340 0.000478 0.074899 400.000000 8.695652
340 0.000585 0.060179 500.000000 8.896797
340 0.000241 0.033948 600.000000 8.321775
350 0.000456 0.025242 100.000000 8.771930
350 0.000729 0.041482 200.000000 8.733624
350 0.000632 0.057143 300.000000 7.853403
350 0.000441 0.064648 400.000000 8.791209
350 0.000518 0.047787 500.000000 8.896797
350 0.000217 0.033020 600.000000 8.344924
360 0.000688 0.028961 100.000000 8.928572
360 0.000726 0.050063 200.000000 8.733624
360 0.000643 0.066159 300.000000 7.915567
360 0.000483 0.071697 400.000000 8.869180
360 0.000514 0.048801 500.000000 8.928572
360 0.000219 0.034059 600.000000 8.356546
370 0.000579 0.024836 100.000000 9.090909
370 0.000652 0.042771 200.000000 8.658009
370 0.000562 0.058209 300.000000 7.978724
370 0.000433 0.064324 400.000000 8.968610
370 0.000472 0.041844 500.000000 8.960573
370 0.000201 0.034553 600.000000 8.368201
380 0.000433 0.029305 100.000000 9.174312
380 0.000602 0.038166 200.000000 8.510638
380 0.000496 0.051364 300.000000 8.042895
380 0.000417 0.057884 400.000000 9.049774
380 0.000431 0.037320 500.000000 8.976661
380 0.000172 0.035888 600.000000 8.379889
390 0.000464 0.025258 100.000000 9.345795
390 0.000585 0.033380 200.000000 7.692307
390 0.000507 0.050619 300.000000 8.130081
390 0.000406 0.055787 400.000000 9.153318
390 0.000424 0.033980 500.000000 8.992805
390 0.000188 0.035763 600.000000 8.321775
400 0.000574 0.027735 100.000000 9.523809
400 0.000603 0.043150 200.000000 7.407407
400 0.000543 0.063484 300.000000 8.196721
400 0.000434 0.067537 400.000000 9.216590
400 0.000435 0.036365 500.000000 8.944544
400 0.000226 0.035907 600.000000 8.064516
410 0.000571 0.031300 100.000000 9.615385
410 0.000677 0.048093 200.000000 7.326007
410 0.000561 0.068152 300.000000 8.287292
410 0.000451 0.071418 400.000000 9.280743
410 0.000330 0.033854 500.000000 8.445946
420 0.000584 0.031728 100.000000 9.523809
420 0.000701 0.050322 200.000000 7.299270
420 0.000546 0.069947 300.000000 8.379889
420 0.000484 0.072948 400.000000 9.237875
420 0.000316 0.035162 500.000000 8.278146
430 0.000849 0.034061 100.000000 9.259259
430 0.000705 0.049041 200.000000 7.326007
430 0.000521 0.066504 300.000000 8.450705
430 0.000613 0.064807 400.000000 9.090909
430 0.000288 0.035292 500.000000 8.250825
440 0.001043 0.043995 100.000000 9.090909
440 0.000786 0.059474 200.000000 7.352941
440 0.000526 0.074568 300.000000 8.547009
440 0.000697 0.064916 400.000000 8.968610
440 0.000297 0.039643 500.000000 8.237232
450 0.000927 0.041014 100.000000 8.928572
450 0.000766 0.054210 200.000000 7.380074
450 0.000458 0.067987 300.000000 8.645534
450 0.000667 0.054266 400.000000 8.928572
450 0.000276 0.037636 500.000000 8.237232
460 0.000983 0.033441 100.000000 8.620689
460 0.000711 0.039087 200.000000 7.434944
460 0.000418 0.051066 300.000000 8.720930
460 0.000557 0.037405 400.000000 8.908686
460 0.000219 0.036689 500.000000 8.237232
470 0.000789 0.032054 100.000000 8.474576
470 0.000626 0.039159 200.000000 7.462687
470 0.000411 0.048591 300.000000 8.823529
470 0.000504 0.033450 400.000000 8.908686
470 0.000198 0.036098 500.000000 8.237232
480 0.000779 0.033890 100.000000 8.196721
480 0.000556 0.041103 200.000000 7.490637
480 0.000392 0.048368 300.000000 8.902077
480 0.000466 0.032263 400.000000 8.908686
480 0.000204 0.037126 500.000000 8.223684
490 0.000848 0.032509 100.000000 7.518797
490 0.000508 0.040625 200.000000 7.547170
490 0.000380 0.046675 300.000000 8.982036
490 0.000440 0.031395 400.000000 8.888889
490 0.000207 0.037812 500.000000 8.183306
500 0.000674 0.021557 100.000000 6.134969
500 0.000547 0.040253 200.000000 7.604563
500 0.000403 0.043920 300.000000 9.063444
500 0.000417 0.030760 400.000000 8.830022
500 0.000206 0.038878 500.000000 8.012820
510 0.000790 0.022177 100.000000 5.917160
510 0.000572 0.044474 200.000000 7.692307
510 0.000417 0.046478 300.000000 9.118541
510 0.000335 0.031576 400.000000 8.438819
520 0.000743 0.022419 100.000000 5.847953
520 0.000536 0.047054 200.000000 7.782101
520 0.000435 0.049309 300.000000 9.118541
520 0.000260 0.031018 400.000000 8.000000
530 0.000773 0.014071 100.000000 5.917160
530 0.000502 0.036922 200.000000 7.936508
530 0.000502 0.037969 300.000000 9.063444
530 0.000233 0.034056 400.000000 7.984032
540 0.000641 0.015260 100.000000 6.024096
540 0.000403 0.035075 200.000000 8.097166
540 0.000667 0.035715 300.000000 8.955224
540 0.000201 0.035108 400.000000 8.016032
550 0.000648 0.013625 100.000000 6.134969
550 0.000342 0.034033 200.000000 8.264462
550 0.000637 0.032908 300.000000 8.902077
550 0.000219 0.036728 400.000000 8.032128
560 0.000636 0.013020 100.000000 6.250000
560 0.000343 0.026760 200.000000 8.438819
560 0.000619 0.028314 300.000000 8.902077
560 0.000207 0.039604 400.000000 8.064516
570 0.000558 0.021454 100.000000 6.369427
570 0.000353 0.025597 200.000000 8.620689
570 0.000504 0.033470 300.000000 8.928572
570 0.000200 0.042276 400.000000 8.097166
580 0.000511 0.010175 100.000000 6.535948
580 0.000254 0.020038 200.000000 8.810573
580 0.000453 0.030228 300.000000 8.982036
580 0.000266 0.041362 400.000000 8.146640
590 0.000667 0.026885 100.000000 6.666667
590 0.000357 0.041314 200.000000 9.009009
590 0.000497 0.033707 300.000000 9.036144
590 0.000278 0.041104 400.000000 8.179959
600 0.000474 0.014090 100.000000 6.849315
600 0.000275 0.025590 200.000000 9.216590
600 0.000433 0.031454 300.000000 9.118541
600 0.000281 0.042038 400.000000 8.213552
610 0.000195 0.013425 100.000000 7.092198
610 0.000293 0.018612 200.000000 9.478673
610 0.000362 0.038230 300.000000 9.230769
610 0.000284 0.043572 400.000000 8.264462
620 0.000282 0.007687 100.000000 7.407407
620 0.000297 0.017578 200.000000 9.852217
620 0.000368 0.036851 300.000000 9.404388
620 0.000278 0.043246 400.000000 8.333333
630 0.000226 0.010896 100.000000 7.936508
630 0.000280 0.020257 200.000000 10.256411
630 0.000350 0.037503 300.000000 9.615385
630 0.000291 0.043268 400.000000 8.438819
640 0.000240 0.015249 100.000000 8.547009
640 0.000236 0.018918 200.000000 10.752688
640 0.000366 0.037197 300.000000 9.868421
640 0.000306 0.043364 400.000000 8.565310
650 0.000448 0.031748 100.000000 9.174312
650 0.000255 0.030781 200.000000 11.235955
650 0.000425 0.036841 300.000000 10.101010
650 0.000322 0.044632 400.000000 8.658009
660 0.000570 0.044384 100.000000 9.803922
660 0.000268 0.040860 200.000000 11.764706
660 0.000460 0.038946 300.000000 10.309278
660 0.000344 0.047134 400.000000 8.658009
670 0.000458 0.039270 100.000000 10.416667
670 0.000260 0.035058 200.000000 12.195122
670 0.000426 0.039796 300.000000 10.309278
670 0.000356 0.046677 400.000000 8.179959
680 0.000369 0.030777 100.000000 10.989011
680 0.000282 0.027374 200.000000 12.500000
680 0.000290 0.042744 300.000000 9.554140
690 0.000333 0.034095 100.000000 11.494253
690 0.000301 0.029348 200.000000 12.578616
690 0.000297 0.044136 300.000000 9.063444
700 0.000259 0.035560 100.000000 11.904762
700 0.000498 0.031275 200.000000 12.048193
700 0.000309 0.045486 300.000000 8.982036
710 0.000268 0.032159 100.000000 12.345679
710 0.000788 0.034362 200.000000 11.494253
710 0.000326 0.047359 300.000000 8.928572
720 0.000572 0.029510 100.000000 12.820513
720 0.000674 0.046789 200.000000 11.173184
720 0.000320 0.050045 300.000000 8.875740
730 0.000699 0.033571 100.000000 13.333333
730 0.000458 0.055769 200.000000 10.989011
730 0.000349 0.050692 300.000000 8.849558
740 0.000613 0.027240 100.000000 13.698630
740 0.000422 0.052098 200.000000 10.928962
740 0.000384 0.049827 300.000000 8.797654
750 0.000560 0.025681 100.000000 14.084507
750 0.000457 0.054091 200.000000 10.810811
750 0.000398 0.052672 300.000000 8.695652
760 0.000448 0.029957 100.000000 14.285714
760 0.000432 0.059265 200.000000 10.526316
760 0.000477 0.056799 300.000000 8.356546
770 0.000506 0.038392 100.000000 14.084507
770 0.000368 0.065062 200.000000 8.771930
780 0.000578 0.040191 100.000000 12.500000
780 0.000466 0.066223 200.000000 8.000000
790 0.001494 0.046881 100.000000 10.416667
790 0.000583 0.071419 200.000000 7.782101
800 0.001532 0.062412 100.000000 9.523809
800 0.000708 0.082418 200.000000 7.604563
810 0.001295 0.080588 100.000000 9.009009
810 0.000767 0.089508 200.000000 7.434944
820 0.001277 0.095981 100.000000 8.620689
820 0.000821 0.098341 200.000000 7.246377
830 0.001247 0.108583 100.000000 8.064516
830 0.000880 0.103582 200.000000 6.756757
840 0.001186 0.119622 100.000000 6.097561
850 0.001252 0.095226 100.000000 5.780347
860 0.001005 0.049954 100.000000 5.847953
870 0.001322 0.037550 100.000000 5.988024
880 0.001642 0.074433 100.000000 6.097561
890 0.001511 0.062761 100.000000 6.211180
900 0.001577 0.076267 100.000000 6.250000
910 0.001535 0.070953 100.000000 6.289308
920 0.001428 0.065142 100.000000 6.289308
930 0.001426 0.077586 100.000000 6.250000
940 0.001407 0.081377 100.000000 6.134969
950 0.001382 0.088232 100.000000 5.813953
960 0.001254 0.087765 100.000000 4.807693
