1 0 0 0 0 1 0 0 0 0 1 0
1 8.79273e-05 0.000407116 0.0049765 -8.65355e-05 0.999993 -0.00362502 0.0143482 -0.000407419 0.00362475 0.999994 0.98441
0.999999 -0.000815098 0.00125773 0.00219001 0.000819763 0.999993 -0.00378924 0.00103865 -0.00125471 0.00379021 0.999992 1.93636
0.999995 -0.00183666 0.00246604 -0.000587203 0.00183697 0.999998 -0.000174663 -0.00278386 -0.0024657 0.000178951 0.999998 2.88454
0.999991 -0.00402674 0.000866332 -0.000339029 0.00402223 0.99998 0.00499079 -0.00560239 -0.0008865 -0.00498736 0.999988 3.83686
0.999987 -0.00503009 -0.000545247 -0.00157124 0.00503302 0.999969 0.00597089 -0.0190449 0.000515229 -0.00597382 0.999983 4.77479
0.999966 -0.00831858 -0.00029427 -0.0029486 0.00831931 0.99996 0.00336457 -0.029058 0.000266202 -0.00336703 0.999995 5.70984
0.999969 -0.00775258 -0.00187277 -0.00244407 0.00775736 0.999966 0.00269285 -0.0323066 0.00185186 -0.0027076 0.999996 6.63755
0.999965 -0.00804306 -0.00250828 -0.0096395 0.00804966 0.999964 0.00271932 -0.0365002 0.0024863 -0.00273951 0.999994 7.56326
0.999966 -0.00794448 -0.00251212 -0.0205208 0.00795388 0.999961 0.00388756 -0.0399434 0.00248117 -0.00390772 0.999991 8.49095
0.999961 -0.007873 -0.00424211 -0.0255584 0.00789821 0.999951 0.00601208 -0.0489186 0.00419457 -0.00604545 0.999974 9.41153
0.999958 -0.00767265 -0.0051725 -0.0317856 0.00771157 0.999942 0.00761369 -0.0552817 0.00511375 -0.00765357 0.999959 10.3284
0.999956 -0.00831906 -0.00460913 -0.0382515 0.00835912 0.999926 0.00879757 -0.0638617 0.00453553 -0.00883582 0.999951 11.2456
0.999945 -0.00858224 -0.00627887 -0.0418167 0.00864029 0.999919 0.00934025 -0.0621298 0.00619821 -0.00939428 0.999939 12.1552
0.999942 -0.00847023 -0.00686024 -0.0502943 0.00853244 0.999922 0.00912755 -0.0579257 0.00678234 -0.00918568 0.999936 13.0618
0.999939 -0.0085558 -0.00717601 -0.0575124 0.00861855 0.999925 0.00880702 -0.0521673 0.00710024 -0.0088687 0.999938 13.962
0.999919 -0.00844359 -0.0096733 -0.0662424 0.00852889 0.999924 0.00883507 -0.0487408 0.00959788 -0.00891696 0.999915 14.8604
0.999906 -0.00821772 -0.0111681 -0.0817327 0.00831725 0.999926 0.00892022 -0.0449956 0.011094 -0.00901262 0.999901 15.7561
0.999905 -0.00779636 -0.0115414 -0.0993222 0.00790053 0.999928 0.00903404 -0.0451213 0.0114701 -0.00912442 0.999894 16.6385
0.999879 -0.00715318 -0.0139244 -0.118976 0.00728234 0.999931 0.00926909 -0.0426736 0.0138572 -0.00936975 0.999863 17.5344
0.999857 -0.00741548 -0.0152932 -0.139578 0.0075701 0.99992 0.0100966 -0.0419165 0.0152171 -0.010211 0.999834 18.4176
0.999846 -0.00761348 -0.0159459 -0.160184 0.00778919 0.999909 0.0110032 -0.0413972 0.0158607 -0.0111261 0.999816 19.3001
0.99981 -0.00756979 -0.0180702 -0.179338 0.00778149 0.999901 0.0116916 -0.0390317 0.0179799 -0.0118301 0.999771 20.1822
0.999779 -0.00775484 -0.0196429 -0.197051 0.00799697 0.999893 0.0122921 -0.0406691 0.0195456 -0.0124468 0.999735 21.0551
0.999762 -0.00758677 -0.0205511 -0.220004 0.00784613 0.99989 0.0125856 -0.0375619 0.0204534 -0.012744 0.999712 21.9157
0.999718 -0.00762691 -0.022591 -0.240265 0.00792332 0.999883 0.0130732 -0.0316413 0.0224887 -0.0132489 0.999663 22.7832
0.999713 -0.00784761 -0.0227498 -0.265333 0.00817648 0.999863 0.0144152 -0.0265627 0.0226335 -0.0145972 0.999641 23.6326
0.99967 -0.0084357 -0.024377 -0.288164 0.0088344 0.999829 0.0163031 -0.0221543 0.0242354 -0.0165134 0.999574 24.4913
0.999652 -0.00827166 -0.0251759 -0.311277 0.00870745 0.999813 0.0172629 -0.0160268 0.0250284 -0.0174763 0.999538 25.3307
0.999662 -0.00795874 -0.0248614 -0.337106 0.00839321 0.999813 0.0174296 -0.011364 0.0247182 -0.0176327 0.999543 26.1518
0.999632 -0.00753121 -0.0261978 -0.361487 0.00798959 0.999816 0.0174496 -0.00260471 0.0260617 -0.0176527 0.999508 26.9691
0.999612 -0.00745037 -0.0269368 -0.387849 0.00792554 0.999814 0.0175869 0.00551044 0.0268009 -0.017794 0.999487 27.7693
0.999611 -0.00732856 -0.0270263 -0.414541 0.00781674 0.999807 0.018015 0.0172926 0.0268891 -0.0182194 0.999476 28.5586
0.999562 -0.00721987 -0.0288128 -0.43968 0.0077522 0.9998 0.0184173 0.022235 0.0286742 -0.0186329 0.99942 29.3458
0.999514 -0.0067117 -0.0305673 -0.465156 0.00728473 0.999798 0.018687 0.028861 0.0304358 -0.0189008 0.999362 30.1156
0.99948 -0.00630861 -0.0317465 -0.494457 0.00691857 0.999792 0.0191512 0.034068 0.0316193 -0.0193612 0.999317 30.8794
0.999391 -0.00628955 -0.0344228 -0.523575 0.00698099 0.999775 0.0200141 0.0434417 0.0342893 -0.0202425 0.99921 31.6381
0.99932 -0.00617702 -0.0364491 -0.552221 0.00695272 0.999751 0.0212032 0.0514424 0.0363093 -0.0214425 0.999116 32.3864
0.99924 -0.00634557 -0.0385399 -0.582551 0.00724604 0.999702 0.0232807 0.0609974 0.0383809 -0.0235425 0.998989 33.135
0.999152 -0.00564906 -0.040873 -0.615359 0.00661885 0.999699 0.0236385 0.0671757 0.0407274 -0.0238893 0.99889 33.8592
0.999111 -0.00451591 -0.0419852 -0.65211 0.00551415 0.999703 0.0237 0.0767684 0.0418658 -0.0239107 0.99884 34.5686
0.999018 -0.0040619 -0.044213 -0.687887 0.0051257 0.999699 0.0239814 0.084815 0.0441026 -0.0241848 0.99874 35.2711
0.998955 -0.00400035 -0.045612 -0.721297 0.00513645 0.999677 0.0248259 0.0978138 0.0454981 -0.0250345 0.998654 35.9639
0.99893 -0.00349308 -0.0462017 -0.760652 0.00467693 0.999662 0.0255488 0.107071 0.0460971 -0.0257378 0.998611 36.6493
0.998907 -0.00255583 -0.0467476 -0.799171 0.00376508 0.999659 0.0258055 0.11681 0.0466658 -0.0259536 0.998577 37.3259
0.998966 -0.00123479 -0.0455464 -0.839197 0.00240402 0.999668 0.025634 0.121501 0.0455 -0.0257173 0.998639 37.9875
0.999083 -0.000689859 -0.0428907 -0.874046 0.00177279 0.999679 0.025225 0.135572 0.0428597 -0.0252782 0.998764 38.6359
0.999156 -0.000675052 -0.0412042 -0.902456 0.00170884 0.999683 0.0250695 0.146013 0.0411746 -0.025119 0.998842 39.2783
0.999278 -0.000232089 -0.0380856 -0.930647 0.00120195 0.999674 0.025455 0.159279 0.0380674 -0.0254827 0.998953 39.9156
0.999415 0.0031297 -0.0342191 -0.961312 -0.00216006 0.999595 0.028349 0.167235 0.0342943 -0.0282586 0.999019 40.5494
0.999496 0.00723803 -0.0310252 -0.989827 -0.00622316 0.999445 0.032695 0.18228 0.0312446 -0.0324859 0.998987 41.1678
0.999589 0.0113434 -0.0265329 -1.01728 -0.0104384 0.999366 0.034018 0.193923 0.0269023 -0.0337271 0.999076 41.7651
0.999707 0.0131528 -0.0205128 -1.036 -0.0124468 0.999337 0.0341888 0.208615 0.0209489 -0.0339239 0.999209 42.352
0.999782 0.0147063 -0.0152696 -1.05157 -0.0141615 0.999278 0.0352181 0.221123 0.0157769 -0.0349942 0.999269 42.9199
0.999807 0.0179118 -0.00855499 -1.06488 -0.0175913 0.999188 0.0362121 0.24038 0.00919656 -0.0360549 0.999311 43.4683
0.999813 0.0196656 -0.000800545 -1.07163 -0.0196239 0.999146 0.0363121 0.250227 0.00151427 -0.0362895 0.999347 43.9987
0.999767 0.0209418 0.00611113 -1.07208 -0.0211508 0.999113 0.0363677 0.254568 -0.00534423 -0.0364887 0.999324 44.5067
0.999646 0.0230459 0.0137765 -1.0733 -0.0235324 0.999064 0.0362377 0.265238 -0.0129281 -0.0365489 0.999255 44.997
0.999404 0.0266293 0.0222388 -1.0698 -0.0273927 0.999019 0.0347545 0.282737 -0.0212916 -0.0353432 0.999153 45.4588
0.999183 0.0273469 0.0300203 -1.0593 -0.0283684 0.999011 0.0341339 0.285385 -0.029057 -0.0349574 0.998972 45.9014
0.998856 0.0283687 0.0386563 -1.03587 -0.0296751 0.998991 0.0336463 0.299975 -0.037663 -0.0347551 0.99869 46.3225
0.998556 0.0277895 0.0461344 -1.01209 -0.0293745 0.998985 0.0340347 0.292678 -0.0451415 -0.0353406 0.998361 46.7242
0.998129 0.0286233 0.0541427 -0.994677 -0.0305038 0.998946 0.0342272 0.300111 -0.0531061 -0.0358149 0.997951 47.0989
0.997525 0.030686 0.0633936 -0.977162 -0.0328875 0.998878 0.0339755 0.299908 -0.0622797 -0.0359761 0.997416 47.4591
0.996828 0.035135 0.0715155 -0.96129 -0.0376154 0.998724 0.0336363 0.310186 -0.0702426 -0.0362199 0.996877 47.792
0.996025 0.0381707 0.0806015 -0.944645 -0.0410039 0.998584 0.0337902 0.318725 -0.0791975 -0.0369607 0.99618 48.1027
0.995257 0.0378016 0.0897259 -0.909775 -0.0410052 0.998574 0.0341328 0.314135 -0.0883078 -0.0376503 0.995387 48.3959
0.994286 0.0375209 0.100038 -0.881184 -0.0410497 0.998593 0.0334504 0.322705 -0.0986419 -0.0373656 0.994427 48.6629
0.993066 0.0371756 0.111591 -0.843085 -0.0408087 0.998701 0.0304513 0.336219 -0.110314 -0.0347943 0.993293 48.9395
0.991396 0.0380268 0.125331 -0.802008 -0.0417903 0.998743 0.0275342 0.34219 -0.124126 -0.0325346 0.991738 49.2
0.989343 0.0379765 0.140618 -0.763878 -0.0421469 0.99875 0.0267987 0.35135 -0.139425 -0.03244 0.989708 49.46
0.98681 0.0381758 0.157383 -0.717173 -0.0428176 0.998735 0.0262063 0.355466 -0.156184 -0.0325991 0.987195 49.7201
0.984 0.0381755 0.17408 -0.666963 -0.0432807 0.998732 0.0256241 0.355193 -0.172881 -0.0327486 0.984405 49.9657
0.980657 0.0376266 0.192138 -0.60319 -0.0431817 0.998755 0.0248043 0.355779 -0.190966 -0.032621 0.98106 50.2231
0.976654 0.0365789 0.211721 -0.528453 -0.0426782 0.998791 0.0243095 0.359901 -0.210575 -0.032778 0.977035 50.4762
0.972112 0.0367501 0.231667 -0.459398 -0.0434007 0.998773 0.0236738 0.360745 -0.230513 -0.0330677 0.972513 50.7164
0.966802 0.0383816 0.252659 -0.39049 -0.0455871 0.9987 0.0227251 0.36926 -0.251458 -0.0334889 0.967296 50.9658
0.960405 0.0395017 0.275832 -0.299634 -0.0471417 0.998661 0.0211199 0.374802 -0.274629 -0.0332864 0.960981 51.2113
0.953297 0.0400835 0.299393 -0.225051 -0.0484786 0.998608 0.0206629 0.368804 -0.298147 -0.0342122 0.953914 51.4611
0.945 0.0411384 0.324508 -0.127322 -0.0502875 0.998534 0.0198542 0.376241 -0.323216 -0.0350805 0.945682 51.7196
0.935121 0.0425914 0.351788 -0.0280422 -0.0527066 0.998423 0.0192227 0.381598 -0.350414 -0.0365172 0.935891 51.9791
0.924071 0.042654 0.379864 0.0761487 -0.0534777 0.998403 0.0179817 0.380625 -0.378491 -0.0369302 0.924875 52.2136
0.911202 0.0423853 0.4098 0.204409 -0.053856 0.998409 0.0164841 0.374438 -0.408449 -0.0370906 0.912036 52.4442
0.895884 0.0415928 0.442362 0.343008 -0.0534285 0.998464 0.0143232 0.378619 -0.441089 -0.0364663 0.89673 52.6836
0.878613 0.0414484 0.475754 0.49138 -0.0535742 0.998489 0.0119486 0.385862 -0.47454 -0.0359864 0.879507 52.9058
0.858855 0.0419145 0.510524 0.65372 -0.054328 0.998474 0.00941879 0.393191 -0.509352 -0.0358247 0.859821 53.144
0.837033 0.0434626 0.545443 0.827659 -0.05568 0.998427 0.0058873 0.40014 -0.544329 -0.0352982 0.838139 53.3745
0.81248 0.043949 0.581351 1.01781 -0.0563678 0.9984 0.00329959 0.399454 -0.580278 -0.0354498 0.813657 53.6095
0.785102 0.046625 0.617628 1.22707 -0.0601551 0.998185 0.00111208 0.394601 -0.616454 -0.0380266 0.786483 53.8563
0.755515 0.0476078 0.653419 1.44396 -0.0614439 0.998105 -0.00167817 0.385965 -0.652262 -0.0388801 0.757007 54.0902
0.722605 0.047426 0.689649 1.69167 -0.0614994 0.998094 -0.00420005 0.372941 -0.688533 -0.0393781 0.724146 54.3241
0.68581 0.0462906 0.726324 1.97277 -0.0605523 0.99814 -0.00644027 0.358544 -0.725274 -0.0395633 0.687336 54.565
0.646891 0.0457774 0.761222 2.26671 -0.0602115 0.998142 -0.00885795 0.353076 -0.760213 -0.0401043 0.648446 54.7875
0.604437 0.0455525 0.795366 2.59629 -0.0598768 0.998133 -0.0116631 0.348224 -0.794415 -0.0405738 0.606034 55.016
0.558747 0.045013 0.82813 2.93701 -0.0589286 0.998152 -0.0144958 0.341083 -0.827252 -0.040701 0.560368 55.2201
0.510642 0.0442173 0.858671 3.31327 -0.0576568 0.998185 -0.0171145 0.33096 -0.857872 -0.0407683 0.512263 55.422
0.461516 0.0431624 0.886095 3.71626 -0.0566675 0.998205 -0.0191096 0.316789 -0.885329 -0.0413934 0.463134 55.6176
0.412181 0.0401309 0.910232 4.12659 -0.0580197 0.998154 -0.0177348 0.305355 -0.909266 -0.045501 0.413746 55.7934
0.36227 0.0396579 0.931243 4.56827 -0.0613444 0.997938 -0.0186352 0.295199 -0.930061 -0.0503755 0.363956 55.9566
0.312688 0.0392121 0.94906 5.02685 -0.0607083 0.997925 -0.0212301 0.298762 -0.947926 -0.0509769 0.314418 56.0974
0.265548 0.0353804 0.963462 5.49801 -0.0536805 0.998314 -0.021866 0.28145 -0.96261 -0.0459125 0.266999 56.1989
0.221259 0.0302366 0.974759 5.99508 -0.0428901 0.99885 -0.0212488 0.272609 -0.974284 -0.0371055 0.222299 56.2775
0.178946 0.0277266 0.983481 6.50592 -0.0358469 0.999119 -0.0216461 0.253243 -0.983213 -0.0313812 0.179782 56.3454
0.140513 0.0298454 0.989643 7.02663 -0.0331578 0.999122 -0.025424 0.261206 -0.989536 -0.0292415 0.141378 56.4031
0.107008 0.0293288 0.993839 7.55694 -0.0271033 0.999276 -0.026572 0.241416 -0.993896 -0.0240927 0.107725 56.4462
0.077536 0.0276136 0.996621 8.10218 -0.0207849 0.99944 -0.0260752 0.226068 -0.996786 -0.0186925 0.0780651 56.4732
0.0523245 0.0258373 0.99831 8.66352 -0.0165368 0.999547 -0.0250036 0.220981 -0.998501 -0.0152004 0.0527273 56.4899
0.0319864 0.0243476 0.999206 9.23689 -0.0132046 0.999622 -0.0239356 0.208522 -0.999414 -0.012428 0.0322944 56.4984
0.0154071 0.0247129 0.99959 9.81976 -0.0127524 0.999614 -0.024518 0.203483 -0.999808 -0.0123693 0.0157156 56.5057
0.00223584 0.0246764 0.999707 10.41 -0.0121785 0.999618 -0.0246475 0.193481 -0.999936 -0.0121194 0.00253422 56.5026
-0.00985579 0.0249183 0.999656 11.014 -0.0119027 0.999611 -0.0250356 0.182604 -0.999889 -0.0121452 -0.00955624 56.4952
-0.0190823 0.0266333 0.999478 11.6233 -0.00838752 0.999601 -0.0267973 0.167957 -0.999795 -0.00889403 -0.0188526 56.4796
-0.0263915 0.0266164 0.999312 12.2467 -0.00655932 0.999614 -0.0267988 0.159426 -0.999639 -0.0072618 -0.0262076 56.4622
-0.03072 0.026459 0.999193 12.8832 -0.00652388 0.999618 -0.0266713 0.151813 -0.99952 -0.00733745 -0.0305369 56.4417
-0.0350323 0.0253623 0.99908 13.5294 -0.00739411 0.999639 -0.0256369 0.139705 -0.999367 -0.00828515 -0.034833 56.4268
-0.0372017 0.0195159 0.999132 14.1987 -0.00926348 0.999755 -0.0198734 0.130822 -0.999278 -0.00999424 -0.0370131 56.4079
-0.0384582 0.0133415 0.999188 14.8737 -0.00862016 0.999865 -0.0136834 0.115881 -0.999232 -0.0091391 -0.0383389 56.384
-0.0389094 0.010644 0.999201 15.5593 -0.00576812 0.99992 -0.0108767 0.102801 -0.999239 -0.00618621 -0.0388461 56.3537
-0.0395152 0.0120709 0.999163 16.2395 -0.00498989 0.999909 -0.0122784 0.0970616 -0.999216 -0.00547057 -0.0394522 56.3271
-0.0381598 0.0178861 0.999127 16.9373 -0.00348096 0.999828 -0.018032 0.0865216 -0.999278 -0.0041655 -0.0380922 56.3
-0.0362371 0.0242561 0.999066 17.6366 -0.00342754 0.999693 -0.0243968 0.073125 -0.999347 -0.00430807 -0.0361437 56.2773
-0.0348069 0.0253039 0.999089 18.3483 -0.00311617 0.999668 -0.0254275 0.0688141 -0.999401 -0.00399784 -0.0347177 56.2579
-0.0319986 0.0226939 0.999247 19.0859 -0.00330774 0.999731 -0.022812 0.0482345 -0.999492 -0.00403487 -0.0319157 56.2368
-0.0293783 0.0154819 0.999464 19.8215 -0.00287424 0.999871 -0.015573 0.0232897 -0.999577 -0.00332966 -0.0293314 56.2179
-0.0274707 0.0132745 0.999552 20.5491 -0.00239644 0.999905 -0.0133462 0.00278317 -0.99963 -0.00276171 -0.0274371 56.202
-0.0237684 0.0176703 0.999577 21.2772 0.00350757 0.999836 -0.0175918 -0.0276078 -0.999724 0.00308847 -0.0238278 56.1808
-0.0205737 0.0222568 0.999558 21.999 0.00621965 0.999732 -0.0221339 -0.0539059 -0.999779 0.0057617 -0.0207074 56.1646
-0.0189477 0.0219013 0.999597 22.7261 0.00390092 0.999751 -0.0218312 -0.0690378 -0.999827 0.00348629 -0.0190297 56.1601
-0.0147957 0.0181313 0.999743 23.4662 -0.000751847 0.999832 -0.0181452 -0.0798002 -0.999901 -0.00101992 -0.0147803 56.1627
-0.0105799 0.0160494 0.999832 24.1946 0.00141177 0.999868 -0.0160355 -0.0978321 -0.999958 0.00124247 -0.0106026 56.1546
-0.00814791 0.0166026 0.999846 24.9248 0.00676703 0.999837 -0.0165485 -0.134496 -0.999955 0.00663137 -0.00825972 56.148
-0.00443214 0.0175143 0.999855 25.6664 0.00535026 0.99983 -0.0174906 -0.150026 -0.999991 0.00527253 -0.00452639 56.149
-0.000893316 0.0174075 0.999865 26.4009 0.00451675 0.999835 -0.0174041 -0.159009 -1 0.00450082 -0.000972605 56.1546
0.00202665 0.016362 0.999882 27.1383 0.00455267 0.999853 -0.0163713 -0.183358 -1 0.00458592 0.00195058 56.1647
0.00635022 0.0153301 0.99988 27.8809 0.00609881 0.99986 -0.0153697 -0.199682 -0.999973 0.00619592 0.006255 56.1679
0.00971747 0.013984 0.999874 28.6179 0.010943 0.999839 -0.0140904 -0.229234 -0.999909 0.0110791 0.00956156 56.1704
0.0120304 0.0141046 0.999846 29.3481 0.0105548 0.999839 -0.0142328 -0.241395 -0.999884 0.0107247 0.0118788 56.179
0.0154826 0.013907 0.999803 30.0943 0.0100409 0.999849 -0.0140637 -0.252627 -0.999846 0.0102572 0.0153393 56.1926
0.018734 0.0134809 0.999751 30.8385 0.0105037 0.999847 -0.0136803 -0.264759 -0.999782 0.0107576 0.0185887 56.2075
0.0215847 0.0129188 0.999703 31.5791 0.0112512 0.999847 -0.0131641 -0.287052 -0.99972 0.0115325 0.0214347 56.2249
0.0251836 0.013017 0.999616 32.3258 0.0100208 0.999858 -0.0132738 -0.298298 -0.999645 0.0103514 0.0250487 56.2466
0.0281364 0.0131059 0.999537 33.0725 0.00919421 0.999865 -0.0133696 -0.303418 -0.999579 0.00956671 0.0280107 56.2758
0.0302816 0.0128662 0.999476 33.8205 0.0105193 0.999854 -0.013191 -0.3219 -0.999499 0.0109133 0.030141 56.3008
0.0337035 0.0127066 0.99937 34.5744 0.00938605 0.999867 -0.01303 -0.328042 -0.999406 0.00981994 0.0335783 56.3331
0.0342291 0.0126143 0.999352 35.3345 0.00836243 0.999877 -0.0129085 -0.342299 -0.999392 0.00879902 0.0341185 56.3649
0.0388481 0.0125197 0.999186 36.0387 0.00820564 0.99988 -0.0128479 -0.347441 -0.99923 0.0086988 0.0387389 56.3946
0.0407748 0.0132072 0.999099 36.7963 0.0069429 0.99988 -0.0135021 -0.354779 -0.999158 0.00748736 0.0406774 56.4299
0.0436635 0.0158452 0.99894 37.5565 0.00663041 0.999843 -0.0161498 -0.372835 -0.999043 0.00732927 0.0435498 56.4695
0.0472486 0.0174237 0.998749 38.3342 0.00627981 0.999818 -0.0177407 -0.383025 -0.998877 0.00711032 0.0471298 56.5022
0.050433 0.0188378 0.998569 39.1067 0.00140098 0.999815 -0.0189326 -0.398735 -0.998746 0.00235453 0.0503955 56.5497
0.0526974 0.018742 0.998452 39.8864 -0.00228604 0.999818 -0.0186482 -0.402595 -0.998621 -0.00129978 0.05273 56.607
0.0563885 0.0180499 0.998265 40.6706 -0.0011508 0.999832 -0.0180137 -0.431211 -0.998428 -0.000132292 0.056398 56.6544
0.0602766 0.0184923 0.998029 41.4541 -0.00145323 0.999823 -0.018439 -0.449274 -0.998194 -0.000338917 0.0602922 56.7021
0.0633718 0.0188292 0.997832 42.2436 -0.00412215 0.999814 -0.0186053 -0.464042 -0.998002 -0.0029334 0.0634357 56.7594
0.0680625 0.0171885 0.997551 43.0396 -0.00456958 0.999841 -0.0169174 -0.478843 -0.997684 -0.003407 0.0681297 56.8195
0.0727461 0.016737 0.99723 43.8351 -0.00408049 0.999851 -0.0164838 -0.50288 -0.997363 -0.00286932 0.0728017 56.878
0.0770233 0.0200392 0.996847 44.6313 -0.00682165 0.999779 -0.0195723 -0.508236 -0.99702 -0.00529272 0.0771426 56.9533
0.0836884 0.0274418 0.996135 45.428 -0.00842125 0.999599 -0.0268302 -0.535137 -0.996477 -0.00614257 0.0838841 57.0286
0.0911803 0.0321381 0.995335 46.228 -0.00955311 0.999455 -0.0313972 -0.563373 -0.995802 -0.00664582 0.0914375 57.1012
0.098 0.0345898 0.994606 47.0326 -0.0129085 0.99935 -0.0334834 -0.58941 -0.995123 -0.00955669 0.098381 57.1999
0.106217 0.0332451 0.993806 47.8455 -0.0139437 0.999386 -0.0319427 -0.615051 -0.994259 -0.0104646 0.106616 57.2908
0.114071 0.0319848 0.992979 48.6603 -0.0143315 0.999425 -0.0305466 -0.646397 -0.99339 -0.0107456 0.114462 57.3889
0.120777 0.0304078 0.992233 49.4766 -0.0144842 0.999472 -0.0288678 -0.673138 -0.992589 -0.0108853 0.121153 57.4918
0.129385 0.0258194 0.991279 50.2955 -0.0152527 0.999588 -0.0240455 -0.691053 -0.991499 -0.0120077 0.129724 57.6085
0.136759 0.0193853 0.990434 51.1098 -0.0162121 0.999712 -0.0173294 -0.707376 -0.990487 -0.0136872 0.137034 57.7298
0.143586 0.0173962 0.989506 51.9168 -0.0163516 0.999744 -0.015204 -0.727941 -0.989525 -0.0139961 0.143832 57.855
0.151563 0.0189483 0.988287 52.7114 -0.0168717 0.999714 -0.0165811 -0.748502 -0.98832 -0.0141611 0.15184 57.9783
0.157625 0.0236408 0.987238 53.4994 -0.0173338 0.999619 -0.0211703 -0.780175 -0.987369 -0.0137747 0.157973 58.1084
0.162053 0.0255322 0.986473 54.2802 -0.0172401 0.99958 -0.0230405 -0.807731 -0.986648 -0.0132733 0.162425 58.2409
0.167995 0.0263708 0.985457 55.0583 -0.0173544 0.99956 -0.0237903 -0.83016 -0.985658 -0.0131045 0.168377 58.3786
0.173261 0.0271061 0.984524 55.8391 -0.0192634 0.999517 -0.0241299 -0.853295 -0.984704 -0.0147847 0.1737 58.5172
0.177584 0.0244754 0.983824 56.5964 -0.0179635 0.999599 -0.021626 -0.886676 -0.983965 -0.0138317 0.177951 58.6565
0.183088 0.0185129 0.982944 57.3604 -0.0164773 0.999734 -0.0157611 -0.900793 -0.982976 -0.0133107 0.183345 58.7995
0.186552 0.0116457 0.982399 58.1141 -0.0167467 0.999817 -0.00867268 -0.92115 -0.982326 -0.0148331 0.186711 58.9487
0.189071 0.00877418 0.981946 58.8481 -0.0182237 0.999813 -0.00542604 -0.918439 -0.981813 -0.016869 0.189196 59.104
0.193175 0.00796374 0.981156 59.5793 -0.0193897 0.999798 -0.00429807 -0.937824 -0.980996 -0.0181931 0.193289 59.2546
0.194793 0.00830191 0.980831 60.2936 -0.0204025 0.999776 -0.00441146 -0.942035 -0.980651 -0.0191523 0.194918 59.4041
0.197622 0.010029 0.980251 61.0054 -0.0220242 0.999736 -0.00578872 -0.948496 -0.980055 -0.0204444 0.197789 59.558
0.199479 0.0144318 0.979818 61.699 -0.0227807 0.999684 -0.0100876 -0.958054 -0.979657 -0.0203088 0.199745 59.7095
0.200786 0.0197985 0.979459 62.3794 -0.0243343 0.999583 -0.0152174 -0.967409 -0.979356 -0.0207781 0.201182 59.8594
0.203389 0.0201511 0.978913 63.06 -0.0232639 0.9996 -0.0157444 -0.985108 -0.978841 -0.0195713 0.203776 60.0031
0.204892 0.0199942 0.978604 63.7277 -0.0236403 0.999595 -0.0154741 -0.9823 -0.978523 -0.019963 0.20528 60.1511
0.205209 0.018343 0.978569 64.393 -0.0236836 0.999619 -0.0137721 -1.00137 -0.978452 -0.0203501 0.205566 60.2953
0.206654 0.017557 0.978281 65.0444 -0.024285 0.999618 -0.0128104 -1.01088 -0.978136 -0.0211093 0.206999 60.4356
0.206545 0.0170272 0.978312 65.6908 -0.0247677 0.999614 -0.01217 -1.02761 -0.978144 -0.0217171 0.206887 60.5734
0.2048 0.0165922 0.978688 66.3256 -0.0250407 0.999613 -0.0117075 -1.04017 -0.978507 -0.0221084 0.205135 60.7118
0.203579 0.0165565 0.978941 66.9458 -0.025781 0.999595 -0.0115454 -1.05292 -0.978739 -0.022888 0.203924 60.8454
0.200483 0.0168386 0.979577 67.5599 -0.026542 0.999574 -0.0117507 -1.06822 -0.979361 -0.0236432 0.200843 60.9756
0.199082 0.0215331 0.979769 68.1622 -0.0268225 0.999498 -0.0165176 -1.09026 -0.979636 -0.0229917 0.199559 61.1012
0.19685 0.0213495 0.980227 68.7584 -0.0254379 0.999533 -0.0166621 -1.10331 -0.980128 -0.0216541 0.197299 61.2203
0.193999 0.020804 0.980805 69.3503 -0.0253829 0.999541 -0.0161818 -1.10863 -0.980694 -0.0217567 0.194438 61.342
0.19243 0.0195007 0.981142 69.9288 -0.0254174 0.999562 -0.0148823 -1.11453 -0.981006 -0.0220734 0.19284 61.4599
0.190432 0.0180907 0.981558 70.4963 -0.0252711 0.999583 -0.0135211 -1.13151 -0.981397 -0.0222303 0.19081 61.573
0.187758 0.0164796 0.982103 71.0565 -0.0240065 0.999633 -0.0121847 -1.15769 -0.981946 -0.0212882 0.188083 61.6757
0.18657 0.0187841 0.982287 71.5988 -0.0209202 0.999661 -0.015144 -1.17765 -0.982241 -0.0177243 0.1869 61.7784
0.184057 0.0186819 0.982765 72.144 -0.0184934 0.999704 -0.0155409 -1.19809 -0.982766 -0.0153134 0.184347 61.8769
0.181692 0.0188089 0.983201 72.6887 -0.0183839 0.999702 -0.0157283 -1.2026 -0.983206 -0.0152176 0.181983 61.9764
0.1809 0.018731 0.98335 73.2241 -0.0184648 0.999702 -0.0156462 -1.21297 -0.983353 -0.0153261 0.181191 62.0801
0.179683 0.0180421 0.983584 73.7746 -0.0172181 0.999731 -0.0151939 -1.22544 -0.983596 -0.0142055 0.179945 62.1809
0.179168 0.0162361 0.983711 74.3255 -0.0147299 0.999791 -0.0138192 -1.25374 -0.983733 -0.0120132 0.179368 62.2743
0.181964 0.0145055 0.983224 74.8641 -0.0107159 0.999856 -0.0127689 -1.27233 -0.98327 -0.00821286 0.182093 62.365
0.183793 0.013664 0.982897 75.4208 -0.00868962 0.999883 -0.0122757 -1.28408 -0.98295 -0.00628394 0.183889 62.4664
0.186609 0.0135245 0.982367 75.9765 -0.00958855 0.999878 -0.0119453 -1.29023 -0.982411 -0.00719063 0.186715 62.5808
0.192438 0.0141668 0.981234 76.5362 -0.0118429 0.999853 -0.0121134 -1.29567 -0.981262 -0.00928864 0.192576 62.7046
0.198724 0.0132688 0.979992 77.0972 -0.0107576 0.999873 -0.0113577 -1.31012 -0.98002 -0.00828561 0.198842 62.8145
0.20627 0.0128143 0.978438 77.6656 -0.0109362 0.999878 -0.01079 -1.31491 -0.978459 -0.00847385 0.206384 62.9402
0.214662 0.0121447 0.976639 78.2381 -0.0105941 0.999888 -0.0101064 -1.32111 -0.976655 -0.00817737 0.214766 63.0729
0.223972 0.0116032 0.974554 78.8157 -0.011018 0.999892 -0.00937306 -1.32824 -0.974559 -0.00863745 0.224074 63.2171
0.23319 0.0116954 0.972388 79.4047 -0.012286 0.999879 -0.00908093 -1.34355 -0.972377 -0.00982948 0.233305 63.3663
0.243319 0.0140565 0.969872 79.9846 -0.0162486 0.99981 -0.0104144 -1.34478 -0.969836 -0.0132242 0.243499 63.5275
0.252555 0.0154924 0.967485 80.5862 -0.0183234 0.999765 -0.0112273 -1.34815 -0.967433 -0.0148924 0.252779 63.6959
0.264075 0.0164707 0.96439 81.184 -0.0199006 0.999731 -0.0116254 -1.34555 -0.964322 -0.0161211 0.264331 63.8731
0.2746 0.0169575 0.961436 81.7991 -0.0206304 0.999713 -0.0117415 -1.35604 -0.961362 -0.0166109 0.274871 64.0567
0.284889 0.0176276 0.958427 82.42 -0.0219252 0.999685 -0.0118698 -1.35744 -0.958335 -0.0176312 0.285185 64.2529
0.294747 0.0175649 0.955442 83.0554 -0.0221375 0.999684 -0.0115503 -1.36891 -0.955345 -0.017747 0.295042 64.459
0.304866 0.0182405 0.95225 83.6985 -0.0239425 0.999643 -0.0114836 -1.3679 -0.952121 -0.0192974 0.305193 64.6764
0.317325 0.0145699 0.948233 84.3361 -0.0240971 0.999678 -0.00729765 -1.36855 -0.948037 -0.0205342 0.317574 64.9031
0.326362 0.00724708 0.945248 85.011 -0.0214889 0.999765 -0.000246179 -1.38725 -0.945028 -0.0202311 0.32644 65.1453
0.337905 0.00349429 0.941202 85.6901 -0.019152 0.999807 0.00316268 -1.38933 -0.941012 -0.0190949 0.337907 65.3851
0.348382 0.00145457 0.937383 86.3729 -0.0177551 0.999825 0.00504672 -1.38421 -0.937213 -0.0184006 0.348346 65.645
0.356581 -0.00109475 0.934293 87.0706 -0.014097 0.999875 0.00655046 -1.38961 -0.934186 -0.0155067 0.35652 65.9104
0.365053 -0.00475535 0.931006 87.7676 -0.00808729 0.999928 0.00827783 -1.37494 -0.930981 -0.0105502 0.364988 66.1783
0.372945 -0.0144209 0.927772 88.4803 0.00207256 0.999885 0.0147073 -1.37424 -0.92788 -0.00356233 0.372932 66.4492
0.378688 -0.0181989 0.925377 89.228 0.00731784 0.999829 0.0166678 -1.37358 -0.925525 0.000460879 0.378756 66.7496
0.386323 -0.0191829 0.922194 89.9364 0.0100151 0.999807 0.0166006 -1.36122 -0.922338 0.00282252 0.38644 67.0446
0.392829 -0.0139771 0.919538 90.6553 0.0119593 0.999873 0.0100886 -1.35755 -0.919564 0.0070349 0.392946 67.352
0.400555 -0.00993702 0.91625 91.3592 0.0155681 0.999866 0.00403667 -1.34858 -0.91617 0.0126472 0.400656 67.6556
0.406096 -0.00949436 0.913814 92.071 0.0149948 0.999876 0.00372433 -1.33979 -0.913738 0.012191 0.406188 67.9727
0.410701 -0.00762737 0.911769 92.7782 0.00897532 0.999946 0.00432084 -1.33565 -0.911756 0.00640863 0.410747 68.3077
0.415549 -0.00465885 0.909592 93.4645 0.00445325 0.999981 0.00308669 -1.33069 -0.909591 0.00276903 0.415561 68.6366
0.419549 -0.00385538 0.907756 94.146 0.00357507 0.999986 0.00259348 -1.34744 -0.907756 0.00215687 0.419557 68.9566
0.423412 -0.00238487 0.905968 94.8244 0.00240545 0.999993 0.00150746 -1.3406 -0.905966 0.00154209 0.423414 69.2812
0.427332 -0.00089459 0.904126 95.4883 0.00101735 0.999995 0.000507372 -1.3359 -0.904126 0.000702651 0.42733 69.6048
0.431323 -0.00170917 0.90223 96.1473 0.00120898 0.999994 0.00131569 -1.33296 -0.902229 0.000524391 0.431322 69.9255
0.434685 -0.00380957 0.900607 96.8034 0.00185016 0.999988 0.00333581 -1.34811 -0.900612 0.000215876 0.434687 70.2456
0.438696 -0.0051893 0.898656 97.4436 0.00236855 0.999983 0.0046174 -1.34416 -0.898665 0.000103982 0.4387 70.5596
0.441456 -0.00591058 0.897297 98.0736 0.00258719 0.999978 0.00531292 -1.34457 -0.897312 -2.43384e-05 0.441462 70.8772
0.445484 -0.00529468 0.89531 98.6883 0.00158753 0.999981 0.00512299 -1.34787 -0.895321 -0.000859715 0.445483 71.1916
0.448118 -0.00552375 0.893991 99.2997 0.0018555 0.999979 0.00524747 -1.356 -0.894005 -0.000693053 0.448119 71.4992
0.450048 -0.00681087 0.893015 99.9039 0.00309687 0.999973 0.00606513 -1.36061 -0.893032 3.70945e-05 0.450057 71.8028
0.451253 -0.00762926 0.892398 100.502 0.00389274 0.999965 0.00657943 -1.36979 -0.892421 0.000504528 0.451267 72.1077
0.45343 -0.00766887 0.891297 101.083 0.00335319 0.999966 0.0068972 -1.36437 -0.891318 -0.00013758 0.453442 72.4086
0.454214 -0.00793025 0.890892 101.656 0.00476927 0.999962 0.00646859 -1.37259 -0.890914 0.00131046 0.454235 72.7101
0.456271 -0.00677903 0.889854 102.222 0.00411601 0.999971 0.00550666 -1.37728 -0.889865 0.00115123 0.456288 73.006
0.459437 -0.00763576 0.888213 102.773 0.0053997 0.999962 0.00580242 -1.38307 -0.888229 0.00213001 0.459461 73.2894
0.462262 -0.00823753 0.886746 103.324 0.00696647 0.999954 0.0056568 -1.39414 -0.88675 0.00356369 0.462301 73.577
0.46429 -0.00921611 0.88567 103.871 0.00978933 0.999932 0.00527225 -1.39073 -0.885664 0.00622202 0.464349 73.8618
0.467597 -0.0101316 0.883926 104.396 0.0109194 0.999917 0.005684 -1.39432 -0.883909 0.00699528 0.467672 74.1369
0.470417 -0.0108219 0.882413 104.915 0.0115197 0.999908 0.00612062 -1.39608 -0.882405 0.00728569 0.470498 74.4169
0.472812 -0.0114907 0.881131 105.439 0.0121756 0.999898 0.00650531 -1.40001 -0.881114 0.00765366 0.472907 74.7002
0.476328 -0.0120223 0.879221 105.941 0.0124638 0.999891 0.00691899 -1.40402 -0.879216 0.00766248 0.476426 74.975
0.479338 -0.0109344 0.877604 106.463 0.0118761 0.999904 0.00597079 -1.40776 -0.877585 0.00756166 0.479426 75.256
0.48318 -0.0114873 0.875482 106.962 0.0145671 0.999874 0.00507886 -1.41024 -0.875436 0.010299 0.483287 75.5391
0.487701 -0.00916904 0.873004 107.455 0.0133025 0.9999 0.0030696 -1.40676 -0.872944 0.0101173 0.487778 75.8255
0.492937 -0.00387183 0.870092 107.946 0.0107276 0.999934 -0.00162892 -1.40559 -0.870035 0.0101367 0.492946 76.1158
0.498388 0.00297071 0.866991 108.434 0.0062317 0.999949 -0.00700946 -1.40859 -0.866967 0.00889745 0.498348 76.4113
0.504597 0.00891746 0.863345 108.917 0.00130032 0.999931 -0.0110891 -1.41242 -0.863392 0.00671787 0.50455 76.7105
0.510406 0.0135605 0.859869 109.415 -0.00119188 0.999878 -0.015062 -1.41868 -0.859968 0.00666403 0.510364 77.0145
0.516265 0.0139426 0.856353 109.897 -0.00397387 0.999889 -0.0138847 -1.42792 -0.856458 0.00376484 0.516263 77.3208
0.521768 0.012624 0.853037 110.395 -0.00893815 0.999909 -0.00933138 -1.43663 -0.853076 -0.00275459 0.521838 77.6478
0.527678 0.0100643 0.849423 110.908 -0.0134959 0.999897 -0.00346424 -1.43997 -0.849376 -0.00963616 0.527759 77.9824
0.534388 0.00839558 0.845241 111.417 -0.0186007 0.999818 0.00182813 -1.44312 -0.845071 -0.0166979 0.53445 78.3201
0.540478 0.00676129 0.841369 111.932 -0.0201036 0.99978 0.00487886 -1.4493 -0.841157 -0.0195519 0.540494 78.6686
0.546672 0.00936904 0.837338 112.454 -0.0237722 0.999701 0.00433353 -1.4506 -0.837046 -0.0222732 0.546735 79.022
0.553538 0.0131913 0.832759 112.97 -0.027115 0.999624 0.00218797 -1.44362 -0.832422 -0.0237919 0.553686 79.3894
0.559484 0.016001 0.828731 113.497 -0.0286501 0.999582 4.11531e-05 -1.44011 -0.828383 -0.0237651 0.559712 79.7612
0.565349 0.0180449 0.824695 114.042 -0.0302715 0.999536 -0.00111952 -1.43174 -0.824337 -0.0243323 0.565632 80.1448
0.572431 0.0183845 0.819791 114.585 -0.031188 0.999506 -0.000638334 -1.42431 -0.819398 -0.0252011 0.572725 80.5417
0.579127 0.02003 0.815033 115.141 -0.0346917 0.999393 8.86577e-05 -1.42313 -0.81454 -0.0283267 0.57947 80.9504
0.585448 0.0186933 0.810539 115.712 -0.0344373 0.999397 0.00182389 -1.4302 -0.810017 -0.0289794 0.585743 81.3726
0.593948 0.0167625 0.804372 116.285 -0.033725 0.999417 0.00407433 -1.42698 -0.803839 -0.0295478 0.594167 81.8077
0.601345 0.0167931 0.798858 116.866 -0.0340755 0.9994 0.00464063 -1.42451 -0.798303 -0.0300109 0.601561 82.2533
0.608942 0.0180666 0.793053 117.446 -0.0356811 0.999346 0.00463028 -1.40532 -0.792455 -0.031117 0.609188 82.7191
0.616759 0.0191328 0.786966 118.038 -0.0367896 0.999305 0.00453635 -1.39191 -0.786333 -0.0317488 0.617038 83.1999
0.623738 0.0196456 0.781432 118.633 -0.0376303 0.999273 0.00491314 -1.38161 -0.780772 -0.0324705 0.624024 83.6884
0.628638 0.0185843 0.777523 119.234 -0.0368013 0.999297 0.00586801 -1.38139 -0.776869 -0.0323014 0.628884 84.1843
0.6329 0.0178597 0.774073 119.85 -0.036066 0.999321 0.00643059 -1.37924 -0.773438 -0.0319881 0.633116 84.6964
0.636109 0.0166833 0.771467 120.472 -0.0343096 0.99938 0.00667647 -1.37985 -0.77088 -0.0307143 0.636291 85.2073
0.63969 0.0137638 0.768555 121.111 -0.0294288 0.999537 0.00659287 -1.38094 -0.768115 -0.0268354 0.6398 85.7209
0.642999 0.00963044 0.765854 121.75 -0.0237131 0.999683 0.00733708 -1.37383 -0.765543 -0.0228771 0.643028 86.2496
0.646312 0.00378128 0.76311 122.389 -0.0174341 0.999792 0.00981042 -1.36068 -0.762921 -0.019645 0.646244 86.7877
0.649477 -7.02105e-05 0.76043 123.039 -0.0130565 0.999842 0.0112426 -1.35733 -0.760314 -0.0172289 0.649379 87.3343
0.65313 -0.000924938 0.757293 123.687 -0.0118595 0.999855 0.0114482 -1.33657 -0.757201 -0.0164586 0.653026 87.8983
0.655471 -0.00017769 0.75527 124.333 -0.0124806 0.999851 0.0110655 -1.33611 -0.755163 -0.0166779 0.655376 88.4599
0.660813 0.00465489 0.750586 124.986 -0.0170159 0.999809 0.00877907 -1.31353 -0.750408 -0.0185735 0.660766 89.0324
0.663663 0.0068915 0.748051 125.626 -0.0220346 0.999694 0.010338 -1.30749 -0.747754 -0.0233425 0.663617 89.6266
0.666811 0.00460494 0.745262 126.283 -0.0225008 0.999642 0.0139543 -1.30543 -0.744937 -0.0260743 0.666677 90.2202
0.670689 0.00254059 0.741786 126.934 -0.025214 0.999485 0.0193732 -1.28097 -0.741357 -0.0316954 0.670413 90.8218
0.673948 -0.00329393 0.738822 127.589 -0.0233247 0.999389 0.0257309 -1.27199 -0.738461 -0.0345745 0.67346 91.4281
0.678908 -0.00554901 0.734256 128.249 -0.0222314 0.999349 0.0281071 -1.25318 -0.733936 -0.0354043 0.678347 92.0401
0.682615 -0.00725108 0.730794 128.911 -0.0177824 0.999483 0.0265257 -1.23848 -0.730613 -0.0311024 0.682134 92.6581
0.687909 -0.00975054 0.725787 129.556 -0.00721767 0.999759 0.0202713 -1.22287 -0.725812 -0.0191818 0.687678 93.2561
0.692256 -0.0075974 0.721665 130.222 -0.00341171 0.999892 0.0137978 -1.21093 -0.721696 -0.0120139 0.692156 93.8881
0.698596 -0.00685527 0.71554 130.863 -0.000798819 0.999937 0.010359 -1.21218 -0.715568 -0.00780686 0.698551 94.5141
0.704304 -0.0103318 0.709877 131.517 0.00171743 0.999909 0.0128477 -1.19744 -0.70995 -0.00782972 0.704258 95.1587
0.71 -0.0160736 0.704075 132.166 0.00577277 0.99983 0.0170033 -1.20378 -0.704231 -0.00800642 0.709978 95.8102
0.714883 -0.0188894 0.699044 132.833 0.0109264 0.999808 0.0158413 -1.1831 -0.699213 -0.00368671 0.714952 96.4812
0.720069 -0.0168957 0.693755 133.46 0.0132652 0.999848 0.010581 -1.18202 -0.69383 0.00158522 0.720189 97.1405
0.723178 -0.016309 0.690525 134.104 0.0137646 0.999856 0.00919793 -1.16082 -0.69058 0.00285309 0.723299 97.8225
0.726785 -0.0185811 0.686673 134.73 0.0154813 0.999815 0.010668 -1.15639 -0.686745 0.00287874 0.726944 98.4899
0.729134 -0.0249389 0.683973 135.371 0.0200496 0.999678 0.0150753 -1.15059 -0.684133 0.00272147 0.7294 99.1699
0.730133 -0.0281179 0.682786 136.024 0.0225978 0.999592 0.0169985 -1.14622 -0.682987 0.00301976 0.730476 99.8601
0.731045 -0.0321169 0.681631 136.652 0.0258819 0.999471 0.0193333 -1.13642 -0.681896 0.0035084 0.73149 100.541
0.731176 -0.03425 0.681388 137.288 0.0275057 0.999399 0.0207183 -1.1187 -0.68169 0.00359485 0.731684 101.228
0.730396 -0.034972 0.682186 137.928 0.0279719 0.999374 0.0212825 -1.09739 -0.682508 0.00353734 0.730919 101.924
0.730523 -0.0336483 0.68212 138.553 0.0264617 0.999422 0.0209602 -1.08062 -0.682433 0.00273956 0.730995 102.606
0.728837 -0.0317263 0.684009 139.192 0.0243768 0.999487 0.0203834 -1.05424 -0.68431 0.00181763 0.729238 103.298
0.727524 -0.0299837 0.685488 139.82 0.022669 0.999542 0.0196604 -1.03046 -0.685765 0.00123739 0.727874 103.981
0.725817 -0.0287335 0.687346 140.459 0.0207138 0.999579 0.0199115 -1.00791 -0.687634 -0.000214828 0.726108 104.669
0.723687 -0.0279277 0.689624 141.096 0.0189931 0.999601 0.0205487 -0.991577 -0.689925 -0.0017712 0.723932 105.357
0.7208 -0.0288535 0.692601 141.748 0.0187008 0.999571 0.0221784 -0.979216 -0.692949 -0.00303437 0.721032 106.049
0.718973 -0.0299495 0.694454 142.385 0.0172959 0.999526 0.025199 -0.961197 -0.694881 -0.00610486 0.719154 106.719
0.71604 -0.0328664 0.697344 143.03 0.0197884 0.999438 0.0267844 -0.947986 -0.697837 -0.00537969 0.716289 107.386
0.713656 -0.0301564 0.699909 143.666 0.0191772 0.999533 0.0235114 -0.952428 -0.700291 -0.00335536 0.713905 108.038
0.709408 -0.0196473 0.704582 144.313 0.0141507 0.999799 0.0136308 -0.92058 -0.704713 0.000300225 0.709544 108.717
0.707324 -0.0142562 0.706807 144.949 0.0119434 0.999889 0.00821451 -0.909737 -0.706846 0.00263277 0.707419 109.36
0.703714 -0.016751 0.710344 145.596 0.011617 0.999853 0.0120684 -0.904261 -0.710446 -0.000240988 0.703806 110.014
0.700073 -0.0194055 0.713869 146.238 0.00877031 0.999782 0.018576 -0.893921 -0.714075 -0.00674221 0.700094 110.664
0.696281 -0.0223043 0.717481 146.884 0.00787341 0.999687 0.0234353 -0.881112 -0.717783 -0.0106688 0.69624 111.306
0.693329 -0.0221501 0.720342 147.525 0.00715506 0.999684 0.0238522 -0.865054 -0.720643 -0.0113819 0.693271 111.931
0.690165 -0.0233225 0.723334 148.171 0.0081836 0.999661 0.0244227 -0.852838 -0.723663 -0.0109365 0.690123 112.558
0.686091 -0.0239536 0.727183 148.829 0.01024 0.999671 0.0232672 -0.84371 -0.727501 -0.0085156 0.686113 113.178
0.683198 -0.0242128 0.72989 149.475 0.0125306 0.999685 0.0214328 -0.839192 -0.730182 -0.00549712 0.683288 113.787
0.679419 -0.0240792 0.733419 150.129 0.0135543 0.999697 0.0202645 -0.83147 -0.733684 -0.0038256 0.679542 114.4
0.674624 -0.0242746 0.73782 150.79 0.0135714 0.999691 0.0204801 -0.812309 -0.738093 -0.00380324 0.674747 115.009
0.671143 -0.0241876 0.740996 151.448 0.0124126 0.999689 0.0213885 -0.791813 -0.741282 -0.00515543 0.671237 115.611
0.666052 -0.0245723 0.745558 152.119 0.0122155 0.999676 0.0220334 -0.785618 -0.745862 -0.00556817 0.666137 116.219
0.659848 -0.0235303 0.751093 152.788 0.0106724 0.999697 0.0219419 -0.757944 -0.751381 -0.00646065 0.659902 116.816
0.654609 -0.0185969 0.755796 153.462 0.00741232 0.999801 0.0181795 -0.741268 -0.755987 -0.00629848 0.654618 117.418
0.648677 -0.0129606 0.761015 154.137 0.00452844 0.999897 0.0131682 -0.726893 -0.761108 -0.00509406 0.648672 118.009
0.641357 -0.0111313 0.767219 154.827 0.00305019 0.999919 0.0119561 -0.713165 -0.767292 -0.00532804 0.641339 118.597
0.635308 -0.0165645 0.772143 155.54 0.00224578 0.9998 0.0195998 -0.70968 -0.772313 -0.0107161 0.635221 119.185
0.628777 -0.0210621 0.777358 156.251 -0.00358938 0.999539 0.0299837 -0.67287 -0.777633 -0.0216433 0.628411 119.79
0.620541 -0.0262953 0.783794 156.978 -0.00352098 0.999329 0.0363132 -0.666586 -0.784223 -0.0252917 0.620035 120.378
0.614481 -0.0260454 0.788558 157.702 -0.00754922 0.99921 0.0388842 -0.62588 -0.788951 -0.0298467 0.613799 120.959
0.606363 -0.0250539 0.794854 158.439 -0.00832693 0.999244 0.0378479 -0.595868 -0.795201 -0.0295664 0.605698 121.532
0.598442 -0.0255919 0.800813 159.19 -0.00362971 0.999388 0.0346486 -0.578611 -0.801213 -0.023642 0.597983 122.089
0.592498 -0.018222 0.805426 159.934 -0.00407459 0.999659 0.0256132 -0.545747 -0.805617 -0.0184558 0.592224 122.648
0.584951 -0.0165778 0.810954 160.69 -0.00104502 0.99977 0.02119 -0.530226 -0.811122 -0.0132427 0.5848 123.202
0.576765 -0.0203328 0.816716 161.467 0.00063685 0.999696 0.0244379 -0.503956 -0.816964 -0.013573 0.576605 123.75
0.570143 -0.0269853 0.821158 162.241 0.00421765 0.999539 0.0299174 -0.49519 -0.821588 -0.0135939 0.569994 124.281
0.5629 -0.0274189 0.826129 163.003 0.00339766 0.999513 0.0308578 -0.472425 -0.826572 -0.0145612 0.562721 124.805
0.556059 -0.0260807 0.830788 163.765 0.00164661 0.999535 0.0302745 -0.453288 -0.831194 -0.0154665 0.555844 125.327
0.549535 -0.0270807 0.835091 164.527 0.00302234 0.999528 0.0304239 -0.426611 -0.835519 -0.0141932 0.549359 125.828
0.544036 -0.0336275 0.838442 165.292 0.00737543 0.999344 0.0352936 -0.424038 -0.839083 -0.0130172 0.543928 126.314
0.538176 -0.0352318 0.842155 166.052 0.00683511 0.999272 0.0374365 -0.402019 -0.842859 -0.0143892 0.538026 126.805
0.534754 -0.0358512 0.844301 166.796 0.00637301 0.999236 0.0383922 -0.36869 -0.845037 -0.0151497 0.534575 127.284
0.52997 -0.0352077 0.847345 167.535 0.00560487 0.999257 0.0380139 -0.345269 -0.848053 -0.015395 0.529775 127.755
0.525299 -0.0337206 0.850303 168.285 0.00562169 0.999324 0.0361561 -0.321542 -0.850952 -0.0142126 0.525134 128.219
0.522709 -0.0292596 0.852069 169.005 0.00535585 0.999499 0.0310367 -0.293371 -0.852549 -0.0116575 0.522605 128.671
0.519503 -0.026898 0.854099 169.736 0.00356698 0.999557 0.0293081 -0.258411 -0.854514 -0.0121792 0.51937 129.12
0.515848 -0.0306605 0.856191 170.468 0.00334657 0.999419 0.0337732 -0.248689 -0.856729 -0.0145544 0.515652 129.566
0.514184 -0.0380252 0.856891 171.191 0.00456629 0.999117 0.0415953 -0.237998 -0.857722 -0.0174749 0.513904 129.999
0.510579 -0.0431356 0.858809 171.913 0.0085364 0.998941 0.045099 -0.232732 -0.859844 -0.0156933 0.510408 130.426
0.508652 -0.0441786 0.859892 172.613 0.0127923 0.998954 0.0437548 -0.199642 -0.86093 -0.0112562 0.508686 130.84
0.505729 -0.0427403 0.861694 173.32 0.0132805 0.999035 0.0417581 -0.176455 -0.862647 -0.00967248 0.50581 131.245
0.505396 -0.0368784 0.862153 173.997 0.0116315 0.99928 0.0359243 -0.148269 -0.862863 -0.00812814 0.505462 131.652
0.498521 -0.0281557 0.866481 174.68 0.00909012 0.999584 0.0272507 -0.115439 -0.866887 -0.00570653 0.498569 132.067
0.497326 -0.0272596 0.86719 175.354 0.0122639 0.999622 0.0243881 -0.109547 -0.867531 -0.00149396 0.497472 132.45
0.495426 -0.0327887 0.868092 176.037 0.0124155 0.999449 0.0306645 -0.0847305 -0.868618 -0.00441221 0.49556 132.835
0.492515 -0.0413603 0.869375 176.713 0.00551403 0.998993 0.0444017 -0.0571016 -0.87034 -0.0170751 0.492248 133.237
0.489971 -0.0457883 0.870597 177.381 -0.00111667 0.998583 0.0531482 -0.0303516 -0.871795 -0.0270113 0.489226 133.631
0.487252 -0.0443259 0.872191 178.033 -0.00273127 0.998624 0.0522759 -0.00501773 -0.873311 -0.027854 0.48646 134.008
0.485473 -0.0420122 0.873304 178.679 -0.00131366 0.998806 0.0487801 0.0165538 -0.874308 -0.0248266 0.484839 134.377
0.482848 -0.0410728 0.874796 179.323 -0.000902196 0.998871 0.0473948 0.0494122 -0.875759 -0.023674 0.482265 134.731
0.479667 -0.0421872 0.876498 179.963 -0.000791347 0.998819 0.0485079 0.0834037 -0.877508 -0.0239592 0.479067 135.087
0.478029 -0.0430033 0.877346 180.594 -0.00106259 0.998767 0.0495324 0.113465 -0.878398 -0.0246104 0.477393 135.438
0.475675 -0.0433303 0.878615 181.216 -0.00137036 0.998745 0.0499967 0.141064 -0.879677 -0.0249841 0.475019 135.779
0.471754 -0.0430986 0.880732 181.833 -0.00115243 0.998769 0.0494909 0.166072 -0.881785 -0.0243627 0.471123 136.109
0.468788 -0.0424071 0.882354 182.44 -0.00133479 0.998807 0.0487134 0.19307 -0.883367 -0.0240119 0.468172 136.437
0.464286 -0.0418253 0.884752 183.039 -0.00163383 0.998837 0.0480748 0.223012 -0.885739 -0.0237662 0.463678 136.757
0.458942 -0.0415288 0.887556 183.64 -0.00214255 0.998847 0.0478444 0.253412 -0.888521 -0.0238573 0.458324 137.072
0.454494 -0.0407427 0.889872 184.224 -0.0027656 0.998879 0.0471449 0.282102 -0.8908 -0.0238884 0.453871 137.378
0.448528 -0.0392522 0.892968 184.818 -0.00285049 0.998962 0.0453436 0.305927 -0.893821 -0.0228812 0.447951 137.674
0.44153 -0.038741 0.896465 185.419 -0.0024867 0.999005 0.044396 0.331317 -0.897298 -0.0218316 0.440994 137.971
0.435612 -0.0384278 0.899374 186.017 -0.00326947 0.999009 0.0442689 0.366375 -0.900185 -0.0222224 0.435055 138.263
0.429348 -0.0376547 0.902409 186.622 -0.00666999 0.998966 0.0448561 0.397177 -0.903169 -0.0252782 0.428653 138.563
0.422292 -0.0367796 0.905774 187.242 -0.010218 0.998914 0.045326 0.429876 -0.906459 -0.0283939 0.421458 138.862
0.416512 -0.0365933 0.908448 187.854 -0.0110592 0.998906 0.0453065 0.452033 -0.909118 -0.0289176 0.415652 139.146
0.409316 -0.0357407 0.911752 188.477 -0.012133 0.998925 0.0446053 0.483858 -0.912368 -0.0293179 0.408443 139.429
0.401291 -0.0306313 0.915493 189.117 -0.0161916 0.999042 0.0405232 0.513488 -0.915862 -0.031085 0.40041 139.722
0.394393 -0.0281057 0.918572 189.747 -0.0182836 0.999088 0.03842 0.551139 -0.918817 -0.0319454 0.39352 140.005
0.386625 -0.0278841 0.92187 190.405 -0.0190211 0.999083 0.038196 0.582338 -0.922096 -0.0323026 0.38574 140.293
0.379486 -0.0264957 0.924878 191.058 -0.0199773 0.999116 0.0368198 0.608847 -0.925038 -0.0324471 0.378621 140.566
0.372187 -0.0261337 0.927844 191.732 -0.0206376 0.999117 0.0364187 0.638111 -0.927983 -0.0327032 0.371319 140.842
0.364561 -0.0261854 0.930871 192.43 -0.0201299 0.999143 0.03599 0.65981 -0.931018 -0.0318568 0.363721 141.115
0.357672 -0.026867 0.933515 193.119 -0.0198242 0.999136 0.0363502 0.69118 -0.933692 -0.0315078 0.35683 141.381
0.349186 -0.0293805 0.936652 193.833 -0.0191539 0.999069 0.0384796 0.718105 -0.936914 -0.0313751 0.348298 141.664
0.341445 -0.0310844 0.939442 194.574 -0.0201707 0.998973 0.0403843 0.756903 -0.93974 -0.0327383 0.340467 141.935
0.335385 -0.0332083 0.941554 195.309 -0.0199477 0.998897 0.0423369 0.784279 -0.941926 -0.032979 0.334352 142.202
0.329413 -0.0360568 0.943552 196.065 -0.0190445 0.998806 0.0448162 0.798891 -0.944049 -0.0327327 0.328333 142.462
0.32369 -0.0416304 0.945305 196.842 -0.0194323 0.998521 0.0506287 0.837489 -0.946019 -0.0347555 0.322402 142.728
0.318223 -0.0472379 0.946892 197.624 -0.0193671 0.998218 0.056306 0.880682 -0.947873 -0.0362566 0.31674 142.994
0.313099 -0.0480865 0.948561 198.412 -0.0149098 0.998339 0.055532 0.916001 -0.94966 -0.0315278 0.311861 143.249
0.307254 -0.0413212 0.950784 199.217 -0.0122427 0.998795 0.0473631 0.958161 -0.951604 -0.0261928 0.306378 143.504
0.302693 -0.0291103 0.952702 200.004 -0.00933935 0.999389 0.0335046 0.997335 -0.953098 -0.0190373 0.302236 143.754
0.29805 -0.022261 0.954345 200.818 -0.00551982 0.999663 0.025041 1.02551 -0.954589 -0.0127313 0.297826 144.006
0.29227 -0.025599 0.956053 201.659 0.00073914 0.999642 0.0265409 1.0527 -0.956392 -0.00704848 0.292184 144.257
0.287678 -0.0339721 0.95718 202.497 0.00620142 0.999408 0.0336061 1.07709 -0.957763 -0.00373178 0.287718 144.5
0.2816 -0.0387195 0.95881 203.355 0.00928746 0.999243 0.0376253 1.10429 -0.959543 -0.00168842 0.281746 144.748
0.277745 -0.0345656 0.960089 204.197 0.00652896 0.999391 0.034091 1.12613 -0.960688 -0.00320008 0.277801 145
0.273645 -0.0228247 0.961619 205.046 0.00113664 0.99972 0.0234062 1.17821 -0.961886 -0.0053101 0.273594 145.258
0.267636 -0.0190086 0.963389 205.916 -0.00246122 0.999782 0.0204096 1.21281 -0.963573 -0.00783338 0.26753 145.51
0.263739 -0.0227377 0.964386 206.797 -0.00327617 0.99969 0.0244668 1.22488 -0.964645 -0.00961043 0.263582 145.764
0.258318 -0.0274268 0.965727 207.679 -0.00536811 0.999534 0.0298219 1.23803 -0.9661 -0.0128876 0.25805 146.014
0.252383 -0.0260309 0.967338 208.566 -0.00588334 0.999573 0.028434 1.26072 -0.967666 -0.0128656 0.252121 146.251
0.245897 -0.0219257 0.969104 209.462 -0.00948829 0.999636 0.0250231 1.28943 -0.969305 -0.0153482 0.245598 146.482
0.241915 -0.0230408 0.970085 210.363 -0.00822176 0.999628 0.0257935 1.30828 -0.970319 -0.0142137 0.241634 146.714
0.237466 -0.0234887 0.971169 211.278 -0.00752644 0.999627 0.0260166 1.32659 -0.971422 -0.0134873 0.2372 146.945
0.23257 -0.0242598 0.972338 212.208 -0.00713654 0.999615 0.0266481 1.35524 -0.972611 -0.0131348 0.232306 147.167
0.229284 -0.025117 0.973092 213.137 -0.00659442 0.999597 0.0273543 1.37667 -0.973394 -0.0126887 0.229025 147.391
0.225123 -0.0257416 0.974052 214.101 -0.00729727 0.999574 0.0281034 1.40075 -0.97436 -0.0134328 0.224838 147.613
0.224576 -0.0273232 0.974131 215.02 -0.00899763 0.9995 0.0301084 1.42326 -0.974472 -0.0155263 0.224217 147.833
0.220648 -0.0286896 0.974994 215.965 -0.00938964 0.999454 0.0315351 1.44662 -0.975366 -0.016111 0.220257 148.053
0.217171 -0.0287977 0.975766 216.895 -0.0113165 0.999417 0.0320136 1.47848 -0.976126 -0.0179944 0.216717 148.27
0.217316 -0.0252649 0.975836 217.862 -0.0152171 0.999451 0.0292658 1.50838 -0.976041 -0.0212073 0.21681 148.499
0.211222 -0.0251547 0.977173 218.789 -0.0153441 0.999454 0.0290442 1.53146 -0.977376 -0.0211285 0.210719 148.73
0.210786 -0.0257326 0.977254 219.733 -0.0150223 0.999446 0.0295578 1.55774 -0.977475 -0.020909 0.21028 148.939
0.210283 -0.0275195 0.977312 220.672 -0.015484 0.999378 0.0314717 1.57728 -0.977577 -0.0217505 0.209724 149.151
0.209269 -0.0293019 0.97748 221.616 -0.0152129 0.999328 0.0332145 1.62042 -0.977798 -0.021819 0.208681 149.361
0.206225 -0.033956 0.977974 222.549 -0.0111954 0.999245 0.0370546 1.62068 -0.978499 -0.0185903 0.205687 149.559
0.206155 -0.0319992 0.978057 223.471 -0.0124304 0.999295 0.0353147 1.66139 -0.978498 -0.0194359 0.20561 149.762
0.204034 -0.0271336 0.978647 224.395 -0.0156648 0.999392 0.0309739 1.69953 -0.978897 -0.0216501 0.203482 149.963
0.201725 -0.0259137 0.979161 225.318 -0.014971 0.999449 0.0295356 1.72633 -0.979386 -0.0206151 0.201224 150.152
0.201314 -0.0259106 0.979244 226.236 -0.0137039 0.999472 0.0292624 1.7373 -0.979489 -0.0193104 0.20085 150.352
0.196257 -0.0286048 0.980198 227.24 -0.0145365 0.999378 0.0320756 1.75348 -0.980504 -0.0205413 0.195716 150.548
0.200644 -0.0349729 0.9791 228.152 -0.0111019 0.999213 0.0379657 1.76503 -0.979659 -0.0184872 0.200094 150.767
0.196852 -0.0398112 0.979688 229.083 -0.00785728 0.999077 0.0421786 1.78577 -0.980461 -0.0159981 0.196355 150.956
0.193838 -0.0398148 0.980285 229.999 -0.0108305 0.999024 0.0427167 1.81919 -0.981032 -0.0188967 0.193215 151.142
0.188763 -0.0390304 0.981311 231.019 -0.0107061 0.999069 0.0417966 1.84983 -0.982024 -0.0183932 0.188164 151.343
0.185755 -0.0396267 0.981857 231.92 -0.0108812 0.999039 0.0423779 1.87536 -0.982594 -0.0185552 0.185142 151.512
0.181498 -0.0402772 0.98263 232.842 -0.0110436 0.999015 0.0429892 1.91437 -0.983389 -0.0186517 0.18087 151.69
0.176659 -0.0411013 0.983474 233.766 -0.0112753 0.998974 0.0437736 1.95079 -0.984265 -0.0188215 0.176011 151.868
0.173284 -0.0415835 0.984058 234.677 -0.0127976 0.998928 0.0444661 1.98409 -0.984849 -0.0202962 0.172562 152.038
0.169145 -0.0417415 0.984767 235.602 -0.0149463 0.998875 0.044906 2.0197 -0.985536 -0.0223137 0.168328 152.204
0.164853 -0.0417521 0.985498 236.526 -0.0164926 0.998847 0.0450772 2.06075 -0.98624 -0.023682 0.16397 152.368
0.16154 -0.0425542 0.986009 237.45 -0.0180743 0.998771 0.0460653 2.09555 -0.986758 -0.0252623 0.160569 152.53
0.158041 -0.042499 0.986582 238.373 -0.0214031 0.998691 0.0464499 2.13224 -0.987261 -0.0284543 0.15692 152.692
0.154341 -0.0383308 0.987334 239.287 -0.0264108 0.998726 0.0429008 2.17379 -0.987722 -0.0326973 0.15313 152.851
0.151598 -0.0332002 0.987948 240.205 -0.0302206 0.998813 0.0382033 2.21176 -0.988041 -0.0356453 0.15041 153.007
0.148241 -0.0318753 0.988499 241.124 -0.032569 0.998777 0.0370904 2.25393 -0.988473 -0.0376923 0.147019 153.158
0.144285 -0.0337349 0.989025 242.036 -0.0325837 0.998715 0.0388196 2.28545 -0.98906 -0.0378245 0.142996 153.301
0.14169 -0.0364905 0.989299 242.961 -0.0343601 0.998533 0.0417516 2.31919 -0.989372 -0.0399078 0.140225 153.442
0.138878 -0.037602 0.989659 243.875 -0.0352961 0.998456 0.04289 2.36754 -0.989741 -0.040885 0.137332 153.581
0.134986 -0.038111 0.990176 244.786 -0.0367584 0.998376 0.0434371 2.41353 -0.990223 -0.0422603 0.133363 153.71
0.13279 -0.038536 0.990459 245.681 -0.0372078 0.998345 0.0438318 2.45266 -0.990506 -0.0426705 0.131132 153.836
0.128066 -0.0377317 0.991109 246.593 -0.0377732 0.998362 0.0428881 2.48992 -0.991104 -0.0429295 0.126428 153.954
0.125106 -0.0366106 0.991532 247.482 -0.0359223 0.998497 0.0414009 2.50813 -0.991552 -0.040795 0.123598 154.065
0.119199 -0.0414005 0.992069 248.392 -0.0290702 0.998554 0.0451633 2.52968 -0.992503 -0.0342226 0.11782 154.168
0.113747 -0.0462979 0.992495 249.308 -0.0257042 0.998442 0.0495219 2.54476 -0.993237 -0.0311416 0.112375 154.275
0.109355 -0.0458923 0.993006 250.199 -0.0256679 0.998468 0.0489709 2.5851 -0.99373 -0.0308433 0.108007 154.374
0.10484 -0.036868 0.99387 251.087 -0.0230378 0.998956 0.0394874 2.59511 -0.994283 -0.0270339 0.103877 154.467
0.0985069 -0.0252915 0.994878 251.974 -0.0231823 0.999345 0.0276999 2.63191 -0.994925 -0.0257919 0.0978528 154.563
0.0939455 -0.0213615 0.995413 252.863 -0.0240375 0.999431 0.0237171 2.65086 -0.995348 -0.0261529 0.0933741 154.652
0.0889604 -0.0259667 0.99576 253.76 -0.0266714 0.999238 0.0284395 2.67859 -0.995737 -0.0290881 0.0881967 154.737
0.0832648 -0.0330069 0.996046 254.653 -0.0276807 0.99899 0.0354192 2.69999 -0.996204 -0.0305179 0.0822627 154.822
0.079024 -0.0378382 0.996218 255.548 -0.0287308 0.998776 0.0402137 2.72746 -0.996518 -0.0317997 0.0778369 154.898
0.07323 -0.0386527 0.996631 256.437 -0.032459 0.998628 0.0411158 2.76135 -0.996848 -0.0353581 0.0718703 154.97
0.0656107 -0.0402751 0.997096 257.321 -0.035944 0.99844 0.0426937 2.79576 -0.997257 -0.0386406 0.0640573 155.044
0.0599035 -0.0449874 0.997254 258.207 -0.0394551 0.998098 0.0473961 2.8363 -0.997485 -0.0421837 0.05801 155.109
0.0530798 -0.0469724 0.997549 259.09 -0.0412504 0.997936 0.0491848 2.87952 -0.997797 -0.0437597 0.0510292 155.163
0.0448389 -0.0475354 0.997927 259.957 -0.0397476 0.997993 0.0493251 2.90505 -0.998264 -0.0418745 0.0428551 155.209
0.0396634 -0.0459628 0.998219 260.833 -0.0394851 0.998088 0.0475249 2.9512 -0.998492 -0.0412995 0.0377693 155.244
0.0329498 -0.0454143 0.998489 261.704 -0.0385757 0.998166 0.0466734 2.98379 -0.998774 -0.0400531 0.0311331 155.277
0.0253015 -0.0467715 0.998649 262.575 -0.0389106 0.998101 0.0477308 3.02506 -0.998982 -0.0400654 0.0234303 155.303
0.0204837 -0.0485912 0.998673 263.448 -0.0396734 0.997994 0.0493727 3.07323 -0.999064 -0.0406298 0.0185106 155.33
0.0146404 -0.0503487 0.998689 264.319 -0.037421 0.998003 0.050862 3.10373 -0.999253 -0.0381162 0.0127238 155.345
0.00824466 -0.0502932 0.998766 265.186 -0.037281 0.998027 0.0505647 3.13553 -0.999333 -0.0376496 0.00634922 155.357
0.00543204 -0.0493985 0.998829 266.044 -0.037932 0.998049 0.0495655 3.18492 -0.999326 -0.0381564 0.00354449 155.368
0.00195879 -0.048934 0.998866 266.912 -0.0368665 0.998122 0.0489708 3.223 -0.99938 -0.0369183 0.000146941 155.371
-0.00221589 -0.05037 0.998794 267.783 -0.0335847 0.99817 0.0502634 3.25489 -0.999495 -0.0334324 -0.00390665 155.361
-0.00271065 -0.0529315 0.99866 268.638 -0.0312297 0.998118 0.052819 3.29106 -0.999571 -0.0310424 -0.00436272 155.354
-0.00475403 -0.0543756 0.998575 269.502 -0.0300537 0.998077 0.0542047 3.32495 -0.999598 -0.0297527 -0.00638224 155.349
-0.0075246 -0.0556013 0.998491 270.381 -0.0286795 0.998057 0.055362 3.36407 -0.999623 -0.0282174 -0.00910861 155.338
-0.00756366 -0.0559764 0.99847 271.238 -0.0279449 0.998053 0.0557407 3.40814 -0.999643 -0.0274801 -0.00911627 155.328
-0.00796184 -0.0557828 0.998478 272.097 -0.0272358 0.998085 0.0555449 3.45351 -0.99966 -0.0267498 -0.00946983 155.321
-0.00919058 -0.055921 0.99846 272.953 -0.0264214 0.9981 0.055657 3.49242 -0.999671 -0.0258687 -0.0106536 155.313
-0.0072572 -0.0557744 0.998484 273.795 -0.0255863 0.998128 0.0555698 3.53215 -0.999709 -0.0251418 -0.00867447 155.302
-0.00678524 -0.0563206 0.998457 274.642 -0.0252189 0.998105 0.0561289 3.56757 -0.999721 -0.0247986 -0.00819564 155.297
-0.00444656 -0.0569119 0.998437 275.467 -0.0248896 0.998078 0.0567818 3.60314 -0.999744 -0.0245958 -0.00585847 155.285
-0.00228935 -0.0581782 0.998372 276.294 -0.0245949 0.998008 0.0581004 3.63831 -0.999758 -0.0244211 -0.00371876 155.281
0.000189117 -0.0603086 0.998248 277.111 -0.024029 0.997894 0.0602929 3.67074 -0.999775 -0.0239958 -0.0012644 155.277
0.00283018 -0.0627075 0.998096 277.925 -0.0236605 0.997749 0.0627527 3.7047 -0.999779 -0.0237921 0.0013368 155.281
0.00688246 -0.0653219 0.99791 278.725 -0.0234675 0.997581 0.0654635 3.73794 -0.999765 -0.0238665 0.00532894 155.286
0.0104865 -0.0673078 0.997745 279.51 -0.0229621 0.997453 0.0675294 3.78146 -0.999745 -0.0236175 0.00891095 155.296
0.0142408 -0.067325 0.997699 280.281 -0.0241417 0.997418 0.0676519 3.82765 -0.999671 -0.0250469 0.0125747 155.317
0.0190714 -0.0671709 0.997627 281.048 -0.0242062 0.997417 0.0676195 3.87412 -0.999589 -0.0254373 0.0173928 155.337
0.0228302 -0.0671467 0.997552 281.792 -0.0238907 0.997421 0.0676862 3.9216 -0.999519 -0.0253749 0.0211632 155.36
0.0255746 -0.0704831 0.997253 282.532 -0.0225702 0.997216 0.0710594 3.97885 -0.999482 -0.0243245 0.0239091 155.382
0.0298249 -0.0724646 0.996996 283.262 -0.0216312 0.997089 0.0731201 4.03265 -0.999386 -0.0237443 0.0281667 155.414
0.0327704 -0.0736911 0.996811 283.966 -0.0212578 0.997 0.0744043 4.08594 -0.999301 -0.0236273 0.031102 155.444
0.0375005 -0.0739738 0.996625 284.667 -0.0202473 0.996997 0.0747647 4.12866 -0.999157 -0.02298 0.0358862 155.479
0.0421226 -0.0734814 0.996475 285.352 -0.0201636 0.997025 0.0743747 4.1849 -0.998974 -0.0232244 0.0405123 155.512
0.0437449 -0.0733008 0.996421 286.004 -0.019893 0.997044 0.0742214 4.23822 -0.99891 -0.0230659 0.0421538 155.546
0.0468839 -0.0731543 0.996287 286.651 -0.0199205 0.997047 0.074148 4.28619 -0.998767 -0.0233219 0.0452849 155.586
0.0504552 -0.0728411 0.996137 287.292 -0.0204154 0.997054 0.0739438 4.33242 -0.998584 -0.0240647 0.0488158 155.629
0.0540216 -0.0730294 0.995935 287.918 -0.0203087 0.997035 0.074212 4.37275 -0.998399 -0.024234 0.052375 155.672
0.0568307 -0.0731944 0.995769 288.529 -0.0203167 0.997019 0.0744474 4.4089 -0.998244 -0.024459 0.0551707 155.712
0.060682 -0.0733245 0.99553 289.133 -0.0198093 0.997013 0.0746416 4.45007 -0.998027 -0.024249 0.0590449 155.755
0.0631963 -0.0728752 0.995408 289.721 -0.0198931 0.997042 0.0742593 4.48707 -0.99787 -0.024492 0.0615561 155.794
0.0671147 -0.0723136 0.995192 290.294 -0.0205179 0.99706 0.0738335 4.52291 -0.997601 -0.0253734 0.0654301 155.841
0.0708619 -0.0720872 0.994949 290.871 -0.020805 0.997063 0.0737237 4.55925 -0.997336 -0.0259215 0.0691505 155.891
0.0743367 -0.0726947 0.994651 291.43 -0.0213756 0.996995 0.0744641 4.58567 -0.997071 -0.0267955 0.0725559 155.939
0.0772389 -0.0730165 0.994407 291.987 -0.0215926 0.99696 0.0748828 4.61946 -0.996846 -0.0272531 0.0754239 155.986
0.0809328 -0.0730498 0.99411 292.533 -0.0213207 0.996956 0.0749953 4.64899 -0.996559 -0.0272636 0.0791255 156.033
0.0839911 -0.0730944 0.993854 293.058 -0.0217516 0.996934 0.0751611 4.67713 -0.996296 -0.0279282 0.0821402 156.085
0.0856106 -0.0707493 0.993885 293.59 -0.0216408 0.997109 0.0728436 4.72008 -0.996161 -0.0277435 0.0838285 156.13
0.0889877 -0.070781 0.993587 294.08 -0.021146 0.997114 0.0729281 4.75168 -0.995876 -0.0274975 0.0872306 156.172
0.0907432 -0.0706662 0.993436 294.578 -0.0212378 0.997116 0.0728686 4.78862 -0.995716 -0.0277096 0.0889771 156.223
0.0915968 -0.070624 0.993362 295.066 -0.0212436 0.997117 0.0728519 4.82256 -0.995638 -0.0277728 0.0898288 156.271
0.0937104 -0.0705568 0.993169 295.558 -0.0211225 0.99712 0.0728315 4.8551 -0.995444 -0.0278021 0.0919467 156.321
0.0949133 -0.0705007 0.993059 296.047 -0.0209609 0.997127 0.072795 4.88951 -0.995334 -0.0277219 0.0931591 156.372
0.0942555 -0.070277 0.993137 296.533 -0.0206084 0.997154 0.0725181 4.9281 -0.995404 -0.0273009 0.0925354 156.423
0.0951916 -0.0700622 0.993064 297.016 -0.0199039 0.997187 0.0722633 4.97024 -0.99533 -0.0266419 0.0935256 156.465
0.0946436 -0.0698118 0.993133 297.524 -0.0200357 0.997203 0.0720082 5.03362 -0.995379 -0.0267119 0.0929765 156.521
0.092103 -0.0703947 0.993332 298.037 -0.0204196 0.997155 0.0725613 5.06724 -0.99561 -0.0269637 0.0903999 156.58
0.0913929 -0.0706283 0.993381 298.542 -0.0202204 0.997145 0.0727574 5.09196 -0.995679 -0.0267347 0.0897003 156.621
0.0886025 -0.0676 0.993845 299.064 -0.016873 0.997451 0.0693517 5.13657 -0.995994 -0.0229112 0.0872322 156.665
0.0866573 -0.0642683 0.994237 299.59 -0.0118936 0.997779 0.0655351 5.1622 -0.996237 -0.0175028 0.085697 156.701
0.0840642 -0.0601275 0.99472 300.118 -0.00965255 0.998084 0.0611489 5.19567 -0.996484 -0.0147393 0.0833189 156.74
0.0815349 -0.0574152 0.995089 300.667 -0.0105169 0.998234 0.0584596 5.23886 -0.996685 -0.0152304 0.0807837 156.79
0.0799684 -0.0563392 0.995279 301.227 -0.0111612 0.99829 0.0574088 5.28688 -0.996806 -0.0156967 0.079199 156.836
0.0779172 -0.05859 0.995311 301.8 -0.00640146 0.998222 0.0592637 5.32437 -0.997009 -0.0109878 0.0774001 156.871
0.0753174 -0.0637173 0.995198 302.393 0.00183155 0.997966 0.0637583 5.35065 -0.997229 -0.00297671 0.0752771 156.904
0.0735601 -0.0648883 0.995252 302.979 0.00321466 0.997892 0.064824 5.37927 -0.997356 -0.00156782 0.0736101 156.938
0.0710351 -0.0618974 0.995627 303.58 -0.00143189 0.998068 0.0621536 5.41207 -0.997544 -0.00583807 0.0708054 156.985
0.0690206 -0.0596958 0.995902 304.193 -0.00465706 0.998178 0.0601562 5.46537 -0.997674 -0.00878885 0.0686134 157.042
0.0674428 -0.0613529 0.995911 304.814 -9.64763e-05 0.99811 0.0614973 5.49362 -0.997795 -0.00424098 0.0673056 157.084
0.065873 -0.0633328 0.995891 305.45 0.00361381 0.997993 0.0632287 5.53309 -0.997891 -0.000565036 0.0659662 157.117
0.0633796 -0.0627543 0.996091 306.103 0.00506906 0.998031 0.0625564 5.57395 -0.998048 0.00108712 0.063569 157.159
0.0613018 -0.0614215 0.996302 306.752 0.00269945 0.998112 0.0613682 5.62404 -0.998186 -0.00107143 0.0613483 157.213
0.0594243 -0.0601164 0.996498 307.413 0.00105887 0.99819 0.0601579 5.67191 -0.998304 -0.00251699 0.0593765 157.258
0.0573957 -0.0577009 0.996758 308.084 0.000445724 0.99833 0.0577675 5.71488 -0.998421 -0.00287021 0.057322 157.301
0.0560573 -0.0559264 0.996937 308.767 0.000925552 0.998434 0.055961 5.75524 -0.998498 -0.00221167 0.0560175 157.337
0.0545282 -0.0570529 0.996956 309.466 -0.0012897 0.998362 0.0572053 5.79237 -0.998581 -0.00440397 0.0543618 157.38
0.0529369 -0.0573002 0.99703 310.177 -0.00494324 0.998326 0.0576399 5.8374 -0.998657 -0.00797705 0.0525612 157.427
0.0511454 -0.0564047 0.997172 310.888 -0.00576436 0.998371 0.0567695 5.87826 -0.998744 -0.00865044 0.0507335 157.473
0.0489594 -0.0525207 0.997496 311.605 -0.00300394 0.998606 0.0527292 5.91097 -0.998867 -0.00557524 0.0487296 157.505
0.0464038 -0.0470901 0.997887 312.326 -0.00195989 0.998882 0.0472295 5.94507 -0.998991 -0.00414627 0.0462561 157.541
0.0458724 -0.0432145 0.99809 313.063 -0.00227559 0.999058 0.0433636 5.99546 -0.999016 -0.0042576 0.0457272 157.575
0.0448021 -0.0458223 0.99802 313.815 0.000364682 0.998949 0.0458499 6.0211 -0.999066 -0.00168913 0.0447682 157.606
0.0424016 -0.0516518 0.997843 314.57 0.00503153 0.998663 0.0514831 6.04921 -0.99916 0.00284047 0.0426012 157.638
0.0415208 -0.0546478 0.997718 315.346 0.00768816 0.998492 0.0543717 6.08194 -0.999179 0.00541419 0.0418747 157.664
0.0402063 -0.0542651 0.997794 316.115 0.00940048 0.998502 0.0539272 6.12074 -0.999219 0.00721423 0.0406525 157.697
0.0384139 -0.053926 0.997882 316.893 0.00915793 0.998521 0.0536094 6.16459 -0.999291 0.00708034 0.0388473 157.734
0.0386609 -0.0530744 0.997919 317.687 0.0099046 0.998561 0.0527273 6.20831 -0.999275 0.00784818 0.0391272 157.766
0.0386274 -0.0536948 0.997886 318.484 0.0102982 0.998524 0.053332 6.24829 -0.999271 0.00821749 0.0391198 157.8
0.038287 -0.0549582 0.997831 319.286 0.0107416 0.998453 0.0545827 6.29161 -0.999281 0.00863119 0.0388143 157.835
0.0401916 -0.0557139 0.997713 320.104 0.0112114 0.998407 0.0553026 6.33614 -0.9992 0.00896423 0.0407487 157.868
0.0406516 -0.0562724 0.997665 320.928 0.0114448 0.998375 0.0558485 6.37961 -0.99918 0.00915042 0.0412258 157.908
0.0423887 -0.0576825 0.99751 321.766 0.0109172 0.998299 0.0572658 6.4307 -0.999112 0.00846379 0.0429428 157.941
0.044544 -0.0587695 0.997354 322.609 0.0115328 0.998233 0.0583086 6.47599 -0.999014 0.00890777 0.0451392 157.982
0.0463342 -0.059334 0.997238 323.455 0.0122951 0.998193 0.0588211 6.5255 -0.998921 0.00953679 0.0469764 158.023
0.0481203 -0.0598732 0.997122 324.31 0.0128795 0.998157 0.0593162 6.574 -0.998831 0.00999091 0.0487988 158.068
0.0469706 -0.0601623 0.997159 325.156 0.0133157 0.998134 0.0595955 6.62279 -0.998879 0.0104797 0.0476805 158.114
0.0561083 -0.0609005 0.996643 326.039 0.0146519 0.998081 0.060166 6.67934 -0.99839 0.0112297 0.0568889 158.148
0.056131 -0.0616367 0.996595 326.898 0.0156802 0.998024 0.0608436 6.72993 -0.998372 0.0122127 0.0569829 158.2
0.0587983 -0.0621923 0.996407 327.78 0.0167344 0.997979 0.0613052 6.78024 -0.998203 0.0130725 0.0597162 158.252
0.0620538 -0.062145 0.996212 328.671 0.0172984 0.997977 0.0611791 6.83467 -0.997994 0.0134377 0.0629997 158.309
0.0640933 -0.0620964 0.996087 329.557 0.0179868 0.997972 0.061059 6.88399 -0.997855 0.0140058 0.0650762 158.372
0.0679281 -0.0621415 0.995829 330.464 0.0179985 0.997972 0.0610491 6.93858 -0.997599 0.0137777 0.0689051 158.433
0.0711076 -0.061359 0.995657 331.365 0.0167586 0.998039 0.0603113 7.00139 -0.997402 0.0124001 0.0719925 158.504
0.0730626 -0.0611759 0.995525 332.262 0.0160801 0.998059 0.0601531 7.04936 -0.99727 0.0116144 0.0739008 158.578
0.076112 -0.0610684 0.995305 333.186 0.0153044 0.998077 0.0600705 7.10568 -0.997056 0.0106633 0.0768961 158.658
0.0779204 -0.0621051 0.995099 334.105 0.0150907 0.998016 0.0611071 7.15805 -0.996918 0.0102565 0.0786993 158.736
0.0784025 -0.0636717 0.994964 335.019 0.0154851 0.997917 0.0626427 7.20912 -0.996876 0.0104986 0.079221 158.814
0.0808482 -0.0648351 0.994691 335.949 0.0159704 0.997838 0.0637437 7.26771 -0.996671 0.0107333 0.0817051 158.896
0.0817467 -0.0657085 0.994563 336.871 0.0159404 0.997783 0.0646134 7.32043 -0.9966 0.0105746 0.0826088 158.973
0.0815618 -0.065746 0.994573 337.778 0.016195 0.997777 0.0646312 7.37009 -0.99661 0.0108369 0.0824415 159.046
0.0831096 -0.0657419 0.994447 338.71 0.0156882 0.997784 0.0646536 7.43153 -0.996491 0.0102305 0.0839526 159.132
0.0834448 -0.0671218 0.994326 339.632 0.0146096 0.997703 0.0661253 7.48363 -0.996479 0.00901011 0.08423 159.214
0.0827749 -0.0679755 0.994325 340.547 0.014242 0.99765 0.0670195 7.53324 -0.996541 0.00861648 0.0835442 159.302
0.0840731 -0.068309 0.994192 341.476 0.0126082 0.99764 0.0674813 7.58541 -0.996453 0.00686278 0.0847322 159.39
0.0845428 -0.0682097 0.994159 342.387 0.0126666 0.997646 0.0673741 7.64255 -0.996413 0.00689956 0.0852036 159.473
0.0837533 -0.0681849 0.994228 343.287 0.0125143 0.997648 0.067367 7.6974 -0.996482 0.00680109 0.0844059 159.551
0.0847334 -0.0681889 0.994144 344.213 0.0123949 0.997649 0.0673753 7.75524 -0.996401 0.00661627 0.0853752 159.638
0.0848535 -0.068436 0.994117 345.124 0.0122815 0.997633 0.0676314 7.8077 -0.996392 0.00647165 0.0854894 159.719
0.0848895 -0.0686393 0.9941 346.011 0.0123588 0.997619 0.0678293 7.86699 -0.996388 0.00653067 0.0855315 159.799
0.0854218 -0.0693621 0.994004 346.93 0.0120023 0.997572 0.0685813 7.93039 -0.996346 0.00607323 0.0860432 159.879
0.0858365 -0.0693755 0.993968 347.829 0.0118821 0.997572 0.0686033 7.98833 -0.996312 0.00592456 0.0864482 159.965
0.0857946 -0.068735 0.994016 348.707 0.0121324 0.997614 0.0679383 8.04564 -0.996313 0.00623226 0.0864202 160.045
0.0869132 -0.0685434 0.993932 349.618 0.0129464 0.997623 0.0676681 8.1034 -0.996206 0.00698938 0.0875898 160.126
0.0876838 -0.0707042 0.993713 350.521 0.0159098 0.997449 0.0695679 8.16855 -0.996096 0.00971101 0.0885813 160.205
0.0902985 -0.0719194 0.993392 351.451 0.0172385 0.997352 0.0706414 8.22922 -0.99584 0.0107487 0.091295 160.29
0.0894076 -0.0709441 0.993543 352.328 0.0203476 0.997381 0.0693889 8.28586 -0.995862 0.0140136 0.0906133 160.377
0.0917463 -0.0665595 0.993633 353.221 0.0254034 0.997595 0.0644815 8.34102 -0.995533 0.0193286 0.0932123 160.455
0.0943176 -0.0641299 0.993553 354.114 0.0283221 0.997691 0.0617102 8.40175 -0.995214 0.0223203 0.0959124 160.539
0.0985197 -0.0639259 0.993158 355.013 0.030824 0.997652 0.0611598 8.45395 -0.994732 0.0245905 0.100255 160.624
0.101573 -0.0643797 0.992822 355.91 0.0316568 0.997607 0.0614531 8.50535 -0.9944 0.0251888 0.103365 160.72
0.104109 -0.0641281 0.992574 356.804 0.0318238 0.997622 0.0611187 8.55952 -0.994132 0.0252273 0.105898 160.816
0.108651 -0.0644315 0.992069 357.697 0.0319836 0.997606 0.0612902 8.61781 -0.993641 0.0250718 0.110448 160.918
0.112485 -0.0684347 0.991372 358.593 0.0318632 0.99736 0.0652351 8.674 -0.993218 0.0242531 0.114365 161.021
0.115969 -0.0700988 0.990855 359.492 0.0321228 0.997248 0.0667934 8.73721 -0.992809 0.0240843 0.117898 161.131
0.121601 -0.0713616 0.990088 360.386 0.0317005 0.997182 0.0679819 8.79753 -0.992148 0.0231225 0.123517 161.245
0.126863 -0.0717232 0.989403 361.279 0.0316003 0.997168 0.0682361 8.85806 -0.991493 0.02261 0.128767 161.367
0.131605 -0.0721635 0.988751 362.166 0.0316412 0.997144 0.0685669 8.91801 -0.990873 0.0222643 0.133509 161.494
0.138829 -0.072343 0.98775 363.058 0.031991 0.997135 0.068536 8.97335 -0.989876 0.0220856 0.140742 161.626
0.145938 -0.0723634 0.986722 363.949 0.0322467 0.997138 0.0683604 9.03331 -0.988844 0.021845 0.147849 161.764
0.153718 -0.0721572 0.985556 364.837 0.0323714 0.997161 0.06796 9.09317 -0.987661 0.0214584 0.155614 161.913
0.162897 -0.0719801 0.984093 365.731 0.0323658 0.997187 0.0675829 9.15239 -0.986189 0.0208447 0.164764 162.068
0.172754 -0.0720504 0.982406 366.617 0.0330584 0.997182 0.0673229 9.20816 -0.984487 0.0208476 0.174645 162.231
0.18119 -0.0721552 0.980877 367.5 0.0335314 0.997177 0.0671627 9.26904 -0.982954 0.0207238 0.183094 162.399
0.191298 -0.072554 0.978927 368.389 0.0339199 0.997155 0.0672788 9.32981 -0.981024 0.020336 0.193211 162.582
0.202173 -0.0731697 0.976693 369.281 0.0341744 0.997123 0.0676289 9.395 -0.978831 0.019708 0.204088 162.778
0.208488 -0.0737982 0.975319 370.239 0.034383 0.997084 0.0680975 9.45605 -0.977501 0.0193379 0.210413 162.988
0.218548 -0.0740083 0.973096 371.117 0.0350558 0.99707 0.0679611 9.51261 -0.975275 0.0192628 0.220498 163.198
0.224577 -0.0741159 0.971716 372.002 0.0350788 0.99707 0.0679449 9.57007 -0.973907 0.0188289 0.226514 163.408
0.229022 -0.0740594 0.970681 372.885 0.0349978 0.997082 0.067819 9.62932 -0.972871 0.0184427 0.230942 163.62
0.234288 -0.0742123 0.969413 373.771 0.0355704 0.997067 0.0677349 9.68553 -0.971599 0.018614 0.236236 163.843
0.238956 -0.0745047 0.968249 374.656 0.0360118 0.997045 0.0678358 9.74393 -0.970442 0.0186617 0.240929 164.068
0.242578 -0.0747223 0.967333 375.537 0.0364951 0.997025 0.0678663 9.80177 -0.969528 0.018841 0.244579 164.293
0.247696 -0.0750645 0.966008 376.427 0.037215 0.996994 0.0679328 9.85834 -0.968203 0.0191263 0.24974 164.525
0.252232 -0.0754113 0.964808 377.31 0.0374906 0.99697 0.0681263 9.92279 -0.967024 0.0189886 0.254291 164.761
0.255666 -0.0760937 0.963848 378.189 0.0379204 0.996918 0.0686488 9.97655 -0.966102 0.0190014 0.257759 164.999
0.260912 -0.0769292 0.962377 379.079 0.0380912 0.996862 0.0693614 10.0397 -0.964695 0.0185619 0.26302 165.245
0.265236 -0.0779979 0.961106 379.963 0.038367 0.996785 0.0703082 10.0997 -0.963501 0.0182295 0.267372 165.49
0.268922 -0.0791207 0.959992 380.834 0.0384181 0.996706 0.0713872 10.1601 -0.96248 0.0176845 0.271072 165.738
0.274054 -0.0802773 0.958442 381.711 0.0377823 0.996637 0.0726762 10.2189 -0.961053 0.016298 0.276161 165.997
0.278651 -0.0802815 0.957116 382.574 0.038282 0.996635 0.0724536 10.2759 -0.959714 0.0164521 0.280783 166.255
0.282625 -0.0790455 0.956052 383.417 0.0376452 0.996743 0.0712843 10.3401 -0.958574 0.0158471 0.284676 166.513
0.288022 -0.0770217 0.954607 384.278 0.0365043 0.996917 0.069424 10.4163 -0.957014 0.0148526 0.289941 166.786
0.292251 -0.0769663 0.953324 385.126 0.0356934 0.996936 0.0695485 10.4706 -0.955759 0.0137049 0.294098 167.056
0.295183 -0.0793869 0.952223 385.963 0.0346173 0.996775 0.0723727 10.5235 -0.9549 0.0116012 0.296974 167.326
0.298729 -0.0818642 0.950905 386.818 0.032389 0.996607 0.0756268 10.5777 -0.953872 0.00821001 0.300362 167.61
0.301319 -0.0813633 0.950132 387.647 0.0296082 0.996669 0.0759612 10.6388 -0.95315 0.00524415 0.30272 167.891
0.303137 -0.0774231 0.949881 388.469 0.0260919 0.996992 0.0729394 10.6999 -0.952673 0.0026766 0.304241 168.167
0.304484 -0.0739761 0.949726 389.282 0.0242099 0.997257 0.0699191 10.766 -0.952296 0.00170451 0.305436 168.444
0.306091 -0.0741713 0.949193 390.114 0.0229236 0.997242 0.0705368 10.8285 -0.95181 0.00017131 0.306943 168.725
0.307168 -0.0775372 0.948577 390.923 0.020789 0.996983 0.0747644 10.8936 -0.951514 -0.00324419 0.307849 169.003
0.308319 -0.0817874 0.947846 391.744 0.0190614 0.996626 0.0797992 10.958 -0.951177 -0.00653323 0.308834 169.284
0.309905 -0.0840456 0.947131 392.556 0.0181892 0.996426 0.0824706 11.0226 -0.95068 -0.00832952 0.310322 169.566
0.309572 -0.0853095 0.947128 393.346 0.0178039 0.996311 0.0839235 11.0867 -0.950794 -0.00911469 0.309944 169.83
0.309551 -0.0851016 0.947153 394.16 0.0176958 0.996328 0.0837389 11.1558 -0.950804 -0.00915975 0.309916 170.102
0.309191 -0.0848022 0.947297 394.953 0.017495 0.996353 0.0834866 11.2246 -0.950924 -0.00923721 0.309543 170.368
0.308058 -0.086949 0.947472 395.739 0.0208065 0.996191 0.0846573 11.2967 -0.951226 -0.00636481 0.30869 170.618
0.309022 -0.0895157 0.946919 396.553 0.022744 0.995969 0.0867334 11.365 -0.950868 -0.0052626 0.309808 170.897
0.308941 -0.0875302 0.947131 397.345 0.0228347 0.996149 0.0846145 11.438 -0.950893 -0.00451245 0.309746 171.168
0.307858 -0.0843847 0.947769 398.127 0.0248746 0.996431 0.0806405 11.5003 -0.951192 -0.00124727 0.308854 171.426
0.307708 -0.0827054 0.947966 398.93 0.0256384 0.996571 0.0786264 11.5594 -0.951221 0.000111305 0.30877 171.688
0.307328 -0.0832849 0.948039 399.732 0.0249807 0.996524 0.0794494 11.636 -0.951361 -0.000731249 0.308336 171.951
0.306266 -0.0850165 0.948228 400.534 0.0253514 0.996376 0.0811478 11.7014 -0.951694 -0.000812923 0.307308 172.206
0.306436 -0.0856612 0.948115 401.357 0.0248246 0.996322 0.0819962 11.7694 -0.951653 -0.00158695 0.307431 172.477
0.306402 -0.085396 0.94815 402.173 0.0248227 0.996342 0.0817175 11.839 -0.951665 -0.0015018 0.307398 172.744
0.30606 -0.0834162 0.948437 402.977 0.0257549 0.996514 0.0793365 11.9001 -0.95175 0.000148208 0.307137 173.01
0.306704 -0.0824334 0.948314 403.82 0.0262123 0.996592 0.078155 11.9707 -0.95153 0.000888029 0.307817 173.288
0.306119 -0.0830286 0.948452 404.646 0.0265125 0.996545 0.0786848 12.0427 -0.95171 0.00106199 0.307258 173.561
0.307392 -0.0845789 0.947902 405.53 0.027026 0.996412 0.0801458 12.1158 -0.951285 0.000982739 0.308572 173.862
0.306783 -0.0855356 0.948014 406.349 0.0287095 0.99633 0.0806075 12.1689 -0.951433 0.00249122 0.308108 174.127
0.307466 -0.086348 0.947719 407.224 0.0327126 0.99624 0.0801587 12.2276 -0.951083 0.0063572 0.309131 174.418
0.307041 -0.0870586 0.947792 408.076 0.0356449 0.996157 0.0799571 12.2786 -0.951114 0.009237 0.308961 174.691
0.308295 -0.0880614 0.947292 408.96 0.0386015 0.996039 0.0800331 12.3607 -0.950594 0.011894 0.31047 174.983
0.308709 -0.0895415 0.947019 409.832 0.0433801 0.995846 0.0800203 12.4123 -0.950253 0.0163821 0.311306 175.26
0.309262 -0.0912152 0.946678 410.702 0.047444 0.995625 0.0804352 12.4673 -0.94988 0.0200395 0.312233 175.542
0.309203 -0.0935319 0.946472 411.55 0.0462107 0.995451 0.0832788 12.5453 -0.949959 0.0179904 0.312114 175.831
0.310477 -0.0978307 0.94562 412.432 0.045219 0.995079 0.0881039 12.6583 -0.949592 0.0154066 0.31337 176.153
0.311255 -0.102441 0.944877 413.309 0.0462247 0.994625 0.0926109 12.7204 -0.949288 0.0148544 0.314313 176.442
0.310368 -0.102444 0.945167 414.151 0.0469718 0.99461 0.0923815 12.8007 -0.949542 0.0157249 0.313504 176.717
0.311971 -0.0998935 0.944914 415.024 0.0460937 0.994875 0.0899605 12.8757 -0.949059 0.0154928 0.314973 177.008
0.312863 -0.0985591 0.944758 415.882 0.0465623 0.994993 0.0883835 12.9402 -0.948743 0.0163391 0.315883 177.299
0.312599 -0.100661 0.944625 416.732 0.0490048 0.994752 0.089789 13.0218 -0.948707 0.0182264 0.315888 177.581
0.314259 -0.1034 0.943777 417.591 0.0509148 0.994451 0.0920011 13.0998 -0.948059 0.019141 0.317777 177.872
0.31483 -0.105119 0.943398 418.44 0.0504708 0.994294 0.093951 13.1788 -0.947893 0.0180388 0.318335 178.16
0.314592 -0.105328 0.943453 419.252 0.0491877 0.994294 0.094606 13.2579 -0.948039 0.0166449 0.317975 178.436
0.313829 -0.105709 0.943666 420.06 0.0489448 0.994261 0.0951031 13.339 -0.948305 0.0163447 0.317198 178.711
0.315243 -0.108571 0.942868 420.91 0.0511591 0.99393 0.0973493 13.4398 -0.947719 0.0175485 0.318881 179.031
0.312611 -0.110984 0.943464 421.691 0.0523181 0.993653 0.0995558 13.5158 -0.948528 0.0182412 0.316429 179.287
0.311617 -0.11323 0.943525 422.485 0.0526521 0.993403 0.101829 13.6015 -0.948836 0.0179477 0.31552 179.558
0.310598 -0.113929 0.943778 423.272 0.0525426 0.993328 0.102623 13.6734 -0.949177 0.0177173 0.314509 179.818
0.308428 -0.113418 0.944551 424.02 0.0533467 0.993363 0.101863 13.7416 -0.949839 0.0189722 0.312429 180.063
0.309499 -0.109855 0.944621 424.835 0.0525166 0.99376 0.0983664 13.8088 -0.949537 0.0191671 0.313334 180.36
0.30775 -0.104479 0.945803 425.571 0.0496977 0.994357 0.0936748 13.8757 -0.950256 0.0181765 0.311204 180.607
0.306495 -0.0997618 0.946719 426.337 0.0480225 0.994844 0.0892899 13.9383 -0.95075 0.0180998 0.309702 180.852
0.305506 -0.0988289 0.947137 427.093 0.047326 0.994942 0.0885553 14.0084 -0.951102 0.0177706 0.308636 181.105
0.304064 -0.102797 0.947179 427.846 0.0469723 0.994567 0.092865 14.0712 -0.951583 0.0162571 0.307237 181.345
0.302277 -0.105857 0.947414 428.585 0.0476886 0.994245 0.0958778 14.1597 -0.952115 0.0161999 0.305583 181.585
0.301445 -0.107394 0.947506 429.327 0.0474469 0.994092 0.0975834 14.2226 -0.952393 0.0155429 0.304756 181.826
0.300916 -0.107808 0.947629 430.061 0.0474359 0.994047 0.0980296 14.2833 -0.952559 0.0154536 0.304237 182.064
0.300002 -0.107827 0.947916 430.773 0.0470502 0.994051 0.0981885 14.3496 -0.952869 0.0151456 0.303287 182.301
0.30037 -0.107655 0.947819 431.511 0.0478672 0.994055 0.097741 14.4188 -0.95271 0.0160114 0.303736 182.54
0.299989 -0.107368 0.947972 432.232 0.0481754 0.99408 0.0973493 14.48 -0.952817 0.0164677 0.303383 182.765
0.299483 -0.107033 0.948171 432.968 0.0488678 0.9941 0.0967868 14.5434 -0.952939 0.0173494 0.302944 182.99
0.298953 -0.105628 0.948496 433.681 0.0483375 0.994253 0.0954928 14.5906 -0.953134 0.0173024 0.302338 183.217
0.301748 -0.104735 0.94771 434.458 0.0477976 0.994355 0.0946753 14.6698 -0.952279 0.0167305 0.305048 183.487
0.300498 -0.105121 0.948065 435.142 0.0482663 0.994308 0.0949541 14.7301 -0.952652 0.0172285 0.303858 183.704
0.300825 -0.105965 0.947867 435.881 0.0492371 0.994204 0.0955228 14.8058 -0.952498 0.0179347 0.304297 183.951
0.301123 -0.107823 0.947563 436.605 0.0489588 0.994022 0.0975558 14.8664 -0.952419 0.0170173 0.304599 184.181
0.302812 -0.109748 0.946804 437.347 0.049365 0.993816 0.0994132 14.9319 -0.951862 0.0166355 0.306355 184.415
0.304231 -0.111387 0.946157 438.073 0.0497808 0.993639 0.100975 15.0029 -0.951388 0.0163828 0.307838 184.638
0.305456 -0.111652 0.945732 438.793 0.0489011 0.993627 0.101517 15.0495 -0.951042 0.0152383 0.308967 184.871
0.307225 -0.111709 0.945151 439.485 0.0478517 0.993641 0.10189 15.1122 -0.950525 0.0139259 0.310613 185.112
0.310026 -0.110639 0.944362 440.182 0.0462803 0.993781 0.101239 15.1764 -0.949694 0.0123184 0.313216 185.35
0.311723 -0.110712 0.943795 440.857 0.0462086 0.993777 0.101317 15.2404 -0.949141 0.0120303 0.314896 185.577
0.313826 -0.110954 0.94307 441.53 0.0462268 0.993753 0.101538 15.3066 -0.948448 0.0117295 0.316992 185.809
0.315149 -0.111354 0.942581 442.196 0.0459569 0.993715 0.102035 15.3709 -0.948022 0.0111636 0.318283 186.048
0.31572 -0.113023 0.942192 442.845 0.0461123 0.993532 0.103734 15.4454 -0.947825 0.0106954 0.318887 186.273
0.31699 -0.113182 0.941746 443.475 0.0454836 0.993523 0.1041 15.4978 -0.947431 0.00983712 0.320082 186.5
0.318083 -0.113698 0.941316 444.102 0.0458876 0.993463 0.104495 15.5665 -0.947046 0.00995611 0.321218 186.716
0.318438 -0.11432 0.94112 444.726 0.0469991 0.993382 0.10477 15.6388 -0.946872 0.0108707 0.321701 186.934
0.319916 -0.114817 0.940559 445.33 0.0477533 0.99332 0.105019 15.7052 -0.946337 0.0113171 0.323259 187.148
0.320796 -0.115775 0.940141 445.929 0.0491173 0.993196 0.105553 15.7689 -0.945969 0.0123179 0.324297 187.358
0.321517 -0.115801 0.939893 446.513 0.0494933 0.99319 0.105441 15.8327 -0.945705 0.0126168 0.325056 187.568
0.322821 -0.11595 0.939427 447.09 0.049478 0.993174 0.105587 15.8942 -0.945261 0.0123972 0.326351 187.773
0.323704 -0.116343 0.939075 447.65 0.0498106 0.993128 0.105875 15.9491 -0.944942 0.0125034 0.327273 187.97
0.324515 -0.117211 0.938686 448.195 0.0509982 0.993014 0.106369 16.0275 -0.9446 0.0133547 0.328223 188.175
0.325166 -0.117044 0.938483 448.738 0.0503533 0.993044 0.106407 16.0639 -0.944411 0.0126551 0.328795 188.374
0.326624 -0.117165 0.937961 449.258 0.04997 0.993037 0.106649 16.118 -0.943928 0.0120377 0.330202 188.555
0.32607 -0.11815 0.938031 449.78 0.0505321 0.992917 0.107503 16.1839 -0.94409 0.0123466 0.329729 188.756
0.326529 -0.118616 0.937812 450.322 0.050135 0.992868 0.108129 16.2395 -0.943952 0.0117116 0.330145 188.938
0.327028 -0.119319 0.93755 450.82 0.0510571 0.992776 0.108543 16.2928 -0.94373 0.0123711 0.330756 189.113
0.327166 -0.11891 0.937553 451.315 0.0508632 0.992826 0.108176 16.3344 -0.943692 0.012297 0.330865 189.294
0.327581 -0.115676 0.937814 451.802 0.0495674 0.993212 0.105201 16.3742 -0.943618 0.0120226 0.331089 189.46
0.328378 -0.113037 0.937856 452.265 0.0477653 0.993527 0.103028 16.4173 -0.943434 0.0109666 0.33165 189.633
0.329055 -0.113292 0.937589 452.726 0.0480081 0.993497 0.103204 16.4672 -0.943186 0.0110513 0.332352 189.8
0.329691 -0.112914 0.93741 453.184 0.0494945 0.993521 0.102271 16.5122 -0.942887 0.0126805 0.333141 189.965
0.330267 -0.113171 0.937177 453.622 0.0497546 0.99349 0.102443 16.5577 -0.942672 0.0127944 0.333746 190.123
0.329594 -0.114408 0.937263 454.059 0.0501918 0.993347 0.103609 16.6045 -0.942884 0.0128956 0.333142 190.276
0.328716 -0.11478 0.937527 454.491 0.0482568 0.993329 0.104698 16.6539 -0.943292 0.0108254 0.33206 190.451
0.327022 -0.115225 0.938064 454.898 0.0482777 0.993277 0.105183 16.7049 -0.943879 0.010892 0.330384 190.605
0.32569 -0.116204 0.938407 455.284 0.0483488 0.993164 0.10621 16.7386 -0.944336 0.0107786 0.329081 190.752
0.324643 -0.116487 0.938734 455.662 0.0485232 0.993128 0.106462 16.7821 -0.944687 0.0109899 0.328063 190.886
0.323856 -0.116685 0.938982 456.031 0.048216 0.993108 0.106787 16.8198 -0.944973 0.0106897 0.327249 191.018
0.322607 -0.117031 0.939368 456.392 0.0485022 0.993064 0.10707 16.8646 -0.945386 0.0110214 0.326044 191.146
0.321419 -0.117684 0.939695 456.747 0.0486961 0.992985 0.107708 16.8874 -0.945781 0.0111395 0.324894 191.267
0.320571 -0.117765 0.939974 457.099 0.0486115 0.992976 0.107833 16.9299 -0.946073 0.011127 0.324042 191.386
0.319528 -0.117912 0.940312 457.432 0.0482742 0.992962 0.108116 16.9642 -0.946443 0.0108458 0.322971 191.503
0.318995 -0.117737 0.940514 457.748 0.0465175 0.993 0.108536 16.9892 -0.946711 0.00912948 0.322237 191.626
0.317937 -0.117838 0.940861 458.054 0.0461898 0.99299 0.108765 17.0195 -0.947083 0.00887719 0.32115 191.735
0.316617 -0.11812 0.941269 458.355 0.0465066 0.992953 0.108969 17.0524 -0.947509 0.00927526 0.319877 191.84
0.316167 -0.118091 0.941425 458.645 0.0466334 0.992955 0.108899 17.0768 -0.947654 0.00947099 0.319445 191.936
0.31564 -0.117277 0.941702 458.933 0.0474492 0.993039 0.107772 17.1143 -0.947789 0.0106672 0.319006 192.035
0.314871 -0.116817 0.942018 459.217 0.0476829 0.993088 0.107217 17.1473 -0.948032 0.0111579 0.318264 192.13
0.314561 -0.116899 0.94211 459.498 0.0477358 0.993077 0.107291 17.1839 -0.948133 0.0112244 0.317961 192.222
0.31491 -0.117125 0.941967 459.774 0.0476425 0.993053 0.107555 17.2095 -0.948022 0.0110069 0.318301 192.321
0.315513 -0.11715 0.941761 460.042 0.0471353 0.993057 0.107745 17.2305 -0.947847 0.0103966 0.318842 192.422
0.316952 -0.117319 0.941257 460.313 0.0470763 0.99304 0.107927 17.2559 -0.94737 0.0101026 0.320267 192.515
0.318351 -0.117125 0.940809 460.582 0.0458955 0.993076 0.108108 17.276 -0.946959 0.0087641 0.321519 192.623
0.320984 -0.117297 0.939893 460.839 0.0463897 0.993054 0.108094 17.3056 -0.946045 0.00890412 0.324195 192.716
0.325263 -0.117483 0.938396 461.103 0.0470415 0.993031 0.108024 17.3298 -0.944551 0.00900878 0.328521 192.803
0.330723 -0.11763 0.936469 461.375 0.0479711 0.993011 0.107796 17.3559 -0.942606 0.00927204 0.334053 192.897
0.33826 -0.117649 0.93377 461.641 0.0486965 0.993011 0.107478 17.3844 -0.939891 0.00911719 0.341622 193
0.347347 -0.117651 0.930429 461.907 0.0495267 0.993013 0.107082 17.4119 -0.936527 0.00888599 0.350746 193.108
0.357658 -0.116838 0.926616 462.182 0.0501691 0.993111 0.105864 17.4387 -0.932604 0.00862572 0.361054 193.23
0.369227 -0.117166 0.922027 462.461 0.0528186 0.993061 0.105047 17.4599 -0.927937 0.00991332 0.372853 193.344
0.383419 -0.116986 0.916238 462.747 0.0541575 0.993084 0.10414 17.4967 -0.922086 0.00969325 0.3871 193.472
0.398915 -0.116902 0.909609 463.026 0.0558388 0.993095 0.103149 17.5328 -0.915387 0.00964317 0.402687 193.61
0.4162 -0.116789 0.901846 463.308 0.0574954 0.99311 0.10208 17.5648 -0.907556 0.0093679 0.420045 193.758
0.434579 -0.117089 0.893096 463.577 0.0596479 0.993076 0.101178 17.5842 -0.898759 0.00930064 0.438553 193.908
0.453225 -0.117045 0.883785 463.858 0.0618346 0.99308 0.099816 17.6181 -0.889354 0.0094109 0.457324 194.06
0.47246 -0.117002 0.873659 464.124 0.0641031 0.993084 0.0983354 17.6474 -0.879123 0.00954407 0.476692 194.221
0.491472 -0.114137 0.863491 464.363 0.0625521 0.993438 0.0957177 17.6844 -0.868752 0.00697208 0.495385 194.413
0.506121 -0.108802 0.855684 464.613 0.058747 0.994054 0.091655 17.7083 -0.860569 0.00387966 0.509502 194.593
0.513844 -0.103454 0.851735 464.883 0.0532493 0.994632 0.088693 17.7355 -0.85634 -0.000218745 0.516592 194.757
0.513274 -0.103024 0.85213 465.12 0.0526561 0.994677 0.0885481 17.767 -0.856718 -0.000580367 0.515965 194.912
0.508988 -0.103036 0.854696 465.358 0.0520149 0.994676 0.0889412 17.7934 -0.859311 -0.000811669 0.511634 195.062
0.500038 -0.103092 0.859957 465.591 0.0509969 0.994669 0.0895946 17.8182 -0.864611 -0.000946383 0.502628 195.192
0.487018 -0.103704 0.867323 465.832 0.0505382 0.994606 0.090551 17.8438 -0.872037 -0.000265635 0.48963 195.321
0.47255 -0.104606 0.875184 466.063 0.050861 0.994511 0.0914125 17.853 -0.879943 0.00131479 0.475275 195.415
0.454253 -0.106286 0.884618 466.296 0.0525522 0.994324 0.0924884 17.881 -0.889428 0.00447677 0.457258 195.531
0.434341 -0.10644 0.894545 466.542 0.0508823 0.994306 0.093611 17.9178 -0.899416 0.0048565 0.437282 195.622
0.413491 -0.106543 0.904358 466.784 0.0485436 0.994296 0.0949497 17.9463 -0.909316 0.00464119 0.416301 195.726
0.393099 -0.106655 0.913396 467.035 0.0442947 0.994292 0.0970443 17.975 -0.918532 0.00230963 0.395577 195.821
0.373097 -0.106943 0.92171 467.295 0.0422684 0.994261 0.0982568 18.0049 -0.926929 0.00230112 0.375474 195.911
0.35442 -0.107378 0.929005 467.561 0.0406067 0.994214 0.0994299 18.0296 -0.934306 0.00248292 0.356728 196
0.337643 -0.10856 0.935094 467.83 0.0413461 0.994077 0.100485 18.0604 -0.940465 0.00473563 0.340129 196.065
0.321868 -0.109361 0.940551 468.1 0.0417063 0.993979 0.101307 18.0848 -0.945966 0.00661834 0.324489 196.152
0.308181 -0.10961 0.945092 468.359 0.0395617 0.993957 0.102383 18.1115 -0.950603 0.00583822 0.310652 196.236
0.297739 -0.11101 0.948273 468.621 0.0377646 0.993807 0.10449 18.1418 -0.953999 0.00469961 0.300086 196.312
0.288087 -0.113268 0.950981 468.888 0.0372771 0.993553 0.107052 18.176 -0.956976 0.00461062 0.290449 196.384
0.281709 -0.114309 0.952769 469.141 0.0370517 0.993433 0.108239 18.2074 -0.958884 0.00480894 0.284092 196.451
0.278666 -0.114747 0.953608 469.387 0.0375473 0.993378 0.108566 18.2233 -0.959752 0.00555288 0.281126 196.513
0.280937 -0.114486 0.952975 469.609 0.0374207 0.99341 0.108318 18.2476 -0.959096 0.00522945 0.283368 196.58
0.287015 -0.115252 0.951068 469.851 0.0399469 0.993312 0.108322 18.2685 -0.957191 0.00690329 0.289697 196.644
0.295622 -0.116383 0.948292 470.063 0.0428225 0.993167 0.108548 18.2899 -0.954445 0.00851812 0.298584 196.703
0.307086 -0.11636 0.944642 470.264 0.0438869 0.993172 0.108077 18.3172 -0.950769 0.00826961 0.310093 196.781
0.320836 -0.114341 0.940311 470.458 0.0420349 0.993426 0.106464 18.3418 -0.946303 0.00536753 0.323531 196.866
0.335387 -0.112232 0.935473 470.626 0.0402213 0.993678 0.104802 18.3607 -0.941322 0.00247787 0.337778 196.943
0.349376 -0.112029 0.930366 470.786 0.0403214 0.993704 0.104521 18.382 -0.936217 0.000995562 0.351692 197.027
0.363741 -0.113061 0.924717 470.956 0.0418632 0.993587 0.105021 18.4078 -0.930662 0.000512162 0.366138 197.112
0.378259 -0.114767 0.918665 471.104 0.0449335 0.993391 0.105608 18.4121 -0.924713 0.00133089 0.380914 197.152
0.392238 -0.115599 0.912677 471.233 0.0548339 0.993245 0.102244 18.4231 -0.918333 0.0099425 0.395924 197.214
0.407507 -0.113248 0.906262 471.36 0.0621339 0.993418 0.096207 18.4121 -0.911193 0.0171035 0.411859 197.266
0.422411 -0.112331 0.899525 471.455 0.0636376 0.993516 0.0941921 18.4392 -0.904275 0.0174567 0.426818 197.34
0.437287 -0.109809 0.892703 471.559 0.0591553 0.993879 0.093285 18.4681 -0.897483 0.0120148 0.441104 197.428
0.451517 -0.108886 0.885704 471.661 0.0556541 0.994029 0.0938387 18.4873 -0.890635 0.00692414 0.454878 197.502
0.464322 -0.108983 0.879047 471.764 0.0567469 0.99402 0.0932703 18.4979 -0.883957 0.0065748 0.467728 197.575
0.476321 -0.109659 0.872519 471.857 0.0582971 0.993947 0.093102 18.5024 -0.877448 0.00651967 0.479828 197.633
0.488232 -0.110003 0.865867 471.943 0.0598341 0.993908 0.0925394 18.5119 -0.870772 0.00662672 0.491837 197.693
0.499504 -0.110102 0.859401 472.022 0.0610222 0.993897 0.0918731 18.5194 -0.864273 0.00655246 0.503172 197.746
0.509601 -0.110995 0.853337 472.105 0.0630639 0.993794 0.0916108 18.5285 -0.85821 0.00712875 0.513437 197.806
0.518833 -0.112629 0.847541 472.183 0.0655988 0.993605 0.0918901 18.5354 -0.852471 0.00792295 0.522901 197.867
0.526377 -0.112301 0.842919 472.248 0.0651488 0.993651 0.0917076 18.5416 -0.847867 0.00664143 0.530349 197.923
0.534559 -0.108777 0.83822 472.3 0.0605386 0.994062 0.0904016 18.5364 -0.843077 0.00242044 0.537968 197.975
0.544672 -0.102922 0.832428 472.334 0.0545386 0.994686 0.0873058 18.5357 -0.836991 -0.00215465 0.547389 198.039
0.551902 -0.0978637 0.828267 472.374 0.0490739 0.995179 0.0848937 18.5447 -0.832583 -0.00620599 0.554042 198.087
0.556322 -0.0979565 0.825293 472.422 0.0501043 0.995174 0.0843535 18.5583 -0.829574 -0.00557799 0.558543 198.113
0.561705 -0.103667 0.820938 472.467 0.0552362 0.994603 0.0878119 18.5543 -0.825612 -0.00397821 0.564398 198.146
0.565958 -0.108778 0.817347 472.526 0.0610162 0.994064 0.0900552 18.5616 -0.822293 -0.00109713 0.569234 198.169
0.570004 -0.109541 0.81443 472.567 0.0619546 0.993981 0.0903384 18.57 -0.819424 -0.00103489 0.573357 198.195
0.575136 -0.109284 0.810849 472.592 0.0622221 0.994009 0.0898436 18.5803 -0.81581 -0.00122072 0.578488 198.232
0.57986 -0.108879 0.807531 472.612 0.0621446 0.994053 0.0894113 18.5888 -0.812464 -0.00166171 0.583176 198.267
0.583141 -0.108633 0.8052 472.636 0.062132 0.99408 0.0891267 18.5932 -0.810115 -0.00194592 0.586436 198.301
