0 0.000187 0.029062 100.000000 6.289308
0 0.000239 0.030526 200.000000 6.666667
0 0.000324 0.037701 300.000000 7.194244
0 0.000270 0.051531 400.000000 7.326007
0 0.000325 0.065569 500.000000 7.610350
10 0.000112 0.026139 100.000000 6.211180
10 0.000222 0.026444 200.000000 6.666667
10 0.000308 0.032773 300.000000 7.194244
10 0.000258 0.045980 400.000000 7.312614
10 0.000298 0.060522 500.000000 7.598784
20 0.000107 0.024801 100.000000 6.134969
20 0.000236 0.025775 200.000000 6.666667
20 0.000309 0.031676 300.000000 7.211538
20 0.000277 0.044849 400.000000 7.312614
20 0.000282 0.059906 500.000000 7.575758
30 0.000184 0.025792 100.000000 5.988024
30 0.000239 0.025556 200.000000 6.688963
30 0.000308 0.032571 300.000000 7.228916
30 0.000274 0.045672 400.000000 7.326007
30 0.000274 0.060913 500.000000 7.564297
40 0.000216 0.027831 100.000000 5.882353
40 0.000276 0.025699 200.000000 6.711410
40 0.000301 0.033213 300.000000 7.246377
40 0.000286 0.045543 400.000000 7.352941
40 0.000269 0.060904 500.000000 7.552870
50 0.000218 0.029856 100.000000 5.882353
50 0.000260 0.026729 200.000000 6.779661
50 0.000316 0.034781 300.000000 7.299270
50 0.000293 0.047844 400.000000 7.380074
50 0.000266 0.063438 500.000000 7.530120
60 0.000243 0.030006 100.000000 5.988024
60 0.000265 0.026997 200.000000 6.872852
60 0.000325 0.036695 300.000000 7.371007
60 0.000300 0.050077 400.000000 7.448790
60 0.000258 0.066419 500.000000 7.496252
70 0.000220 0.030216 100.000000 6.211180
70 0.000270 0.026563 200.000000 7.042253
70 0.000321 0.037618 300.000000 7.481297
70 0.000305 0.050968 400.000000 7.532957
70 0.000254 0.067408 500.000000 7.485030
80 0.000196 0.031137 100.000000 6.451613
80 0.000280 0.026206 200.000000 7.220217
80 0.000321 0.037915 300.000000 7.614213
80 0.000307 0.051393 400.000000 7.633588
80 0.000254 0.067741 500.000000 7.507507
90 0.000184 0.029587 100.000000 6.711410
90 0.000297 0.025251 200.000000 7.380074
90 0.000323 0.038003 300.000000 7.751938
90 0.000312 0.052107 400.000000 7.736944
90 0.000252 0.068531 500.000000 7.507507
100 0.000194 0.029392 100.000000 6.896552
100 0.000344 0.026412 200.000000 7.490637
100 0.000322 0.041648 300.000000 7.853403
100 0.000331 0.056296 400.000000 7.812500
100 0.000264 0.072904 500.000000 7.440476
110 0.000179 0.030982 100.000000 6.896552
110 0.000348 0.025617 200.000000 7.547170
110 0.000302 0.039106 300.000000 7.915567
110 0.000325 0.053056 400.000000 7.874016
120 0.000179 0.031110 100.000000 6.849315
120 0.000335 0.026189 200.000000 7.547170
120 0.000297 0.039113 300.000000 7.915567
120 0.000337 0.052910 400.000000 7.920792
130 0.000294 0.030265 100.000000 6.849315
130 0.000336 0.029648 200.000000 7.575758
130 0.000328 0.045354 300.000000 7.832898
130 0.000373 0.060207 400.000000 7.936508
140 0.000297 0.027363 100.000000 6.896552
140 0.000396 0.030288 200.000000 7.604563
140 0.000337 0.046270 300.000000 7.751938
140 0.000380 0.061350 400.000000 7.968128
150 0.000271 0.027193 100.000000 6.944445
150 0.000396 0.029674 200.000000 7.662835
150 0.000322 0.045864 300.000000 7.731959
150 0.000372 0.061156 400.000000 7.984032
160 0.000328 0.027263 100.000000 7.042253
160 0.000441 0.034277 200.000000 7.722008
160 0.000324 0.052114 300.000000 7.731959
160 0.000378 0.067958 400.000000 8.016032
170 0.000388 0.027425 100.000000 7.092198
170 0.000454 0.036833 200.000000 7.782101
170 0.000336 0.054970 300.000000 7.731959
170 0.000370 0.071546 400.000000 8.016032
180 0.000357 0.027240 100.000000 7.194244
180 0.000433 0.035215 200.000000 7.843137
180 0.000350 0.051558 300.000000 7.772021
180 0.000350 0.068207 400.000000 8.032128
190 0.000339 0.027058 100.000000 7.352941
190 0.000433 0.034929 200.000000 7.936508
190 0.000334 0.051041 300.000000 7.832898
190 0.000335 0.067709 400.000000 8.048289
200 0.000361 0.027115 100.000000 7.575758
200 0.000435 0.036726 200.000000 8.064516
200 0.000347 0.052343 300.000000 7.915567
200 0.000329 0.068976 400.000000 8.097166
210 0.000364 0.026758 100.000000 7.812500
210 0.000437 0.039160 200.000000 8.196721
210 0.000367 0.055093 300.000000 8.000000
210 0.000334 0.072342 400.000000 8.113590
220 0.000318 0.027822 100.000000 7.936508
220 0.000450 0.041415 200.000000 8.264462
220 0.000371 0.057682 300.000000 8.042895
220 0.000327 0.075120 400.000000 8.064516
230 0.000402 0.030977 100.000000 8.000000
230 0.000474 0.048491 200.000000 8.298756
230 0.000395 0.064336 300.000000 8.086253
230 0.000319 0.082700 400.000000 7.858546
240 0.000526 0.029786 100.000000 8.064516
240 0.000460 0.049074 200.000000 8.368201
240 0.000405 0.064768 300.000000 8.130081
240 0.000310 0.082650 400.000000 7.648183
250 0.000549 0.028713 100.000000 8.196721
250 0.000423 0.047022 200.000000 8.438819
250 0.000400 0.061891 300.000000 8.196721
260 0.000544 0.029001 100.000000 8.264462
260 0.000410 0.046368 200.000000 8.510638
260 0.000410 0.061087 300.000000 8.287292
270 0.000471 0.030570 100.000000 8.333333
270 0.000396 0.046245 200.000000 8.474576
270 0.000425 0.061167 300.000000 8.333333
280 0.000423 0.030808 100.000000 8.403361
280 0.000407 0.044816 200.000000 8.298756
280 0.000430 0.059774 300.000000 8.356546
290 0.000619 0.030322 100.000000 8.403361
290 0.000401 0.046897 200.000000 8.163265
290 0.000436 0.062013 300.000000 8.356546
300 0.000691 0.030999 100.000000 8.474576
300 0.000390 0.051167 200.000000 8.097166
300 0.000433 0.066716 300.000000 8.356546
310 0.000682 0.030471 100.000000 8.474576
310 0.000378 0.049842 200.000000 8.064516
310 0.000400 0.065026 300.000000 8.333333
320 0.000679 0.031337 100.000000 8.474576
320 0.000412 0.049947 200.000000 8.032128
320 0.000379 0.064188 300.000000 8.310249
330 0.000766 0.036274 100.000000 8.547009
330 0.000432 0.055612 200.000000 8.064516
330 0.000388 0.070128 300.000000 8.264462
340 0.000767 0.042920 100.000000 8.474576
340 0.000461 0.060356 200.000000 8.032128
340 0.000388 0.074276 300.000000 8.152174
350 0.000811 0.048582 100.000000 8.474576
350 0.000484 0.065240 200.000000 8.064516
350 0.000371 0.080298 300.000000 7.894737
360 0.000759 0.051472 100.000000 8.547009
360 0.000460 0.065030 200.000000 8.097166
360 0.000340 0.077003 300.000000 7.556675
370 0.000730 0.054678 100.000000 8.620689
370 0.000457 0.064807 200.000000 8.163265
380 0.000747 0.061464 100.000000 8.620689
380 0.000495 0.069475 200.000000 8.230453
390 0.000751 0.066843 100.000000 8.403361
390 0.000538 0.073409 200.000000 8.298756
400 0.000332 0.031276 100.000000 8.000000
400 0.000433 0.038570 200.000000 8.298756
410 0.000170 0.029284 100.000000 7.751938
410 0.000374 0.033919 200.000000 8.264462
420 0.000092 0.028471 100.000000 7.633588
420 0.000338 0.031915 200.000000 8.264462
430 0.000131 0.028777 100.000000 7.575758
430 0.000287 0.030262 200.000000 8.196721
440 0.000141 0.029051 100.000000 7.575758
440 0.000266 0.030881 200.000000 8.130081
450 0.000266 0.029557 100.000000 7.575758
450 0.000246 0.033033 200.000000 8.032128
460 0.000242 0.029278 100.000000 7.575758
460 0.000226 0.034617 200.000000 7.843137
470 0.000285 0.028760 100.000000 7.575758
470 0.000205 0.038222 200.000000 7.407407
480 0.000382 0.029872 100.000000 7.633588
480 0.000221 0.041212 200.000000 6.896552
490 0.000445 0.029867 100.000000 7.751938
500 0.000511 0.030297 100.000000 7.874016
510 0.000558 0.030809 100.000000 8.130081
520 0.000530 0.028786 100.000000 8.403361
530 0.000568 0.030765 100.000000 8.620689
540 0.000608 0.034117 100.000000 8.771930
550 0.000645 0.039318 100.000000 8.849558
560 0.000508 0.036498 100.000000 8.849558
570 0.000466 0.037266 100.000000 8.695652
580 0.000397 0.036380 100.000000 8.474576
590 0.000369 0.038536 100.000000 8.064516
600 0.000310 0.040937 100.000000 7.142857
610 0.000316 0.038155 100.000000 6.172840
