0 0.000524 0.036179 100.000000 13.513514
0 0.000537 0.051621 200.000000 13.605442
0 0.000470 0.074789 300.000000 14.084507
10 0.000464 0.033393 100.000000 13.513514
10 0.000550 0.048599 200.000000 13.698630
10 0.000427 0.072004 300.000000 14.218010
20 0.000365 0.028401 100.000000 13.513514
20 0.000476 0.041348 200.000000 13.793103
20 0.000379 0.062584 300.000000 14.354067
30 0.000377 0.026765 100.000000 13.513514
30 0.000462 0.040600 200.000000 13.793103
30 0.000359 0.059991 300.000000 14.423077
40 0.000420 0.026151 100.000000 13.333333
40 0.000465 0.041440 200.000000 13.888889
40 0.000344 0.060318 300.000000 14.492754
50 0.000444 0.024954 100.000000 13.333333
50 0.000465 0.041830 200.000000 13.986014
50 0.000327 0.059558 300.000000 14.563107
60 0.000503 0.023106 100.000000 13.333333
60 0.000451 0.043269 200.000000 14.084507
60 0.000332 0.060053 300.000000 14.634147
70 0.000567 0.023530 100.000000 13.333333
70 0.000448 0.047226 200.000000 14.184397
80 0.000622 0.025963 100.000000 13.513514
80 0.000421 0.049891 200.000000 14.388489
90 0.000609 0.029066 100.000000 13.698630
90 0.000400 0.051112 200.000000 14.492754
100 0.000555 0.028463 100.000000 13.888889
100 0.000366 0.047642 200.000000 14.705882
110 0.000523 0.027359 100.000000 14.084507
110 0.000322 0.043682 200.000000 14.925373
120 0.000550 0.026347 100.000000 14.285714
120 0.000290 0.042003 200.000000 15.037594
130 0.000423 0.023858 100.000000 14.492754
130 0.000252 0.035359 200.000000 15.267176
140 0.000355 0.023973 100.000000 14.705882
140 0.000224 0.033121 200.000000 15.384615
150 0.000303 0.025026 100.000000 14.925373
160 0.000209 0.022657 100.000000 15.151515
170 0.000201 0.023044 100.000000 15.384615
180 0.000165 0.022195 100.000000 15.384615
190 0.000140 0.024824 100.000000 15.625000
200 0.000143 0.023761 100.000000 15.625000
