1 0.000577615 0.000885926 0.00207816 -0.000573983 0.999992 -0.00413056 -0.00762146 -0.000888255 0.00413003 0.999992 0.987785
0.999998 -0.00206237 0.00114414 0.0152822 0.00206828 0.999985 -0.00522185 -0.00546191 -0.00113333 0.00522417 0.999986 1.93216
0.999995 -0.0034079 0.00110156 0.0188829 0.00340969 0.999994 -0.00164865 0.000178226 -0.00109588 0.00165239 1 2.89529
0.999977 -0.00699431 -0.000908383 0.041462 0.00699794 0.999969 0.00410732 0.00260793 0.000879676 -0.00411368 0.999994 3.84887
0.999948 -0.0100542 -0.00236662 0.0420092 0.0100643 0.999942 0.00429262 0.00312567 0.00232342 -0.00431616 0.99999 4.82171
0.999909 -0.0129579 -0.00425517 0.0473777 0.0129634 0.999917 0.00130319 0.0163177 0.004238 -0.00135839 0.999993 5.78148
0.999892 -0.0138564 -0.00515528 0.0475354 0.0138448 0.999904 -0.00229031 0.017488 0.00518641 0.00221861 0.999988 6.71676
0.999887 -0.014023 -0.00580601 0.0335227 0.0140039 0.999899 -0.00329299 0.0295235 0.00585168 0.00321108 0.999982 7.65512
0.999876 -0.0137875 -0.00775955 0.0315027 0.0137783 0.999907 -0.00124854 0.028097 0.00777592 0.00114137 0.999972 8.59898
0.999872 -0.0132572 -0.00919097 0.0281147 0.0132728 0.999913 0.00164851 0.0296834 0.00916838 -0.0017705 0.99996 9.54127
0.999848 -0.0140406 -0.0104739 0.0172666 0.0140742 0.999899 0.00313101 0.0337919 0.0104287 -0.00327804 0.999944 10.4917
0.99983 -0.0151994 -0.0106735 0.00455701 0.0152382 0.999881 0.00358198 0.0431002 0.0106179 -0.0037443 0.999941 11.4228
0.999803 -0.0158528 -0.0119823 -0.004784 0.0158917 0.999871 0.00315313 0.0566081 0.0119306 -0.00334301 0.999928 12.3499
0.999723 -0.017704 -0.0156594 0.0475456 0.0177288 0.999845 0.00146319 0.076659 0.0156312 -0.00174075 0.999881 13.2077
0.999681 -0.0182932 -0.017523 0.0333328 0.0182829 0.999836 -0.000741886 0.0822819 0.0175334 0.000421099 0.999853 14.1764
0.999618 -0.0195788 -0.0196936 0.0239283 0.0195421 0.999811 -0.00204804 0.0809464 0.01973 0.00166205 0.999809 15.1017
0.999577 -0.0191962 -0.02198 0.00928233 0.0191408 0.999816 -0.0027247 0.0780243 0.022028 0.00230262 0.999761 16.0286
0.999562 -0.0176761 -0.0238731 -0.0101004 0.0175936 0.999842 -0.00364841 0.0775486 0.0239339 0.00322639 0.999713 16.9308
0.99954 -0.0159887 -0.0258641 -0.0328514 0.0158975 0.99987 -0.00372381 0.0778166 0.0259201 0.0033107 0.999666 17.8288
0.999477 -0.0167761 -0.0277838 -0.0528697 0.0167097 0.99986 -0.00260995 0.0708153 0.0278238 0.00214386 0.999615 18.7301
0.999438 -0.0162479 -0.0294366 -0.0835952 0.0162186 0.999871 -0.00122924 0.0675569 0.0294526 0.000750869 0.999574 19.6598
0.999404 -0.0159545 -0.0307443 -0.116078 0.0159551 0.999876 -0.000220382 0.0623891 0.0307441 -0.000270756 0.999533 20.5612
0.999333 -0.0169621 -0.0324328 -0.146252 0.0169663 0.999859 -0.000141031 0.0591777 0.0324305 -0.000409611 0.999483 21.456
0.999296 -0.0170866 -0.0335311 -0.190162 0.0170937 0.999857 -7.05946e-05 0.0515097 0.0335278 -0.000503118 0.999443 22.3526
0.999297 -0.0170078 -0.033499 -0.246169 0.0170364 0.999857 0.000574417 0.0485429 0.0334844 -0.00114503 0.999447 23.2253
0.999276 -0.01692 -0.0342267 -0.284922 0.0170137 0.999856 0.00245483 0.0503285 0.0341806 -0.00303583 0.999417 24.0976
0.999216 -0.0179094 -0.0353967 -0.310365 0.0181084 0.999824 0.00531587 0.0499427 0.0352953 -0.00595305 0.999367 24.9685
0.999167 -0.0176797 -0.0369569 -0.334234 0.0179591 0.999816 0.00724235 0.0454119 0.0368224 -0.00790042 0.999298 25.8358
0.999121 -0.0174216 -0.0382446 -0.361946 0.0176618 0.999829 0.00595519 0.0521454 0.0381343 -0.00662579 0.99926 26.6945
0.999062 -0.0159876 -0.0404032 -0.383192 0.0161464 0.999867 0.00360672 0.0524795 0.0403405 -0.00425619 0.999185 27.5333
0.999015 -0.0157951 -0.04158 -0.417751 0.0158886 0.999875 0.0019223 0.0564568 0.0415444 -0.00258156 0.999142 28.357
0.998985 -0.0150162 -0.0426339 -0.452029 0.0151022 0.999889 0.00169635 0.0558934 0.0426041 -0.002339 0.999098 29.1844
0.998938 -0.0155896 -0.043464 -0.498123 0.0156885 0.999879 0.0019346 0.0440264 0.0434287 -0.00261493 0.999063 29.9843
0.998873 -0.0153811 -0.0451029 -0.537906 0.0154637 0.999883 0.00148285 0.0353554 0.0450754 -0.00217915 0.99899 30.7784
0.998805 -0.0151484 -0.0465848 -0.585441 0.0152116 0.999888 0.00100385 0.0445053 0.0465645 -0.00171185 0.998923 31.5595
0.998461 -0.0160239 -0.0532713 -0.525018 0.0162476 0.999865 0.00377001 0.012503 0.0532044 -0.00463024 0.998582 32.3206
0.998352 -0.0167328 -0.054988 -0.576184 0.0170993 0.999839 0.00620475 0.0138584 0.0548755 -0.00713537 0.998478 33.0681
0.998228 -0.0156939 -0.0575568 -0.617016 0.0161538 0.999846 0.00753689 0.0214636 0.0574303 -0.00845382 0.998324 33.8334
0.998106 -0.0144481 -0.0599046 -0.655866 0.014914 0.999867 0.00733898 0.0323287 0.0597907 -0.00821911 0.998188 34.5791
0.998001 -0.0117458 -0.0622566 -0.700579 0.0121742 0.99991 0.00650961 0.0383687 0.0621752 -0.00725509 0.998049 35.3229
0.997887 -0.0100944 -0.0642888 -0.750073 0.0104771 0.999936 0.00561872 0.0460405 0.0642279 -0.00628101 0.997928 36.0382
0.997798 -0.00950128 -0.0658076 -0.801797 0.00995549 0.999934 0.00657912 0.0552551 0.0657415 -0.0072204 0.997822 36.7517
0.997746 -0.00821318 -0.0667115 -0.857447 0.00879001 0.999933 0.00835927 0.0620024 0.0666384 -0.00892746 0.99775 37.4638
0.997764 -0.00566523 -0.0667605 -0.91172 0.00627153 0.999946 0.0088788 0.0654894 0.0667074 -0.00927826 0.997741 38.1474
0.997857 -0.00305778 -0.0654802 -0.962506 0.00351577 0.999977 0.00688055 0.0700588 0.0654577 -0.00709659 0.997843 38.8196
0.99793 -0.00167113 -0.0644403 -0.996984 0.00194015 0.999994 0.00411577 0.0691663 0.0644339 -0.0042329 0.997924 39.503
0.998074 -0.00108896 -0.0621379 -1.0449 0.00124711 1 0.00250852 0.0729525 0.0621353 -0.00258182 0.998078 40.1689
0.998247 -5.1372e-05 -0.0593654 -1.08216 0.000235319 1 0.00309584 0.0849295 0.059366 -0.00310502 0.998243 40.8509
0.998407 0.00456879 -0.0563502 -1.12453 -0.00425119 0.999983 0.00575426 0.0878342 0.0563754 -0.00550621 0.998408 41.5196
0.998612 0.00870442 -0.0521579 -1.17439 -0.00821471 0.999926 0.00960041 0.0850273 0.0522384 -0.00915925 0.998604 42.1282
0.99879 0.0135192 -0.0474307 -1.21634 -0.0130391 0.999868 0.0104141 0.0959306 0.0475653 -0.0097837 0.998833 42.768
0.999008 0.0168835 -0.0414656 -1.25824 -0.0164699 0.999817 0.0103025 0.112722 0.0416327 -0.00960993 0.999098 43.3675
0.999173 0.0204581 -0.0353389 -1.29319 -0.0200266 0.999729 0.0125202 0.117217 0.0355855 -0.0118028 0.99931 43.9282
0.999278 0.02548 -0.0285701 -1.31903 -0.0250884 0.999594 0.0139882 0.118054 0.0289157 -0.0132619 0.999505 44.4947
0.999366 0.0291303 -0.0208273 -1.35066 -0.028845 0.999496 0.013864 0.120329 0.0212209 -0.0132552 0.9997 45.038
0.999387 0.0322261 -0.0145323 -1.34087 -0.0320207 0.999394 0.014171 0.121733 0.0149809 -0.0136977 0.999806 45.5588
0.999337 0.0362318 -0.00551334 -1.39229 -0.0361536 0.999261 0.013674 0.133086 0.00600501 -0.0134662 0.999905 46.0768
0.999212 0.0399299 0.00210673 -1.40337 -0.0399506 0.999153 0.0106118 0.146583 -0.00168054 -0.0106883 0.999954 46.5632
0.999084 0.04171 0.0104568 -1.40874 -0.0417896 0.999108 0.00752566 0.151951 -0.0101332 -0.00795639 0.999932 47.0383
0.998966 0.0419561 0.0182241 -1.39947 -0.0420901 0.999097 0.00700084 0.165814 -0.0179132 -0.00776138 0.999823 47.4527
0.998836 0.0408794 0.0259794 -1.38678 -0.0411072 0.999129 0.0082935 0.170071 -0.0256173 -0.00935245 0.999643 47.8394
0.998525 0.0425549 0.0341285 -1.38016 -0.0428751 0.999052 0.00868648 0.182089 -0.0337257 -0.0101376 0.999395 48.2099
0.998036 0.045785 0.0429763 -1.37946 -0.0462059 0.998902 0.00885103 0.192247 -0.0425231 -0.0108202 0.999052 48.5378
0.99742 0.0500612 0.0517359 -1.37729 -0.0505536 0.998698 0.00824246 0.196338 -0.051255 -0.0108373 0.998643 48.8294
0.996738 0.0516227 0.0621992 -1.43003 -0.0520882 0.998635 0.0058835 0.270924 -0.0618097 -0.00910504 0.998062 49.15
0.996181 0.0510104 0.0710519 -1.3972 -0.0515775 0.998661 0.00616189 0.282272 -0.070641 -0.00980385 0.997472 49.4199
0.995193 0.050048 0.0843084 -1.47159 -0.0506872 0.99871 0.00545289 0.251057 -0.0839257 -0.00970101 0.996442 49.6972
0.994405 0.0472683 0.0946281 -1.38083 -0.0475095 0.998883 0.000291707 0.278178 -0.0945065 -0.00478675 0.995533 49.8797
0.993028 0.0454388 0.108888 -1.40386 -0.0451268 0.998976 -0.00533181 0.332147 -0.109018 0.000379751 0.994057 50.1252
0.991306 0.0446672 0.123889 -1.37323 -0.0439317 0.99901 -0.00866586 0.374618 -0.124151 0.00314675 0.99228 50.326
0.989128 0.046184 0.139705 -1.32068 -0.0453778 0.99894 -0.00895455 0.352626 -0.139969 0.00251658 0.990171 50.5505
0.986504 0.0462014 0.157189 -1.28921 -0.0451427 0.998941 -0.0103026 0.365449 -0.157495 0.00306657 0.987538 50.8165
0.983596 0.0448354 0.174796 -1.22491 -0.0434403 0.998997 -0.0118024 0.383203 -0.175148 0.00401442 0.984554 51.0159
0.980146 0.0439139 0.193438 -1.14609 -0.0424251 0.999042 -0.0118364 0.380911 -0.19377 0.00339368 0.981065 51.2182
0.976174 0.0437429 0.212593 -1.05813 -0.0420361 0.999048 -0.0125454 0.373925 -0.212938 0.0033088 0.97708 51.4003
0.971322 0.045629 0.233422 -0.970518 -0.043399 0.998963 -0.0146847 0.381333 -0.233847 0.00413202 0.97229 51.6768
0.965784 0.0466908 0.255158 -0.857734 -0.043993 0.998911 -0.0162742 0.377739 -0.255638 0.00449103 0.966782 51.909
0.959654 0.0462208 0.277423 -0.739075 -0.0432234 0.998935 -0.016915 0.37364 -0.277906 0.00424012 0.960624 52.1389
0.952204 0.0478052 0.30174 -0.596545 -0.0447343 0.998865 -0.0170844 0.363959 -0.302212 0.00276851 0.953257 52.3866
0.943173 0.0495146 0.328646 -0.474092 -0.04625 0.998785 -0.017749 0.361609 -0.329122 0.00153929 0.944312 52.6373
0.933068 0.0498192 0.356268 -0.321138 -0.046238 0.99877 -0.0185675 0.35974 -0.356752 0.000850534 0.934219 52.8964
0.921662 0.0475348 0.385116 -0.133947 -0.0431093 0.998881 -0.0201238 0.35429 -0.385637 0.00194397 0.922675 53.1682
0.908088 0.0446841 0.41642 0.0613305 -0.0390685 0.999006 -0.0220027 0.345602 -0.416986 0.0037104 0.908926 53.4104
0.892191 0.04314 0.449634 0.276059 -0.0358455 0.999066 -0.0247293 0.324977 -0.450275 0.00594471 0.892899 53.672
0.874279 0.044588 0.4834 0.493591 -0.035068 0.998985 -0.0287213 0.316194 -0.484186 0.0081574 0.87495 53.9272
0.854555 0.04587 0.517369 0.731539 -0.0343681 0.998918 -0.0317985 0.303441 -0.518261 0.00939122 0.855201 54.1594
0.832694 0.0484128 0.551638 0.997579 -0.0355649 0.998802 -0.0339725 0.284706 -0.552618 0.00866861 0.833414 54.3653
0.808294 0.0519654 0.586515 1.28166 -0.0381854 0.998642 -0.0358566 0.279742 -0.587574 0.00658509 0.809175 54.5921
0.782043 0.055104 0.620806 1.60543 -0.0408114 0.998486 -0.0372174 0.263099 -0.621913 0.00376851 0.783103 54.8293
0.751556 0.0567085 0.657257 1.89988 -0.0413731 0.998403 -0.0388348 0.256814 -0.658402 0.0019926 0.752698 55.0487
0.716934 0.053828 0.695079 2.17066 -0.0380514 0.998562 -0.038083 0.234069 -0.696127 0.000853258 0.717947 55.2627
0.679851 0.0522244 0.731516 2.5104 -0.0357062 0.998649 -0.0381124 0.209509 -0.732511 -0.000209888 0.680794 55.4913
0.638749 0.0509663 0.767742 2.79589 -0.0337278 0.998712 -0.0382388 0.18746 -0.768699 -0.00147025 0.639641 55.7144
0.594257 0.0510775 0.802678 3.19046 -0.0314208 0.998707 -0.0402907 0.176822 -0.80369 -0.00127845 0.595092 55.9498
0.548341 0.0498631 0.834782 3.59225 -0.0280302 0.998768 -0.0412467 0.166725 -0.835807 -0.000782839 0.54906 56.1568
0.501606 0.0474556 0.863819 4.04206 -0.0266168 0.998882 -0.0394209 0.144393 -0.864715 -0.00321883 0.502307 56.3652
0.45403 0.0453616 0.889845 4.50242 -0.0264653 0.998962 -0.037421 0.123021 -0.890616 -0.00656078 0.454756 56.5488
0.405299 0.0457085 0.913066 4.95838 -0.029743 0.998894 -0.0368039 0.121875 -0.913728 -0.012241 0.406209 56.7219
0.357106 0.0459645 0.932945 5.46633 -0.0283949 0.998874 -0.0383444 0.115319 -0.933654 -0.0127988 0.358008 56.8899
0.31128 0.0421795 0.949406 5.9265 -0.0175004 0.999114 -0.0386513 0.102513 -0.950185 -0.00458422 0.311742 56.9838
0.268049 0.0356012 0.96276 6.40728 -0.00545689 0.99937 -0.0354364 0.0826451 -0.963411 0.00424415 0.268073 57.0553
0.226866 0.0342782 0.973346 6.93578 0.00234604 0.999373 -0.0357427 0.0691212 -0.973951 0.0103914 0.226643 57.1215
0.189502 0.0353755 0.981256 7.51719 0.0041254 0.999326 -0.0368243 0.0513452 -0.981893 0.0110254 0.189228 57.2067
0.157877 0.0354727 0.986845 8.0367 0.0116291 0.999233 -0.0377795 0.0326683 -0.987418 0.0174395 0.157344 57.2338
0.129746 0.0336619 0.990989 8.5814 0.0173904 0.999206 -0.0362184 0.0139852 -0.991416 0.021932 0.129058 57.2572
0.104901 0.031502 0.994007 9.17969 0.0245849 0.999126 -0.0342598 0.000555679 -0.994207 0.0280302 0.104035 57.3018
0.0848715 0.030341 0.995943 9.76583 0.0285211 0.999067 -0.0328672 -0.0136834 -0.996005 0.031194 0.0839277 57.3387
0.0693445 0.0313923 0.997122 10.3662 0.0305669 0.998984 -0.0335776 -0.0372894 -0.997153 0.032806 0.0683153 57.3634
0.0569112 0.0307874 0.997918 10.9541 0.0302113 0.999027 -0.0325452 -0.0603883 -0.997943 0.0319998 0.0559268 57.3675
0.0453377 0.0315103 0.998499 11.6065 0.030436 0.99901 -0.0329094 -0.0775529 -0.998537 0.0318808 0.044335 57.3998
0.0370562 0.0341408 0.998743 12.2457 0.0348212 0.99878 -0.0354346 -0.0931367 -0.998729 0.0360897 0.0358234 57.4034
0.0304791 0.0358007 0.998919 12.8818 0.039013 0.99857 -0.0369796 -0.108308 -0.998803 0.0400964 0.0290402 57.4164
0.0264044 0.0348838 0.999057 13.5363 0.0392967 0.998598 -0.0359069 -0.129765 -0.998902 0.040207 0.0249979 57.4218
0.0220213 0.032338 0.99926 14.2204 0.0366327 0.998797 -0.0331313 -0.143994 -0.999116 0.0373338 0.0208116 57.4652
0.0196693 0.0253068 0.999502 14.9082 0.0349272 0.999068 -0.0259839 -0.159243 -0.999221 0.0354201 0.0187685 57.4817
0.0189209 0.0192879 0.99966 15.5729 0.0363282 0.999157 -0.0199667 -0.178894 -0.999189 0.0366926 0.0182058 57.4794
0.0190206 0.0164767 0.9997 16.3081 0.0393545 0.999094 -0.0172163 -0.192852 -0.99907 0.0396692 0.0183564 57.4788
0.0193722 0.0182594 0.999672 17.0216 0.0425075 0.998932 -0.0190705 -0.209865 -0.998937 0.0428616 0.018577 57.4886
0.0196556 0.0254218 0.9995 17.7664 0.0433174 0.998734 -0.0262549 -0.221008 -0.998894 0.0438109 0.0185312 57.5138
0.0216816 0.0331835 0.99924 18.5157 0.0442779 0.998454 -0.0341192 -0.232875 -0.998813 0.0449827 0.0201805 57.5356
0.0226845 0.0335641 0.999196 19.2123 0.0456663 0.998376 -0.0345739 -0.250155 -0.998726 0.0464127 0.0211165 57.57
0.024368 0.029223 0.999302 19.9782 0.0446841 0.99856 -0.0302918 -0.264902 -0.998733 0.0453897 0.0230288 57.6042
0.0264616 0.0226447 0.999411 20.7357 0.044137 0.99876 -0.0237993 -0.286043 -0.998702 0.0447395 0.0254309 57.637
0.0287004 0.0212915 0.999389 21.5522 0.0419841 0.998884 -0.0224874 -0.298879 -0.998736 0.0426024 0.027776 57.6857
0.0313458 0.0260476 0.999188 22.2458 0.0497256 0.998401 -0.0275877 -0.317811 -0.998298 0.0505486 0.0300021 57.705
0.0349451 0.0313647 0.998924 22.9772 0.0523419 0.998097 -0.0331708 -0.330327 -0.998048 0.0534432 0.0332385 57.7173
0.0370721 0.0322731 0.998811 23.7341 0.0463914 0.998364 -0.0339813 -0.347238 -0.998263 0.0475946 0.0355158 57.7689
0.0410458 0.0285192 0.998779 24.5169 0.042055 0.998678 -0.0302456 -0.373166 -0.998302 0.0432436 0.0397937 57.8042
0.0448761 0.0245239 0.998712 25.2762 0.0461474 0.9986 -0.0265957 -0.400426 -0.997954 0.04728 0.043683 57.8495
0.0487499 0.0254625 0.998517 25.9513 0.0512514 0.998316 -0.0279608 -0.412799 -0.997525 0.0525371 0.0473644 57.8464
0.0513747 0.0297312 0.998259 26.7608 0.0506636 0.998212 -0.0323379 -0.443607 -0.997423 0.0522348 0.0497778 57.9028
0.0535546 0.0304682 0.998132 27.5208 0.0477316 0.998335 -0.0330368 -0.464647 -0.997454 0.0494105 0.0520129 57.9961
0.0571797 0.0299357 0.997937 28.3387 0.0468864 0.998388 -0.0326365 -0.485541 -0.997292 0.048654 0.0556851 58.0481
0.0613831 0.0262383 0.997802 29.0421 0.051258 0.998274 -0.0294055 -0.509672 -0.996828 0.0529491 0.0599341 58.0656
0.0648331 0.0260627 0.997579 29.7841 0.0556945 0.998027 -0.0296949 -0.536376 -0.996371 0.0574827 0.0632548 58.1119
0.0677745 0.0263338 0.997385 30.6315 0.0585489 0.997846 -0.0303257 -0.565649 -0.996012 0.0604492 0.0660884 58.1881
0.0705266 0.0264037 0.997183 31.3775 0.0592929 0.997792 -0.0306143 -0.579242 -0.995776 0.0612828 0.0688064 58.237
0.0739554 0.0252434 0.996974 32.1411 0.0608757 0.997723 -0.0297794 -0.595718 -0.995433 0.062892 0.0722519 58.2929
0.0773522 0.0238824 0.996741 32.919 0.0632965 0.9976 -0.028816 -0.618637 -0.995023 0.065317 0.0756559 58.3517
0.0807128 0.0248678 0.996459 33.7481 0.0613798 0.997689 -0.0298715 -0.625737 -0.994878 0.0635716 0.0790014 58.4154
0.0838911 0.026613 0.996142 34.5114 0.0587105 0.997796 -0.0316024 -0.644283 -0.994773 0.0611331 0.0821447 58.4854
0.0865057 0.0261621 0.995939 35.2887 0.0604572 0.997697 -0.0314608 -0.67017 -0.994448 0.0629313 0.0847262 58.5649
0.0897431 0.0258036 0.995654 36.0262 0.0583778 0.997831 -0.0311228 -0.691023 -0.994282 0.0609151 0.0880429 58.6241
0.0929561 0.0260499 0.995361 36.8156 0.0565764 0.997926 -0.0314018 -0.711471 -0.994095 0.0592311 0.0912909 58.6922
0.0964297 0.0261357 0.99502 37.5964 0.0536134 0.998089 -0.031413 -0.734591 -0.993924 0.0563736 0.0948448 58.7672
0.100554 0.0279038 0.994573 38.3663 0.0524088 0.998092 -0.0333025 -0.756993 -0.993584 0.0554712 0.0989007 58.8376
0.103369 0.0310392 0.994182 39.1956 0.0510963 0.998049 -0.0364735 -0.787591 -0.99336 0.0545673 0.101582 58.9456
0.107816 0.032532 0.993671 39.9371 0.0507946 0.998001 -0.0381864 -0.821462 -0.992907 0.0545885 0.105949 59.0044
0.110818 0.0343921 0.99327 40.7458 0.0448973 0.99823 -0.0395738 -0.854078 -0.992856 0.0489788 0.109078 59.1066
0.114041 0.0334895 0.992945 41.531 0.0410088 0.998443 -0.0383863 -0.883294 -0.992663 0.0450956 0.112492 59.1978
0.117343 0.0339204 0.992538 42.2941 0.04333 0.998312 -0.0392413 -0.909854 -0.992176 0.0476095 0.115675 59.2907
0.121404 0.035166 0.992014 43.106 0.042907 0.998274 -0.0406403 -0.937509 -0.99171 0.0474965 0.119687 59.3929
0.125085 0.0360594 0.991517 43.9171 0.0391462 0.998404 -0.0412493 -0.964107 -0.991404 0.0439719 0.123474 59.5081
0.129587 0.0339402 0.991022 44.7141 0.03824 0.998522 -0.0391988 -0.988499 -0.990865 0.0429747 0.128099 59.6133
0.134886 0.0340506 0.990304 45.5035 0.0386761 0.99849 -0.0396011 -1.01617 -0.990137 0.0436413 0.133365 59.7113
0.140435 0.0373353 0.989421 46.2942 0.0354746 0.99848 -0.0427137 -1.05023 -0.989489 0.0410957 0.138898 59.827
0.145833 0.0460539 0.988265 47.1012 0.0336718 0.99813 -0.0514834 -1.0828 -0.988768 0.0407833 0.144009 59.9675
0.152713 0.0508811 0.986997 47.8678 0.0321198 0.997914 -0.0564152 -1.10949 -0.987784 0.0403153 0.150761 60.1099
0.158902 0.0538587 0.985853 48.7112 0.0274417 0.997909 -0.0589413 -1.15321 -0.986945 0.0364182 0.157091 60.2789
0.164419 0.0525529 0.985027 49.526 0.0238988 0.998098 -0.057241 -1.19119 -0.986136 0.0329505 0.162851 60.4651
0.171579 0.0509423 0.983882 50.3317 0.0238555 0.998179 -0.0558439 -1.22851 -0.984916 0.0330513 0.17005 60.6217
0.178198 0.0480011 0.98286 51.127 0.0232895 0.998348 -0.0529815 -1.26253 -0.983754 0.0323295 0.176786 60.7799
0.186581 0.0427097 0.981541 51.9628 0.0217271 0.998656 -0.0475858 -1.29703 -0.982233 0.0302034 0.185401 60.9316
0.193563 0.0359888 0.980465 52.7893 0.0192686 0.999019 -0.0404752 -1.32436 -0.980934 0.0267248 0.19268 61.1062
0.200509 0.0332278 0.979159 53.636 0.0190458 0.999129 -0.037807 -1.36806 -0.979541 0.0262283 0.1997 61.2942
0.207786 0.0351143 0.977582 54.4196 0.0179597 0.999074 -0.039705 -1.40422 -0.978045 0.0258052 0.206963 61.4503
0.213057 0.040928 0.976213 55.2412 0.0185154 0.998799 -0.0459173 -1.44628 -0.976899 0.0278566 0.212041 61.6552
0.217927 0.0439663 0.975013 56.0559 0.0172608 0.998679 -0.0488929 -1.48716 -0.975848 0.0274826 0.216879 61.8583
0.22269 0.0469017 0.973792 56.8471 0.0159652 0.998558 -0.051747 -1.52808 -0.974793 0.0270691 0.221617 62.0486
0.228911 0.0468734 0.972357 57.6188 0.0135749 0.998613 -0.0513363 -1.56233 -0.973389 0.0249492 0.227957 62.2223
0.234702 0.0438605 0.971109 58.3695 0.0178534 0.998644 -0.0494204 -1.59364 -0.971938 0.0289354 0.233598 62.3842
0.239674 0.0373322 0.970175 59.1332 0.0189765 0.998914 -0.0431272 -1.62404 -0.970705 0.0287448 0.238704 62.5685
0.242997 0.0310623 0.969561 59.9154 0.0172796 0.999215 -0.0363445 -1.65808 -0.969908 0.0255841 0.242267 62.782
0.246869 0.0276559 0.968694 60.6753 0.0138269 0.999415 -0.0320577 -1.69062 -0.968987 0.0213059 0.246341 62.9891
0.250748 0.0275671 0.967692 61.3933 0.0125913 0.999442 -0.031736 -1.71912 -0.968006 0.020141 0.250259 63.1723
0.253962 0.029584 0.966802 62.1268 0.0115161 0.999393 -0.0336073 -1.74262 -0.967183 0.0196663 0.253467 63.3587
0.255697 0.0335127 0.966209 62.8453 0.00727273 0.99933 -0.0365876 -1.77731 -0.966765 0.016381 0.255279 63.5603
0.258716 0.0372984 0.965275 63.5351 0.00663737 0.999187 -0.0403889 -1.80979 -0.965969 0.0168538 0.258257 63.7363
0.261835 0.042029 0.964231 64.2257 0.00693737 0.99897 -0.0454283 -1.8403 -0.965125 0.0185826 0.26127 63.9223
0.263812 0.0442931 0.963598 64.9095 0.00812347 0.998832 -0.048138 -1.86338 -0.964578 0.0205249 0.263144 64.1059
0.265253 0.0445763 0.963182 65.602 0.00608152 0.99886 -0.0479036 -1.88673 -0.964197 0.0185627 0.264677 64.3116
0.265377 0.0419786 0.963273 66.2442 0.00743927 0.998958 -0.0455845 -1.90182 -0.964155 0.0192606 0.264787 64.4905
0.265276 0.0404112 0.96336 66.9033 0.00546678 0.99907 -0.0434157 -1.93752 -0.964195 0.0167821 0.264805 64.6831
0.265667 0.0391001 0.963316 67.5413 0.00712935 0.999096 -0.04252 -1.9614 -0.964078 0.0181614 0.265148 64.8461
0.264551 0.0381758 0.963651 68.1884 0.0073872 0.999135 -0.0416108 -1.98783 -0.964382 0.0181254 0.264037 65.0244
0.26397 0.0392952 0.963775 68.8133 0.00642732 0.999101 -0.0424974 -2.01255 -0.96455 0.0174098 0.263479 65.1793
0.261569 0.0421313 0.9643 69.4374 0.00527626 0.998998 -0.0450798 -2.04253 -0.965208 0.0168781 0.261081 65.3569
0.259137 0.0460343 0.964787 70.0315 0.00736943 0.998765 -0.0496366 -2.06723 -0.965852 0.0199698 0.258477 65.5161
0.25737 0.0470565 0.965202 70.635 0.0107541 0.998641 -0.0515556 -2.0767 -0.966292 0.0236474 0.256511 65.6728
0.254685 0.0459389 0.965977 71.2264 0.0100153 0.998719 -0.050138 -2.10431 -0.967013 0.0224412 0.253899 65.84
0.251781 0.0430422 0.966862 71.8063 0.00958779 0.998879 -0.0469655 -2.13147 -0.967775 0.0210937 0.251083 65.9985
0.249275 0.0390103 0.967691 72.3832 0.00995693 0.999059 -0.042841 -2.16179 -0.968422 0.0203115 0.248651 66.1541
0.247393 0.0376459 0.96822 72.9289 0.0141797 0.999026 -0.042468 -2.18605 -0.968851 0.0242337 0.246615 66.2849
0.246199 0.0386362 0.968496 73.4784 0.0182004 0.998871 -0.0444763 -2.20839 -0.969089 0.0285739 0.245219 66.4037
0.243159 0.0399476 0.969201 74.0153 0.0216195 0.998711 -0.0465891 -2.24144 -0.969786 0.0322803 0.241979 66.5364
0.241247 0.0416394 0.969621 74.5548 0.0205274 0.998664 -0.047996 -2.27185 -0.970287 0.0314793 0.240072 66.6701
0.238813 0.0438037 0.970116 75.0855 0.0194426 0.998597 -0.0498772 -2.30799 -0.970913 0.0307712 0.237624 66.8237
0.237342 0.0417106 0.970582 75.6446 0.0210167 0.998652 -0.0480582 -2.3429 -0.97124 0.0318012 0.236147 66.9604
0.237975 0.0388908 0.970531 76.2157 0.0276088 0.998555 -0.0467848 -2.37599 -0.970921 0.037927 0.236555 67.0918
0.240637 0.0366139 0.969977 76.772 0.03267 0.998445 -0.0457954 -2.39818 -0.970106 0.0427053 0.239069 67.2002
0.242883 0.0353101 0.969451 77.3267 0.035524 0.998376 -0.0452649 -2.42581 -0.969447 0.0454307 0.241231 67.3218
0.246533 0.0348491 0.968561 77.9011 0.0334834 0.998479 -0.0444503 -2.45346 -0.968597 0.0433852 0.244993 67.4751
0.25101 0.0354858 0.967373 78.4838 0.0322804 0.998498 -0.0450048 -2.48025 -0.967489 0.0425218 0.249484 67.6578
0.257459 0.0340615 0.965743 79.0463 0.0342221 0.998459 -0.0443409 -2.49835 -0.965725 0.0444618 0.255898 67.8077
0.264518 0.0344909 0.963803 79.6453 0.033056 0.998481 -0.0448055 -2.5153 -0.963858 0.0437092 0.262972 68.0025
0.272901 0.0325674 0.961544 80.2114 0.0335044 0.998529 -0.043331 -2.53461 -0.961499 0.0440371 0.27141 68.1571
0.281513 0.0329991 0.95903 80.8116 0.0295539 0.998669 -0.0430397 -2.56268 -0.959146 0.0404573 0.280159 68.3516
0.291001 0.0328149 0.956214 81.3806 0.0283902 0.998705 -0.0429149 -2.58735 -0.956343 0.0396316 0.289693 68.5251
0.300637 0.0365613 0.95308 81.9814 0.0233542 0.998717 -0.0456801 -2.61473 -0.953497 0.0359895 0.299392 68.7302
0.309073 0.0388502 0.950299 82.5431 0.0198917 0.998712 -0.047301 -2.63712 -0.950872 0.033519 0.307902 68.9302
0.318564 0.042167 0.947006 83.2324 0.0149055 0.998697 -0.049484 -2.67565 -0.94783 0.0298773 0.317515 69.247
0.329267 0.0435902 0.943285 83.8192 0.0142991 0.998619 -0.0511407 -2.69812 -0.944171 0.0303236 0.328189 69.4282
0.339046 0.0448877 0.939743 84.4709 0.0113478 0.998627 -0.0517959 -2.72063 -0.940747 0.0282231 0.338065 69.685
0.349213 0.0450229 0.936018 85.0979 0.0104818 0.998625 -0.0519471 -2.75506 -0.937029 0.0279484 0.34826 69.9264
0.359776 0.0459931 0.93195 85.7597 0.00621759 0.998678 -0.0516878 -2.78768 -0.933065 0.0243885 0.359007 70.1915
0.369815 0.0409425 0.92826 86.4211 0.00728384 0.998901 -0.0469621 -2.81435 -0.929121 0.0241254 0.369109 70.4736
0.381472 0.0335357 0.923818 87.0792 0.0115493 0.999126 -0.0410401 -2.8412 -0.924355 0.0263231 0.380743 70.7089
0.391328 0.0289057 0.919856 87.7337 0.0137069 0.999244 -0.0372337 -2.86673 -0.920194 0.0271755 0.390634 71.0015
0.402133 0.0256781 0.91527 88.4649 0.0132239 0.999375 -0.0338497 -2.89185 -0.915535 0.0257131 0.401533 71.3245
0.411255 0.0224494 0.911303 89.1514 0.0201637 0.999259 -0.0337178 -2.91311 -0.911343 0.0322382 0.410495 71.6233
0.419418 0.0175986 0.907673 89.8444 0.0265278 0.999184 -0.031633 -2.91418 -0.907455 0.0373433 0.418599 71.9383
0.426345 0.00730728 0.904592 90.5621 0.0368925 0.999027 -0.0254598 -2.92846 -0.903854 0.044223 0.425657 72.2559
0.432901 0.00350992 0.901486 91.2906 0.0414307 0.998894 -0.0237869 -2.94164 -0.900539 0.0476434 0.432267 72.5933
0.439278 0.00250602 0.89841 91.9927 0.0440819 0.998763 -0.0243418 -2.97756 -0.897316 0.0502917 0.438622 72.9489
0.447787 0.00808345 0.894155 92.787 0.0457205 0.998482 -0.0319253 -3.01464 -0.893021 0.0551739 0.446726 73.3267
0.452851 0.0116395 0.891575 93.4593 0.0497684 0.998058 -0.0383102 -3.04241 -0.890247 0.0617157 0.451389 73.7071
0.457895 0.0142591 0.888944 94.2012 0.0478519 0.998066 -0.0406601 -3.06896 -0.887771 0.0611526 0.456313 74.1064
0.463625 0.0172459 0.885929 94.878 0.0399965 0.998417 -0.0403687 -3.07762 -0.88518 0.054145 0.462197 74.422
0.467542 0.0210619 0.883774 95.6138 0.0332617 0.99863 -0.0413975 -3.12018 -0.883399 0.0487482 0.466186 74.8469
0.470872 0.0240011 0.88194 96.3397 0.0323227 0.998523 -0.0444332 -3.16534 -0.881661 0.0494242 0.469396 75.2716
0.474906 0.0283603 0.879634 97.0958 0.0287749 0.998485 -0.0477294 -3.21603 -0.879621 0.0479755 0.473356 75.7283
0.4784 0.0319074 0.877628 97.7986 0.0253019 0.998458 -0.0500946 -3.25029 -0.877829 0.0461663 0.47685 76.1335
0.482628 0.0314021 0.875316 98.4509 0.0236729 0.998562 -0.0488783 -3.2755 -0.875561 0.0443085 0.481176 76.4843
0.486943 0.0282977 0.873042 99.1299 0.0251651 0.99864 -0.0464067 -3.30855 -0.873124 0.044563 0.485563 76.8666
0.490834 0.0258219 0.870925 99.7395 0.0252888 0.998755 -0.0438664 -3.33069 -0.870942 0.0435528 0.489555 77.1834
0.495473 0.0250213 0.86833 100.395 0.0249174 0.998798 -0.0430008 -3.35777 -0.868318 0.0429376 0.494249 77.5524
0.498964 0.0270308 0.866258 101.031 0.0231356 0.99878 -0.0444944 -3.38363 -0.866372 0.0422396 0.497714 77.9296
0.502388 0.0274355 0.864275 101.631 0.024074 0.998699 -0.0456988 -3.41391 -0.86436 0.0437603 0.501069 78.2614
0.502285 0.0261196 0.864365 102.216 0.0259674 0.998676 -0.0452703 -3.44085 -0.864371 0.0451808 0.500926 78.6563
0.504754 0.0250433 0.862968 102.836 0.028172 0.998603 -0.0454595 -3.46586 -0.862857 0.0472524 0.503338 79.0025
0.507594 0.0251163 0.861288 103.438 0.0276761 0.998622 -0.0454342 -3.48631 -0.861212 0.046896 0.506183 79.345
0.510563 0.0248863 0.859549 104.011 0.0293042 0.998532 -0.0463186 -3.50549 -0.859395 0.048832 0.509078 79.6553
0.513305 0.0265121 0.857855 104.574 0.0291253 0.998447 -0.0482868 -3.53254 -0.857772 0.0497678 0.51172 79.983
0.516081 0.0261859 0.856209 105.12 0.0325117 0.998248 -0.0501285 -3.55952 -0.855977 0.053702 0.51432 80.2981
0.518334 0.0257288 0.854851 105.67 0.0338115 0.998187 -0.0505465 -3.59566 -0.85457 0.0551 0.516509 80.6587
0.520976 0.0235454 0.853317 106.204 0.037327 0.99807 -0.0503308 -3.62599 -0.852809 0.0580674 0.519086 80.9901
0.524858 0.022305 0.850957 106.725 0.038836 0.998025 -0.0501156 -3.65502 -0.850364 0.0593472 0.522939 81.2828
0.527555 0.0219151 0.84931 107.253 0.0396395 0.997979 -0.0503752 -3.69086 -0.848652 0.0602359 0.525614 81.6399
0.531098 0.021918 0.847086 107.745 0.0390882 0.998003 -0.0503324 -3.71931 -0.846469 0.0598383 0.529165 81.9167
0.534461 0.0214776 0.844992 108.254 0.0400354 0.997948 -0.0506896 -3.75712 -0.844301 0.0609153 0.532499 82.2403
0.538377 0.0227584 0.842457 108.75 0.0390456 0.997924 -0.051913 -3.79372 -0.84186 0.0608387 0.536355 82.5635
0.542401 0.0228202 0.839883 109.254 0.0408767 0.997766 -0.0535101 -3.8256 -0.839182 0.0633495 0.540251 82.8987
0.547461 0.025991 0.836489 109.736 0.0384213 0.99772 -0.0561488 -3.86529 -0.83601 0.0628738 0.545197 83.2066
0.553241 0.0317667 0.832489 110.22 0.0346463 0.997567 -0.0610923 -3.90295 -0.832359 0.0626354 0.550788 83.5331
0.559194 0.0388507 0.828189 110.693 0.0292192 0.997395 -0.0665194 -3.94083 -0.828584 0.0613919 0.556585 83.8669
0.565155 0.0450348 0.82383 111.158 0.0246699 0.997176 -0.0714367 -3.97368 -0.824676 0.0606907 0.562441 84.2039
0.571386 0.0495765 0.819248 111.634 0.0209721 0.997005 -0.0749627 -4.01473 -0.820477 0.0600098 0.568617 84.5602
0.577074 0.0504204 0.815211 112.122 0.0167369 0.997189 -0.0735256 -4.04914 -0.816581 0.0560682 0.574601 84.9202
0.582595 0.0498044 0.811301 112.607 0.0108444 0.997595 -0.0690303 -4.08531 -0.812755 0.0490107 0.580634 85.2932
0.588571 0.047918 0.807102 113.098 0.00476337 0.998056 -0.0627306 -4.12098 -0.808494 0.040761 0.58719 85.6699
0.594337 0.0465473 0.802935 113.596 -0.00119665 0.998413 -0.0569962 -4.15741 -0.804281 0.0329106 0.593429 86.0717
0.601075 0.0448136 0.798015 114.09 -0.00361984 0.998606 -0.0533534 -4.18976 -0.799248 0.0291765 0.60039 86.4277
0.607412 0.0484369 0.792977 114.59 -0.00872763 0.998526 -0.0543095 -4.22429 -0.794406 0.0260641 0.606918 86.8333
0.613729 0.0523448 0.78786 115.102 -0.0118647 0.998336 -0.0570884 -4.24888 -0.789492 0.025685 0.61332 87.2558
0.619518 0.0553622 0.783097 115.603 -0.0153065 0.998212 -0.0584631 -4.29696 -0.784902 0.0242291 0.619236 87.6633
0.626105 0.057562 0.777695 116.132 -0.017516 0.998096 -0.0597758 -4.33073 -0.779609 0.0237999 0.625911 88.0931
0.632885 0.0584111 0.772111 116.662 -0.0204415 0.998104 -0.0587544 -4.36677 -0.774046 0.0213983 0.632856 88.5319
0.639018 0.0604084 0.7669 117.199 -0.0261041 0.998078 -0.0568693 -4.40894 -0.768817 0.0163177 0.639356 89.0166
0.646244 0.0584066 0.760967 117.729 -0.0282675 0.998255 -0.0526159 -4.46723 -0.76268 0.012489 0.646744 89.4444
0.653121 0.0561503 0.755253 118.28 -0.0292173 0.998411 -0.0489641 -4.5183 -0.756757 0.00990999 0.653713 89.9505
0.660659 0.0557809 0.748687 118.841 -0.0293343 0.998432 -0.0485057 -4.55306 -0.750187 0.0100804 0.661236 90.4555
0.668595 0.0579878 0.741449 119.411 -0.0338147 0.998333 -0.0475884 -4.58923 -0.742927 0.00674254 0.66943 90.9778
0.676895 0.0583424 0.733843 119.971 -0.0341418 0.998309 -0.0478789 -4.61477 -0.735363 0.00735127 0.677718 91.4783
0.683546 0.0590864 0.727601 120.53 -0.0360188 0.998274 -0.0472311 -4.64432 -0.72909 0.0060744 0.684481 92.025
0.688334 0.0580345 0.72315 121.095 -0.0359267 0.998339 -0.0459251 -4.67427 -0.724582 0.00562838 0.68925 92.5861
0.692208 0.0563597 0.719584 121.68 -0.0340486 0.998426 -0.0454483 -4.69983 -0.720967 0.00695596 0.693024 93.1526
0.696057 0.0538678 0.716047 122.264 -0.0303994 0.998539 -0.0455723 -4.72127 -0.717424 0.00995016 0.696652 93.712
0.699504 0.0497027 0.712989 122.87 -0.0245165 0.9987 -0.0455693 -4.74534 -0.714282 0.0143925 0.699799 94.3188
0.70328 0.0421485 0.709749 123.468 -0.0165958 0.998983 -0.0428838 -4.79415 -0.710802 0.0183765 0.703238 94.8884
0.706972 0.0352614 0.706455 124.083 -0.0108416 0.99922 -0.0390272 -4.83875 -0.707234 0.0199282 0.706787 95.489
0.709902 0.0295631 0.703767 124.687 -0.00535987 0.999358 -0.0365771 -4.86877 -0.704363 0.0221898 0.709579 96.0902
0.71238 0.028239 0.70132 125.275 -0.00527696 0.999418 -0.0348844 -4.89667 -0.701852 0.0211461 0.712098 96.7086
0.714747 0.029136 0.698865 125.874 -0.00561079 0.99938 -0.03593 -4.92721 -0.699446 0.0217554 0.714441 97.3421
0.717669 0.0336687 0.695666 126.485 -0.0111838 0.999301 -0.0368288 -4.95801 -0.696374 0.0186469 0.717528 98.007
0.720409 0.0370751 0.692649 127.111 -0.0171646 0.999259 -0.0356381 -4.98344 -0.693424 0.0137812 0.720485 98.6959
0.722738 0.0335056 0.690408 127.693 -0.0172429 0.99943 -0.0304544 -5.01938 -0.690988 0.0101025 0.722887 99.323
0.726673 0.0309151 0.68638 128.322 -0.0203195 0.99956 -0.0235124 -5.04234 -0.686772 0.00313532 0.726953 99.9883
0.729764 0.0255514 0.683322 128.935 -0.0193821 0.999716 -0.0166851 -5.05786 -0.683507 -0.00107112 0.730034 100.649
0.733871 0.021164 0.679053 129.563 -0.0168846 0.999816 -0.0129176 -5.07336 -0.679169 -0.00198911 0.734065 101.336
0.737646 0.0172765 0.675068 130.163 -0.010654 0.999888 -0.0139501 -5.08981 -0.675188 0.00309461 0.73773 101.998
0.741757 0.0136855 0.670626 130.759 -0.000279163 0.999839 -0.0200988 -5.09874 -0.670761 0.0147171 0.741614 102.649
0.745258 0.0142559 0.666727 131.383 0.00569232 0.999642 -0.0277395 -5.1169 -0.666837 0.0244638 0.744893 103.409
0.750239 0.0138184 0.661121 132.018 0.00949296 0.999496 -0.0316674 -5.13226 -0.661193 0.0300294 0.749699 104.142
0.755321 0.00950785 0.655391 132.625 0.0122161 0.99956 -0.0285819 -5.14735 -0.655328 0.02959 0.754854 104.85
0.759249 0.00386862 0.650889 133.241 0.0172501 0.999554 -0.0260667 -5.16569 -0.650669 0.0310141 0.758812 105.635
0.764259 0.00026095 0.645015 133.82 0.0219491 0.999454 -0.0264137 -5.19027 -0.644624 0.0343391 0.763818 106.264
0.76664 0.00107413 0.642179 134.411 0.0243722 0.999273 -0.0307709 -5.23561 -0.641713 0.0392362 0.766024 107.073
0.770617 0.00210341 0.637404 135.014 0.0243538 0.999211 -0.0327435 -5.24778 -0.636923 0.0407502 0.769939 107.775
0.772821 -0.00124104 0.634728 135.609 0.0271069 0.999193 -0.031054 -5.28563 -0.634146 0.0411989 0.772198 108.531
0.775547 -0.00735247 0.631357 136.228 0.0319582 0.999151 -0.0276236 -5.29112 -0.630572 0.0415944 0.775105 109.236
0.776982 -0.0118961 0.629517 136.848 0.0358427 0.999079 -0.0253627 -5.30304 -0.628605 0.0422641 0.776659 109.991
0.777949 -0.016659 0.628219 137.47 0.0399755 0.99898 -0.0230151 -5.3119 -0.627147 0.0430116 0.777803 110.726
0.778256 -0.0175531 0.627809 138.077 0.0403355 0.998986 -0.022074 -5.32691 -0.626754 0.0424961 0.778142 111.495
0.778043 -0.016684 0.628102 138.674 0.0387555 0.999062 -0.0214722 -5.34226 -0.627108 0.0410424 0.777943 112.24
0.777888 -0.0145269 0.628344 139.279 0.0368597 0.99911 -0.0225367 -5.36716 -0.627426 0.0406857 0.777697 112.993
0.776702 -0.0103231 0.629898 139.863 0.0323305 0.999246 -0.0234917 -5.39128 -0.629133 0.0386049 0.776432 113.727
0.775217 -0.00575588 0.631777 140.461 0.0272048 0.999379 -0.0242801 -5.42723 -0.631213 0.0360041 0.774859 114.455
0.77411 -0.00393369 0.633153 141.083 0.0240505 0.999486 -0.0231975 -5.44621 -0.632689 0.0331795 0.77379 115.224
0.772415 -0.00237187 0.635221 141.695 0.0216598 0.999555 -0.0226094 -5.46598 -0.634853 0.0312172 0.772089 115.961
0.770438 -0.00312457 0.637622 142.299 0.020778 0.999625 -0.0202099 -5.48537 -0.637272 0.0288135 0.770196 116.678
0.768372 -0.00406808 0.6401 142.914 0.0186441 0.999743 -0.0160303 -5.513 -0.639837 0.0242462 0.768217 117.424
0.766005 -0.00868942 0.642891 143.521 0.0231909 0.999677 -0.0141226 -5.52371 -0.642512 0.0257218 0.765941 118.123
0.763929 -0.004858 0.64539 144.129 0.0227398 0.9996 -0.0193957 -5.53761 -0.645003 0.0294876 0.763702 118.812
0.761474 0.00500621 0.648291 144.742 0.0166568 0.999534 -0.0272858 -5.56694 -0.648077 0.0315703 0.761018 119.536
0.758843 0.0106088 0.651293 145.383 0.0144365 0.999394 -0.033103 -5.59182 -0.651215 0.0345171 0.758199 120.303
0.756871 0.00998924 0.653603 145.956 0.0119407 0.999551 -0.0291059 -5.60992 -0.653553 0.0298285 0.756392 120.913
0.753068 0.00812111 0.657998 146.635 0.00907135 0.999748 -0.022725 -5.64731 -0.657982 0.0230775 0.752772 121.735
0.749881 0.00620933 0.661658 147.25 0.00704233 0.99987 -0.0173666 -5.67583 -0.661633 0.0176776 0.74972 122.45
0.746669 0.00600923 0.665274 147.876 0.00718743 0.999875 -0.0171023 -5.69291 -0.665258 0.0175467 0.746502 123.169
0.744511 0.00404853 0.667712 148.501 0.0091001 0.999874 -0.0162113 -5.70452 -0.667645 0.0181409 0.744361 123.813
0.742437 0.0029843 0.670015 149.14 0.0126578 0.999796 -0.018483 -5.71808 -0.669898 0.0221985 0.742217 124.481
0.739978 0.00150342 0.672742 149.78 0.0164247 0.999706 -0.0203023 -5.73354 -0.672527 0.0260675 0.739716 125.141
0.736534 0.00135597 0.676503 150.414 0.0194985 0.999585 -0.0232361 -5.74606 -0.67622 0.0302998 0.736172 125.814
0.733128 0.00206817 0.680201 151.057 0.0190333 0.999588 -0.0235555 -5.75215 -0.679921 0.0302101 0.732768 126.498
0.728546 0.00446988 0.685085 151.694 0.0160157 0.99964 -0.0235576 -5.76463 -0.684909 0.0281298 0.728183 127.202
0.723692 0.00401458 0.690224 152.308 0.0167047 0.999635 -0.023331 -5.78155 -0.690017 0.028409 0.723343 127.843
0.718445 0.0069219 0.695651 152.94 0.0127782 0.999696 -0.0231478 -5.81394 -0.695564 0.0255146 0.71811 128.496
0.712548 0.0140254 0.701594 153.588 0.00837825 0.999607 -0.0284942 -5.83737 -0.701667 0.0261763 0.712132 129.189
0.707532 0.0188639 0.70653 154.252 0.00629256 0.999483 -0.0329908 -5.85076 -0.70675 0.0277831 0.707021 129.846
0.701552 0.0208861 0.712422 154.913 0.00641911 0.999393 -0.0356227 -5.86949 -0.712682 0.0295589 0.700975 130.506
0.695651 0.016337 0.718293 155.588 0.0044314 0.999672 -0.0270323 -5.89752 -0.718462 0.0219834 0.695324 131.144
0.689689 0.0126656 0.724103 156.269 -0.000698421 0.999907 -0.0168268 -5.90214 -0.724196 0.011095 0.689618 131.808
0.682268 0.00763081 0.731161 156.91 -0.000131821 0.999995 -0.0103175 -5.91729 -0.731198 0.00693876 0.68224 132.449
0.674859 0.0102014 0.737983 157.602 -0.00696708 0.999996 -0.00745433 -5.92888 -0.738003 -0.000115024 0.674913 133.132
0.667668 0.0112393 0.744474 158.297 -0.0058486 0.999983 -0.00985564 -5.93419 -0.744532 0.00222236 0.667698 133.745
0.661491 0.0105104 0.749985 158.942 -3.77498e-05 0.99995 -0.0139825 -5.94236 -0.750041 0.00921649 0.661445 134.29
0.65463 0.0183036 0.755826 159.671 3.36162e-05 0.999756 -0.0242438 -5.96733 -0.756044 0.015892 0.654446 134.925
0.646854 0.0200725 0.762455 160.452 0.00287852 0.999631 -0.0287605 -5.96317 -0.762696 0.0207934 0.646545 135.606
0.640501 0.0158228 0.76789 161.183 0.00517798 0.999725 -0.0249229 -5.9846 -0.768033 0.0199349 0.64022 136.199
0.632923 0.0100856 0.774253 161.904 0.00852637 0.999812 -0.0199956 -6.00467 -0.774254 0.0192519 0.632706 136.781
0.625837 0.00950451 0.779992 162.651 0.00830365 0.999837 -0.01885 -6.02242 -0.780003 0.0182693 0.625635 137.409
0.619222 0.0112827 0.785238 163.344 0.00689531 0.999829 -0.0198053 -6.03531 -0.785272 0.0176732 0.619026 137.946
0.612412 0.00939311 0.790579 164.134 0.0109673 0.999783 -0.0203786 -6.04168 -0.790556 0.0211461 0.612155 138.604
0.606817 0.00378529 0.794936 164.891 0.0156972 0.999786 -0.0167449 -6.04717 -0.794773 0.0226337 0.606616 139.195
0.601654 0.000655324 0.798852 165.62 0.0164072 0.999829 -0.0131815 -6.06763 -0.798681 0.0210329 0.60152 139.756
0.597061 -0.000473504 0.802299 166.369 0.0144113 0.999894 -0.0101362 -6.09111 -0.802152 0.0176086 0.596994 140.339
0.592258 0.00156908 0.805842 167.147 0.0137894 0.999883 -0.0120856 -6.1005 -0.805723 0.0182654 0.592147 140.94
0.589417 0.00422727 0.80792 167.826 0.0151426 0.999802 -0.0162802 -6.09698 -0.807772 0.0218241 0.589227 141.389
0.586736 0.0101028 0.809808 168.554 0.0143505 0.999687 -0.022873 -6.10579 -0.809742 0.0250369 0.586389 141.911
0.583725 0.0128551 0.811953 169.307 0.0122416 0.999671 -0.0246297 -6.11522 -0.811944 0.0243109 0.583367 142.478
0.581768 0.00856556 0.813404 170.02 0.0124339 0.999787 -0.0194254 -6.1272 -0.813351 0.0214102 0.581519 142.961
0.579898 0.00036059 0.814792 170.74 0.0163353 0.999844 -0.0120701 -6.13571 -0.81461 0.0203037 0.579792 143.464
0.578449 -0.00524671 0.815797 171.445 0.0210242 0.999797 -0.00848159 -6.14235 -0.815539 0.0220528 0.578423 143.909
0.576423 -0.0073012 0.817222 172.166 0.0264763 0.999652 -0.00974541 -6.14965 -0.816807 0.0272482 0.576407 144.41
0.575147 -0.00522923 0.818128 172.844 0.0277108 0.999584 -0.0130959 -6.15876 -0.817673 0.0301979 0.575034 144.856
0.574158 0.00176321 0.818846 173.532 0.0249158 0.999547 -0.0196244 -6.17663 -0.818451 0.0316633 0.573845 145.334
0.573016 0.0096533 0.819582 174.206 0.023168 0.999394 -0.0279731 -6.19982 -0.819308 0.035012 0.572428 145.793
0.571895 0.0105336 0.820365 174.876 0.0264953 0.999209 -0.0313022 -6.21896 -0.819985 0.0396307 0.571156 146.23
0.569706 0.00403298 0.821935 175.537 0.026523 0.999431 -0.0232918 -6.23388 -0.821513 0.0350643 0.569258 146.691
0.568142 -0.00285911 0.823031 176.175 0.0185609 0.999836 -0.00934085 -6.25915 -0.822807 0.0205775 0.568095 147.091
0.565252 -0.00629739 0.824992 176.841 0.0103188 1 0.000558985 -6.28589 -0.824947 0.00819245 0.5653 147.601
0.563357 -0.00437073 0.826308 177.494 0.00780651 1.00002 -3.40867e-05 -6.30535 -0.826262 0.00646479 0.563397 148.063
0.562954 -0.00239744 0.826583 178.127 0.0107583 0.99999 -0.0044308 -6.30206 -0.826514 0.0113825 0.562955 148.441
0.561052 -0.000926961 0.827888 178.756 0.0119515 0.999957 -0.00698142 -6.30723 -0.82778 0.013806 0.561032 148.87
0.560125 -0.00217034 0.828505 179.384 0.0121222 0.999969 -0.00558011 -6.30698 -0.828416 0.0131642 0.560116 149.262
0.559032 -0.00295005 0.829249 180.012 0.0112986 0.999981 -0.00406089 -6.31099 -0.829155 0.0116341 0.559048 149.667
0.557647 -0.00381557 0.83017 180.624 0.0113604 0.999987 -0.00303918 -6.31754 -0.830098 0.0111214 0.557665 150.07
0.555124 -0.00377069 0.831869 181.23 0.0128804 0.999962 -0.00406424 -6.32106 -0.831754 0.0129654 0.555146 150.477
0.552722 -0.00260927 0.833463 181.832 0.0140342 0.999939 -0.00618057 -6.32191 -0.833345 0.0151084 0.552708 150.861
0.549577 -0.000849729 0.835553 182.426 0.0137514 0.999926 -0.0080297 -6.32892 -0.835416 0.0158974 0.549545 151.246
0.545649 0.000629619 0.838115 182.971 0.0141199 0.999909 -0.00994804 -6.33563 -0.837992 0.0172576 0.545574 151.609
0.542804 0.00236021 0.839967 183.59 0.0137619 0.99989 -0.0117048 -6.34848 -0.839832 0.0179075 0.542709 151.966
0.538067 0.0055247 0.842986 184.181 0.0143856 0.999832 -0.0157389 -6.34921 -0.842876 0.0205909 0.537882 152.329
0.532789 0.00778329 0.846322 184.77 0.016165 0.999735 -0.0193727 -6.35178 -0.846179 0.0239967 0.532519 152.679
0.527294 0.0102667 0.849722 185.38 0.0143945 0.999734 -0.0210158 -6.35943 -0.849657 0.0233082 0.526993 153.041
0.522459 0.0121252 0.852688 186.014 0.0096169 0.999806 -0.0201117 -6.37615 -0.852695 0.0187025 0.522238 153.407
0.517099 0.0139299 0.855914 186.626 0.00566972 0.999849 -0.0197019 -6.3867 -0.856003 0.0150366 0.516929 153.764
0.510455 0.0149339 0.859886 187.219 0.00536443 0.999829 -0.020551 -6.39443 -0.859974 0.0150982 0.510286 154.135
0.503416 0.0173014 0.863971 187.801 0.00456519 0.999791 -0.0226853 -6.4095 -0.864127 0.0153605 0.50322 154.493
0.496601 0.021763 0.867816 188.429 0.00132029 0.99972 -0.0258287 -6.42796 -0.868063 0.0139676 0.496433 154.85
0.488707 0.0260203 0.872159 189.057 -0.00127954 0.999634 -0.0291103 -6.42834 -0.872542 0.0131069 0.488551 155.223
0.482956 0.0286102 0.875286 189.728 -0.00322271 0.999572 -0.0308969 -6.44918 -0.875723 0.0120967 0.482842 155.572
0.476658 0.0305196 0.878658 190.406 -0.00381521 0.999518 -0.0326517 -6.47384 -0.879174 0.0122081 0.476535 155.925
0.470231 0.0319995 0.882071 191.087 -0.00515722 0.999479 -0.0335119 -6.4987 -0.882613 0.0112051 0.470152 156.272
0.461247 0.030988 0.886829 191.716 -0.000816864 0.999464 -0.0345026 -6.52101 -0.887364 0.0151864 0.461017 156.639
0.45367 0.0316663 0.890715 192.432 -0.000999467 0.999441 -0.0350251 -6.52768 -0.891255 0.014995 0.453449 156.998
0.445601 0.0294769 0.894844 193.14 -0.00044695 0.999525 -0.0327064 -6.54034 -0.895324 0.0141707 0.445396 157.363
0.437935 0.0280618 0.898676 193.875 -0.00250593 0.999602 -0.0299944 -6.5498 -0.899088 0.0108792 0.437833 157.725
0.431529 0.0243878 0.901867 194.628 -0.00255596 0.999724 -0.025815 -6.56105 -0.902188 0.00883163 0.431467 158.08
0.424523 0.0206374 0.905289 195.343 0.00126904 0.999781 -0.0233889 -6.56864 -0.905501 0.0110735 0.424407 158.436
0.418319 0.015586 0.908265 196.086 0.00011199 0.999913 -0.0172147 -6.57285 -0.908393 0.00730015 0.418277 158.787
0.410556 0.0113076 0.911873 196.847 -4.38112e-06 0.999979 -0.0124005 -6.57141 -0.911921 0.00508259 0.410551 159.159
0.406438 0.010171 0.913723 197.64 0.00616448 0.999947 -0.0138774 -6.55216 -0.913752 0.0112696 0.406352 159.478
0.402572 0.0172163 0.915334 198.41 0.0105543 0.999725 -0.0234481 -6.54743 -0.915412 0.0190949 0.402285 159.767
0.397602 0.0282458 0.917226 199.247 0.0135855 0.9993 -0.0366661 -6.55455 -0.917552 0.0270352 0.39694 160.151
0.394028 0.0327234 0.918621 200.094 0.0221799 0.998801 -0.0450952 -6.56302 -0.918921 0.0381379 0.392828 160.5
0.389765 0.0274604 0.920608 200.923 0.0292649 0.998742 -0.0421851 -6.59244 -0.920543 0.0433779 0.388474 160.817
0.38515 0.019769 0.922747 201.774 0.0349306 0.998803 -0.0359806 -6.6218 -0.922278 0.0460831 0.384001 161.138
0.379755 0.0143233 0.925084 202.627 0.0371722 0.998896 -0.0307298 -6.644 -0.924435 0.0460501 0.378808 161.491
0.375445 0.0222065 0.926684 203.449 0.029753 0.998969 -0.0359954 -6.67319 -0.926453 0.041079 0.374402 161.843
0.373307 0.0322188 0.927258 204.396 0.0230106 0.998827 -0.0439737 -6.69739 -0.927519 0.0377462 0.372134 162.173
0.369584 0.0349577 0.928646 205.238 0.0212827 0.998773 -0.0460701 -6.71941 -0.92904 0.036785 0.368391 162.507
0.364869 0.030088 0.93068 206.086 0.0189639 0.999091 -0.0397383 -6.75789 -0.93096 0.0321429 0.363974 162.844
0.359588 0.0270435 0.932826 206.932 0.0161687 0.999312 -0.0352061 -6.79269 -0.933057 0.0277368 0.358909 163.173
0.354251 0.0292068 0.934801 207.804 0.0131382 0.999317 -0.0362055 -6.82429 -0.935153 0.0251022 0.353634 163.493
0.349378 0.0329093 0.936509 208.706 0.0127484 0.999184 -0.0398701 -6.84972 -0.936981 0.0258636 0.34868 163.835
0.344428 0.0319853 0.938374 209.565 0.0161842 0.999128 -0.0400007 -6.88655 -0.938768 0.0289592 0.343619 164.151
0.339925 0.0303019 0.940068 210.47 0.0216077 0.999031 -0.0400177 -6.91269 -0.940294 0.0339102 0.338944 164.473
0.336296 0.0301794 0.941378 211.446 0.0212041 0.99905 -0.0396073 -6.93584 -0.941611 0.0332754 0.335347 164.812
0.333067 0.029814 0.942536 212.35 0.0214399 0.999068 -0.0391806 -6.96663 -0.942749 0.0332523 0.332121 165.113
0.330499 0.0282097 0.943491 213.335 0.022663 0.999088 -0.0378149 -7.01395 -0.943629 0.0338745 0.329568 165.443
0.327765 0.0276339 0.944459 214.273 0.0201614 0.999205 -0.0362347 -7.03836 -0.944633 0.0309127 0.326952 165.792
0.325788 0.0256725 0.945201 215.27 0.0202254 0.999273 -0.0341165 -7.06075 -0.945322 0.0302264 0.325042 166.129
0.323682 0.0255633 0.945925 216.184 0.0158669 0.999413 -0.0324404 -7.09901 -0.946121 0.025504 0.323092 166.452
0.324035 0.0285127 0.945722 217.137 0.0130857 0.999377 -0.034618 -7.12413 -0.946051 0.0235878 0.323469 166.757
0.323254 0.0306322 0.945921 218.053 0.0112147 0.999347 -0.036197 -7.14181 -0.946334 0.0223043 0.322705 167.068
0.321157 0.0300982 0.946655 218.974 0.0124845 0.999336 -0.0360127 -7.1771 -0.947039 0.0233792 0.320577 167.39
0.31957 0.0293302 0.947213 219.913 0.0110661 0.999403 -0.0346819 -7.21008 -0.947586 0.0215604 0.319061 167.707
0.318675 0.0234173 0.947682 220.828 0.0142096 0.999527 -0.0294807 -7.24075 -0.947853 0.0228557 0.318201 168.017
0.314995 0.0229081 0.94892 221.695 0.0152356 0.999522 -0.0291895 -7.24797 -0.94906 0.0236469 0.314503 168.386
0.313738 0.0244724 0.949304 222.622 0.0128776 0.999528 -0.0300274 -7.26946 -0.949515 0.0216404 0.313287 168.68
0.312127 0.0321197 0.949602 223.616 0.0126178 0.999265 -0.0379491 -7.27524 -0.950046 0.0238223 0.3115 169.033
0.311364 0.0335706 0.949808 224.629 0.0149783 0.999143 -0.0402287 -7.30607 -0.950266 0.0267472 0.310606 169.321
0.308072 0.0350646 0.950826 225.551 0.0124606 0.999153 -0.0408865 -7.34789 -0.951373 0.0244397 0.307382 169.649
0.305548 0.0310194 0.951782 226.476 0.0110781 0.99935 -0.0361302 -7.38166 -0.952205 0.0215787 0.305018 169.952
0.303118 0.0253391 0.952726 227.448 0.0114116 0.999546 -0.0302175 -7.41042 -0.952976 0.0200274 0.302699 170.251
0.299611 0.0220194 0.953918 228.428 0.0114252 0.999644 -0.0266676 -7.42253 -0.954086 0.0188839 0.299266 170.552
0.29631 0.0234014 0.954916 229.369 0.00833428 0.999666 -0.0270867 -7.43781 -0.955147 0.0159806 0.296024 170.845
0.292232 0.0245861 0.956141 230.296 0.00772106 0.999641 -0.0280687 -7.45781 -0.956409 0.0155805 0.291951 171.135
0.287817 0.0252302 0.957464 231.219 0.00729184 0.999633 -0.0285359 -7.47991 -0.95775 0.0151909 0.287536 171.43
0.283154 0.0251232 0.958855 232.137 0.00549092 0.999663 -0.0278181 -7.4994 -0.959151 0.0131375 0.282935 171.715
0.278096 0.0249332 0.96034 233.074 0.00509679 0.999678 -0.0274331 -7.51305 -0.960632 0.0125201 0.27789 172
0.274256 0.0248521 0.961445 234.009 0.00387621 0.999694 -0.0269507 -7.5288 -0.961741 0.011114 0.274091 172.272
0.270002 0.0259705 0.96262 234.918 0.00198291 0.999686 -0.0275292 -7.5522 -0.96295 0.00933838 0.269876 172.537
0.266052 0.0270142 0.963689 235.845 -0.000544106 0.999676 -0.0278769 -7.57321 -0.964051 0.00688864 0.265996 172.803
0.262313 0.02689 0.964719 236.818 -0.0030202 0.999696 -0.0270464 -7.58947 -0.965071 0.00417817 0.262326 173.073
0.258585 0.0284408 0.965679 237.725 -0.0080233 0.99966 -0.0272973 -7.60744 -0.966048 -0.000692317 0.258741 173.335
0.257647 0.0331117 0.965783 238.631 -0.0125719 0.999509 -0.0309168 -7.63069 -0.96625 -0.00417802 0.257949 173.564
0.255042 0.0392813 0.966243 239.564 -0.0165257 0.999271 -0.0362663 -7.63688 -0.966883 -0.00672051 0.255522 173.807
0.252622 0.0420002 0.966764 240.483 -0.0184985 0.99915 -0.0385761 -7.65271 -0.967481 -0.00813991 0.253197 174.047
0.249588 0.0396298 0.967652 241.394 -0.0201142 0.999224 -0.0357391 -7.68433 -0.968238 -0.0105452 0.250208 174.294
0.245278 0.036713 0.968868 242.31 -0.0199212 0.999329 -0.0328268 -7.7073 -0.969341 -0.0112507 0.245858 174.555
0.241459 0.0337972 0.969934 243.228 -0.0200603 0.999419 -0.0298351 -7.73044 -0.970299 -0.012255 0.242014 174.803
0.237979 0.0334604 0.970805 244.194 -0.0199192 0.99943 -0.029567 -7.7513 -0.971159 -0.0123027 0.238524 175.035
0.23301 0.0335706 0.972006 245.077 -0.0200192 0.999423 -0.0297228 -7.77698 -0.972364 -0.0125353 0.233566 175.283
0.22881 0.0359517 0.972919 246.024 -0.0211299 0.999332 -0.0319613 -7.79452 -0.973335 -0.0132458 0.229432 175.508
0.224687 0.0388013 0.97377 246.991 -0.0214065 0.999228 -0.0348808 -7.81872 -0.974292 -0.0130096 0.225363 175.726
0.219311 0.0334823 0.975192 247.898 -0.0121332 0.999494 -0.0315909 -7.83651 -0.975673 -0.00490586 0.219622 175.924
0.215493 0.0289623 0.976187 248.818 -0.0126553 0.999625 -0.0268683 -7.85108 -0.976519 -0.00656672 0.215799 176.116
0.210482 0.0302772 0.97724 249.717 -0.0121168 0.999591 -0.0283627 -7.87665 -0.977617 -0.00587318 0.210779 176.311
0.206171 0.0425477 0.977702 250.613 -0.010709 0.999158 -0.0412274 -7.90062 -0.978553 -0.00197299 0.206473 176.497
0.201395 0.054988 0.978077 251.509 -0.00956868 0.998552 -0.0541717 -7.92433 -0.979558 0.00154939 0.201646 176.663
0.195899 0.0596819 0.978918 252.387 -0.0110745 0.998283 -0.0586507 -7.95143 -0.980658 0.000646466 0.196245 176.829
0.193207 0.0547833 0.979739 253.262 -0.0146803 0.998557 -0.0529433 -7.9933 -0.981143 -0.00415509 0.19375 176.949
0.187965 0.0487175 0.981079 254.172 -0.0172253 0.998845 -0.046304 -8.02897 -0.982122 -0.00819754 0.188609 177.137
0.183042 0.0447191 0.982199 255.077 -0.0191756 0.999004 -0.0419135 -8.06319 -0.983013 -0.0111634 0.183736 177.313
0.177587 0.0449949 0.983188 255.995 -0.0232859 0.998932 -0.0415139 -8.099 -0.983927 -0.0155233 0.178468 177.486
0.171559 0.0431713 0.98434 256.869 -0.026901 0.99894 -0.0391259 -8.13196 -0.984902 -0.0197677 0.172558 177.632
0.163839 0.0390809 0.985824 257.774 -0.0317229 0.998973 -0.0343344 -8.16862 -0.986074 -0.0256484 0.164935 177.805
0.156839 0.0354265 0.987101 258.66 -0.0330561 0.999053 -0.0306061 -8.21006 -0.987166 -0.0278296 0.157882 177.957
0.149002 0.0366076 0.98827 259.578 -0.0305263 0.999074 -0.0324098 -8.23904 -0.988463 -0.0253397 0.150007 178.107
0.143479 0.0402032 0.988949 260.451 -0.0283276 0.999001 -0.0365048 -8.26326 -0.989343 -0.0227773 0.144496 178.222
0.136624 0.0427707 0.98981 261.329 -0.0272149 0.998918 -0.0394123 -8.27931 -0.990347 -0.0215537 0.137666 178.346
0.130387 0.0418828 0.99069 262.215 -0.0284198 0.998924 -0.0384933 -8.29168 -0.991152 -0.0231366 0.13146 178.466
0.124695 0.0400594 0.991497 263.111 -0.0298771 0.998948 -0.0366075 -8.30826 -0.991844 -0.0250589 0.125787 178.583
0.118308 0.0388841 0.992328 264.003 -0.0279597 0.999037 -0.0358164 -8.33688 -0.992679 -0.0235082 0.119305 178.689
0.112384 0.0408571 0.992937 264.82 -0.026676 0.998984 -0.0380913 -8.36548 -0.993408 -0.0222074 0.113388 178.819
0.107598 0.0445793 0.993309 265.771 -0.0271715 0.998823 -0.0418864 -8.38962 -0.99392 -0.0224834 0.108707 178.915
0.105878 0.0462289 0.993417 266.773 -0.0243467 0.998806 -0.0438895 -8.41463 -0.994182 -0.0195402 0.106906 178.983
0.103298 0.0447705 0.993758 267.68 -0.0191915 0.998962 -0.0430131 -8.44726 -0.994563 -0.0146298 0.104075 179.067
0.10137 0.04224 0.994065 268.56 -0.0177547 0.999082 -0.0406474 -8.47416 -0.994792 -0.0135302 0.102056 179.16
0.0994615 0.0408665 0.994318 269.448 -0.0167352 0.999155 -0.0393943 -8.50023 -0.994999 -0.0127234 0.100086 179.245
0.0963011 0.0399261 0.994664 270.35 -0.0157701 0.999197 -0.0385859 -8.52687 -0.995328 -0.0119716 0.096883 179.354
0.0956738 0.0410901 0.994681 271.258 -0.013173 0.999184 -0.0400121 -8.56453 -0.995424 -0.00927656 0.0961622 179.433
0.0948544 0.0421701 0.994712 272.137 -0.0115132 0.999149 -0.0412651 -8.59934 -0.995526 -0.00753978 0.0952889 179.527
0.0948564 0.0432939 0.994666 273.003 -0.00876103 0.999124 -0.0426554 -8.63081 -0.995551 -0.00467012 0.0951778 179.617
0.0953353 0.0443604 0.99457 273.89 -0.00743066 0.999077 -0.0438538 -8.66395 -0.995519 -0.00321144 0.0956066 179.703
0.0957927 0.0449256 0.994504 274.734 -0.00730938 0.999059 -0.0444302 -8.69601 -0.995473 -0.0030149 0.096056 179.786
0.0971906 0.0451413 0.994357 275.538 -0.00487016 0.999048 -0.0448831 -8.72428 -0.995356 -0.000482496 0.0973473 179.872
0.0984539 0.044244 0.994275 276.384 -0.00449331 0.999094 -0.0440165 -8.75272 -0.99523 -0.000135788 0.0985884 179.968
0.100404 0.0424214 0.994157 277.227 -0.00332877 0.999167 -0.0423038 -8.78256 -0.995043 0.000935876 0.10049 180.063
0.103112 0.0394806 0.994004 278.062 -0.00306414 0.999293 -0.0393759 -8.81212 -0.994763 0.00101229 0.103185 180.157
0.105674 0.0367035 0.993839 278.888 -0.00446434 0.999394 -0.0364387 -8.83694 -0.994493 -0.000588416 0.105802 180.259
0.108342 0.0346217 0.993629 279.687 -0.00642202 0.99947 -0.0341281 -8.8691 -0.994191 -0.00268528 0.108531 180.366
0.113078 0.0356764 0.993062 280.504 -0.0113171 0.999405 -0.0346204 -8.89268 -0.993624 -0.00732536 0.113442 180.453
0.118034 0.0368517 0.992445 281.283 -0.013744 0.999348 -0.0354767 -8.92174 -0.993013 -0.00945379 0.118487 180.536
0.121499 0.0359428 0.992058 282.029 -0.0144179 0.999371 -0.0344468 -8.958 -0.99259 -0.0101194 0.121968 180.643
0.124364 0.0340067 0.991773 282.787 -0.0155717 0.999429 -0.0323199 -8.97948 -0.992213 -0.0114252 0.124845 180.749
0.127836 0.0309937 0.991429 283.522 -0.0172078 0.999498 -0.029032 -9.00268 -0.991748 -0.0133501 0.128332 180.844
0.132035 0.0296219 0.990922 284.242 -0.0195008 0.99951 -0.0272836 -9.02266 -0.991152 -0.0157221 0.132569 180.934
0.135891 0.0307477 0.990365 284.99 -0.0182679 0.999494 -0.0285294 -9.03986 -0.990657 -0.014216 0.13641 181.043
0.13982 0.0312726 0.989803 285.663 -0.0170576 0.999501 -0.0291729 -9.06519 -0.990128 -0.012805 0.140305 181.148
0.143514 0.0331446 0.989212 286.364 -0.0168117 0.999445 -0.0310533 -9.08531 -0.989607 -0.0121749 0.144017 181.244
0.146635 0.0361273 0.988652 287.033 -0.0181913 0.999335 -0.0338231 -9.1099 -0.989122 -0.0130252 0.147215 181.358
0.149491 0.0365367 0.988207 287.692 -0.0203265 0.999288 -0.0338764 -9.13105 -0.988656 -0.0150234 0.150152 181.469
0.152502 0.0370726 0.987729 288.35 -0.0228412 0.999234 -0.0339813 -9.15341 -0.988137 -0.0173784 0.153252 181.58
0.155644 0.0367653 0.987249 288.952 -0.0242491 0.999217 -0.0333929 -9.18075 -0.987618 -0.0187432 0.156438 181.696
0.157856 0.0366689 0.986902 289.571 -0.0250844 0.999209 -0.0331174 -9.19837 -0.987242 -0.0195276 0.15867 181.817
0.16148 0.037703 0.986276 290.181 -0.0263885 0.999147 -0.0338793 -9.21957 -0.986626 -0.020556 0.162361 181.911
0.163796 0.0407908 0.985772 290.753 -0.0292198 0.99898 -0.0364857 -9.24555 -0.98616 -0.0228269 0.16484 182.03
0.165541 0.0400057 0.985512 291.326 -0.0310093 0.998963 -0.0353478 -9.27508 -0.985818 -0.0247086 0.166633 182.145
0.168506 0.0396795 0.985024 291.887 -0.0311867 0.998977 -0.0349101 -9.29439 -0.985306 -0.0248361 0.16959 182.245
0.171128 0.0395733 0.984575 292.423 -0.0338469 0.998909 -0.0342713 -9.31463 -0.98477 -0.0274599 0.172304 182.35
0.173742 0.0400569 0.984099 292.966 -0.0330904 0.998918 -0.0348216 -9.32643 -0.984333 -0.0265131 0.174898 182.448
0.176819 0.0407852 0.983519 293.5 -0.0335769 0.998879 -0.0353905 -9.34798 -0.983774 -0.0267656 0.178013 182.545
0.179246 0.0419991 0.98303 294.023 -0.0338668 0.998832 -0.0365026 -9.36546 -0.98332 -0.0267478 0.180477 182.649
0.181935 0.0426568 0.982507 294.547 -0.0320704 0.998854 -0.0374328 -9.38444 -0.98289 -0.024699 0.183116 182.748
0.184338 0.044201 0.981992 295.036 -0.0331349 0.998773 -0.03874 -9.40682 -0.982403 -0.0253956 0.185594 182.84
0.185916 0.0456625 0.981626 295.542 -0.0339635 0.998691 -0.0400287 -9.41543 -0.982081 -0.0258972 0.187245 182.942
0.187599 0.0471673 0.981236 296.06 -0.034472 0.998621 -0.041416 -9.43351 -0.981739 -0.026054 0.188984 183.051
0.188857 0.0480762 0.98095 296.567 -0.0349091 0.998568 -0.0422237 -9.45872 -0.981486 -0.0262694 0.190286 183.145
0.188929 0.0484959 0.980916 297.08 -0.0342008 0.998572 -0.0427853 -9.48239 -0.981493 -0.0254632 0.190335 183.249
0.188533 0.0488555 0.980973 297.599 -0.0345298 0.998544 -0.0430992 -9.50185 -0.981562 -0.0257468 0.189967 183.344
0.188012 0.0484082 0.981097 298.111 -0.0358388 0.998532 -0.0424041 -9.52049 -0.981611 -0.0271872 0.189488 183.447
0.187063 0.0476606 0.981313 298.634 -0.0365027 0.998539 -0.0415438 -9.52818 -0.981772 -0.0280487 0.188551 183.547
0.185105 0.0479555 0.981673 299.151 -0.0350655 0.998568 -0.0421726 -9.55088 -0.982192 -0.0266147 0.186539 183.644
0.183265 0.050668 0.981877 299.671 -0.0319629 0.998518 -0.0455658 -9.57144 -0.982646 -0.0230327 0.184635 183.74
0.181401 0.0542579 0.982036 300.22 -0.0264574 0.998458 -0.0502817 -9.59378 -0.983152 -0.0168598 0.182575 183.839
0.179215 0.058897 0.982167 300.775 -0.0242523 0.998236 -0.0554402 -9.60959 -0.983614 -0.0138843 0.180349 183.934
0.177002 0.0618057 0.982392 301.33 -0.0252112 0.998057 -0.0582526 -9.63098 -0.983986 -0.0144552 0.178234 184.026
0.174898 0.0621741 0.982743 301.908 -0.0254717 0.998025 -0.0586127 -9.65121 -0.98436 -0.0147809 0.176158 184.129
0.17342 0.05854 0.983231 302.464 -0.0206161 0.998303 -0.0558048 -9.68701 -0.984732 -0.0105919 0.174351 184.221
0.170512 0.0528666 0.984058 303.032 -0.0114467 0.998667 -0.051673 -9.71695 -0.985393 -0.00245479 0.170913 184.336
0.168028 0.0524644 0.98451 303.669 -0.0106508 0.998695 -0.0514064 -9.73649 -0.985825 -0.00184809 0.168387 184.43
0.165403 0.0560067 0.984756 304.283 -0.0153309 0.998481 -0.0542172 -9.75764 -0.986211 -0.00613047 0.166034 184.531
0.163921 0.0580248 0.98489 304.906 -0.0178466 0.998353 -0.0558515 -9.78412 -0.986413 -0.00842084 0.164706 184.63
0.161754 0.0569586 0.985307 305.544 -0.0140054 0.998433 -0.0554233 -9.79386 -0.986837 -0.00483571 0.162322 184.728
0.160507 0.0553673 0.985606 306.166 -0.00900948 0.998541 -0.0546305 -9.80998 -0.987095 -0.000111046 0.160791 184.832
0.158242 0.055611 0.985955 306.815 -0.0072847 0.998519 -0.0551556 -9.82973 -0.987478 0.0015439 0.158436 184.943
0.155238 0.0576724 0.986318 307.469 -0.0117836 0.998406 -0.0565285 -9.84947 -0.987909 -0.0028466 0.155691 185.066
0.152735 0.0602594 0.986551 308.145 -0.0135761 0.998241 -0.0588767 -9.87348 -0.988279 -0.00440198 0.153309 185.177
0.150455 0.0635924 0.986695 308.823 -0.0150873 0.998035 -0.0620265 -9.89712 -0.988604 -0.00555357 0.151139 185.296
0.148294 0.0661627 0.986851 309.577 -0.013958 0.997869 -0.064809 -9.92272 -0.98895 -0.00416457 0.148927 185.421
0.146539 0.064954 0.987196 310.274 -0.0170067 0.997935 -0.06314 -9.96284 -0.989161 -0.00753557 0.147362 185.529
0.143915 0.0651726 0.987565 311.011 -0.0209897 0.997874 -0.0627993 -9.99069 -0.989473 -0.0116912 0.145003 185.652
0.141808 0.0664568 0.987787 311.725 -0.0219181 0.997785 -0.0639868 -10.0266 -0.989754 -0.0125751 0.142972 185.763
0.140077 0.0716933 0.987664 312.469 -0.0182766 0.997461 -0.0698176 -10.0641 -0.990078 -0.00827169 0.141058 185.87
0.138506 0.0778743 0.987421 313.234 -0.017285 0.997018 -0.0762103 -10.1011 -0.990313 -0.00651062 0.139461 185.975
0.137367 0.0817135 0.987266 314.016 -0.0172786 0.996706 -0.080096 -10.1438 -0.990476 -0.00605628 0.138352 186.089
0.136833 0.0795323 0.987523 314.773 -0.0139866 0.996903 -0.0783536 -10.1907 -0.990598 -0.00308968 0.137544 186.185
0.136387 0.0736573 0.988036 315.561 -0.00906479 0.997352 -0.0731057 -10.2415 -0.990722 0.00101313 0.13672 186.272
0.13585 0.0702645 0.988361 316.321 -0.00529642 0.997595 -0.0701968 -10.2972 -0.990819 0.00430145 0.135917 186.35
0.133128 0.0707177 0.988696 317.106 -0.00343965 0.997547 -0.0708929 -10.3458 -0.991201 0.00603526 0.133072 186.482
0.131468 0.0724376 0.988797 317.894 -0.00284902 0.997426 -0.0726948 -10.394 -0.99142 0.00673982 0.131358 186.602
0.12967 0.0732188 0.988974 318.697 -0.00204907 0.997357 -0.0735761 -10.4503 -0.991663 0.00751224 0.129504 186.724
0.129644 0.0721443 0.989059 319.493 -0.00182232 0.997441 -0.0725207 -10.5037 -0.991663 0.00759932 0.129467 186.818
0.130305 0.0701246 0.989115 320.307 -0.00114622 0.997575 -0.0705787 -10.5533 -0.991581 0.00806096 0.130097 186.926
0.13106 0.0685517 0.989128 321.139 0.000331679 0.997679 -0.0691922 -10.6079 -0.991478 0.00939596 0.130756 187.036
0.132395 0.0678429 0.988996 321.987 0.000352627 0.997721 -0.0684939 -10.6596 -0.991305 0.0094147 0.132097 187.152
0.13384 0.0657713 0.988945 322.787 0.000664447 0.997864 -0.0664584 -10.7066 -0.991107 0.00955121 0.133533 187.26
0.136356 0.0644115 0.988689 323.671 0.00230773 0.997931 -0.0653372 -10.7472 -0.990766 0.011188 0.135952 187.369
0.139551 0.0622457 0.988384 324.519 0.00434339 0.998051 -0.0634716 -10.8081 -0.990309 0.0131494 0.13903 187.461
0.140446 0.0618103 0.988284 325.425 0.00485634 0.998065 -0.0631176 -10.853 -0.990185 0.0136609 0.139901 187.612
0.142144 0.0622059 0.988017 326.304 0.00574875 0.998032 -0.0636674 -10.8958 -0.989933 0.0147287 0.141528 187.764
0.14656 0.061205 0.987435 327.15 0.00861467 0.998039 -0.0631462 -10.932 -0.989273 0.0177573 0.145772 187.854
0.14907 0.0601258 0.987126 328.037 0.0103363 0.998079 -0.0623576 -10.9729 -0.988876 0.0194972 0.148183 187.987
0.151196 0.0599908 0.986811 329.017 0.0120009 0.998045 -0.0625178 -11.0039 -0.98854 0.0212908 0.150206 188.171
0.156588 0.0604423 0.985943 329.892 0.0133741 0.99798 -0.0633085 -11.0534 -0.987678 0.0230974 0.155484 188.264
0.160201 0.0609568 0.98533 330.793 0.0148868 0.997902 -0.0641603 -11.0972 -0.987082 0.0249424 0.158982 188.403
0.163845 0.0620601 0.984663 331.724 0.01499 0.997824 -0.0653882 -11.1434 -0.986477 0.0254716 0.162578 188.549
0.166889 0.063597 0.984053 332.639 0.0127998 0.997768 -0.0666595 -11.1919 -0.986003 0.0237161 0.165727 188.701
0.169166 0.0649389 0.983576 333.542 0.0124047 0.997684 -0.068008 -11.2377 -0.985614 0.0237039 0.167988 188.867
0.170972 0.0658542 0.983205 334.523 0.00984511 0.997674 -0.0685408 -11.2883 -0.985338 0.0213945 0.16995 189.051
0.172821 0.0646265 0.982962 335.457 0.00988511 0.997759 -0.0673415 -11.3433 -0.985008 0.0213532 0.171814 189.218
0.17447 0.0623116 0.982821 336.42 0.00993067 0.997908 -0.0650365 -11.392 -0.984724 0.021103 0.173509 189.398
0.175793 0.0597598 0.982744 337.358 0.00971616 0.998079 -0.0624347 -11.442 -0.984484 0.0205225 0.174894 189.564
0.17679 0.0592771 0.982595 338.284 0.0116208 0.998064 -0.0623066 -11.4921 -0.984292 0.0224294 0.175781 189.732
0.177798 0.0615685 0.982272 339.224 0.0138004 0.997864 -0.0650481 -11.5441 -0.984075 0.0251192 0.176587 189.895
0.178189 0.0611832 0.982225 340.149 0.0128162 0.99791 -0.0644908 -11.5901 -0.984025 0.0240756 0.177056 190.067
0.177926 0.059607 0.98237 341.074 0.0106025 0.998066 -0.0624842 -11.6461 -0.984091 0.0215313 0.176969 190.256
0.177129 0.058023 0.982608 341.993 0.00847806 0.998208 -0.0604779 -11.7006 -0.984263 0.0190391 0.176343 190.445
0.1772 0.0596995 0.982496 342.955 0.00603583 0.998151 -0.0617438 -11.7456 -0.98426 0.0168698 0.176531 190.636
0.177673 0.0607844 0.982344 343.895 0.00599178 0.99808 -0.0628472 -11.7947 -0.984183 0.0170486 0.176991 190.808
0.178186 0.0610789 0.982233 344.815 0.00607999 0.998062 -0.0631706 -11.8489 -0.984082 0.0172268 0.177488 190.966
0.178781 0.0619481 0.98207 345.741 0.00456174 0.998028 -0.0637905 -11.9008 -0.98399 0.015881 0.178169 191.134
0.179234 0.062581 0.981948 346.667 0.00510556 0.99798 -0.0645391 -11.9549 -0.983897 0.0165798 0.178571 191.302
0.181466 0.0621167 0.981568 347.564 0.00460075 0.998013 -0.0640134 -12.0128 -0.983499 0.0161286 0.180842 191.429
0.182236 0.0609909 0.981496 348.516 0.00568765 0.998069 -0.0630814 -12.059 -0.983343 0.0170766 0.181555 191.603
0.183065 0.0624389 0.981251 349.445 0.00505536 0.997983 -0.0644523 -12.1032 -0.983201 0.0167559 0.182402 191.781
0.18366 0.0648732 0.980983 350.32 0.00627687 0.9978 -0.0671651 -12.151 -0.983075 0.0184915 0.182867 191.938
0.185679 0.0669211 0.980465 351.292 0.00916558 0.997592 -0.0698315 -12.1919 -0.98268 0.0219486 0.18464 192.105
0.187297 0.0635031 0.980385 352.205 0.0122417 0.997758 -0.0669717 -12.24 -0.982332 0.0245433 0.186118 192.266
0.189697 0.0604496 0.980115 353.135 0.0139594 0.997911 -0.0642545 -12.2926 -0.981856 0.0258659 0.188479 192.434
0.193141 0.0613613 0.979387 354.02 0.0181266 0.997728 -0.0660898 -12.3551 -0.981109 0.0305153 0.191607 192.585
0.197085 0.0661535 0.978289 354.962 0.0245764 0.997149 -0.0723857 -12.4068 -0.980191 0.0383028 0.194918 192.753
0.2015 0.0683309 0.97724 355.89 0.0282245 0.996823 -0.0755247 -12.4631 -0.979187 0.042797 0.198948 192.922
0.204772 0.0677422 0.9766 356.782 0.0321194 0.996675 -0.0758751 -12.5244 -0.978395 0.0468979 0.201936 193.107
0.207442 0.0670995 0.976081 357.66 0.0339658 0.996628 -0.0757353 -12.5864 -0.977763 0.0488601 0.204479 193.3
0.209638 0.0694041 0.975451 358.587 0.0345609 0.996404 -0.0783282 -12.6491 -0.977281 0.0501257 0.206506 193.514
0.211009 0.069365 0.975157 359.465 0.0344003 0.996412 -0.0783253 -12.7094 -0.976984 0.050069 0.207882 193.727
0.215225 0.0657344 0.974488 360.395 0.0342611 0.996686 -0.0748043 -12.7743 -0.976076 0.0494793 0.212279 193.926
0.220898 0.0614946 0.973494 361.29 0.0326976 0.99706 -0.0704075 -12.8353 -0.974854 0.0473796 0.218253 194.102
0.224565 0.0603606 0.972728 362.192 0.0302271 0.997244 -0.068866 -12.8982 -0.974103 0.0448606 0.22214 194.325
0.229819 0.0597746 0.971534 363.081 0.0287415 0.997338 -0.068166 -12.9519 -0.972914 0.0435853 0.227503 194.533
0.235315 0.059331 0.970248 363.97 0.0279802 0.997384 -0.0677824 -12.9976 -0.97163 0.043091 0.233057 194.739
0.241534 0.0595347 0.968704 364.881 0.0267992 0.997404 -0.0679857 -13.0547 -0.970128 0.0423775 0.239325 194.977
0.249596 0.0605755 0.966595 365.751 0.0242409 0.997416 -0.0687723 -13.1241 -0.96816 0.04059 0.247499 195.165
0.257453 0.0615996 0.964465 366.639 0.0225923 0.997387 -0.0697381 -13.1767 -0.966132 0.0397403 0.255399 195.413
0.265747 0.0630554 0.962121 367.567 0.0201171 0.997358 -0.0709269 -13.2277 -0.963945 0.0381976 0.26379 195.685
0.274799 0.0635632 0.959544 368.5 0.0191262 0.997331 -0.0715496 -13.2839 -0.961422 0.0380106 0.272859 195.977
0.28474 0.0635199 0.956643 369.408 0.0179438 0.997353 -0.0715698 -13.3488 -0.958551 0.0375385 0.282858 196.249
0.29418 0.0631893 0.953805 370.318 0.0165483 0.997403 -0.0711875 -13.4145 -0.955717 0.0367223 0.292378 196.533
0.30386 0.0626477 0.950802 371.18 0.0154019 0.997461 -0.0706504 -13.4848 -0.952707 0.036106 0.302133 196.795
0.310739 0.0630981 0.948542 372.076 0.014055 0.997459 -0.0709617 -13.5232 -0.950498 0.0353792 0.309067 197.131
0.317327 0.0630407 0.946369 372.963 0.0128381 0.99749 -0.0707572 -13.5787 -0.948346 0.0345967 0.315729 197.436
0.323592 0.06283 0.944254 373.824 0.011383 0.997541 -0.0702821 -13.6429 -0.946236 0.0334882 0.322084 197.728
0.328806 0.0633509 0.942422 374.708 0.0106838 0.997514 -0.0707883 -13.707 -0.944455 0.0333383 0.327318 198.037
0.33324 0.0631123 0.940873 375.587 0.0104414 0.997528 -0.0706162 -13.7605 -0.942892 0.0333533 0.331759 198.362
0.337881 0.063629 0.939189 376.484 0.00924498 0.997519 -0.0709134 -13.8127 -0.941262 0.0326372 0.33646 198.682
0.342169 0.0635963 0.93763 377.356 0.00978595 0.997491 -0.071233 -13.8658 -0.939695 0.0335464 0.340689 199.009
0.346611 0.0639807 0.935978 378.256 0.0102981 0.997431 -0.0720017 -13.9213 -0.938071 0.0345893 0.345066 199.343
0.350867 0.0638114 0.934395 379.148 0.0102609 0.997433 -0.0719748 -13.9747 -0.936477 0.0348384 0.349312 199.681
0.355598 0.0628373 0.932679 380.017 0.0104678 0.997487 -0.0712013 -14.0246 -0.9347 0.0350759 0.35405 200.021
0.359912 0.0616446 0.931095 380.877 0.0101792 0.997576 -0.0699862 -14.0799 -0.933039 0.0346635 0.358411 200.371
0.363732 0.0599001 0.929731 381.744 0.0106686 0.997677 -0.0684582 -14.1316 -0.931562 0.0348131 0.36225 200.735
0.367364 0.0578299 0.928422 382.606 0.0099301 0.997841 -0.0660885 -14.1901 -0.930132 0.0334947 0.365995 201.098
0.370471 0.0566219 0.927272 383.493 0.00923937 0.997947 -0.0646355 -14.2381 -0.928917 0.0325067 0.369189 201.478
0.375122 0.0572904 0.925351 384.358 0.00890081 0.997897 -0.0653957 -14.2873 -0.927042 0.0327646 0.373821 201.827
0.379631 0.0606369 0.923305 385.235 0.00694242 0.997716 -0.0683848 -14.3444 -0.925231 0.0323649 0.378343 202.186
0.383913 0.0646141 0.921255 386.173 0.00444096 0.997486 -0.0718171 -14.3895 -0.923468 0.03166 0.382657 202.558
0.38803 0.065846 0.919448 387.108 0.00282324 0.997436 -0.0726291 -14.4354 -0.921762 0.0307724 0.386848 202.933
0.391875 0.0626989 0.918032 387.939 0.000434484 0.997742 -0.0683342 -14.4936 -0.920129 0.0271748 0.390958 203.291
0.395184 0.0607049 0.916752 388.784 -0.00292158 0.997974 -0.0648303 -14.5484 -0.918718 0.0229365 0.394558 203.648
0.397757 0.0625686 0.915508 389.627 -0.00705387 0.997931 -0.0651429 -14.604 -0.917575 0.0194514 0.397369 204.008
0.400205 0.0679023 0.914064 390.486 -0.0104837 0.997607 -0.0695248 -14.6623 -0.916485 0.0182372 0.399957 204.368
0.400993 0.0725565 0.913357 391.302 -0.0118647 0.997266 -0.0740191 -14.7159 -0.916115 0.0188432 0.400752 204.746
0.402455 0.073287 0.91266 392.148 -0.0132853 0.997234 -0.0742266 -14.7738 -0.915463 0.0177439 0.402313 205.103
0.404441 0.0696449 0.912063 392.988 -0.0161043 0.997564 -0.0690385 -14.8389 -0.914534 0.013233 0.40457 205.45
0.405344 0.0665171 0.9119 393.779 -0.0196051 0.997833 -0.0640775 -14.8971 -0.914075 0.00809235 0.405766 205.809
0.405428 0.0651773 0.911955 394.586 -0.0216792 0.997939 -0.0616907 -14.9495 -0.913981 0.00524042 0.405999 206.187
0.40505 0.0649074 0.912148 395.359 -0.0217674 0.99796 -0.0613544 -14.9958 -0.914157 0.00499362 0.405632 206.553
0.404475 0.0660322 0.912318 396.164 -0.0224435 0.997886 -0.0622813 -15.044 -0.914386 0.00471555 0.405095 206.921
0.404018 0.0669152 0.91246 396.971 -0.0229403 0.99783 -0.0630251 -15.0934 -0.914584 0.00452842 0.404672 207.287
0.403651 0.062483 0.912934 397.721 -0.016927 0.998085 -0.0608329 -15.1397 -0.914869 0.00910144 0.403929 207.642
0.404149 0.0606459 0.912842 398.536 -0.0151465 0.998188 -0.059617 -15.1834 -0.91469 0.010264 0.404331 207.983
0.404109 0.0628781 0.912704 399.297 -0.01555 0.998043 -0.0618785 -15.24 -0.914691 0.0108124 0.404288 208.324
0.403994 0.0679851 0.912393 400.099 -0.0150493 0.997675 -0.0676831 -15.2739 -0.91476 0.0136089 0.404074 208.674
0.404333 0.0719809 0.911932 400.892 -0.0141684 0.997351 -0.0724474 -15.3229 -0.914614 0.0163716 0.404275 209.024
0.404417 0.0711685 0.911963 401.7 -0.0154969 0.997439 -0.0709737 -15.3759 -0.914565 0.0145666 0.404481 209.366
0.40402 0.0680237 0.912374 402.496 -0.0159375 0.997683 -0.0673327 -15.4271 -0.914723 0.0126623 0.404161 209.732
0.403891 0.0680788 0.912432 403.25 -0.0175403 0.997701 -0.0666837 -15.4811 -0.91476 0.0109251 0.404153 210.097
0.403409 0.0694298 0.91254 404.088 -0.0181079 0.997609 -0.0679034 -15.5352 -0.914953 0.0108682 0.403694 210.475
0.40396 0.0720843 0.912094 404.909 -0.0168046 0.997388 -0.0713896 -15.5883 -0.914744 0.0135074 0.404112 210.842
0.404081 0.0731563 0.911952 405.724 -0.0170046 0.997307 -0.072475 -15.6418 -0.914678 0.0137778 0.404228 211.218
0.404203 0.0719431 0.911997 406.541 -0.0170721 0.997403 -0.071121 -15.6947 -0.914632 0.013174 0.404377 211.595
0.403773 0.0695448 0.912371 407.392 -0.017725 0.997596 -0.068203 -15.7442 -0.9148 0.0113662 0.404027 211.991
0.403605 0.0692783 0.912468 408.234 -0.016372 0.997598 -0.0685071 -15.7983 -0.914909 0.0127071 0.403765 212.387
0.403789 0.0691431 0.912394 409.065 -0.012921 0.997553 -0.0698846 -15.8535 -0.914874 0.0164284 0.403686 212.779
0.403612 0.0684628 0.912527 409.923 -0.010239 0.997553 -0.0703204 -15.9086 -0.914996 0.0190343 0.403321 213.177
0.404167 0.0666648 0.912411 410.763 -0.00869889 0.997657 -0.0690462 -15.9623 -0.914757 0.0199676 0.403791 213.574
0.405239 0.0650718 0.912055 411.631 -0.00346935 0.997647 -0.0696443 -16.0209 -0.914328 0.025053 0.404507 213.965
0.405298 0.0633094 0.912149 412.453 5.71805e-05 0.99768 -0.0692776 -16.0759 -0.914298 0.0281276 0.404345 214.365
0.405385 0.0609249 0.912277 413.317 -0.00255229 0.99793 -0.0655181 -16.1293 -0.914266 0.0242262 0.404696 214.758
0.404871 0.056188 0.912805 414.151 -0.00597965 0.998333 -0.0588069 -16.1885 -0.914467 0.0183489 0.404523 215.161
0.405422 0.0520883 0.912807 415.011 -0.00560164 0.998579 -0.0545021 -16.2416 -0.914236 0.0169779 0.405133 215.558
0.40598 0.0529032 0.912509 415.882 -0.00517118 0.998522 -0.0555956 -16.2959 -0.91398 0.0178498 0.405644 215.942
0.406276 0.0550212 0.912256 416.69 -0.00477122 0.998381 -0.0580981 -16.3464 -0.913862 0.0192458 0.405875 216.335
0.406867 0.0566115 0.911892 417.556 -0.00456971 0.998273 -0.0599419 -16.3959 -0.91359 0.020219 0.406414 216.724
0.407662 0.054776 0.911652 418.439 -0.00280657 0.998351 -0.0587375 -16.4442 -0.913253 0.0213807 0.407139 217.11
0.407804 0.0518159 0.911759 419.248 -0.00101374 0.998495 -0.0562985 -16.4959 -0.913183 0.0220317 0.407234 217.496
0.407529 0.0506625 0.91195 420.054 -0.00228692 0.998595 -0.0544613 -16.545 -0.913314 0.0201032 0.407067 217.881
0.407244 0.0513973 0.912034 420.896 -0.00327607 0.998573 -0.054818 -16.5964 -0.913428 0.019334 0.406822 218.261
0.406539 0.051211 0.912362 421.678 -0.00377315 0.998595 -0.0543774 -16.6461 -0.913751 0.0186583 0.406155 218.637
0.405402 0.0495473 0.912957 422.493 -0.00315515 0.998682 -0.0528054 -16.6884 -0.914247 0.0185245 0.405015 219.009
0.40415 0.0469303 0.913654 423.288 -0.0026013 0.99882 -0.0501617 -16.7319 -0.914814 0.0178903 0.40379 219.376
0.403244 0.0453954 0.914128 424.088 -0.00335477 0.998917 -0.0481331 -16.7758 -0.9152 0.0163402 0.402951 219.728
0.401554 0.0451686 0.914887 424.84 -0.00342906 0.998932 -0.0478205 -16.8161 -0.915955 0.0160593 0.401276 220.08
0.399016 0.0470353 0.915898 425.579 -0.00295401 0.998826 -0.0500139 -16.8528 -0.917054 0.0172483 0.398678 220.439
0.397386 0.0511547 0.916391 426.358 -0.00363619 0.998607 -0.054175 -16.8945 -0.91777 0.0181901 0.397015 220.781
0.395916 0.0569486 0.916681 427.114 -0.00617184 0.9983 -0.0593602 -16.9372 -0.918381 0.0178418 0.395586 221.12
0.395795 0.0615451 0.916441 427.873 -0.00759843 0.998021 -0.0637497 -16.9774 -0.918432 0.0182625 0.395475 221.42
0.394424 0.0623648 0.916972 428.613 -0.00736232 0.997959 -0.0647129 -17.0249 -0.919014 0.0187711 0.39407 221.757
0.392474 0.0589102 0.918042 429.358 -0.00855119 0.998221 -0.0604071 -17.0692 -0.919848 0.0158523 0.392276 222.091
0.390593 0.0550971 0.919075 430.108 -0.00961248 0.998479 -0.0557789 -17.11 -0.920628 0.0129505 0.390521 222.419
0.388829 0.0530256 0.919951 430.806 -0.00826117 0.998586 -0.0540742 -17.1546 -0.921398 0.0134201 0.388714 222.76
0.387546 0.0532932 0.920471 431.549 -0.00653457 0.998543 -0.0550691 -17.2005 -0.921942 0.0153247 0.387323 223.086
0.386926 0.0549919 0.920638 432.275 -0.0066517 0.998445 -0.0568517 -17.2415 -0.922212 0.0158677 0.386688 223.403
0.386261 0.0558853 0.920857 432.987 -0.00626661 0.998381 -0.0579684 -17.2844 -0.922483 0.016618 0.385979 223.721
0.385547 0.0560535 0.921153 433.708 -0.00462217 0.998342 -0.0588239 -17.3228 -0.922802 0.0184155 0.385164 224.03
0.385185 0.0564631 0.921272 434.418 -0.00374553 0.998296 -0.0596245 -17.3684 -0.922947 0.0195132 0.384734 224.337
0.384982 0.0572524 0.921316 435.155 -0.00216607 0.998211 -0.0611339 -17.4106 -0.923047 0.0215333 0.384415 224.645
0.38436 0.0589166 0.921464 435.853 -0.0037331 0.998135 -0.0622686 -17.453 -0.923291 0.020491 0.383857 224.965
0.383909 0.0587567 0.921669 436.571 -0.00306013 0.998132 -0.0623649 -17.4926 -0.923491 0.0211156 0.38337 225.271
0.384174 0.0576406 0.921622 437.3 -0.00322173 0.998209 -0.0610945 -17.5338 -0.923371 0.020499 0.383665 225.577
0.384422 0.056011 0.921626 438.025 -0.00254991 0.998301 -0.0596154 -17.5724 -0.92328 0.020561 0.38391 225.889
0.385462 0.0543589 0.921284 438.74 -0.00203226 0.998393 -0.0580654 -17.6117 -0.922837 0.0205069 0.384947 226.194
0.386016 0.0520174 0.921194 439.441 -0.00119212 0.99852 -0.0558924 -17.6546 -0.922617 0.0204707 0.385504 226.507
0.386898 0.0505348 0.9209 440.143 -0.0012369 0.998607 -0.0542864 -17.6978 -0.922237 0.0198614 0.386415 226.817
0.387859 0.0511409 0.920469 440.834 -0.0026594 0.9986 -0.0543694 -17.7398 -0.921841 0.0186335 0.38745 227.121
0.388897 0.0530101 0.919918 441.52 -0.00481576 0.998529 -0.0555112 -17.7763 -0.921385 0.0171555 0.388573 227.432
0.390856 0.0537554 0.919051 442.174 -0.00503196 0.998486 -0.0562699 -17.8113 -0.920564 0.0173627 0.390532 227.698
0.392956 0.0534102 0.918169 442.85 -0.00587856 0.99852 -0.0555755 -17.851 -0.919655 0.0164389 0.39268 227.986
0.394206 0.0528041 0.917674 443.507 -0.00711099 0.998576 -0.0544129 -17.8814 -0.919121 0.0149185 0.394018 228.262
0.395484 0.0515161 0.917191 444.163 -0.00788175 0.998662 -0.0527008 -17.9194 -0.918556 0.0136112 0.395353 228.535
0.396578 0.0510907 0.916748 444.806 -0.00822562 0.99869 -0.0521073 -17.9551 -0.91809 0.0131181 0.396476 228.808
0.397611 0.0508415 0.916309 445.448 -0.00804367 0.998701 -0.0519299 -17.9907 -0.917636 0.0132753 0.397495 229.082
0.398147 0.0506297 0.916093 446.08 -0.00765761 0.998707 -0.0518757 -18.0275 -0.917416 0.0136333 0.398017 229.367
0.399224 0.0501303 0.915647 446.708 -0.00684405 0.998722 -0.0517018 -18.0627 -0.916945 0.0143716 0.399049 229.643
0.399599 0.0489349 0.915554 447.296 -0.00499095 0.998759 -0.0512122 -18.0968 -0.916803 0.0158888 0.399343 229.916
0.400306 0.0493511 0.915217 447.896 -0.00549902 0.998743 -0.0514572 -18.1304 -0.916483 0.0155634 0.400065 230.18
0.401239 0.0501135 0.914772 448.495 -0.00675185 0.99872 -0.0517592 -18.1641 -0.916076 0.0145856 0.40106 230.444
0.402015 0.0507022 0.914394 449.081 -0.00758253 0.998698 -0.0520505 -18.1973 -0.91572 0.0139894 0.401868 230.706
0.402461 0.0509386 0.91419 449.627 -0.00794736 0.99869 -0.0521566 -18.2186 -0.91553 0.0137199 0.402335 230.951
0.40311 0.0513647 0.913875 450.188 -0.00838519 0.998672 -0.0524394 -18.2444 -0.915231 0.0134736 0.402996 231.203
0.403543 0.0511886 0.913699 450.717 -0.0098099 0.998701 -0.0516267 -18.2723 -0.915036 0.0118648 0.403517 231.443
0.403743 0.0505939 0.913639 451.225 -0.0110893 0.99875 -0.0504141 -18.3038 -0.914923 0.010221 0.403791 231.683
0.403924 0.0495465 0.913621 451.731 -0.0114761 0.998811 -0.0491013 -18.3324 -0.914848 0.00934315 0.404009 231.92
0.404065 0.0492845 0.913568 452.239 -0.0109327 0.99882 -0.0490555 -18.3572 -0.914783 0.00983201 0.404117 232.157
0.404492 0.050731 0.913306 452.719 -0.010914 0.99874 -0.0506516 -18.3815 -0.914604 0.010515 0.404532 232.367
0.405307 0.0535296 0.912779 453.221 -0.011819 0.998591 -0.0533214 -18.4103 -0.914223 0.0108217 0.405359 232.583
0.404859 0.0560836 0.912831 453.644 -0.0127992 0.998451 -0.0556762 -18.4439 -0.914417 0.0108525 0.404947 232.799
0.405928 0.0574003 0.912268 454.138 -0.0126696 0.998367 -0.0571877 -18.4752 -0.913936 0.0116545 0.405983 233.016
0.406193 0.0579383 0.912122 454.587 -0.0113689 0.998316 -0.0583593 -18.5039 -0.913844 0.0133302 0.406164 233.224
0.40673 0.0573562 0.911914 455.023 -0.0100947 0.998333 -0.0582969 -18.5321 -0.913612 0.0145037 0.406621 233.412
0.4059 0.0561831 0.912363 455.462 -0.01027 0.998411 -0.0569218 -18.5573 -0.913987 0.0137293 0.405828 233.607
0.404461 0.0553757 0.913045 455.876 -0.0120735 0.998485 -0.055217 -18.5837 -0.914595 0.0113078 0.404508 233.804
0.402407 0.0544659 0.914014 456.269 -0.0123136 0.998545 -0.0540908 -18.6154 -0.915506 0.0105067 0.402489 233.999
0.400383 0.0538247 0.914934 456.638 -0.0122736 0.998583 -0.0533824 -18.6374 -0.916386 0.0101423 0.400467 234.183
0.398714 0.0540738 0.915654 457.018 -0.0125791 0.998574 -0.0535021 -18.6455 -0.917117 0.00980904 0.398823 234.369
0.396643 0.0544867 0.916522 457.378 -0.0135871 0.99856 -0.0534915 -18.6595 -0.917992 0.00876279 0.396804 234.551
0.395442 0.0534904 0.917106 457.732 -0.01274 0.998611 -0.0527599 -18.6822 -0.91853 0.00917464 0.395573 234.708
0.394339 0.0526085 0.917626 458.071 -0.011964 0.998653 -0.0521203 -18.703 -0.919007 0.00957305 0.39443 234.857
0.392542 0.0520183 0.918437 458.392 -0.0113905 0.998683 -0.051704 -18.7243 -0.919792 0.00982953 0.392616 235.02
0.391798 0.0523132 0.91873 458.73 -0.0122185 0.998674 -0.0516624 -18.7325 -0.920089 0.00901425 0.391911 235.153
0.389474 0.0523168 0.919728 459.005 -0.0136347 0.998688 -0.0510439 -18.7555 -0.921067 0.00733538 0.389676 235.317
0.387898 0.0525664 0.920369 459.299 -0.0150568 0.998684 -0.0507013 -18.7769 -0.921698 0.00580802 0.388172 235.456
0.387248 0.0527146 0.920645 459.613 -0.0144703 0.998673 -0.0511054 -18.7903 -0.921993 0.00646382 0.387496 235.572
0.386186 0.0536614 0.921025 459.918 -0.0138867 0.998616 -0.052367 -18.7983 -0.922435 0.0074322 0.386391 235.698
0.38565 0.0549453 0.921186 460.218 -0.0130173 0.998535 -0.054119 -18.807 -0.922684 0.00887476 0.3858 235.827
0.384912 0.0560142 0.921419 460.52 -0.0131607 0.998472 -0.0552083 -18.8158 -0.922978 0.00912249 0.385055 235.96
0.384858 0.0558065 0.921465 460.807 -0.0133683 0.998487 -0.0548974 -18.8269 -0.92301 0.00880458 0.385022 236.073
0.385494 0.0559325 0.92118 461.09 -0.0140868 0.998485 -0.0547391 -18.8321 -0.922722 0.0081239 0.385692 236.194
0.386302 0.0561103 0.920842 461.354 -0.0150098 0.998483 -0.0545541 -18.8453 -0.922381 0.00724813 0.386558 236.309
0.387493 0.0562272 0.920323 461.619 -0.016099 0.998483 -0.0542317 -18.8584 -0.921851 0.00619713 0.387804 236.425
0.388876 0.0565559 0.919731 461.85 -0.017382 0.998471 -0.0540581 -18.8705 -0.921257 0.00503087 0.389264 236.53
0.391282 0.0568759 0.918678 462.09 -0.018054 0.998455 -0.0541331 -18.8834 -0.920213 0.00459476 0.391697 236.639
0.394388 0.0567899 0.917365 462.327 -0.0175811 0.998457 -0.0542611 -18.8989 -0.918905 0.00526735 0.394777 236.765
0.399181 0.0565023 0.915297 462.564 -0.0174938 0.998471 -0.0540151 -18.9143 -0.916825 0.0055489 0.399551 236.892
0.405973 0.057061 0.912281 462.845 -0.0184462 0.998442 -0.0542512 -18.9393 -0.91383 0.00519211 0.406391 237.043
0.415033 0.0576304 0.908148 463.11 -0.0198452 0.998412 -0.0542968 -18.9609 -0.90971 0.00451186 0.415507 237.165
0.425157 0.0587531 0.903392 463.391 -0.0210325 0.998347 -0.0550401 -18.9794 -0.905008 0.00439596 0.425685 237.308
0.436765 0.0587206 0.897828 463.648 -0.0209145 0.998345 -0.0551285 -18.9988 -0.899454 0.00529982 0.437257 237.431
0.450901 0.0586118 0.89083 463.91 -0.0223586 0.998355 -0.0543791 -19.0176 -0.892427 0.0045977 0.451461 237.561
0.466514 0.0599429 0.882655 464.187 -0.0249282 0.99828 -0.0546281 -19.0392 -0.884286 0.00348133 0.467188 237.717
0.483467 0.0612741 0.873402 464.461 -0.0279474 0.998204 -0.0545694 -19.0603 -0.875053 0.0019695 0.484298 237.879
0.501714 0.0629544 0.862918 464.73 -0.0293205 0.998097 -0.0557775 -19.0817 -0.864663 0.00268297 0.502583 238.047
0.519866 0.0651797 0.851949 465.001 -0.0302926 0.997949 -0.057875 -19.1025 -0.853851 0.00427571 0.520755 238.227
0.538555 0.0658305 0.840198 465.264 -0.0304945 0.997898 -0.0586486 -19.124 -0.842168 0.00596359 0.539402 238.414
0.557338 0.0686448 0.827641 465.524 -0.0355413 0.99772 -0.0588281 -19.1453 -0.82967 0.00336825 0.558482 238.606
0.570195 0.0729905 0.818448 465.799 -0.040481 0.997416 -0.060758 -19.1668 -0.820645 0.00151282 0.571644 238.843
0.575324 0.0786308 0.814339 466.035 -0.0470473 0.996986 -0.0630392 -19.1723 -0.81672 -0.00204668 0.577262 239.043
0.57425 0.0806168 0.81489 466.277 -0.04905 0.996825 -0.0640593 -19.1814 -0.817344 -0.00318302 0.576347 239.239
0.569599 0.0819801 0.818025 466.502 -0.0504482 0.996709 -0.0647706 -19.1918 -0.820521 -0.00437639 0.571835 239.407
0.56042 0.0827039 0.824255 466.748 -0.0501853 0.996649 -0.0658888 -19.2035 -0.826819 -0.00443849 0.562661 239.58
0.547941 0.0820331 0.832683 466.973 -0.0472659 0.996711 -0.0671005 -19.217 -0.835326 -0.00259243 0.549994 239.715
0.533896 0.0813474 0.841811 467.208 -0.0438141 0.99677 -0.0685424 -19.2326 -0.844544 -0.000287549 0.535708 239.847
0.516745 0.0799252 0.852594 467.451 -0.0394628 0.996884 -0.0695442 -19.2491 -0.855371 0.00228807 0.518271 239.978
0.497448 0.0794373 0.864027 467.696 -0.037061 0.99692 -0.0703264 -19.2656 -0.866828 0.00296276 0.498838 240.102
0.477673 0.0793765 0.875134 467.942 -0.0360108 0.996927 -0.0707783 -19.2846 -0.877937 0.00229185 0.479052 240.213
0.458021 0.0793727 0.885564 468.191 -0.0362822 0.99693 -0.0705968 -19.3032 -0.888323 0.000205623 0.459478 240.317
0.439035 0.0787286 0.895199 468.458 -0.0354818 0.996981 -0.0702887 -19.3231 -0.897904 -0.00090646 0.440496 240.423
0.421373 0.0774869 0.903741 468.714 -0.0313741 0.997077 -0.0708688 -19.3423 -0.906465 0.00150896 0.422561 240.514
0.405266 0.0763922 0.911184 468.983 -0.0266537 0.997152 -0.0717552 -19.3618 -0.913943 0.00479027 0.406146 240.61
0.390556 0.0756266 0.917634 469.247 -0.0234559 0.997199 -0.0722082 -19.3801 -0.920398 0.0066776 0.391229 240.702
0.377889 0.0756593 0.922934 469.507 -0.0235683 0.997204 -0.072108 -19.3976 -0.925683 0.00549362 0.378617 240.789
0.368245 0.0742371 0.926925 469.779 -0.0227365 0.997313 -0.0708491 -19.4139 -0.929568 0.00501512 0.368939 240.886
0.359733 0.0714198 0.930497 470.031 -0.0215469 0.997522 -0.0682444 -19.4324 -0.932938 0.00449726 0.360385 240.972
0.353365 0.0700079 0.933026 470.283 -0.0203784 0.99762 -0.067144 -19.4497 -0.935381 0.00471293 0.353949 241.056
0.351216 0.0698935 0.93386 470.52 -0.0193309 0.997624 -0.0674058 -19.4642 -0.936226 0.00561821 0.351738 241.147
0.354098 0.0703657 0.932722 470.746 -0.0193399 0.997588 -0.0679244 -19.4783 -0.935125 0.00601304 0.354603 241.23
0.360306 0.0695788 0.930415 470.958 -0.0179204 0.997633 -0.0676759 -19.4878 -0.932794 0.00770686 0.360704 241.312
0.369748 0.0679794 0.926807 471.162 -0.0158448 0.997721 -0.066867 -19.4992 -0.929114 0.0100383 0.369979 241.401
0.381355 0.0677714 0.922122 471.357 -0.0175176 0.997746 -0.0660949 -19.5075 -0.924395 0.0090482 0.381684 241.494
0.394176 0.0702086 0.916517 471.543 -0.0228299 0.997604 -0.0666088 -19.5157 -0.91887 0.00533158 0.394827 241.601
0.406977 0.0728213 0.910714 471.712 -0.0275534 0.997428 -0.0674522 -19.5237 -0.913157 0.00235531 0.407934 241.713
0.42013 0.0734212 0.904659 471.868 -0.0305946 0.997387 -0.0667461 -19.5336 -0.907068 0.000364999 0.421267 241.813
0.433809 0.0718404 0.898322 472.012 -0.0320606 0.997502 -0.0643 -19.5379 -0.900571 -0.00090922 0.435022 241.906
0.447751 0.0701762 0.891573 472.145 -0.0307354 0.99762 -0.0630955 -19.5426 -0.893751 0.000848636 0.448827 241.99
0.462097 0.0683209 0.884383 472.266 -0.0209686 0.997677 -0.0661274 -19.5521 -0.88672 0.0120083 0.462445 242.062
0.477817 0.0706571 0.87579 472.379 -0.0161929 0.997385 -0.0716405 -19.5576 -0.878434 0.0200479 0.477693 242.128
0.492074 0.0731919 0.867663 472.482 -0.0182132 0.997193 -0.0737999 -19.5591 -0.870504 0.0205068 0.492011 242.216
0.505444 0.075717 0.859711 472.586 -0.02655 0.997122 -0.0722179 -19.5624 -0.862577 0.013676 0.505977 242.312
0.518487 0.0764451 0.851858 472.675 -0.0326651 0.997126 -0.0696105 -19.5645 -0.854606 0.00826265 0.519475 242.393
0.530675 0.0763173 0.844316 472.763 -0.0353372 0.997151 -0.0679299 -19.5684 -0.846967 0.00621302 0.531833 242.472
0.541944 0.0754182 0.837224 472.844 -0.0355 0.997217 -0.0668621 -19.572 -0.839812 0.00651076 0.543091 242.539
0.553285 0.0749732 0.829798 472.922 -0.0354097 0.997245 -0.0665006 -19.5727 -0.83237 0.00741079 0.554385 242.609
0.563631 0.0750625 0.822812 473 -0.0362568 0.997237 -0.0661497 -19.573 -0.825381 0.00744799 0.56477 242.684
0.573627 0.0737985 0.815976 473.072 -0.0357392 0.997327 -0.0650844 -19.5752 -0.818471 0.0081715 0.574697 242.746
0.582731 0.0717226 0.809701 473.138 -0.0348009 0.997473 -0.0633207 -19.5765 -0.812073 0.0087168 0.583725 242.804
0.590303 0.0723212 0.804128 473.2 -0.0361355 0.997434 -0.0631888 -19.5743 -0.806509 0.00824266 0.591366 242.853
0.596897 0.0766489 0.798858 473.246 -0.0426186 0.997137 -0.0638406 -19.5807 -0.801342 0.00405721 0.598423 242.922
0.604945 0.08361 0.792062 473.279 -0.0518152 0.996585 -0.065634 -19.5867 -0.794719 -0.00133465 0.607173 242.985
0.610467 0.0888672 0.787253 473.312 -0.0581742 0.996119 -0.0673457 -19.5862 -0.790062 -0.00468671 0.613234 243.039
0.614284 0.0883164 0.784325 473.341 -0.0579227 0.99617 -0.0668146 -19.5883 -0.787097 -0.00438524 0.617007 243.085
0.620558 0.0830591 0.779964 473.383 -0.0534857 0.996629 -0.0635891 -19.5901 -0.782496 -0.00225793 0.622873 243.11
0.625539 0.0778176 0.776503 473.428 -0.0483738 0.997054 -0.0609605 -19.591 -0.778835 0.000571571 0.627419 243.14
0.629079 0.076406 0.773795 473.462 -0.047435 0.997163 -0.0599099 -19.5889 -0.776057 0.000980663 0.630881 243.175
0.633783 0.0783704 0.769733 473.488 -0.0511049 0.99701 -0.0594413 -19.585 -0.771965 -0.00166317 0.635851 243.213
0.637914 0.0812719 0.766027 473.507 -0.0556944 0.996767 -0.0593844 -19.5834 -0.768257 -0.00478275 0.640339 243.251
0.640726 0.0843372 0.763328 473.53 -0.0596294 0.9965 -0.0600569 -19.5821 -0.765596 -0.00703486 0.643469 243.286
