1177 0.211763 0.00179306
6943 1.10857 0.0017122
1018 0.158018 0.00178797
4533 0.659185 0.0016979
1027 0.155718 0.00181332
1038 0.152644 0.00178598
2658 0.393349 0.00171825
5334 0.841159 0.00170852
916 0.153348 0.00178558
3598 0.564562 0.00173461
1085 0.17306 0.00173651
4632 0.763125 0.00177119
1223 0.183865 0.0017268
1482 0.206623 0.00173968
1843 0.273806 0.00180193
6332 0.993326 0.00181492
1556 0.233255 0.0017976
3916 0.594701 0.00177384
1094 0.175446 0.00177242
5874 0.961119 0.001698
3672 0.654649 0.0017035
5298 1.04905 0.0017178
3782 0.833616 0.00167475
1314 0.321636 0.0017241
2034 0.579665 0.00173853
2329 0.800779 0.00171959
2320 0.851402 0.0017249
2843 1.01978 0.00176147
1625 0.529497 0.00177194
2927 0.865937 0.00173179
587 0.161809 0.00179423
732 0.170186 0.00174441
838 0.178054 0.00172903
1556 0.305083 0.00176883
1058 0.177024 0.00174906
1239 0.185705 0.00172484
7988 1.08943 0.00173447
1422 0.173391 0.00174982
6016 0.657232 0.00172152
1183 0.128536 0.0017883
12677 1.28399 0.001683
1078 0.111488 0.00179551
4534 0.423543 0.00172546
1265 0.116725 0.00177788
5476 0.450622 0.0016895
1324 0.101275 0.00173383
1287 0.0929557 0.00172387
1575 0.11558 0.00175726
22544 1.51499 0.00162232
1706 0.115093 0.00170713
15529 0.94237 0.00162616
3774 0.227895 0.00167482
5839 0.34186 0.00165854
2847 0.166447 0.00166681
3203 0.182828 0.00166109
3478 0.198944 0.00167492
19177 1.08737 0.00160502
3566 0.208014 0.0016555
2829 0.164933 0.00163863
19645 1.14893 0.00159758
2751 0.161749 0.00165336
2899 0.161205 0.00166373
2808 0.151397 0.00159368
2758 0.161148 0.00166208
24762 1.41468 0.00160225
18375 1.07048 0.00160053
2149 0.127604 0.00165713
18214 1.03724 0.00160598
2998 0.177237 0.00164718
2107 0.121737 0.00163446
2224 0.121944 0.00163123
26393 1.41906 0.00158735
6345 0.363087 0.00160676
16662 1.00576 0.00159855
6867 0.437531 0.001646
15306 0.966542 0.00159372
1470 0.10064 0.00168884
6416 0.372561 0.0016205
2104 0.105546 0.00164304
1171 0.0555974 0.0016544
1981 0.0875916 0.00163325
1203 0.0523128 0.00167718
5424 0.237429 0.00163994
14226 0.606197 0.00154262
5453 0.248956 0.00160675
10636 0.491757 0.00161626
9911 0.462375 0.00155402
5994 0.285577 0.00160525
4607 0.200902 0.00161039
1171 0.0503711 0.00161634
3850 0.178525 0.00161912
11626 0.547757 0.00155231
4358 0.219962 0.00159413
12374 0.667294 0.00155462
16246 1.0156 0.00156347
19118 1.43633 0.00155951
1817 0.166418 0.00164047
18364 2.19478 0.00160831
13467 2.3883 0.00165122
7788 1.50534 0.00166065
11618 1.96365 0.00163754
373 0.0524635 0.00161705
339 0.0386974 0.00159728
771 0.095004 0.00177179
386 0.0360687 0.0016194
754 0.0497735 0.00167461
846 0.0486933 0.00162993
658 0.0385307 0.00161337
1046 0.057451 0.00160235
905 0.0466824 0.00158715
732 0.040069 0.0015446
526 0.0350124 0.00155214
806 0.0728073 0.00167667
771 0.0802345 0.00167821
1070 0.111307 0.00169534
1086 0.103511 0.00170542
960 0.0858919 0.00169534
799 0.0780579 0.00165811
592 0.0604917 0.0017235
700 0.0679946 0.00171928
707 0.0734842 0.00174294
1229 0.126186 0.00175155
1472 0.143734 0.00175824
1616 0.15097 0.00176485
913 0.0863587 0.00177321
1051 0.0897278 0.0017259
919 0.0681826 0.00174183
981 0.0681586 0.00170478
1008 0.0700421 0.00171696
696 0.0478335 0.00169199
403 0.0296007 0.00169747
571 0.046865 0.00171309
690 0.0599017 0.00169677
1272 0.116768 0.00174853
1310 0.12011 0.00174045
1046 0.0947827 0.00170736
755 0.0745494 0.00177823
781 0.077918 0.00177202
979 0.0972736 0.00177279
753 0.0760774 0.00178517
739 0.0802768 0.00179275
659 0.0762402 0.00178364
750 0.0843168 0.00179228
707 0.078352 0.001774
499 0.0616414 0.00184035
427 0.0535581 0.00175417
554 0.0686174 0.00174501
478 0.0571507 0.00179076
407 0.0513299 0.00188747
369 0.0472378 0.00181583
349 0.0484478 0.00189107
325 0.0426032 0.00178622
317 0.039609 0.00188722
352 0.0389127 0.001859
427 0.0439859 0.00182278
419 0.0430747 0.00187485
370 0.0360121 0.00186565
451 0.0383289 0.00178199
407 0.0336251 0.00185003
304 0.0250026 0.00175262
231 0.0237681 0.00185866
287 0.0326411 0.0018322
358 0.037481 0.00173021
435 0.0422441 0.00177733
665 0.0602305 0.0017833
828 0.0703226 0.00174724
1188 0.103718 0.00169995
1303 0.114085 0.00168737
407 0.0338649 0.00174108
760 0.0573064 0.00175327
647 0.0494305 0.00178762
664 0.0561523 0.00181088
706 0.0571387 0.00176372
502 0.0413819 0.00177698
311 0.0275983 0.00182131
332 0.0286543 0.0017586
481 0.0419214 0.00174185
523 0.0432831 0.00169157
528 0.0439542 0.00172431
918 0.0765427 0.00176878
973 0.0736658 0.00174129
955 0.0706849 0.00170555
952 0.0715711 0.00173416
601 0.0460725 0.00171331
764 0.0597394 0.00167402
1068 0.0821192 0.00172825
855 0.0662094 0.00174618
1177 0.0844617 0.00165826
995 0.0668352 0.00165818
633 0.0431362 0.00163951
1250 0.0819449 0.00159274
1609 0.105586 0.00163292
1269 0.0884864 0.00164466
1230 0.0872696 0.00164813
1193 0.081817 0.00162151
831 0.0566379 0.00160156
897 0.0620322 0.00163977
1345 0.0914148 0.00160294
1246 0.0833592 0.00159911
1464 0.0943635 0.00158444
1634 0.109849 0.00162622
1316 0.0996236 0.00165099
1353 0.120621 0.00159959
1462 0.145589 0.00156652
1527 0.162181 0.00153673
826 0.100632 0.00158463
681 0.0934647 0.00163816
783 0.133418 0.00173881
918 0.200279 0.00165267
785 0.269488 0.00174146
813 0.360605 0.00172397
887 0.409693 0.00172759
974 0.459176 0.00174958
1072 0.464482 0.00169416
1293 0.532127 0.00174549
743 0.30796 0.00169262
505 0.229922 0.00161006
924 0.436532 0.00170463
1119 0.463254 0.00172911
1209 0.464291 0.00173252
1319 0.499425 0.0017649
1195 0.438523 0.00171127
1383 0.508752 0.00173222
1246 0.451168 0.0016493
1270 0.465876 0.00170863
1116 0.370108 0.00167343
1418 0.495482 0.00174886
1371 0.484151 0.00170918
1593 0.564331 0.00170213
1584 0.544945 0.00172739
1566 0.515471 0.00174506
1447 0.476336 0.00175354
1443 0.489584 0.00175871
1622 0.55577 0.00169541
1583 0.553402 0.00169741
1486 0.546145 0.00176021
1320 0.477188 0.00168499
1082 0.435925 0.00173455
1251 0.494859 0.00172768
1215 0.461191 0.00171644
1308 0.542502 0.001753
1612 0.669278 0.00171515
1433 0.651347 0.00174279
1117 0.578377 0.00172656
600 0.377707 0.00170619
932 0.683368 0.00180183
751 0.538669 0.00169478
853 0.561973 0.00170331
879 0.471914 0.00164229
692 0.471663 0.00177473
637 0.490626 0.00176974
1098 0.848472 0.00176366
878 0.73111 0.00179801
1295 0.957634 0.00177546
1180 0.710787 0.00175118
1037 0.584118 0.00168323
894 0.57779 0.00170565
868 0.67475 0.00176106
822 0.66234 0.00172459
770 0.608421 0.00170164
781 0.600969 0.00172584
881 0.628948 0.00173023
857 0.572191 0.00172274
759 0.504913 0.00174034
874 0.576804 0.00170219
891 0.641997 0.0017472
1050 0.82736 0.00174672
875 0.724512 0.00171501
866 0.826557 0.00179534
736 0.651955 0.0017147
843 0.670614 0.00173715
877 0.760331 0.00168299
1003 0.963579 0.00178073
894 0.779989 0.00174893
1118 0.987614 0.00178803
936 0.769096 0.00175861
912 0.749434 0.00171756
1000 0.802519 0.00170013
817 0.649661 0.00171903
940 0.790234 0.0017517
848 0.7092 0.00171493
808 0.68305 0.00173948
908 0.809949 0.0017749
783 0.731871 0.00176073
1022 0.924161 0.00177639
1046 0.925745 0.00177037
1112 0.968485 0.00176645
958 0.788853 0.00175882
1127 0.85972 0.00178158
799 0.620676 0.00175115
732 0.592783 0.00174412
980 0.762026 0.00174329
1169 0.893203 0.00178735
1373 0.907521 0.00175178
1423 0.937234 0.00176317
1249 0.894159 0.00179368
1256 0.885601 0.00179196
1427 0.974967 0.00178193
1427 1.04259 0.00179887
1127 0.863145 0.00176579
1191 0.958664 0.00180261
1558 1.16335 0.00180247
1158 0.830566 0.00179988
1341 1.0188 0.00181583
1535 1.23101 0.00179682
1600 1.36621 0.00184243
1238 0.922863 0.00176011
1383 0.965864 0.00180001
1361 0.969958 0.00179989
1800 1.3393 0.00181536
1792 1.32312 0.00181995
1588 1.16595 0.00179245
1600 1.26737 0.00184652
1472 1.12915 0.00184238
1817 1.36263 0.00185512
1750 1.30656 0.00183301
1757 1.27112 0.00183012
2014 1.42694 0.00188157
1547 1.06831 0.00185233
1465 1.02016 0.00176912
1926 1.30887 0.00187012
2007 1.2563 0.00184489
1931 1.22444 0.00182925
2091 1.25306 0.00183215
1923 1.04147 0.00180412
1859 0.966601 0.00177949
1652 0.820098 0.00180212
1852 0.846094 0.00184334
2224 0.936004 0.00180824
2314 0.961415 0.00181741
2300 0.922505 0.00181707
2212 0.9012 0.00180847
2247 0.979648 0.00186682
2323 0.952506 0.00181599
1860 0.768572 0.00177865
1985 0.798731 0.00174929
2314 0.887044 0.00181102
2168 0.780221 0.00173532
2131 0.824458 0.00177639
2264 0.902627 0.00182636
1845 0.735331 0.00179981
2103 0.857449 0.00179879
2078 0.825555 0.0018066
2078 0.835415 0.00179453
2210 0.887028 0.00177322
2333 0.930563 0.00174015
2222 0.944895 0.00181591
1976 0.806251 0.00180259
2025 0.857495 0.00178528
2032 0.860683 0.00176642
1945 0.765512 0.00177126
2190 0.886178 0.001815
2428 0.960182 0.00179866
1818 0.748712 0.00179175
1629 0.66787 0.00178291
2025 0.765171 0.00178259
2166 0.846646 0.00180832
1848 0.747866 0.00177403
2171 0.872464 0.00178155
2185 0.83253 0.00180226
1898 0.684917 0.00175768
2404 0.84058 0.00177284
2412 0.793547 0.00174563
2397 0.768499 0.00179033
2611 0.778153 0.00183863
2019 0.570273 0.00183154
2645 0.718557 0.00184479
2299 0.560653 0.00176988
2506 0.596856 0.00180648
2497 0.54078 0.00181512
1701 0.36287 0.0016993
2015 0.672466 0.00184904
2117 0.86435 0.00179783
2239 0.938059 0.001812
1902 0.767157 0.00172467
2260 0.94802 0.00178137
2504 1.09034 0.0018262
2380 1.02562 0.00180105
2451 1.06258 0.00183469
2438 1.06715 0.00185423
2354 1.04757 0.00186176
2603 1.09068 0.00184999
2556 1.0479 0.00183637
2303 0.959935 0.00181369
2568 1.12288 0.00183641
1901 0.941413 0.00186424
2188 1.09778 0.00185051
2246 1.03146 0.00183139
1938 0.921362 0.00182231
2171 1.02792 0.00183023
2411 1.05487 0.00182693
2065 0.916577 0.00183603
2009 0.881001 0.00181748
2338 1.00417 0.00178184
2246 1.03152 0.0017798
2028 0.924427 0.00177087
1831 0.836354 0.00180491
1828 0.817016 0.00179937
1719 0.765175 0.00183775
2293 1.03187 0.00183709
2465 1.08935 0.00184626
2439 1.01951 0.0018375
2555 1.02077 0.00180658
2465 1.03927 0.00181366
2406 1.05481 0.00180931
2261 1.03344 0.001826
2030 0.927639 0.00182377
2032 0.891849 0.00176771
2318 1.01896 0.00178529
2421 1.04512 0.00182565
2327 1.00591 0.00181563
2332 1.01078 0.00181171
2610 1.11143 0.00182196
2263 1.07423 0.0018049
2218 1.08807 0.00177646
1743 0.796401 0.00170077
1955 1.02087 0.00180243
2047 1.0762 0.00180989
2308 1.0991 0.00180002
1985 1.04154 0.00180127
1901 1.04477 0.00178101
2195 1.06107 0.00181227
2326 1.09518 0.00181246
2282 1.06341 0.00180565
2211 1.05209 0.00182023
2138 1.02906 0.00179287
2175 1.03313 0.0018216
2053 0.8969 0.00176304
2384 1.03776 0.00184422
2385 1.119 0.00183607
2216 1.05702 0.00180041
2229 1.03058 0.00182235
2083 0.927085 0.00180831
1559 0.656409 0.00175785
1594 0.710182 0.00176144
1571 0.728519 0.00177417
1916 0.843218 0.00174118
1693 0.798833 0.00170868
1751 0.833825 0.00177794
1748 0.693166 0.00174461
1791 0.710719 0.00178169
1528 0.587141 0.00176301
1469 0.553403 0.00179154
1294 0.564361 0.00178042
1244 0.679285 0.00175813
1454 0.862544 0.00177943
1614 0.986552 0.00179466
1652 1.04367 0.0017566
1650 1.12913 0.00176364
1701 1.15693 0.00179277
1764 1.19175 0.00176954
1525 1.08368 0.00178513
1499 0.985387 0.00177615
2030 1.27153 0.00183565
2244 1.32531 0.00181155
2443 1.47405 0.00183468
2292 1.39834 0.00184361
2159 1.28613 0.00178647
2168 1.36824 0.00179704
2018 1.21602 0.00184186
2456 1.2797 0.00181824
2287 1.09744 0.00179183
2545 1.16467 0.00178217
2421 1.03908 0.00177404
2494 0.996915 0.00174678
2323 0.904713 0.00175195
1570 0.595699 0.00169304
1852 0.660725 0.00167017
2090 0.727371 0.00175561
1788 0.597247 0.00171058
2373 0.790247 0.00176675
2490 0.770663 0.00175172
2908 0.869733 0.00173992
2350 0.720002 0.00173099
1909 0.634895 0.00171829
1772 0.57405 0.00170285
1459 0.440291 0.00171218
1559 0.448549 0.00173179
2110 0.58042 0.00176281
1828 0.494427 0.00173397
1253 0.341817 0.00170791
1265 0.322217 0.00169183
1833 0.469932 0.00169314
2184 0.624413 0.00175809
1958 0.563198 0.0017261
1742 0.552275 0.00170347
1390 0.460762 0.00167515
2389 0.851355 0.00176329
2340 0.863554 0.00176825
2372 0.914412 0.00180188
2397 0.929274 0.00179123
2332 0.900329 0.00180953
1779 0.675426 0.0017563
1919 0.730425 0.00177851
1890 0.743255 0.0017838
1472 0.607631 0.00173133
1660 0.793314 0.00176395
1403 0.642988 0.00176467
1366 0.528236 0.00172731
1551 0.63258 0.00179006
1326 0.536123 0.00176018
1844 0.729263 0.0017852
1554 0.595047 0.001789
1740 0.637875 0.00174994
1783 0.753878 0.00181628
1503 0.606752 0.0017757
1940 0.714055 0.00183076
1634 0.609027 0.00173439
1563 0.609924 0.0017621
1311 0.512549 0.00170126
1282 0.580299 0.00173586
1278 0.620626 0.00183403
1067 0.4895 0.00178979
1203 0.533652 0.0017642
629 0.29563 0.00174201
446 0.254599 0.00185365
465 0.287724 0.00190587
358 0.24953 0.00197595
433 0.335202 0.00190412
386 0.313019 0.00194032
453 0.40067 0.00188732
298 0.301004 0.00194757
298 0.26901 0.00191501
317 0.351052 0.00195637
317 0.377733 0.00192339
120 0.109878 0.00163067
315 0.372708 0.00198078
357 0.48477 0.0019446
428 0.597317 0.00191731
344 0.516259 0.00192456
305 0.437766 0.00193549
445 0.566881 0.00195633
422 0.54086 0.00192469
521 0.644855 0.00190924
498 0.585076 0.00196315
357 0.45457 0.00191268
172 0.204121 0.00169752
527 0.552342 0.00184957
543 0.516724 0.00186225
330 0.324933 0.0019269
310 0.31223 0.00192366
428 0.369819 0.00191997
178 0.127107 0.00178319
406 0.343923 0.0019497
350 0.318165 0.00198307
388 0.335195 0.001924
429 0.34105 0.00182708
374 0.295187 0.00185468
369 0.303567 0.00189879
334 0.277969 0.00192832
229 0.183968 0.00189759
204 0.127433 0.00170246
146 0.104297 0.00184058
120 0.129308 0.00194952
128 0.116666 0.00173161
274 0.236792 0.00184397
167 0.148465 0.00179509
0 0 -nan
0 0 -nan
0 0 -nan
0 0 -nan
0 0 -nan
0 0 -nan
0 0 -nan
0 0 -nan
0 0 -nan
0 0 -nan
0 0 -nan
0 0 -nan
0 0 -nan
0 0 -nan
4 0.00198906 0.00186914
2 0.00122772 0.0023901
0 0 -nan
0 0 -nan
16 0.00450856 0.00137562
0 0 -nan
0 0 -nan
0 0 -nan
0 0 -nan
0 0 -nan
0 0 -nan
0 0 -nan
0 0 -nan
7 0.00111652 0.00163151
12 0.00182103 0.00168968
0 0 -nan
0 0 -nan
4 0.00062027 0.00162939
18 0.00235971 0.00152752
8 0.00085097 0.00127785
23 0.00276794 0.00142157
80 0.0114982 0.0015172
40 0.0063734 0.00164402
31 0.00400682 0.00142506
20 0.00349329 0.00148717
22 0.00591783 0.00174407
33 0.00842356 0.0015664
16 0.0042805 0.00164954
609 0.162648 0.00178108
559 0.128834 0.00171452
988 0.208159 0.00173191
0 0 -nan
0 0 -nan
0 0 -nan
0 0 -nan
0 0 -nan
0 0 -nan
2 0.000648804 0.0020701
0 0 -nan
1 0.000254309 0.00157348
0 0 -nan
1 0.000370825 0.00198799
0 0 -nan
4 0.00128707 0.00148955
5 0.00159345 0.00140338
0 0 -nan
2 0.000650746 0.00165395
0 0 -nan
0 0 -nan
0 0 -nan
0 0 -nan
0 0 -nan
0 0 -nan
0 0 -nan
0 0 -nan
0 0 -nan
1 0.000669322 0.0020518
0 0 -nan
3 0.00136928 0.00172576
0 0 -nan
0 0 -nan
0 0 -nan
0 0 -nan
0 0 -nan
1 0.000899005 0.00230431
1 0.0010834 0.00255938
0 0 -nan
0 0 -nan
0 0 -nan
0 0 -nan
0 0 -nan
3 0.00116267 0.00181049
0 0 -nan
1 0.000412461 0.00164308
5 0.00203897 0.0015697
4 0.00182685 0.00170551
2 0.000606943 0.00129208
15 0.00520322 0.00176427
7 0.00194131 0.0016417
10 0.00355987 0.00172174
39 0.0189535 0.00172218
25 0.0108521 0.00164267
14 0.00714438 0.00163749
3 0.00188027 0.00167091
4 0.00216556 0.00149635
4 0.00226264 0.0015606
0 0 -nan
10 0.00581303 0.00143805
0 0 -nan
12 0.00744428 0.00164822
0 0 -nan
22 0.0128047 0.00169792
3 0.00119793 0.00133042
20 0.00834344 0.00146539
24 0.0104484 0.00160551
7 0.00263632 0.00137122
26 0.0143845 0.00179533
0 0 -nan
22 0.00989478 0.00163133
0 0 -nan
0 0 -nan
84 0.0322338 0.00165018
8 0.00372666 0.00141439
4 0.0022088 0.00144346
9 0.00636151 0.00180831
5 0.00362101 0.00201228
13 0.00738931 0.00160984
20 0.0112886 0.00167073
4 0.00221439 0.00160967
13 0.00731226 0.00175233
1 0.000527334 0.00170507
10 0.00603129 0.00182417
8 0.00370637 0.00142389
13 0.00809846 0.00168188
0 0 -nan
19 0.0147366 0.001548
12 0.00685353 0.00142231
2 0.00128878 0.00160043
12 0.00834517 0.00155005
14 0.00806022 0.00159171
5 0.00222448 0.00152013
7 0.00325696 0.00169969
7 0.00350614 0.001813
5 0.00274596 0.00193829
5 0.00255304 0.00180505
5 0.00192505 0.00149253
3 0.000996164 0.00148598
0 0 -nan
4 0.00127057 0.00128407
0 0 -nan
0 0 -nan
3 0.00137668 0.00193978
20 0.00869161 0.00156337
14 0.00620405 0.00159938
2 0.00059099 0.00137802
4 0.00156939 0.00174058
1 0.000432954 0.00181682
9 0.00616173 0.00186722
1 0.000819353 0.00168635
5 0.00328478 0.00160976
0 0 -nan
0 0 -nan
3 0.00349243 0.00185737
7 0.00828849 0.00225396
10 0.00851295 0.00175771
3 0.00156948 0.00129445
12 0.0065829 0.00182027
0 0 -nan
0 0 -nan
0 0 -nan
4 0.00356153 0.00167502
0 0 -nan
0 0 -nan
44 0.0258397 0.00171954
0 0 -nan
0 0 -nan
2 0.00134516 0.0021152
2 0.00094423 0.00161575
11 0.00533867 0.00184385
0 0 -nan
16 0.00387725 0.00180794
11 0.00244065 0.00144295
10 0.00353149 0.00178573
15 0.00562741 0.00169802
13 0.00426995 0.00165136
22 0.00610213 0.001668
3 0.00114493 0.00218206
10 0.0032503 0.00155733
50 0.0202011 0.00172757
81 0.0415425 0.0018032
18 0.0116361 0.00172831
5 0.00438157 0.00190358
3 0.00248157 0.00162457
2 0.00213957 0.0021455
20 0.0143429 0.00164061
10 0.00649806 0.00172388
19 0.0109982 0.00165901
4 0.00312076 0.00227069
14 0.00815962 0.00185221
3 0.00168482 0.00193768
0 0 -nan
3 0.0021704 0.00190161
4 0.00325466 0.00164806
4 0.00411118 0.00222362
2 0.00121087 0.00131737
0 0 -nan
0 0 -nan
11 0.0073913 0.00180915
4 0.00245671 0.00173522
11 0.00706595 0.00176476
8 0.00458302 0.00169056
0 0 -nan
1 0.000686108 0.00202632
15 0.00947631 0.00166376
23 0.0138108 0.00167729
26 0.0155 0.00176534
18 0.0104054 0.00170475
18 0.0118629 0.00173315
2 0.00109546 0.00132527
6 0.00350774 0.00146088
3 0.00226496 0.00191451
4 0.00303432 0.00182672
0 0 -nan
6 0.00282277 0.00134117
15 0.0078126 0.00172177
14 0.00763452 0.00192838
4 0.0026205 0.00214496
0 0 -nan
5 0.00216371 0.00184801
19 0.00638658 0.00159955
12 0.00614105 0.00189925
17 0.00996343 0.00159615
5 0.00430824 0.001787
1 0.000965476 0.00172241
29 0.0250199 0.00171593
22 0.0182253 0.0017743
7 0.00509154 0.00165521
6 0.00419091 0.0017008
8 0.00784047 0.00199768
0 0 -nan
2 0.00114481 0.00139403
113 0.0561114 0.00146666
68 0.0357725 0.0017234
6 0.00338075 0.00175161
938 0.512664 0.00177844
1261 0.608344 0.00177096
1515 0.701787 0.00178173
1278 0.584629 0.00177506
1237 0.601497 0.00181776
939 0.507953 0.0018486
1104 0.600034 0.00180709
1207 0.634791 0.00183222
1192 0.633791 0.00182858
903 0.495881 0.00178923
1036 0.548137 0.00180419
1146 0.573055 0.00180852
1096 0.564833 0.00181663
1398 0.701139 0.00180943
1068 0.544778 0.00184619
1939 0.978289 0.00179652
1410 0.798282 0.00177583
1603 0.937995 0.00178185
1789 0.899011 0.00173715
1872 0.955225 0.00178225
1954 1.05687 0.00180714
2411 1.26861 0.00179226
2086 0.991387 0.00174693
2250 1.00341 0.00170447
1391 0.698442 0.0017567
1703 0.987116 0.00177752
1946 1.23578 0.00179032
1729 1.15554 0.00175586
1243 0.897508 0.00178718
1050 0.722749 0.00180588
1267 0.750998 0.00174318
1575 0.981053 0.00177465
1405 0.912904 0.00181059
1660 1.00692 0.00178075
1632 1.00164 0.00176567
2088 1.29435 0.00182043
2211 1.43666 0.00180823
1898 1.42943 0.00183858
1658 1.17699 0.00179688
1670 1.15494 0.00175281
1408 1.07738 0.00176705
1392 1.31603 0.0017573
1165 1.17687 0.00180193
1086 0.933389 0.00179187
1267 0.997191 0.00178921
1052 0.750301 0.00184775
1322 0.974126 0.00180227
537 0.602007 0.00185927
620 0.742358 0.00184928
729 0.693326 0.00183969
792 0.722438 0.00187151
877 0.750526 0.00188373
904 0.741983 0.00185896
859 0.725449 0.00188123
809 0.760764 0.0018927
782 0.773654 0.00188313
817 0.728828 0.00186417
776 0.67245 0.00187501
907 0.784624 0.00189455
863 0.767908 0.00190471
930 0.83342 0.00190676
788 0.657124 0.00189983
804 0.602491 0.00185158
916 0.581075 0.00187906
933 0.449185 0.00180291
1347 0.570285 0.00175412
1170 0.601674 0.00184072
1058 0.628856 0.00182016
870 0.614701 0.00189274
989 0.78954 0.00191177
932 0.72652 0.00186314
1039 0.803119 0.00186772
930 0.733699 0.00186916
902 0.711315 0.00185647
865 0.624622 0.00184619
968 0.660549 0.00188237
1003 0.61511 0.00182264
915 0.544677 0.00181652
890 0.527488 0.00182294
971 0.524399 0.00183816
1015 0.529974 0.00190882
933 0.450523 0.00187987
905 0.384582 0.00182638
894 0.349843 0.00187864
795 0.265505 0.00182334
688 0.224774 0.00184493
669 0.218419 0.00183831
690 0.200182 0.00182192
791 0.215881 0.00180548
777 0.224063 0.00180214
761 0.227104 0.00179999
829 0.234766 0.00181294
812 0.205821 0.00180655
978 0.236721 0.00181831
899 0.207962 0.00185055
782 0.177379 0.00177723
646 0.148582 0.00183893
644 0.130868 0.00178402
550 0.122532 0.00187556
575 0.130213 0.00187063
487 0.108496 0.00182011
448 0.103616 0.00180229
516 0.129394 0.00182473
499 0.139384 0.0018401
449 0.138649 0.00184172
355 0.109541 0.00175651
455 0.14056 0.00180617
385 0.11161 0.0018884
452 0.113191 0.00183426
485 0.120153 0.00188558
412 0.0871891 0.00176417
447 0.102371 0.0017969
432 0.112361 0.00181543
378 0.0954012 0.00177839
472 0.112481 0.00172403
397 0.0962806 0.00173002
418 0.111158 0.00173648
629 0.163586 0.00174245
861 0.183884 0.00170286
558 0.13305 0.0018501
592 0.147527 0.0017704
815 0.209557 0.00182249
884 0.229453 0.00183234
985 0.225259 0.0018172
1067 0.232218 0.00179888
1069 0.221584 0.00177527
1002 0.198334 0.00177818
1095 0.251396 0.00178124
1372 0.354236 0.00175404
1314 0.311581 0.00172889
1274 0.280911 0.0017578
1224 0.282531 0.00176953
1005 0.24898 0.00172625
780 0.200183 0.00172815
692 0.178323 0.00177765
576 0.134677 0.00176282
581 0.138747 0.0017991
930 0.222354 0.00176783
883 0.189541 0.00170517
946 0.196514 0.00169606
1022 0.202613 0.00169067
1295 0.243944 0.0016616
1620 0.297223 0.00164024
1899 0.365852 0.0016721
1715 0.345515 0.00169375
1496 0.271729 0.00171007
1949 0.315062 0.00169016
2210 0.382775 0.00173102
1691 0.294934 0.0017226
1733 0.293431 0.00172031
2057 0.349457 0.00171849
1667 0.278206 0.00171466
1610 0.261943 0.00173269
1463 0.246522 0.00173746
1518 0.262821 0.00173202
1537 0.273347 0.00170364
1167 0.233 0.00173338
1029 0.197624 0.00170681
1278 0.25343 0.0017599
1113 0.226538 0.00171819
1001 0.191247 0.00171614
1096 0.199714 0.00172693
899 0.169062 0.00170046
900 0.183734 0.00169334
874 0.180928 0.00175573
925 0.179905 0.00171544
909 0.185292 0.00175833
865 0.185226 0.00174791
944 0.215741 0.00174842
1148 0.245971 0.00175694
1116 0.225205 0.00174145
799 0.154544 0.00172959
706 0.130673 0.00177755
718 0.13824 0.00172766
682 0.145318 0.00181718
665 0.131825 0.00174209
610 0.112134 0.00181742
846 0.136951 0.00172732
848 0.138078 0.00170761
752 0.119497 0.00172457
825 0.133359 0.00177153
803 0.133216 0.00175358
825 0.15632 0.00173487
575 0.120852 0.00178337
623 0.131857 0.00178013
835 0.1829 0.00178962
1007 0.20541 0.0018032
945 0.19514 0.00177549
914 0.220823 0.00183511
1082 0.260041 0.00184889
1205 0.284052 0.00180005
1109 0.300252 0.00185224
1187 0.351701 0.00183153
1163 0.363463 0.00185678
939 0.285404 0.00186462
1087 0.34537 0.00186481
978 0.374187 0.00188701
766 0.339854 0.00186133
714 0.275121 0.00182311
883 0.296966 0.00181239
964 0.320889 0.0018354
920 0.292346 0.00183007
875 0.300799 0.00182659
956 0.349052 0.00181565
911 0.314825 0.00181282
883 0.298631 0.00183647
805 0.271263 0.00182903
696 0.244125 0.00182924
766 0.264418 0.00186651
862 0.278378 0.00184986
731 0.246303 0.00186149
728 0.250658 0.0018599
767 0.251897 0.00185139
740 0.218869 0.00178695
773 0.228 0.00179503
785 0.224317 0.00180009
677 0.20497 0.00182738
724 0.198774 0.00178255
806 0.199451 0.00172682
799 0.214761 0.00176496
1049 0.249023 0.00172029
949 0.206684 0.00168831
1307 0.277639 0.00172487
1142 0.23799 0.00177783
804 0.170599 0.00175935
938 0.202955 0.00176294
1024 0.213118 0.0017866
928 0.174339 0.00170429
1090 0.204836 0.00172115
1314 0.257181 0.001719
1307 0.307514 0.00171155
2059 0.574074 0.00175923
2518 0.748905 0.00177363
2466 0.796774 0.00176364
2667 0.88502 0.00174472
2447 0.765884 0.00171703
1549 0.511521 0.00181709
1594 0.521108 0.00183139
1721 0.500118 0.00180958
1509 0.431757 0.00180597
1615 0.456125 0.00178406
1661 0.445404 0.00178493
1393 0.479895 0.0018108
1385 0.576983 0.00180474
1721 0.664599 0.00176766
1917 0.744916 0.00179789
1316 0.520172 0.00183989
1275 0.499241 0.00182687
1405 0.542178 0.00181709
1665 0.65304 0.00185457
1834 0.840242 0.00183426
2163 1.12551 0.00180487
1804 1.10857 0.00180569
1558 1.13822 0.00178018
1510 0.966513 0.0017413
1820 1.21267 0.00176032
1925 1.50258 0.00176674
1475 1.16578 0.00180074
1445 1.14597 0.00178997
2045 1.44875 0.0017574
2057 1.25003 0.00172939
1773 1.0607 0.00171065
1318 0.823765 0.00169145
1431 0.885946 0.00169439
1635 0.890258 0.00176822
1842 0.97175 0.00178163
1337 0.801491 0.00172529
1101 0.666995 0.00168541
1191 0.711949 0.00169476
1367 0.825003 0.00170304
741 0.511356 0.0017076
197 0.205242 0.00176356
117 0.14869 0.0016819
142 0.196474 0.00174311
161 0.212789 0.00169293
152 0.211702 0.00177595
152 0.231349 0.0017677
196 0.402972 0.00180385
241 0.60945 0.00183909
178 0.47195 0.00182419
200 0.518018 0.00186988
258 0.488784 0.00184095
351 0.484498 0.00181187
379 0.407008 0.00178395
501 0.472544 0.00175444
651 0.564986 0.00178249
758 0.626496 0.00180179
794 0.65649 0.00178788
804 0.66001 0.00183069
958 0.740987 0.0018081
996 0.679709 0.00178695
1123 0.8362 0.00182339
1196 1.10721 0.00186355
1143 1.02264 0.00186717
1101 0.857456 0.00183267
1009 0.717818 0.00187666
1118 0.786553 0.00182638
1145 0.771182 0.00180163
1532 0.880984 0.00182542
1339 0.737862 0.0018373
1070 0.570837 0.0017526
928 0.525996 0.0017533
1099 0.629868 0.00180909
1236 0.658156 0.00186571
1119 0.560543 0.00183877
