565.816
557.152
562.216
548.391
549.633
560.962
555.976
559.452
543.705
553.421
555.669
551.728
567.925
571.701
581.381
596.948
594.007
602.726
604.773
614.799
599.002
602.481
587.363
578.626
561.412
555.145
557.474
554.881
553.69
531.022
526.311
496.445
518.74
566.041
543.456
527.451
511.185
530.614
542.915
545.623
559.249
552.538
552.908
574.303
605.98
643.09
663.639
647.089
639.31
628.664
638.737
630.854
632.908
653.3
670.303
678.43
672.322
631.518
609.251
599.629
595.707
584.735
596.627
584.4
604.753
627.957
629.508
638.497
648.231
656.463
657.797
656.302
654.496
649.876
650.136
658.232
647.21
647.329
644.189
647.357
631.233
621.895
632.774
632.542
627.65
647.301
647.25
646.521
651.33
655.239
669.371
683.647
685.675
682.823
672.934
663.941
649.857
637.299
624.817
609.835
630.134
621.484
609.545
622.214
634.707
647.411
640.87
642.149
648.354
655.046
664.585
653.981
662.522
659.01
650.66
648.71
640.513
641.595
629.869
612.711
612.901
610.642
594.092
584.312
594.142
591.634
582.926
600.703
582.064
596.588
592.04
592.42
600.308
599.48
592.858
571.28
543.5
525.628
517.358
513.798
510.887
524.823
507.34
462.831
457.418
437.115
428.967
443.558
422.382
439.102
449.657
466.275
463.006
427.643
425.77
443.499
464.064
472.741
498.133
492.802
491.604
499.303
490.84
514.767
510.33
528.957
562.679
584.24
593.711
615.694
602.451
611.618
596.788
611.466
609.182
595.339
597.408
594.927
582.831
581.171
582.329
573.982
572.62
558.694
561.326
561.61
561.786
552.006
553.494
579.844
546.041
541.636
516.006
490.024
480.1
452.308
463.341
472.923
480.742
511.044
515.341
489.073
463.517
448.224
442.775
451.637
438.42
423.099
410.908
421.675
415.729
423.753
430.853
433.56
442.531
458.576
459.166
459.366
467.654
474.575
475.851
507.028
513.645
520.615
515.761
497.969
500.908
522.556
521.323
526.874
520.41
504.407
488.425
494.168
481.648
486.549
451.276
438.639
442.991
437.255
448.319
449.191
479.275
466.07
456.551
465.968
472.126
477.496
454.292
445.818
455.109
453.469
473.281
476.581
477.575
481.863
473.787
464.028
473.413
474.923
483.292
469.055
469.948
466.537
470.544
470.221
502.546
474.926
474.452
476.084
483.305
494.069
524.736
543.964
544.208
560.212
561.129
553.993
536.078
534.068
512.507
500.387
515.3
501.783
477.319
485.113
486.22
499.762
509.419
508.3
519.323
500.438
496.008
499.59
500.624
504.705
507.779
500.597
505.924
485.332
483.831
502.629
517.464
522.733
503.457
520.56
524.17
526.193
532.462
516.166
520.557
504.108
479.081
454.933
423.077
408.367
390.784
352.95
336.904
345.039
361.771
361.211
355.153
359.716
373.947
355.854
348.241
352.031
350.926
343.728
329.995
283.44
269.585
255.737
289.315
274.601
287.977
300.449
327.149
350.422
378.034
410.566
442.513
457.359
466.759
463.985
467.216
499.474
487.774
495.1
474.915
478.189
478.853
452.726
424.545
418.769
384.378
392.91
421.328
442.022
421.677
430.604
424.249
405.662
398.053
458.361
430.123
445.464
442.255
451.276
457.675
477.618
463.24
476.204
466.142
486.932
489.328
491.427
499.652
518.533
527.287
518.892
519.329
521.03
537.897
555.355
568.378
583.172
598.824
594.009
600.578
602.477
591.727
589.731
600.46
622.387
630.479
628.468
627.152
630.426
642.321
627.584
648.434
644.717
672.203
680.418
676.157
678.416
677.58
668.492
691.401
669.34
665.815
655.113
651.68
645.149
643.206
631.245
641.438
624.772
599.246
586.635
574.846
551.766
531.782
523.707
500.158
508.078
477.605
478.944
488.781
508.374
511.038
501.822
508.445
510.358
502.879
517.606
503.253
491.382
496.023
474.979
464.51
446.606
441.931
439.847
458.05
449.531
453.788
445.717
456.643
476.487
497.245
521.601
536.753
546.012
555.758
576.667
574.212
558.074
553.928
567.228
529.07
517.807
483.334
473.013
486.383
471.076
468.699
473.04
472.186
465.26
461.585
460.625
466.021
474.912
480.831
494.933
499.206
502.539
511.231
517.201
541.584
519.277
525.221
529.62
526.856
507.571
513.826
515.993
494.497
502.5
504.801
518.883
532.236
561.382
570.211
590.894
600.698
606.618
602.958
593.848
591.769
581.177
590.733
600.815
598.933
601.637
599.156
612.955
604.925
622.5
628.523
631.61
639.422
639.772
639.549
638.569
635.735
647.381
651.885
654.728
648.431
657.063
667.123
675.069
686.899
711.712
709.479
713.277
704.222
698.495
706.09
688.982
636.977
599.484
569.422
544.255
507.265
486.575
415.142
440.034
454.013
478.364
516.976
493.474
551.564
535.645
570.005
595.728
590.905
551.244
528.748
520.495
502.985
505.1
515.547
520.059
525.371
531.074
524.728
533.346
532.596
528.687
546.61
550.547
546.941
530.564
480.134
413.773
408.38
402.918
430.336
429.364
436.508
437.68
451.546
447.156
435.534
432.113
446.302
451.213
430.936
418.506
400.661
395.45
399.586
411.918
429.74
442.235
456.045
462.789
478.182
465.72
487.435
505.336
515.277
549.128
610.417
633.881
641.228
623.213
602.562
605.8
592.108
570.139
537.503
526.657
507.724
469.641
464.483
465.159
470.814
465.853
468.436
461.781
439.237
411.08
424.641
442.555
455.643
451.753
474.914
493.033
538.127
522.824
526.948
527.044
518.944
540.508
551.341
554.137
557.436
576.832
585.441
573.854
564.951
554.692
552.425
548.501
538.794
508.752
487.032
491.808
494.797
503.265
495.628
508.881
510.222
501.077
496.713
464.967
489.15
519.927
531.256
501.724
479.819
485.243
481.615
489.908
486.705
484.071
492.344
499.834
504.919
499.248
510.562
516.802
522.844
550.317
567.105
574.816
587.639
570.029
550.572
533.273
510.672
499.748
473.721
462.442
476.503
470.753
463.294
454.122
464.179
447.22
449.762
424.615
426.14
413.003
406.392
395.106
391.269
400.111
410.526
425.208
438.313
454.781
454.729
460.161
478.683
484.135
500.782
493.182
516.792
536.012
527.733
525.369
515.091
483.708
468.049
441.091
432.135
440.072
467.353
456.401
466.22
452.266
462.867
458.389
449.703
435.125
462.497
446.924
447.322
448.87
429.949
432.787
456.85
463.793
470.605
473.533
487.796
486.979
492.985
499.642
500.473
499.759
459.802
451.099
442.929
445.654
447.386
438.889
456.372
483.258
481.55
476.806
472.77
448.905
430.455
424.419
457.958
382.906
395.386
404.724
422.214
413.178
387.134
388.913
390.252
391.466
390.338
379.119
378.578
384.131
369.424
377.586
392.119
392.051
414.492
406.682
417.628
423.533
443.753
451.482
480.974
504.073
523.751
531.143
538.847
553.48
567.597
579.298
587.79
593.942
597.841
604.59
594.788
602.112
599.178
586.392
588.981
578.455
572.987
553.908
559.008
553.698
556.681
535.459
544.873
551.457
549.974
544.54
552.248
543.65
528.987
538.167
539.763
569.627
577.095
558.658
549.247
550.306
545.921
553.716
537.683
543.388
533.818
555.495
561.741
572.78
577.731
574.639
578.349
570.258
579.169
577.513
573.746
576.46
571.745
565.256
575.497
568.784
579.229
596.307
588.225
589.908
604.592
592.738
584.193
569.317
562.683
579.15
577.982
569.175
542.149
517.757
504.678
523.509
520.5
526.261
533.463
527.416
535.906
551.326
572.994
566.676
562.045
559.632
554.885
548.819
550.237
544.576
555.779
561.57
571.903
577.417
585.191
584.021
583.642
596.156
587.266
592.098
603.446
607.074
615.322
619.754
632.911
635.951
637.727
634.062
615.706
606.515
585.796
579.943
561.037
553.901
549.103
547.238
533.572
510.273
524.72
518.69
532.166
545.074
545.658
554.061
549.095
526.337
504.892
528.252
542.654
566.228
551.147
525.613
510.304
462.164
435.646
435.044
442.879
476.04
481.19
498.146
513.658
527.266
546.237
569.27
599.506
614.312
627.435
630.098
587.988
551.174
515.573
511.767
513.029
524.481
532.465
539.376
537.403
534.421
540.799
523.951
522.35
527.066
538.4
546.892
539.849
562.754
586.748
610.437
630.195
642.1
653.147
632.214
614.627
605.406
586.405
551.91
549.217
550.13
536.014
561.034
510.642
488.577
500.344
474.466
489.144
492.15
499.664
519.897
509.28
504.982
518.948
525.235
524.073
537.084
539.953
556.06
550.87
549.953
537.751
515.93
541.337
552.411
548.684
554.682
569.982
565.857
585.371
575.138
580.786
583.506
578.14
574.527
556.786
549.704
540.331
546.748
543.972
536.05
503.302
492.619
489.993
502.451
514.765
510.125
512.54
516.103
513.227
508.723
529.939
525.831
539.481
538.325
526.186
533.065
547.065
538.673
533.495
524.341
514.599
519.3
518.185
514.877
539.148
548.758
561.647
577.866
577.045
572.097
562.087
563.367
583.633
605.337
602.871
596.804
596.59
593.617
552.19
557.196
518.44
496.737
493.624
473.419
475.991
496.252
519.657
529.693
518.041
539.16
539.82
548.24
547.981
552.907
560.834
560.769
567.558
557.785
548.298
543.567
550.349
566.675
570.986
569.408
598.056
608.12
605.937
598.265
576.361
560.861
578.491
543.054
543.214
522.889
505.66
511.01
493.467
454.57
468.467
471.943
463.086
478.007
477.458
508.209
503.146
514.008
496.827
500.095
488.296
484.572
446.783
475.391
496.956
520.491
555.873
560.187
535.69
541.792
543.019
567.284
572.544
552.479
576.22
539.075
529.206
501.814
500.5
487.385
476.965
457.617
436.889
420.15
391.781
409.701
429.306
438.076
450.946
451.691
428.72
436.365
437.422
439.383
412.052
417.529
440.837
447.861
440.184
443.59
456.091
460.01
451.375
438.878
434.849
432.804
440.648
460.031
441.084
427.417
410.547
383.938
366.218
358.883
355.078
357.518
369.129
390.83
407.465
417.263
378.158
385.574
341.19
329.69
299.155
255.51
284.922
274.357
304.616
310.495
319.243
342.616
370.152
400.234
428.516
434.425
456.989
485.054
514.384
539.464
560.605
572.016
562.55
575.875
584.236
575.746
580.532
572.284
573.253
568.071
548.546
582.184
577.915
581.31
558.19
562.682
571.723
568.552
572.086
580.535
573.001
570.101
577.626
581.383
593.095
602.863
595.779
609.201
634.056
623.623
641.046
645.143
657.153
686.295
687.364
673.171
669.935
668.033
664.293
642.791
645.31
619.294
633.521
643.282
702.004
732.813
711.665
702.157
698.271
696.158
690.52
688.725
684.476
679.766
672.138
649.287
649.753
642.231
635.379
614.354
615.537
635.932
618.169
658.214
643.981
623.576
631.55
624.324
610.058
620.499
612.151
607.396
599.35
601.206
595.872
567.745
564.549
574.833
564.902
568.809
602.33
617.2
626.828
657.103
667.747
674.954
665.166
670.929
670.925
672.676
682.552
692.021
703.764
720.677
713.711
707.985
699.607
684.849
664.626
625.338
613.001
627.015
648.012
645.309
642.427
647.334
673.214
679.78
676.72
668.531
662.149
676.887
655.874
632.03
623.941
625.85
626.2
621.24
596.871
596.029
593.342
593.201
583.696
580.915
595.952
608.982
602.839
586.225
584.526
572.816
583.277
592.058
593.735
631.177
637.482
657.526
661.63
658.69
682.173
669.023
662.043
632.52
604.512
570.549
570.673
515.617
515.079
527.376
514.456
515.068
513.641
504.061
507.395
521.42
505.258
502.856
523.955
498.878
497.487
510.942
505.597
517.169
504.042
518.527
523.925
507.477
469.323
385.007
399.698
414.706
416.468
429.863
426.949
437.73
444.086
437.993
427.482
432.255
444.491
454.321
431.105
426.703
408.328
389.315
398.615
413.335
440.807
441.148
462.658
461.2
481.692
479.355
498.519
510.27
532.952
585.289
634.845
641.054
633.173
608.831
608.773
593.416
556.423
551.665
517.125
500.133
472.943
470.203
464.146
451.662
464.562
455.608
434.728
427.883
424.782
430.11
450.373
454.346
482.163
499.089
537.24
544.915
527.525
513.877
533.373
557.3
565.56
561.893
583.664
580.27
587.4
591.896
567.402
561.256
538.893
536.872
504.803
488.433
497.974
498.274
504.176
500.587
512.929
498.572
489.67
485.237
497.551
515.108
522.363
511.444
478.076
476.368
485.908
480.164
490.421
497.579
508.23
499.843
511.535
520.949
513.046
526.01
560.353
563.642
571.665
581.62
554.115
535.868
507.747
499.886
477.912
464.759
468.271
470.85
449.406
452.044
450.097
450.852
436.2
427.703
424.971
413.391
399.328
404.234
416.259
435.158
450.201
472.116
452.405
465.535
482.196
510.705
504.408
521.37
535.404
535.041
527.951
497.618
467.472
458.253
446.697
456.093
464.027
472.793
466.545
467.827
467.883
457.35
465.217
455.277
447.366
445.109
435.606
448.777
461.937
463.249
476.817
494.981
486.931
493.911
505.24
500.771
472.049
456.081
459.143
431.348
441.459
441.806
458.016
475.415
481.213
470.247
453.766
447.651
422.094
446.288
442.248
403.33
404.844
387.107
382.378
408.046
411.629
415.295
427.954
438.732
451.041
458.517
471.826
479.38
486.156
467.29
459.987
441.027
436.033
466.282
486.99
504.922
491.197
500.301
493.335
513.082
533.617
543.153
558.48
573.499
579.928
596.785
599.216
602.531
608.642
599.443
604.226
596.441
602.96
599.261
587.862
594.667
597.024
596.805
599.475
593.673
600.786
588.746
586.247
587.545
576.93
590.123
595.91
585.329
589.962
591.28
580.382
596.415
592.43
589.788
588.993
596.305
584.077
587.271
603.014
611.241
608.316
619.484
601.688
626.385
633.563
644.889
661.562
677.897
690.919
699.219
715.763
712.941
718.422
714.4
684.225
636.937
579.486
539.535
501.506
465.518
440.26
409.726
388.698
349.698
347.986
315.17
347.483
397.205
433.992
446.035
482.749
521.153
539.422
527.716
544.936
549.914
549.506
547.872
558.205
549.109
541.515
526.925
484.67
486.458
505.345
502.017
495.62
511.706
498.805
501.876
526.978
566.165
567.181
599.808
610.497
615.98
609.697
623.548
623.961
625.401
601.692
592.368
568.795
557.793
535.9
521.739
483.162
481.633
459.019
437.987
425.169
407.549
415.659
432.668
492.46
520.368
535.495
543.9
535.472
527.043
517.428
515.975
510.609
510.006
512.983
519.03
528.072
538.796
508.821
519.361
509.663
512.362
476.079
484.2
514.665
535.027
556.667
590.599
592.196
580.484
574.214
594.712
599.096
529.501
502.031
501.461
538.079
576.258
580.639
590.684
575.942
564.39
569.741
572.812
583.931
559.932
541.756
533.318
506.572
512.642
484.852
470.581
443.052
459.713
470.613
461.143
491.161
488.606
502.645
489.45
501.591
527.647
537.898
546.809
546.427
555.874
545.732
545.076
550.693
541.733
549.83
532.361
520.279
518.58
500.747
466.665
477.449
490.249
517.998
509.128
471.257
451.596
456.534
466.4
481.743
468.418
483.391
506.852
519.634
529.053
526.891
551.339
544.139
558.845
555.664
545.932
543.026
567.287
568.353
579.712
569.763
557.467
547.663
510.606
509.761
531.682
528.498
517.678
497.395
493.928
484.088
469.622
495.829
512.718
512.939
501.587
485.023
453.308
451.195
457.326
483.831
525.094
537.051
549.055
531.471
542.765
535.365
556.428
533.511
567.468
562.115
549.523
553.703
548.748
569.43
573.097
587.412
579.066
566.968
539.371
486.297
487.388
502.102
513.106
485.17
498.118
502.432
461.01
464.024
465.835
471.144
485.02
506.728
504.493
507.109
491.896
490.784
495.65
516.141
510.03
509.605
508.22
507.674
497.622
470.637
448.578
440.564
448.391
446.719
462.832
468.067
491.216
504.792
512.149
508.005
517.263
501.109
521.246
516.509
523.866
513.757
497.562
494.772
501.45
500.588
497.074
486.249
510.594
524.944
530.186
544.419
561.63
582.213
579.616
570.116
571.845
575.132
578.566
594.76
597.709
606.439
601.176
603.296
604.919
608.274
613.276
618.893
614.586
625.157
589.766
590.825
602.142
610.534
591.521
589.861
585.644
573.821
574.399
566.434
566.003
560.016
590.256
620.907
634.606
640.04
647.104
654.613
654.984
666.06
636.957
643.563
654.165
674.042
670.716
665.016
660.465
670.192
628.104
613.697
615.829
605.811
612.163
585.946
570.354
588.777
614.233
621.014
634.736
638.317
603.78
606.562
583.546
550.707
561.341
566.525
551.548
583.707
609.76
647.121
660.286
671.159
668.074
654.732
629.172
636.947
634.866
627.876
602.943
597.574
566.114
583.503
592.176
598.143
603.977
562.667
546.553
551.214
575.308
592.226
574.344
559.539
541.724
545.709
546.565
538.072
548.707
512.4
518.699
531.489
557.287
600.567
599.995
597.744
586.983
571.975
574.886
579.734
564.148
575.602
588.33
578.804
585.141
583.655
584.446
576.906
564.219
537.878
536.735
552.39
526.049
530.39
535.497
546.628
536.679
547.907
542.362
536.953
568.063
561.324
552.292
550.73
527.452
484.804
480.633
514.923
529.208
529.638
512.306
477.938
485.741
518.58
536.712
573.685
559.3
548.899
551.397
561.021
564.198
548.967
544.668
529.493
511.542
541.87
546.756
570.057
562.722
551.208
573.703
593.859
590.502
608.301
585.529
583.052
589.422
597.039
604.279
623.978
640.687
651.483
658.111
655.05
658.143
651.834
662.206
661.919
669.865
660.261
654.959
668.789
674.869
662.732
663.058
672.823
676.364
689.081
680.955
687.309
698.119
713.239
701.916
703.007
713.37
711.048
697.655
671.071
639.972
631.017
630.127
623.931
631.397
597.345
568.485
577.364
592.63
600.809
592.585
616.656
600.464
595.694
631.981
636.459
623.417
614.446
610.449
609.814
611.031
601.339
601.49
607.59
631.315
622.732
612.122
592.72
588.689
575.561
563.255
564.468
554.847
551.267
572.152
592.413
604.78
611.64
607.538
596.744
591.815
605.816
615.744
616.03
620.159
624.068
615.724
617.779
596.211
600.557
602.516
588.245
599.875
595.998
588.278
599.494
594.795
592.16
603.151
607.59
613.009
604.631
629.558
630.245
648.923
622.848
643.191
621.745
609.183
627.675
621.453
629.177
630.079
604.174
599.776
579.198
598.772
569.132
576.695
557.992
522.347
543.4
544.595
539.624
531.699
544.287
546.641
556.434
573.539
580.092
588.439
573.719
574.971
553.989
557.96
550.638
536.637
515.528
515.271
517.923
523.345
523.537
523.073
530.333
538.036
534.21
541.439
547.792
559.871
553.005
546.104
506.336
499.742
503.335
514.119
509.431
517.094
539.787
545.543
549.09
578.537
578.485
565.563
506.495
485.661
457.288
467.693
484.443
518.881
536.818
514.309
435.591
396.689
370.124
383.038
392.79
394.387
438.18
495.255
528.501
529.737
461.98
431.268
391.834
371.437
388.157
400.101
427.053
457.236
454.38
422.892
371.135
345.953
345.697
353.505
384.349
390.639
428.448
424.558
460.06
480.345
510.673
528.856
522.626
498.644
497.057
507.974
544.039
559.932
549.62
549.694
539.982
553.807
566.108
565.749
543.116
569.757
533.822
506.851
491.625
498.023
492.619
486.035
512.503
500.791
494.511
528.058
528.853
539.154
547.684
542.053
519.541
506.975
524.654
516.984
512.097
484.567
482.911
477.337
491.665
513.253
523.6
534.334
541.207
543.73
536.518
553.721
582.968
597.333
551.435
489.805
440.512
421.909
421.326
440.145
403.087
394.571
416.247
428.649
436.341
484.324
525.974
552.856
584.877
588.893
568.776
557.398
534.309
539.706
559.166
560.187
571.396
561.895
549.789
545.317
545.088
562.304
585.401
608.855
598.498
587.171
581.487
569.16
545.524
515.229
524.722
538.594
535.104
545.087
546.342
536.752
539.992
529.173
533.446
549.332
518.875
473.908
417.337
383.099
361.152
359.458
345.435
358.576
369.919
388.048
405.714
436.987
464.288
504.334
525.841
537.647
529.712
529.998
515.624
493.569
499.634
498.201
469.1
472.373
467.502
470.755
470.454
471.387
461.548
442.173
450.219
446.46
453.257
478.155
478.544
484.409
467.565
469.505
467.326
472.445
475.554
477.712
465.088
463.723
458.425
478.928
468.72
465.298
480.611
478.163
485.565
486.562
481.784
491.281
488.457
489.449
487.893
482.499
490.812
495.358
489.939
491.779
485.391
487.736
492.222
491.311
492.969
486.617
485.243
498.775
492.73
483.527
516.143
507.287
502.548
487.256
481.785
487.291
480.931
468.548
467.468
476.603
459.26
442.341
418.87
416.705
429.388
468.285
478.561
466.41
484.112
485.679
485.819
493.498
481.223
481.32
494.368
486.611
483.379
482.912
482.166
480.336
480.095
474.664
472.101
490.384
472.408
485.224
486.166
480.105
493.08
490.404
487.941
496.411
483.641
487.373
460.075
468.608
476.379
486.448
507.123
518.438
514.598
513.287
516.34
530.847
532.939
521.345
526.465
508.455
492.915
488.349
492.872
495.597
407.425
445.77
395.204
449.222
441.419
464.576
395.475
386.882
398.879
398.095
406.528
423.622
418.642
395.978
404.15
396.255
414.908
431.876
447.031
456.642
457.172
463.371
448.133
447.416
463.621
484.1
505.843
529.55
532.94
540.457
537.232
522.318
527.063
504.754
516.431
539.978
538.439
535.923
537.306
550.224
571.517
609.551
645.908
662.703
641.153
639.399
631.091
646.958
651.503
660.446
665.257
669.806
660.237
643.792
611.914
592.941
598.437
591.37
586.955
583.803
586.633
619.205
625.788
641.003
651.582
647.594
661.142
638.869
649.967
654.224
644.347
634.921
634.081
624.744
627.42
633.383
623.182
616.596
612.311
627.697
636.444
629.687
637.886
645.954
665.293
665.795
677.175
678.569
678.326
673.788
668.435
651.118
630.37
611.719
621.139
639.373
629.257
614.155
624.677
632.217
624.576
633.788
629.715
628.133
632.181
640.99
636.206
638.994
642.626
632.878
627.272
627.524
599.655
582.49
549.293
539.418
530.344
532.944
517.024
528.266
536.645
541.375
540.279
560.778
573.429
600.554
596.228
601.132
622.617
644.753
619.788
601.661
609.137
596.216
597.298
575.956
586.772
587.684
599.081
594.995
596.315
592.947
585.34
591.629
590.017
608.183
581.79
547.676
527.646
521.545
521.635
545.223
546.258
536.339
550.557
550.251
565.614
564.632
586.762
611.034
606.323
589.314
572.207
572.666
574.882
555.931
562.255
588.251
601.857
584.819
600.129
623.595
606.782
600.036
582.386
570.31
566.577
570.683
570.964
551.906
548.67
545.84
534.673
535.374
521.337
523.234
533.952
545.807
558.219
590.736
565.245
558.595
550.722
560.858
556.607
538.477
496.623
501.413
507.14
502.75
514.457
516.489
528.871
537.814
546.603
553.659
542.256
529.901
526.678
542.959
570.122
561.023
567.602
568.203
560.151
543.068
548.057
591.983
629.056
640.772
584.945
561.644
551.383
532.474
493.82
532.338
523.29
470.426
485.418
534.304
566.91
573.623
587.35
575.601
584.757
577.921
570.076
568.769
559.112
543.255
531.416
544.893
542.244
530.825
535.329
543.104
555.78
557.165
569.196
565.116
555.186
563.315
564.99
543.252
541.167
521.463
511.903
484.05
472.359
479.258
473.896
463.202
458.611
440.707
428.415
422.23
432.901
460.287
442.349
461.576
472.563
472.078
502.048
530.689
518.601
518.711
519.712
509.8
506.065
509.126
504.074
503.013
511.692
518.945
522.438
535.542
558.033
543.904
571.692
602.76
612.581
600.613
590.702
584.164
576.759
582.862
572.107
559.582
563.228
564.929
560.099
563.219
584.765
595.318
588.422
611.156
623.723
629.406
627.014
640.233
643.535
647.531
642.082
602.385
581.192
575.805
557.071
540.391
515.216
495.518
494.185
506.974
511.138
501.738
498.077
504.755
513.693
510.471
513.301
505.129
508.644
509.568
534.861
538.351
566.452
591.11
567.036
560.117
565.573
564.103
557.87
563.327
586.467
579.054
576.18
569.819
572.379
541.06
545.592
555.11
547.001
541.559
549.743
541.896
