0 0.001024 0.562298 100.000000 13.513514
0 0.000781 0.572710 200.000000 13.605442
0 0.001325 0.545264 300.000000 14.084507
10 0.000889 0.572840 100.000000 13.513514
10 0.000682 0.595881 200.000000 13.698630
10 0.001322 0.538781 300.000000 14.218010
20 0.000645 0.552771 100.000000 13.513514
20 0.000544 0.598511 200.000000 13.793103
20 0.001208 0.530760 300.000000 14.354067
30 0.000633 0.521211 100.000000 13.513514
30 0.000709 0.582719 200.000000 13.793103
30 0.001324 0.509451 300.000000 14.423077
40 0.000811 0.529217 100.000000 13.333333
40 0.000852 0.560026 200.000000 13.888889
40 0.001381 0.497782 300.000000 14.492754
50 0.000597 0.578431 100.000000 13.333333
50 0.000940 0.558942 200.000000 13.986014
50 0.001457 0.503688 300.000000 14.563107
60 0.000486 0.576249 100.000000 13.333333
60 0.001524 0.541416 200.000000 14.084507
60 0.001575 0.487083 300.000000 14.634147
70 0.000592 0.591179 100.000000 13.333333
70 0.001544 0.535540 200.000000 14.184397
80 0.000452 0.620114 100.000000 13.513514
80 0.001531 0.509597 200.000000 14.388489
90 0.000502 0.632203 100.000000 13.698630
90 0.001592 0.522826 200.000000 14.492754
100 0.001019 0.647938 100.000000 13.888889
100 0.001725 0.513617 200.000000 14.705882
110 0.000914 0.618807 100.000000 14.084507
110 0.001794 0.481307 200.000000 14.925373
120 0.001088 0.546888 100.000000 14.285714
120 0.001897 0.470312 200.000000 15.037594
130 0.002359 0.529046 100.000000 14.492754
130 0.002086 0.449623 200.000000 15.267176
140 0.002561 0.475276 100.000000 14.705882
140 0.002134 0.435041 200.000000 15.384615
150 0.002717 0.425776 100.000000 14.925373
160 0.002839 0.421150 100.000000 15.151515
170 0.002482 0.385325 100.000000 15.384615
180 0.002785 0.351957 100.000000 15.384615
190 0.002655 0.387059 100.000000 15.625000
200 0.002241 0.342617 100.000000 15.625000
