0 0.000206 0.014917 100.000000 5.780347
0 0.000237 0.023674 200.000000 6.329114
0 0.000139 0.021717 300.000000 6.711410
0 0.000102 0.015474 400.000000 6.908463
0 0.000119 0.014229 500.000000 6.289308
0 0.000059 0.010263 600.000000 6.734007
10 0.000147 0.010950 100.000000 6.060606
10 0.000200 0.017923 200.000000 6.430868
10 0.000133 0.018998 300.000000 6.833713
10 0.000111 0.015498 400.000000 7.005254
10 0.000132 0.015369 500.000000 6.361323
10 0.000073 0.011359 600.000000 6.795017
20 0.000151 0.009485 100.000000 6.369427
20 0.000184 0.014247 200.000000 6.451613
20 0.000135 0.017675 300.000000 6.944445
20 0.000120 0.016226 400.000000 7.104796
20 0.000145 0.016446 500.000000 6.426735
20 0.000087 0.012097 600.000000 6.841505
30 0.000168 0.009547 100.000000 6.622517
30 0.000190 0.014449 200.000000 6.514658
30 0.000138 0.018074 300.000000 7.025761
30 0.000123 0.016539 400.000000 7.207207
30 0.000146 0.016453 500.000000 6.493506
30 0.000084 0.012033 600.000000 6.880734
40 0.000136 0.009083 100.000000 6.849315
40 0.000188 0.014844 200.000000 6.557377
40 0.000137 0.017587 300.000000 7.058824
40 0.000118 0.016021 400.000000 7.285975
40 0.000146 0.015683 500.000000 6.553080
40 0.000080 0.011578 600.000000 6.888634
50 0.000139 0.008426 100.000000 6.993007
50 0.000181 0.014528 200.000000 6.600660
50 0.000142 0.017377 300.000000 7.042253
50 0.000123 0.016372 400.000000 7.352941
50 0.000143 0.015594 500.000000 6.596306
50 0.000078 0.011375 600.000000 6.880734
60 0.000110 0.007211 100.000000 7.092198
60 0.000166 0.013779 200.000000 6.622517
60 0.000125 0.016038 300.000000 6.976744
60 0.000126 0.016368 400.000000 7.393715
60 0.000140 0.015297 500.000000 6.631300
60 0.000077 0.011172 600.000000 6.872852
70 0.000087 0.008315 100.000000 7.142857
70 0.000162 0.014676 200.000000 6.644518
70 0.000113 0.014935 300.000000 6.928406
70 0.000116 0.015706 400.000000 7.421150
70 0.000129 0.014226 500.000000 6.657790
70 0.000069 0.010475 600.000000 6.864988
80 0.000107 0.007809 100.000000 7.142857
80 0.000140 0.013012 200.000000 6.688963
80 0.000116 0.013192 300.000000 6.912442
80 0.000118 0.015734 400.000000 7.434944
80 0.000126 0.014052 500.000000 6.675568
80 0.000066 0.010245 600.000000 6.857143
90 0.000144 0.008858 100.000000 7.142857
90 0.000132 0.013102 200.000000 6.711410
90 0.000106 0.012335 300.000000 6.928406
90 0.000115 0.015578 400.000000 7.421150
90 0.000117 0.013575 500.000000 6.702413
90 0.000059 0.009923 600.000000 6.841505
100 0.000196 0.010481 100.000000 7.092198
100 0.000140 0.013201 200.000000 6.756757
100 0.000099 0.011843 300.000000 6.960557
100 0.000128 0.015876 400.000000 7.259528
100 0.000111 0.013410 500.000000 6.720430
100 0.000059 0.009686 600.000000 6.825939
110 0.000229 0.012162 100.000000 7.092198
110 0.000142 0.013722 200.000000 6.802721
110 0.000098 0.011881 300.000000 6.976744
110 0.000179 0.016852 400.000000 6.201550
110 0.000109 0.013598 500.000000 6.747638
110 0.000055 0.009553 600.000000 6.795017
120 0.000240 0.012889 100.000000 7.142857
120 0.000141 0.013676 200.000000 6.872852
120 0.000105 0.012128 300.000000 7.025761
120 0.000178 0.017556 400.000000 6.201550
120 0.000106 0.014107 500.000000 6.784261
120 0.000048 0.009635 600.000000 6.764374
130 0.000285 0.016256 100.000000 7.352941
130 0.000139 0.014445 200.000000 6.993007
130 0.000104 0.011970 300.000000 7.092198
130 0.000168 0.016839 400.000000 6.240250
130 0.000098 0.014108 500.000000 6.830601
130 0.000050 0.009867 600.000000 6.703911
140 0.000301 0.017489 100.000000 7.575758
140 0.000140 0.014392 200.000000 7.142857
140 0.000107 0.012106 300.000000 7.177033
140 0.000165 0.016770 400.000000 6.289308
140 0.000094 0.014412 500.000000 6.887053
140 0.000063 0.010102 600.000000 6.637168
150 0.000306 0.018383 100.000000 7.692307
150 0.000140 0.015078 200.000000 7.220217
150 0.000112 0.012973 300.000000 7.246377
150 0.000171 0.017125 400.000000 6.339144
150 0.000098 0.014587 500.000000 6.925208
150 0.000070 0.009957 600.000000 6.578948
160 0.000288 0.018172 100.000000 7.692307
160 0.000151 0.015997 200.000000 7.272727
160 0.000119 0.014256 300.000000 7.299270
160 0.000166 0.017575 400.000000 6.379585
160 0.000100 0.014759 500.000000 6.954103
160 0.000064 0.009630 600.000000 6.514658
170 0.000294 0.018783 100.000000 7.142857
170 0.000147 0.016617 200.000000 7.272727
170 0.000122 0.015367 300.000000 7.352941
170 0.000169 0.017827 400.000000 6.410256
170 0.000100 0.015058 500.000000 6.954103
180 0.000311 0.019955 100.000000 6.329114
180 0.000154 0.016816 200.000000 7.194244
180 0.000132 0.016242 300.000000 7.389163
180 0.000168 0.018028 400.000000 6.451613
180 0.000101 0.015420 500.000000 6.915629
190 0.000282 0.018279 100.000000 6.172840
190 0.000180 0.017623 200.000000 7.042253
190 0.000147 0.017899 300.000000 7.444169
190 0.000175 0.018683 400.000000 6.482982
190 0.000101 0.015208 500.000000 6.849315
200 0.000250 0.016955 100.000000 6.134969
200 0.000160 0.017191 200.000000 6.849315
200 0.000152 0.019161 300.000000 7.462687
200 0.000176 0.018959 400.000000 6.514658
200 0.000100 0.014847 500.000000 6.811989
210 0.000264 0.017575 100.000000 6.172840
210 0.000184 0.019281 200.000000 6.779661
210 0.000174 0.021899 300.000000 7.481297
210 0.000180 0.019388 400.000000 6.535948
210 0.000099 0.013777 500.000000 6.793478
220 0.000221 0.015108 100.000000 6.211180
220 0.000195 0.018188 200.000000 6.779661
220 0.000181 0.023493 300.000000 7.500000
220 0.000182 0.020352 400.000000 6.557377
220 0.000100 0.014166 500.000000 6.784261
230 0.000216 0.014748 100.000000 6.289308
230 0.000187 0.018020 200.000000 6.802721
230 0.000189 0.024688 300.000000 7.500000
230 0.000182 0.020623 400.000000 6.589786
230 0.000100 0.013904 500.000000 6.775068
240 0.000200 0.012254 100.000000 6.410256
240 0.000185 0.016907 200.000000 6.849315
240 0.000229 0.025939 300.000000 7.263923
240 0.000185 0.021899 400.000000 6.622517
240 0.000109 0.014607 500.000000 6.756757
250 0.000220 0.013503 100.000000 6.493506
250 0.000202 0.018470 200.000000 6.896552
250 0.000300 0.028976 300.000000 5.940594
250 0.000191 0.023321 400.000000 6.655574
250 0.000107 0.014811 500.000000 6.729475
260 0.000254 0.016926 100.000000 6.578948
260 0.000218 0.021886 200.000000 6.920415
260 0.000303 0.031324 300.000000 5.917160
260 0.000188 0.024103 400.000000 6.688963
260 0.000087 0.014305 500.000000 6.666667
270 0.000288 0.019690 100.000000 6.666667
270 0.000238 0.024902 200.000000 6.944445
270 0.000307 0.032565 300.000000 5.928854
270 0.000186 0.024946 400.000000 6.711410
270 0.000063 0.013911 500.000000 6.476684
280 0.000302 0.020725 100.000000 6.756757
280 0.000243 0.026609 200.000000 7.017544
280 0.000315 0.033170 300.000000 5.964215
280 0.000194 0.026153 400.000000 6.745363
280 0.000067 0.014105 500.000000 6.361323
290 0.000318 0.021828 100.000000 6.849315
290 0.000247 0.028139 200.000000 7.092198
290 0.000315 0.033268 300.000000 6.024096
290 0.000195 0.026964 400.000000 6.779661
290 0.000071 0.014238 500.000000 6.297229
300 0.000347 0.023994 100.000000 7.042253
300 0.000259 0.030197 200.000000 7.246377
300 0.000312 0.034100 300.000000 6.097561
300 0.000196 0.027697 400.000000 6.825939
310 0.000349 0.023837 100.000000 7.352941
310 0.000260 0.031073 200.000000 7.434944
310 0.000313 0.034567 300.000000 6.198347
310 0.000195 0.028651 400.000000 6.896552
320 0.000361 0.023812 100.000000 7.751938
320 0.000265 0.031807 200.000000 7.662835
320 0.000313 0.034923 300.000000 6.302521
320 0.000197 0.029245 400.000000 6.980803
330 0.000344 0.019495 100.000000 8.130081
330 0.000251 0.029709 200.000000 7.905138
330 0.000307 0.033479 300.000000 6.410256
330 0.000201 0.029381 400.000000 7.042253
340 0.000291 0.015252 100.000000 8.264462
340 0.000230 0.025910 200.000000 8.097166
340 0.000299 0.029868 300.000000 6.493506
340 0.000187 0.027275 400.000000 7.054674
350 0.000288 0.013968 100.000000 8.064516
350 0.000226 0.024936 200.000000 8.230453
350 0.000286 0.028376 300.000000 6.564551
350 0.000181 0.025772 400.000000 7.029877
360 0.000272 0.013477 100.000000 7.692307
360 0.000222 0.024047 200.000000 8.298756
360 0.000272 0.026450 300.000000 6.622517
360 0.000169 0.023184 400.000000 6.980803
370 0.000293 0.014336 100.000000 7.462687
370 0.000231 0.024988 200.000000 8.333333
370 0.000267 0.026184 300.000000 6.637168
370 0.000166 0.021617 400.000000 6.956522
380 0.000282 0.014613 100.000000 7.352941
380 0.000235 0.024482 200.000000 8.298756
380 0.000249 0.024285 300.000000 6.666667
380 0.000146 0.018919 400.000000 6.920415
390 0.000246 0.013703 100.000000 7.299270
390 0.000246 0.023878 200.000000 8.163265
390 0.000237 0.023705 300.000000 6.666667
390 0.000142 0.017835 400.000000 6.872852
400 0.000260 0.014720 100.000000 7.299270
400 0.000385 0.026317 200.000000 5.714286
400 0.000236 0.024287 300.000000 6.681514
400 0.000141 0.017203 400.000000 6.802721
410 0.000247 0.015789 100.000000 7.246377
410 0.000372 0.026207 200.000000 5.617978
410 0.000220 0.024107 300.000000 6.696429
410 0.000127 0.016338 400.000000 6.677796
420 0.000237 0.016452 100.000000 7.194244
420 0.000361 0.024818 200.000000 5.602241
420 0.000209 0.023886 300.000000 6.711410
420 0.000109 0.015333 400.000000 6.369427
430 0.000228 0.017653 100.000000 7.246377
430 0.000358 0.024614 200.000000 5.633803
430 0.000212 0.024887 300.000000 6.726458
430 0.000114 0.015704 400.000000 6.211180
440 0.000217 0.017740 100.000000 7.352941
440 0.000338 0.023481 200.000000 5.681818
440 0.000205 0.024927 300.000000 6.726458
450 0.000176 0.015011 100.000000 7.575758
450 0.000316 0.020508 200.000000 5.763689
450 0.000191 0.022944 300.000000 6.726458
460 0.000172 0.014010 100.000000 7.874016
460 0.000320 0.019959 200.000000 5.847953
460 0.000184 0.023019 300.000000 6.711410
470 0.000180 0.014285 100.000000 8.196721
470 0.000315 0.020167 200.000000 5.952381
470 0.000188 0.023142 300.000000 6.711410
480 0.000181 0.013108 100.000000 8.547009
480 0.000300 0.019139 200.000000 6.060606
480 0.000179 0.021601 300.000000 6.726458
490 0.000172 0.010997 100.000000 8.928572
490 0.000283 0.016719 200.000000 6.172840
490 0.000161 0.018277 300.000000 6.756757
500 0.000167 0.009114 100.000000 9.259259
500 0.000268 0.015335 200.000000 6.250000
500 0.000154 0.016693 300.000000 6.772009
510 0.000179 0.009533 100.000000 9.433962
510 0.000269 0.016212 200.000000 6.309148
510 0.000151 0.016653 300.000000 6.772009
520 0.000218 0.009905 100.000000 9.345795
520 0.000254 0.016564 200.000000 6.349206
520 0.000142 0.016010 300.000000 6.741573
530 0.000336 0.011770 100.000000 8.196721
530 0.000243 0.016911 200.000000 6.369427
530 0.000147 0.014907 300.000000 6.666667
540 0.000519 0.014982 100.000000 4.587156
540 0.000229 0.016511 200.000000 6.410256
540 0.000145 0.013799 300.000000 6.593407
550 0.000484 0.014557 100.000000 4.545455
550 0.000218 0.017179 200.000000 6.430868
550 0.000142 0.013442 300.000000 6.396588
560 0.000503 0.014226 100.000000 4.566210
560 0.000223 0.018484 200.000000 6.472492
560 0.000160 0.012884 300.000000 6.048387
570 0.000518 0.015665 100.000000 4.587156
570 0.000237 0.021206 200.000000 6.451613
570 0.000169 0.014129 300.000000 5.847953
580 0.000485 0.016641 100.000000 4.608295
580 0.000236 0.023333 200.000000 6.349206
590 0.000477 0.018899 100.000000 4.651163
590 0.000234 0.025215 200.000000 6.134969
600 0.000442 0.020122 100.000000 4.672897
600 0.000225 0.024321 200.000000 5.988024
610 0.000416 0.021177 100.000000 4.694836
610 0.000220 0.023252 200.000000 5.934718
620 0.000359 0.020764 100.000000 4.739336
620 0.000191 0.021216 200.000000 5.899705
630 0.000311 0.019844 100.000000 4.807693
630 0.000182 0.019509 200.000000 5.899705
640 0.000275 0.019386 100.000000 4.950495
640 0.000190 0.018906 200.000000 5.952381
650 0.000231 0.017741 100.000000 5.154639
650 0.000210 0.018721 200.000000 6.060606
660 0.000249 0.019854 100.000000 5.405406
660 0.000242 0.022524 200.000000 6.230530
670 0.000243 0.019142 100.000000 5.714286
670 0.000249 0.022772 200.000000 6.430868
680 0.000197 0.015780 100.000000 6.060606
680 0.000232 0.019625 200.000000 6.644518
690 0.000187 0.015129 100.000000 6.451613
690 0.000230 0.019156 200.000000 6.849315
700 0.000188 0.015118 100.000000 6.896552
700 0.000232 0.019259 200.000000 7.092198
710 0.000187 0.014959 100.000000 7.407407
710 0.000232 0.019243 200.000000 7.352941
720 0.000203 0.015930 100.000000 8.000000
720 0.000242 0.020552 200.000000 7.633588
730 0.000223 0.016618 100.000000 8.695652
730 0.000255 0.021948 200.000000 7.936508
740 0.000260 0.017392 100.000000 9.345795
740 0.000278 0.024044 200.000000 8.163265
750 0.000291 0.018121 100.000000 10.101010
750 0.000293 0.025021 200.000000 8.333333
760 0.000303 0.017725 100.000000 10.526316
760 0.000324 0.024432 200.000000 8.333333
770 0.000305 0.017738 100.000000 10.869565
770 0.000363 0.024188 200.000000 7.843137
780 0.000282 0.012356 100.000000 10.869565
780 0.000449 0.025874 200.000000 7.067138
790 0.000287 0.013036 100.000000 10.526316
800 0.000293 0.013554 100.000000 9.433962
810 0.000300 0.014141 100.000000 8.403361
820 0.000302 0.014650 100.000000 8.000000
830 0.000305 0.015410 100.000000 7.692307
840 0.000325 0.015997 100.000000 7.352941
850 0.000386 0.018053 100.000000 6.944445
860 0.000514 0.021356 100.000000 6.134969
870 0.000708 0.029843 100.000000 5.208333
880 0.000697 0.034204 100.000000 4.807693
