0 0.000578 0.238171 100.000000 7.692307
0 0.002083 0.164349 200.000000 7.782101
0 0.002274 0.249057 300.000000 7.772021
0 0.001953 0.348115 400.000000 8.130081
0 0.002187 0.406224 500.000000 8.000000
0 0.001871 0.468390 600.000000 7.947020
0 0.001632 0.486820 700.000000 8.495146
0 0.001410 0.383785 800.000000 8.501594
10 0.001500 0.211526 100.000000 8.196721
10 0.002003 0.165821 200.000000 8.000000
10 0.002029 0.241144 300.000000 7.936508
10 0.001832 0.331446 400.000000 8.264462
10 0.002098 0.390350 500.000000 7.961783
10 0.001837 0.461249 600.000000 8.032128
10 0.001595 0.488731 700.000000 8.578431
10 0.001357 0.382897 800.000000 8.574491
20 0.001875 0.216341 100.000000 8.620689
20 0.002155 0.205189 200.000000 8.130081
20 0.002098 0.276129 300.000000 8.064516
20 0.001847 0.359620 400.000000 8.385744
20 0.002113 0.419368 500.000000 7.911392
20 0.001885 0.491600 600.000000 8.108109
20 0.001626 0.519532 700.000000 8.663366
20 0.001379 0.404263 800.000000 8.629990
30 0.002242 0.219567 100.000000 8.928572
30 0.002143 0.210082 200.000000 8.230453
30 0.002096 0.285563 300.000000 8.130081
30 0.001862 0.369502 400.000000 8.456659
30 0.002097 0.428783 500.000000 7.861635
30 0.001874 0.496472 600.000000 8.174387
30 0.001632 0.522253 700.000000 8.728180
30 0.001405 0.395018 800.000000 8.648648
40 0.002081 0.232621 100.000000 9.009009
40 0.002122 0.219418 200.000000 8.230453
40 0.002126 0.295589 300.000000 8.174387
40 0.001917 0.377489 400.000000 8.510638
40 0.002149 0.437346 500.000000 7.836991
40 0.001861 0.501300 600.000000 8.230453
40 0.001633 0.526499 700.000000 8.771930
40 0.001372 0.382872 800.000000 8.519702
50 0.002266 0.253361 100.000000 9.090909
50 0.002156 0.242713 200.000000 8.163265
50 0.002139 0.317820 300.000000 8.174387
50 0.001988 0.393717 400.000000 8.528785
50 0.002166 0.454728 500.000000 7.824726
50 0.001858 0.514932 600.000000 8.275862
50 0.001647 0.540601 700.000000 8.793970
50 0.001353 0.376763 800.000000 8.281573
60 0.002606 0.276011 100.000000 9.090909
60 0.002174 0.253970 200.000000 8.130081
60 0.002199 0.333461 300.000000 8.196721
60 0.002089 0.408579 400.000000 8.510638
60 0.002168 0.469872 500.000000 7.836991
60 0.001859 0.525093 600.000000 8.321775
60 0.001639 0.549237 700.000000 8.760951
60 0.001368 0.366495 800.000000 8.255934
70 0.002702 0.241153 100.000000 9.174312
70 0.002107 0.243821 200.000000 8.130081
70 0.002266 0.333514 300.000000 8.241758
70 0.002093 0.414927 400.000000 8.474576
70 0.002175 0.475849 500.000000 7.861635
70 0.001837 0.524082 600.000000 8.368201
70 0.001691 0.532977 700.000000 8.695652
70 0.001319 0.343983 800.000000 8.255934
80 0.003846 0.174023 100.000000 9.174312
80 0.002307 0.242467 200.000000 8.097166
80 0.002349 0.339216 300.000000 8.264462
80 0.002132 0.422016 400.000000 8.456659
80 0.002182 0.484812 500.000000 7.886436
80 0.001826 0.523547 600.000000 8.426967
80 0.001692 0.511962 700.000000 8.663366
80 0.001294 0.324685 800.000000 8.255934
90 0.004019 0.148138 100.000000 8.928572
90 0.002635 0.252663 200.000000 8.000000
90 0.002409 0.355957 300.000000 8.241758
90 0.002213 0.436606 400.000000 8.403361
90 0.002194 0.503205 500.000000 7.898894
90 0.001858 0.534268 600.000000 8.462624
90 0.001697 0.494801 700.000000 8.631319
90 0.001271 0.311436 800.000000 8.255934
100 0.004207 0.147104 100.000000 8.620689
100 0.002943 0.271078 200.000000 7.905138
100 0.002436 0.382839 300.000000 8.219178
100 0.002474 0.459296 400.000000 8.333333
100 0.002236 0.527255 500.000000 7.911392
100 0.001890 0.550410 600.000000 8.498584
100 0.001669 0.482733 700.000000 8.610086
100 0.001262 0.298623 800.000000 8.247422
110 0.004200 0.132164 100.000000 8.333333
110 0.003147 0.267789 200.000000 7.843137
110 0.002540 0.391396 300.000000 8.219178
110 0.002658 0.462938 400.000000 8.281573
110 0.002263 0.527682 500.000000 7.923930
110 0.001896 0.540301 600.000000 8.547009
110 0.001653 0.450134 700.000000 8.610086
110 0.001231 0.268395 800.000000 8.247422
120 0.004342 0.146860 100.000000 8.000000
120 0.003541 0.287977 200.000000 7.812500
120 0.002655 0.413882 300.000000 8.241758
120 0.002750 0.479578 400.000000 8.230453
120 0.002281 0.539022 500.000000 7.949126
120 0.001916 0.546675 600.000000 8.583691
120 0.001651 0.434613 700.000000 8.620689
120 0.001260 0.251759 800.000000 8.238929
130 0.004214 0.177732 100.000000 7.751938
130 0.003555 0.312628 200.000000 7.782101
130 0.002709 0.432748 300.000000 8.264462
130 0.002746 0.487238 400.000000 7.968128
130 0.002281 0.546533 500.000000 7.987220
130 0.001928 0.550793 600.000000 8.633094
130 0.001627 0.417766 700.000000 8.620689
130 0.001240 0.238252 800.000000 8.213552
140 0.002815 0.159783 100.000000 7.575758
140 0.002738 0.255101 200.000000 7.751938
140 0.002034 0.350954 300.000000 8.287292
140 0.002211 0.397075 400.000000 7.619048
140 0.001904 0.454913 500.000000 8.025682
140 0.001628 0.468652 600.000000 8.683068
140 0.001405 0.339253 700.000000 8.599508
140 0.001038 0.191181 800.000000 8.113590
150 0.002994 0.164240 100.000000 7.462687
150 0.002933 0.270961 200.000000 7.751938
150 0.002280 0.371713 300.000000 8.310249
150 0.002365 0.415947 400.000000 7.561437
150 0.001956 0.467609 500.000000 8.064516
150 0.001690 0.475777 600.000000 8.708273
150 0.001412 0.322402 700.000000 8.413462
160 0.003368 0.176683 100.000000 7.352941
160 0.003186 0.293547 200.000000 7.751938
160 0.002464 0.396416 300.000000 8.310249
160 0.002449 0.437539 400.000000 7.547170
160 0.002011 0.479871 500.000000 8.116883
160 0.001753 0.484566 600.000000 8.720930
160 0.001413 0.307156 700.000000 8.158508
170 0.003343 0.167921 100.000000 7.246377
170 0.003332 0.293033 200.000000 7.782101
170 0.002577 0.395565 300.000000 8.287292
170 0.002443 0.435803 400.000000 7.561437
170 0.002008 0.466847 500.000000 8.169934
170 0.001729 0.466259 600.000000 8.670520
170 0.001415 0.275121 700.000000 8.130081
180 0.003113 0.146035 100.000000 7.194244
180 0.003278 0.284829 200.000000 7.812500
180 0.002471 0.377719 300.000000 8.241758
180 0.002345 0.417451 400.000000 7.575758
180 0.001903 0.435650 500.000000 8.223684
180 0.001742 0.418638 600.000000 8.595988
180 0.001316 0.235509 700.000000 8.130081
190 0.002191 0.071431 100.000000 7.194244
190 0.002410 0.201112 200.000000 7.843137
190 0.001835 0.259060 300.000000 8.219178
190 0.001845 0.297172 400.000000 7.619048
190 0.001501 0.317086 500.000000 8.291874
190 0.001392 0.299260 600.000000 8.571428
190 0.000991 0.155928 700.000000 8.139535
200 0.002935 0.090587 100.000000 7.194244
200 0.002385 0.215108 200.000000 7.874016
200 0.001780 0.261525 300.000000 8.219178
200 0.001804 0.303621 400.000000 7.648183
200 0.001474 0.319624 500.000000 8.347245
200 0.001363 0.286781 600.000000 8.571428
200 0.000940 0.147839 700.000000 8.149011
210 0.003172 0.097813 100.000000 7.194244
210 0.002188 0.212320 200.000000 7.968128
210 0.001812 0.248258 300.000000 8.219178
210 0.001759 0.294449 400.000000 7.707129
210 0.001447 0.310073 500.000000 8.417508
210 0.001302 0.265092 600.000000 8.583691
210 0.000876 0.132579 700.000000 8.168028
220 0.003326 0.114844 100.000000 7.299270
220 0.002152 0.236755 200.000000 8.032128
220 0.002051 0.256440 300.000000 8.219178
220 0.001784 0.303443 400.000000 7.751938
220 0.001460 0.313298 500.000000 8.503402
220 0.001274 0.254908 600.000000 8.608321
220 0.000857 0.125328 700.000000 8.196721
230 0.003797 0.146127 100.000000 7.352941
230 0.002172 0.260682 200.000000 8.130081
230 0.002254 0.269610 300.000000 8.241758
230 0.001801 0.311096 400.000000 7.812500
230 0.001451 0.314529 500.000000 8.576329
230 0.001252 0.242314 600.000000 8.645534
230 0.000842 0.116361 700.000000 8.225616
240 0.004293 0.186095 100.000000 7.462687
240 0.002281 0.280706 200.000000 8.264462
240 0.002396 0.283593 300.000000 8.264462
240 0.001868 0.324329 400.000000 7.889546
240 0.001497 0.323722 500.000000 8.665511
240 0.001270 0.238545 600.000000 8.695652
240 0.000869 0.111901 700.000000 8.244994
250 0.003920 0.186507 100.000000 7.633588
250 0.002171 0.271604 200.000000 8.403361
250 0.002304 0.271341 300.000000 8.241758
250 0.001801 0.315959 400.000000 7.968128
250 0.001471 0.318437 500.000000 8.741259
250 0.001218 0.225976 600.000000 8.746356
250 0.000820 0.106167 700.000000 8.274232
260 0.003910 0.202635 100.000000 7.751938
260 0.002217 0.268979 200.000000 8.510638
260 0.002273 0.270544 300.000000 7.853403
260 0.001825 0.323218 400.000000 8.032128
260 0.001472 0.325841 500.000000 8.833922
260 0.001206 0.221359 600.000000 8.771930
260 0.000823 0.104734 700.000000 8.264462
270 0.003783 0.197868 100.000000 7.874016
270 0.002137 0.255873 200.000000 8.620689
270 0.002204 0.266945 300.000000 7.633588
270 0.001831 0.323482 400.000000 8.113590
270 0.001477 0.331543 500.000000 8.912656
270 0.001243 0.215182 600.000000 8.784773
270 0.000800 0.103842 700.000000 8.196721
280 0.003374 0.220263 100.000000 7.936508
280 0.002087 0.252130 200.000000 8.733624
280 0.002230 0.270739 300.000000 7.575758
280 0.001785 0.326395 400.000000 8.196721
280 0.001461 0.340570 500.000000 8.976661
280 0.001172 0.211475 600.000000 8.670520
290 0.003165 0.227836 100.000000 8.064516
290 0.002092 0.250256 200.000000 8.810573
290 0.002200 0.271192 300.000000 7.575758
290 0.001730 0.323265 400.000000 8.264462
290 0.001438 0.339017 500.000000 9.025270
290 0.001096 0.199154 600.000000 8.321775
300 0.003367 0.247935 100.000000 8.196721
300 0.002216 0.269711 200.000000 8.888889
300 0.002234 0.291041 300.000000 7.614213
300 0.001752 0.333315 400.000000 8.350731
300 0.001464 0.346220 500.000000 9.041592
300 0.001106 0.191024 600.000000 8.275862
310 0.003611 0.262250 100.000000 8.333333
310 0.002380 0.278696 200.000000 8.849558
310 0.002259 0.306180 300.000000 7.653061
310 0.001759 0.340694 400.000000 8.438819
310 0.001470 0.347943 500.000000 8.976661
310 0.001094 0.183008 600.000000 8.275862
320 0.003600 0.255522 100.000000 8.403361
320 0.002442 0.273573 200.000000 8.810573
320 0.002297 0.315730 300.000000 7.692307
320 0.001754 0.347100 400.000000 8.528785
320 0.001538 0.342429 500.000000 8.896797
320 0.001067 0.177272 600.000000 8.287292
330 0.002806 0.209416 100.000000 8.547009
330 0.002374 0.239794 200.000000 8.810573
330 0.002245 0.311377 300.000000 7.751938
330 0.001749 0.357733 400.000000 8.602151
330 0.001478 0.346000 500.000000 8.880995
330 0.000953 0.187281 600.000000 8.310249
340 0.002077 0.177717 100.000000 8.620689
340 0.002288 0.215875 200.000000 8.771930
340 0.002159 0.306315 300.000000 7.812500
340 0.001703 0.359233 400.000000 8.695652
340 0.001408 0.338982 500.000000 8.896797
340 0.000880 0.189770 600.000000 8.321775
350 0.001678 0.173232 100.000000 8.771930
350 0.002520 0.209434 200.000000 8.733624
350 0.002100 0.309225 300.000000 7.853403
350 0.001658 0.358973 400.000000 8.791209
350 0.001293 0.321380 500.000000 8.896797
350 0.000806 0.185772 600.000000 8.344924
360 0.002012 0.198538 100.000000 8.928572
360 0.002750 0.225708 200.000000 8.733624
360 0.002163 0.327382 300.000000 7.915567
360 0.001687 0.375267 400.000000 8.869180
360 0.001265 0.314924 500.000000 8.928572
360 0.000786 0.183463 600.000000 8.356546
370 0.001938 0.180587 100.000000 9.090909
370 0.002647 0.209214 200.000000 8.658009
370 0.002057 0.306619 300.000000 7.978724
370 0.001574 0.359033 400.000000 8.968610
370 0.001164 0.288061 500.000000 8.960573
370 0.000747 0.175413 600.000000 8.368201
380 0.001931 0.184539 100.000000 9.174312
380 0.002531 0.214422 200.000000 8.510638
380 0.002002 0.306796 300.000000 8.042895
380 0.001527 0.357998 400.000000 9.049774
380 0.001114 0.269046 500.000000 8.976661
380 0.000723 0.168018 600.000000 8.379889
390 0.001651 0.145159 100.000000 9.345795
390 0.002560 0.200519 200.000000 7.692307
390 0.001968 0.296450 300.000000 8.130081
390 0.001481 0.349697 400.000000 9.153318
390 0.001063 0.249665 500.000000 8.992805
390 0.000745 0.158105 600.000000 8.321775
400 0.001840 0.127604 100.000000 9.523809
400 0.002555 0.210812 200.000000 7.407407
400 0.001978 0.307015 300.000000 8.196721
400 0.001488 0.355567 400.000000 9.216590
400 0.001092 0.237222 500.000000 8.944544
400 0.000711 0.150815 600.000000 8.064516
410 0.002133 0.119736 100.000000 9.615385
410 0.002683 0.223794 200.000000 7.326007
410 0.001952 0.312199 300.000000 8.287292
410 0.001477 0.357667 400.000000 9.280743
410 0.001028 0.224438 500.000000 8.445946
420 0.002882 0.137166 100.000000 9.523809
420 0.002689 0.241092 200.000000 7.299270
420 0.001935 0.318966 300.000000 8.379889
420 0.001472 0.362648 400.000000 9.237875
420 0.000998 0.214425 500.000000 8.278146
430 0.002984 0.147516 100.000000 9.259259
430 0.002732 0.255588 200.000000 7.326007
430 0.001890 0.330743 300.000000 8.450705
430 0.001462 0.365239 400.000000 9.090909
430 0.000908 0.206768 500.000000 8.250825
440 0.003013 0.160423 100.000000 9.090909
440 0.002673 0.268809 200.000000 7.352941
440 0.001860 0.337620 300.000000 8.547009
440 0.001472 0.354000 400.000000 8.968610
440 0.000875 0.196896 500.000000 8.237232
450 0.003324 0.186239 100.000000 8.928572
450 0.002638 0.294257 200.000000 7.380074
450 0.001881 0.355663 300.000000 8.645534
450 0.001474 0.349495 400.000000 8.928572
450 0.000861 0.196718 500.000000 8.237232
460 0.003509 0.182689 100.000000 8.620689
460 0.002497 0.290010 200.000000 7.434944
460 0.001795 0.347053 300.000000 8.720930
460 0.001321 0.311885 400.000000 8.908686
460 0.000779 0.174327 500.000000 8.237232
470 0.003865 0.159530 100.000000 8.474576
470 0.002421 0.279247 200.000000 7.462687
470 0.001715 0.330307 300.000000 8.823529
470 0.001213 0.271145 400.000000 8.908686
470 0.000755 0.147708 500.000000 8.237232
480 0.003651 0.140611 100.000000 8.196721
480 0.002261 0.258381 200.000000 7.490637
480 0.001566 0.303863 300.000000 8.902077
480 0.001123 0.224753 400.000000 8.908686
480 0.000771 0.119688 500.000000 8.223684
490 0.003586 0.153653 100.000000 7.518797
490 0.002195 0.261597 200.000000 7.547170
490 0.001540 0.304957 300.000000 8.982036
490 0.001053 0.206598 400.000000 8.888889
490 0.000777 0.116965 500.000000 8.183306
500 0.003597 0.181957 100.000000 6.134969
500 0.002229 0.281830 200.000000 7.604563
500 0.001555 0.318679 300.000000 9.063444
500 0.001104 0.198490 400.000000 8.830022
500 0.000757 0.116391 500.000000 8.012820
510 0.003717 0.199320 100.000000 5.917160
510 0.002100 0.278039 200.000000 7.692307
510 0.001500 0.312313 300.000000 9.118541
510 0.000970 0.179044 400.000000 8.438819
520 0.003222 0.182398 100.000000 5.847953
520 0.001769 0.237295 200.000000 7.782101
520 0.001382 0.264472 300.000000 9.118541
520 0.000930 0.129676 400.000000 8.000000
530 0.002898 0.175686 100.000000 5.917160
530 0.001584 0.215982 200.000000 7.936508
530 0.001292 0.239185 300.000000 9.063444
530 0.000858 0.106884 400.000000 7.984032
540 0.002909 0.194846 100.000000 6.024096
540 0.001553 0.226193 200.000000 8.097166
540 0.001524 0.241068 300.000000 8.955224
540 0.000803 0.103916 400.000000 8.016032
550 0.002881 0.196209 100.000000 6.134969
550 0.001498 0.223838 200.000000 8.264462
550 0.001520 0.222894 300.000000 8.902077
550 0.000833 0.090116 400.000000 8.032128
560 0.002654 0.194393 100.000000 6.250000
560 0.001385 0.211765 200.000000 8.438819
560 0.001448 0.194773 300.000000 8.902077
560 0.000838 0.075523 400.000000 8.064516
570 0.002405 0.194347 100.000000 6.369427
570 0.001289 0.203490 200.000000 8.620689
570 0.001146 0.167686 300.000000 8.928572
570 0.000815 0.065616 400.000000 8.097166
580 0.001577 0.150668 100.000000 6.535948
580 0.000858 0.150125 200.000000 8.810573
580 0.000803 0.110065 300.000000 8.982036
580 0.000754 0.045797 400.000000 8.146640
590 0.001390 0.138934 100.000000 6.666667
590 0.000789 0.142679 200.000000 9.009009
590 0.000700 0.090322 300.000000 9.036144
590 0.000758 0.045469 400.000000 8.179959
600 0.001171 0.145864 100.000000 6.849315
600 0.000695 0.130131 200.000000 9.216590
600 0.000554 0.068998 300.000000 9.118541
600 0.000772 0.050320 400.000000 8.213552
610 0.001192 0.149774 100.000000 7.092198
610 0.000673 0.138782 200.000000 9.478673
610 0.000416 0.067034 300.000000 9.230769
610 0.000729 0.057688 400.000000 8.264462
620 0.001170 0.164062 100.000000 7.407407
620 0.000663 0.140245 200.000000 9.852217
620 0.000370 0.060714 300.000000 9.404388
620 0.000691 0.056219 400.000000 8.333333
630 0.001120 0.156055 100.000000 7.936508
630 0.000630 0.136246 200.000000 10.256411
630 0.000333 0.055287 300.000000 9.615385
630 0.000689 0.055295 400.000000 8.438819
640 0.000878 0.150648 100.000000 8.547009
640 0.000513 0.123823 200.000000 10.752688
640 0.000360 0.041236 300.000000 9.868421
640 0.000681 0.047640 400.000000 8.565310
650 0.000805 0.147459 100.000000 9.174312
650 0.000560 0.118895 200.000000 11.235955
650 0.000489 0.031241 300.000000 10.101010
650 0.000717 0.044851 400.000000 8.658009
660 0.000872 0.151612 100.000000 9.803922
660 0.000646 0.122283 200.000000 11.764706
660 0.000596 0.031725 300.000000 10.309278
660 0.000746 0.048362 400.000000 8.658009
670 0.000839 0.145562 100.000000 10.416667
670 0.000606 0.127318 200.000000 12.195122
670 0.000610 0.028865 300.000000 10.309278
670 0.000745 0.051002 400.000000 8.179959
680 0.000702 0.117834 100.000000 10.989011
680 0.000506 0.113113 200.000000 12.500000
680 0.000585 0.018509 300.000000 9.554140
690 0.000629 0.080971 100.000000 11.494253
690 0.000531 0.092227 200.000000 12.578616
690 0.000589 0.009612 300.000000 9.063444
700 0.000332 0.067855 100.000000 11.904762
700 0.000876 0.074094 200.000000 12.048193
700 0.000723 0.027346 300.000000 8.982036
710 0.000253 0.062006 100.000000 12.345679
710 0.001361 0.064649 200.000000 11.494253
710 0.000787 0.037923 300.000000 8.928572
720 0.000509 0.065119 100.000000 12.820513
720 0.001126 0.057140 200.000000 11.173184
720 0.000834 0.036354 300.000000 8.875740
730 0.000527 0.081371 100.000000 13.333333
730 0.000648 0.042179 200.000000 10.989011
730 0.000828 0.038216 300.000000 8.849558
740 0.000355 0.075392 100.000000 13.698630
740 0.000709 0.015857 200.000000 10.928962
740 0.001046 0.056207 300.000000 8.797654
750 0.000534 0.062815 100.000000 14.084507
750 0.000748 0.038749 200.000000 10.810811
750 0.001078 0.080438 300.000000 8.695652
760 0.000967 0.064818 100.000000 14.285714
760 0.000973 0.060992 200.000000 10.526316
760 0.001160 0.106274 300.000000 8.356546
770 0.001315 0.087976 100.000000 14.084507
770 0.001184 0.064864 200.000000 8.771930
780 0.001652 0.089052 100.000000 12.500000
780 0.001201 0.080166 200.000000 8.000000
790 0.002724 0.063483 100.000000 10.416667
790 0.001308 0.095685 200.000000 7.782101
800 0.001942 0.017155 100.000000 9.523809
800 0.001458 0.114378 200.000000 7.604563
810 0.001728 0.073528 100.000000 9.009009
810 0.001641 0.133047 200.000000 7.434944
820 0.001120 0.125006 100.000000 8.620689
820 0.001487 0.127110 200.000000 7.246377
830 0.001366 0.144551 100.000000 8.064516
830 0.001424 0.137043 200.000000 6.756757
840 0.001285 0.152474 100.000000 6.097561
850 0.001374 0.163953 100.000000 5.780347
860 0.001247 0.147922 100.000000 5.847953
870 0.001365 0.153431 100.000000 5.988024
880 0.001593 0.173248 100.000000 6.097561
890 0.001634 0.171442 100.000000 6.211180
900 0.001852 0.171695 100.000000 6.250000
910 0.002146 0.138627 100.000000 6.289308
920 0.002243 0.099289 100.000000 6.289308
930 0.002278 0.081728 100.000000 6.250000
940 0.002286 0.087542 100.000000 6.134969
950 0.002258 0.095114 100.000000 5.813953
960 0.002280 0.099341 100.000000 4.807693
